1769347231594 0.0 5120
1769347237901 0.0 10240
1769347247030 0.0 15360
1769347254997 0.0 20480
1769347261144 0.0 25600
1769347267447 0.0 30720
1769347275939 0.0 35840
1769347283647 0.0 40960
1769347290170 0.0 46080
1769347296433 0.0 51200
1769347303785 0.0 56320
1769347312779 0.0 61440
1769347318862 0.0 66560
1769347325056 0.0 71680
1769347331937 0.0 76800
1769347341245 0.0 81920
1769347347655 0.0 87040
1769347354043 0.0 92160
1769347360204 0.0 97280
1769347370092 0.0 102400
1769347376561 0.0 107520
1769347382626 0.0 112640
1769347389167 0.0 117760
1769347398188 0.0 122880
1769347405622 0.0 128000
1769347411900 0.0 133120
1769347418236 0.0 138240
1769347426757 0.0 143360
1769347434696 0.0 148480
1769347440901 0.0 153600
1769347447298 0.0 158720
1769347454579 0.0 163840
1769347464091 0.0 168960
1769347471405 0.0 174080
1769347478334 0.0 179200
1769347485827 0.0 184320
1769347493928 0.0 189440
1769347501114 0.0 194560
1769347507565 0.0 199680
1769347514991 0.0 204800
1769347526192 0.0 209920
1769347533938 0.0 215040
1769347542539 0.0 220160
1769347548643 0.0 225280
1769347556861 0.0 230400
1769347563314 0.0 235520
1769347570614 0.0 240640
1769347577201 0.0 245760
1769347584642 0.0 250880
1769347591063 0.0 256000
1769347600049 0.0 261120
1769347606142 0.0 266240
1769347613294 0.0 271360
1769347619695 0.0 276480
1769347628695 0.0 281600
1769347635411 0.0 286720
1769347641825 0.0 291840
1769347648971 0.0 296960
1769347652806 0.0 300032
