1769347231594 25.886865615844727 5120
1769347237901 25.73259162902832 10240
1769347247030 25.608518600463867 15360
1769347254997 25.51104736328125 20480
1769347261144 25.231176376342773 25600
1769347267447 25.159772872924805 30720
1769347275939 25.27242088317871 35840
1769347283647 25.349870681762695 40960
1769347290170 25.364931106567383 46080
1769347296433 25.33150863647461 51200
1769347303785 25.22650909423828 56320
1769347312779 25.18267250061035 61440
1769347318862 25.12005043029785 66560
1769347325056 25.131702423095703 71680
1769347331937 25.127168655395508 76800
1769347341245 25.185779571533203 81920
1769347347655 25.187000274658203 87040
1769347354043 25.222719192504883 92160
1769347360204 25.20469856262207 97280
1769347370092 25.233993530273438 102400
1769347376561 25.21848487854004 107520
1769347382626 25.2561092376709 112640
1769347389167 25.213180541992188 117760
1769347398188 25.232147216796875 122880
1769347405622 25.21624183654785 128000
1769347411900 25.20050811767578 133120
1769347418236 25.248584747314453 138240
1769347426757 25.252851486206055 143360
1769347434696 25.24466896057129 148480
1769347440901 25.207674026489258 153600
1769347447298 25.227731704711914 158720
1769347454579 25.245338439941406 163840
1769347464091 25.23082160949707 168960
1769347471405 25.217947006225586 174080
1769347478334 25.194799423217773 179200
1769347485827 25.18001365661621 184320
1769347493928 25.216045379638672 189440
1769347501114 25.22760772705078 194560
1769347507565 25.255197525024414 199680
1769347514991 25.247774124145508 204800
1769347526192 25.24506950378418 209920
1769347533938 25.22256851196289 215040
1769347542539 25.205726623535156 220160
1769347548643 25.208938598632812 225280
1769347556861 25.1993465423584 230400
1769347563314 25.214969635009766 235520
1769347570614 25.211685180664062 240640
1769347577201 25.230257034301758 245760
1769347584642 25.21840476989746 250880
1769347591063 25.212465286254883 256000
1769347600049 25.21757698059082 261120
1769347606142 25.224674224853516 266240
1769347613294 25.20859146118164 271360
1769347619695 25.20911407470703 276480
1769347628695 25.223983764648438 281600
1769347635411 25.20321273803711 286720
1769347641825 25.20697593688965 291840
1769347648971 25.226730346679688 296960
1769347652806 25.229686737060547 300032
