1769347231594 1.1743048429489136 5120
1769347237901 1.1814935207366943 10240
1769347247030 1.1853810548782349 15360
1769347254997 1.1832607984542847 20480
1769347261144 1.1703214645385742 25600
1769347267447 1.1646955013275146 30720
1769347275939 1.1699970960617065 35840
1769347283647 1.1720439195632935 40960
1769347290170 1.1711138486862183 46080
1769347296433 1.1705220937728882 51200
1769347303785 1.1664868593215942 56320
1769347312779 1.1636221408843994 61440
1769347318862 1.162785530090332 66560
1769347325056 1.1637763977050781 71680
1769347331937 1.1639586687088013 76800
1769347341245 1.1670325994491577 81920
1769347347655 1.1653802394866943 87040
1769347354043 1.167362093925476 92160
1769347360204 1.1661089658737183 97280
1769347370092 1.1673121452331543 102400
1769347376561 1.166317343711853 107520
1769347382626 1.1688472032546997 112640
1769347389167 1.1665749549865723 117760
1769347398188 1.1679000854492188 122880
1769347405622 1.1670135259628296 128000
1769347411900 1.1665303707122803 133120
1769347418236 1.1684497594833374 138240
1769347426757 1.1688382625579834 143360
1769347434696 1.1684150695800781 148480
1769347440901 1.166351079940796 153600
1769347447298 1.166641116142273 158720
1769347454579 1.1671693325042725 163840
1769347464091 1.1666723489761353 168960
1769347471405 1.165899634361267 174080
1769347478334 1.164317011833191 179200
1769347485827 1.1634032726287842 184320
1769347493928 1.1647452116012573 189440
1769347501114 1.1651830673217773 194560
1769347507565 1.1664360761642456 199680
1769347514991 1.1661179065704346 204800
1769347526192 1.1660280227661133 209920
1769347533938 1.1648647785186768 215040
1769347542539 1.1644123792648315 220160
1769347548643 1.1645206212997437 225280
1769347556861 1.1641353368759155 230400
1769347563314 1.1654125452041626 235520
1769347570614 1.1650513410568237 240640
1769347577201 1.166016936302185 245760
1769347584642 1.1654326915740967 250880
1769347591063 1.1654512882232666 256000
1769347600049 1.165589690208435 261120
1769347606142 1.1659148931503296 266240
1769347613294 1.1652860641479492 271360
1769347619695 1.1651116609573364 276480
1769347628695 1.1656862497329712 281600
1769347635411 1.164594054222107 286720
1769347641825 1.164423942565918 291840
1769347648971 1.1653845310211182 296960
1769347652806 1.1655536890029907 300032
