1769347231589 156.57398835299387 5120
1769347237895 388.93768545994067 10240
1769347247023 397.90380419315056 15360
1769347254991 363.678487817567 20480
1769347261135 347.12438963833483 25600
1769347267439 517.5597235932872 30720
1769347275931 442.34380932292765 35840
1769347283642 559.0914422820581 40960
1769347290163 485.17108155002893 46080
1769347296425 640.3517557251909 51200
1769347303779 130.84302470676317 56320
1769347312772 107.01393070367914 61440
1769347318854 433.34063436305405 66560
1769347325050 482.6586881472957 71680
1769347331931 515.1441906165561 76800
1769347341239 137.92062082798986 81920
1769347347650 573.6192560175054 87040
1769347354038 531.193515704154 92160
1769347360198 350.10884808013355 97280
1769347370086 542.2500323206206 102400
1769347376556 196.16050883921056 107520
1769347382621 161.09632816100785 112640
1769347389159 306.35483164122417 117760
1769347398180 451.6317432970819 122880
1769347405616 232.77118597036463 128000
1769347411895 171.07737488273443 133120
1769347418230 578.2056796250345 138240
1769347426750 458.59435818937243 143360
1769347434688 395.31611687087656 148480
1769347440895 507.10966025873535 153600
1769347447289 509.6978976789403 158720
1769347454572 523.829649057075 163840
1769347464084 613.112702821225 168960
1769347471400 593.4216185625354 174080
1769347478327 610.9692643845593 179200
1769347485819 457.29437418229395 184320
1769347493921 564.2055421038472 189440
1769347501104 283.1693221712125 194560
1769347507553 433.87855591186513 199680
1769347514982 434.9133139776026 204800
1769347526178 358.61012311901504 209920
1769347533927 124.41575700047461 215040
1769347542531 192.4698972099853 220160
1769347548635 483.99538426032774 225280
1769347556854 524.8784882993367 230400
1769347563299 442.71733164450075 235520
1769347570608 564.8894276094276 240640
1769347577194 216.63674396983626 245760
1769347584635 305.0402909090909 250880
1769347591056 225.01630901287552 256000
1769347600042 489.5884206840201 261120
1769347606126 328.26985990451595 266240
1769347613283 417.63457134322414 271360
1769347619688 523.2415169660678 276480
1769347628683 368.4061484409311 281600
1769347635403 376.94832389682756 286720
1769347641817 295.7275611647747 291840
1769347648965 521.1610337972166 296960
1769347652794 366.8273570054224 300032
