1769347231594 2.198774576187134 5120
1769347237901 2.178889513015747 10240
1769347247030 2.1914708614349365 15360
1769347254997 2.213560104370117 20480
1769347261144 2.2009527683258057 25600
1769347267447 2.174379587173462 30720
1769347275939 2.1686315536499023 35840
1769347283647 2.1912529468536377 40960
1769347290170 2.1988272666931152 46080
1769347296433 2.195791482925415 51200
1769347303785 2.180572986602783 56320
1769347312779 2.1722874641418457 61440
1769347318862 2.1788206100463867 66560
1769347325056 2.1851508617401123 71680
1769347331937 2.17805814743042 76800
1769347341245 2.1867918968200684 81920
1769347347655 2.186568021774292 87040
1769347354043 2.198817491531372 92160
1769347360204 2.196481466293335 97280
1769347370092 2.199852228164673 102400
1769347376561 2.192476749420166 107520
1769347382626 2.207390069961548 112640
1769347389167 2.2028183937072754 117760
1769347398188 2.202662229537964 122880
1769347405622 2.2038228511810303 128000
1769347411900 2.2033047676086426 133120
1769347418236 2.208442211151123 138240
1769347426757 2.211024045944214 143360
1769347434696 2.216024398803711 148480
1769347440901 2.2139477729797363 153600
1769347447298 2.2092480659484863 158720
1769347454579 2.206533908843994 163840
1769347464091 2.199716806411743 168960
1769347471405 2.1983678340911865 174080
1769347478334 2.197880268096924 179200
1769347485827 2.197234630584717 184320
1769347493928 2.200531244277954 189440
1769347501114 2.2011923789978027 194560
1769347507565 2.2061362266540527 199680
1769347514991 2.204951286315918 204800
1769347526192 2.2033021450042725 209920
1769347533938 2.2017555236816406 215040
1769347542539 2.19869065284729 220160
1769347548643 2.2017297744750977 225280
1769347556861 2.203843355178833 230400
1769347563314 2.2063539028167725 235520
1769347570614 2.2068779468536377 240640
1769347577201 2.2100460529327393 245760
1769347584642 2.2112934589385986 250880
1769347591063 2.2121524810791016 256000
1769347600049 2.212237596511841 261120
1769347606142 2.218338966369629 266240
1769347613294 2.2173986434936523 271360
1769347619695 2.213634967803955 276480
1769347628695 2.218557357788086 281600
1769347635411 2.216668128967285 286720
1769347641825 2.2187676429748535 291840
1769347648971 2.2175304889678955 296960
1769347652806 2.216392755508423 300032
