1770938350992 26.507875442504883 5120
1770938385525 26.64411163330078 10240
1770938420077 26.24900245666504 15360
1770938454634 26.421865463256836 20480
1770938489196 26.603965759277344 25600
1770938523753 26.836576461791992 30720
1770938558275 26.84362030029297 35840
1770938592859 26.914825439453125 40960
1770938627364 27.111587524414062 46080
1770938661852 26.87605094909668 51200
1770938697268 26.283096313476562 56320
1770938731777 25.921852111816406 61440
1770938766270 25.82094955444336 66560
1770938800733 25.860689163208008 71680
1770938835264 26.007200241088867 76800
1770938869751 26.082752227783203 81920
1770938904262 26.12102699279785 87040
1770938938690 26.035369873046875 92160
1770938973188 25.926801681518555 97280
1770939007685 25.77423667907715 102400
1770939042216 25.648277282714844 107520
1770939076655 25.58970832824707 112640
1770939111195 25.574249267578125 117760
1770939145692 25.543142318725586 122880
1770939180223 25.522125244140625 128000
1770939214657 25.461523056030273 133120
1770939249193 25.43983268737793 138240
1770939283733 25.43633270263672 143360
1770939318261 25.379234313964844 148480
1770939352767 25.31787872314453 153600
1770939387199 25.262739181518555 158720
1770939421739 25.205453872680664 163840
1770939456269 25.202863693237305 168960
1770939490811 25.16108512878418 174080
1770939525196 25.091772079467773 179200
1770939559753 24.989704132080078 184320
1770939594287 24.928377151489258 189440
1770939628797 24.82939338684082 194560
1770939663331 24.80447769165039 199680
1770939697884 24.7296085357666 204800
1770939732342 24.686824798583984 209920
1770939766814 24.637727737426758 215040
1770939801361 24.584333419799805 220160
1770939835900 24.537351608276367 225280
1770939870422 24.46746253967285 230400
1770939904967 24.368724822998047 235520
1770939939506 24.30477523803711 240640
1770939974028 24.218360900878906 245760
1770940008541 24.113664627075195 250880
1770940043074 24.003368377685547 256000
1770940077577 23.87257957458496 261120
1770940112120 23.739154815673828 266240
1770940146694 23.597793579101562 271360
1770940181232 23.50426483154297 276480
1770940215763 23.406713485717773 281600
1770940250321 23.330862045288086 286720
1770940284862 23.221853256225586 291840
1770940319409 23.127817153930664 296960
1770940353951 23.026378631591797 302080
1770940388437 22.92301368713379 307200
1770940422972 22.843090057373047 312320
1770940457450 22.775732040405273 317440
1770940491931 22.659746170043945 322560
1770940526385 22.531116485595703 327680
1770940560921 22.42209243774414 332800
1770940595450 22.33553123474121 337920
1770940629989 22.238662719726562 343040
1770940664528 22.12763023376465 348160
1770940699091 22.043231964111328 353280
1770940733625 21.95036506652832 358400
1770940768106 21.863183975219727 363520
1770940802629 21.776653289794922 368640
1770940837149 21.69364356994629 373760
1770940871680 21.627243041992188 378880
1770940906170 21.568838119506836 384000
1770940940672 21.51310920715332 389120
1770940975174 21.442420959472656 394240
1770941009558 21.364158630371094 399360
1770941044075 21.30268096923828 404480
1770941078597 21.250534057617188 409600
1770941113097 21.18987464904785 414720
1770941147625 21.11765480041504 419840
1770941182149 21.06317138671875 424960
1770941216659 20.99798583984375 430080
1770941251195 20.941469192504883 435200
1770941285734 20.86344337463379 440320
1770941320324 20.796276092529297 445440
1770941354840 20.743507385253906 450560
1770941389379 20.684066772460938 455680
1770941423926 20.643556594848633 460800
1770941458470 20.592140197753906 465920
1770941493010 20.543197631835938 471040
1770941527562 20.500017166137695 476160
1770941562078 20.450088500976562 481280
1770941596606 20.399171829223633 486400
1770941631119 20.3557071685791 491520
1770941666389 20.306142807006836 496640
1770941700902 20.25562286376953 501760
1770941735421 20.20461654663086 506880
1770941769975 20.168201446533203 512000
1770941804480 20.11356544494629 517120
1770941839043 20.055099487304688 522240
1770941873597 20.022554397583008 527360
1770941908102 19.978870391845703 532480
1770941942673 19.924638748168945 537600
1770941977184 19.87763023376465 542720
1770942011734 19.8343563079834 547840
1770942046296 19.787670135498047 552960
1770942080853 19.732717514038086 558080
1770942115414 19.688838958740234 563200
1770942149975 19.635522842407227 568320
1770942184552 19.59403419494629 573440
1770942219087 19.530885696411133 578560
1770942253657 19.49262237548828 583680
1770942288217 19.4373722076416 588800
1770942322763 19.384716033935547 593920
1770942357284 19.34147834777832 599040
1770942391824 19.301179885864258 604160
1770942426364 19.2525577545166 609280
1770942460728 19.214067459106445 614400
1770942495244 19.158571243286133 619520
1770942529749 19.117298126220703 624640
1770942564280 19.0862979888916 629760
1770942598825 19.05888557434082 634880
1770942633353 19.028274536132812 640000
1770942667905 18.989288330078125 645120
1770942702447 18.957412719726562 650240
1770942737039 18.917278289794922 655360
1770942771589 18.878633499145508 660480
1770942806131 18.85512924194336 665600
1770942840643 18.82668113708496 670720
1770942875185 18.796615600585938 675840
1770942909743 18.78641700744629 680960
1770942944319 18.78476905822754 686080
1770942978863 18.77337646484375 691200
1770943013426 18.766326904296875 696320
1770943047979 18.745399475097656 701440
1770943082521 18.74193572998047 706560
1770943117093 18.72124671936035 711680
1770943151660 18.686744689941406 716800
1770943186217 18.65379524230957 721920
1770943220746 18.620084762573242 727040
1770943255308 18.589794158935547 732160
1770943289863 18.559640884399414 737280
1770943324410 18.54401969909668 742400
1770943358934 18.515729904174805 747520
1770943393490 18.481149673461914 752640
1770943428018 18.442949295043945 757760
1770943462570 18.414501190185547 762880
1770943497101 18.391157150268555 768000
1770943531576 18.354902267456055 773120
1770943565941 18.3291015625 778240
1770943600500 18.298330307006836 783360
1770943635061 18.265357971191406 788480
1770943669660 18.23293685913086 793600
1770943704228 18.198827743530273 798720
1770943738773 18.172122955322266 803840
1770943773331 18.1483211517334 808960
1770943807868 18.12869644165039 814080
1770943842407 18.103702545166016 819200
1770943876954 18.08772087097168 824320
1770943911510 18.056888580322266 829440
1770943946054 18.031286239624023 834560
1770943980621 18.007293701171875 839680
1770944015063 17.976585388183594 844800
1770944049417 17.953996658325195 849920
1770944083886 17.93474769592285 855040
1770944118428 17.912370681762695 860160
1770944152963 17.89554786682129 865280
1770944187496 17.88127899169922 870400
1770944222082 17.866609573364258 875520
1770944256633 17.84857177734375 880640
1770944291217 17.82921600341797 885760
1770944325787 17.804563522338867 890880
1770944360354 17.78508758544922 896000
1770944394896 17.769046783447266 901120
1770944429446 17.74607276916504 906240
1770944464014 17.724830627441406 911360
1770944498575 17.697580337524414 916480
1770944533596 17.681306838989258 921600
1770944568167 17.659717559814453 926720
1770944602677 17.640050888061523 931840
1770944637123 17.62356948852539 936960
1770944671615 17.6044921875 942080
1770944706123 17.581552505493164 947200
1770944740693 17.565462112426758 952320
1770944775229 17.54138946533203 957440
1770944809756 17.535207748413086 962560
1770944844342 17.530336380004883 967680
1770944878903 17.513731002807617 972800
1770944913458 17.502368927001953 977920
1770944948005 17.489458084106445 983040
1770944982556 17.471389770507812 988160
1770945017083 17.461700439453125 993280
1770945051632 17.43572235107422 998400
1770945086179 17.41398811340332 1003520
1770945120742 17.396656036376953 1008640
1770945155286 17.372360229492188 1013760
1770945189811 17.341815948486328 1018880
1770945224360 17.31608772277832 1024000
1770945258879 17.288692474365234 1029120
1770945293417 17.26862144470215 1034240
1770945327932 17.24357032775879 1039360
1770945362489 17.22541618347168 1044480
1770945397032 17.203458786010742 1049600
1770945431536 17.181961059570312 1054720
1770945466090 17.158912658691406 1059840
1770945500594 17.130474090576172 1064960
1770945535167 17.109039306640625 1070080
1770945569736 17.08677101135254 1075200
1770945604340 17.059215545654297 1080320
1770945638878 17.037817001342773 1085440
1770945673427 17.01420021057129 1090560
1770945708020 16.99315071105957 1095680
1770945742592 16.967605590820312 1100800
1770945777148 16.95859718322754 1105920
1770945811721 16.954418182373047 1111040
1770945846307 16.940597534179688 1116160
1770945880849 16.93105125427246 1121280
1770945915418 16.913978576660156 1126400
1770945949971 16.897350311279297 1131520
1770945984531 16.880538940429688 1136640
1770946019099 16.870943069458008 1141760
1770946053661 16.8596134185791 1146880
1770946088206 16.846357345581055 1152000
1770946122727 16.830476760864258 1157120
1770946157298 16.818096160888672 1162240
1770946191874 16.806106567382812 1167360
1770946226408 16.792720794677734 1172480
1770946260941 16.777835845947266 1177600
1770946295518 16.766639709472656 1182720
1770946330045 16.74786376953125 1187840
1770946364565 16.72859001159668 1192960
1770946399133 16.707687377929688 1198080
1770946433696 16.687471389770508 1203200
1770946468271 16.673145294189453 1208320
1770946502819 16.651893615722656 1213440
1770946537369 16.627986907958984 1218560
1770946571926 16.6087703704834 1223680
1770946606507 16.59029197692871 1228800
1770946641092 16.56851577758789 1233920
1770946675638 16.549898147583008 1239040
1770946710182 16.53238868713379 1244160
1770946744782 16.513437271118164 1249280
1770946779386 16.497631072998047 1254400
1770946813947 16.480783462524414 1259520
1770946848441 16.46240997314453 1264640
1770946882992 16.448352813720703 1269760
1770946917567 16.43434715270996 1274880
1770946952138 16.422029495239258 1280000
1770946986718 16.41398048400879 1285120
1770947021258 16.40241813659668 1290240
1770947055808 16.392122268676758 1295360
1770947090340 16.376850128173828 1300480
1770947124857 16.363422393798828 1305600
1770947159413 16.34773063659668 1310720
1770947193943 16.331640243530273 1315840
1770947228523 16.31118392944336 1320960
1770947263086 16.292232513427734 1326080
1770947297679 16.279943466186523 1331200
1770947332256 16.265474319458008 1336320
1770947366838 16.252527236938477 1341440
1770947401391 16.23471450805664 1346560
1770947435992 16.219402313232422 1351680
1770947470543 16.206073760986328 1356800
1770947505107 16.188526153564453 1361920
1770947539707 16.173254013061523 1367040
1770947574291 16.152484893798828 1372160
