1770938350992 0.0 5120
1770938385525 0.0 10240
1770938420077 0.0 15360
1770938454634 0.0 20480
1770938489196 0.0 25600
1770938523753 0.0 30720
1770938558275 0.0 35840
1770938592859 0.0 40960
1770938627364 0.0 46080
1770938661852 0.0 51200
1770938697268 0.0 56320
1770938731777 0.0 61440
1770938766270 0.0 66560
1770938800733 0.0 71680
1770938835264 0.0 76800
1770938869751 0.0 81920
1770938904262 0.0 87040
1770938938690 0.0 92160
1770938973188 0.0 97280
1770939007685 0.0 102400
1770939042216 0.0 107520
1770939076655 0.0 112640
1770939111195 0.0 117760
1770939145692 0.0 122880
1770939180223 0.0 128000
1770939214657 0.0 133120
1770939249193 0.0 138240
1770939283733 0.0 143360
1770939318261 0.0 148480
1770939352767 0.0 153600
1770939387199 0.0 158720
1770939421739 0.0 163840
1770939456269 0.0 168960
1770939490811 0.0 174080
1770939525196 0.0 179200
1770939559753 0.0 184320
1770939594287 0.0 189440
1770939628797 0.0 194560
1770939663331 0.0 199680
1770939697884 0.0 204800
1770939732342 0.0 209920
1770939766814 0.0 215040
1770939801361 0.0 220160
1770939835900 0.0 225280
1770939870422 0.0 230400
1770939904967 0.0 235520
1770939939506 0.0 240640
1770939974028 0.0 245760
1770940008541 0.0 250880
1770940043074 0.0 256000
1770940077577 0.0 261120
1770940112120 0.0 266240
1770940146694 0.0 271360
1770940181232 0.0 276480
1770940215763 0.0 281600
1770940250321 0.0 286720
1770940284862 0.0 291840
1770940319409 0.0 296960
1770940353951 0.0 302080
1770940388437 0.0 307200
1770940422972 0.0 312320
1770940457450 0.0 317440
1770940491931 0.0 322560
1770940526385 0.0 327680
1770940560921 0.0 332800
1770940595450 0.0 337920
1770940629989 0.0 343040
1770940664528 0.0 348160
1770940699091 0.0 353280
1770940733625 0.0 358400
1770940768106 0.0 363520
1770940802629 0.0 368640
1770940837149 0.0 373760
1770940871680 0.0 378880
1770940906170 0.0 384000
1770940940672 0.0 389120
1770940975174 0.0 394240
1770941009558 0.0 399360
1770941044075 0.0 404480
1770941078597 0.0 409600
1770941113097 0.0 414720
1770941147625 0.0 419840
1770941182149 0.0 424960
1770941216659 0.0 430080
1770941251195 0.0 435200
1770941285734 0.0 440320
1770941320324 0.0 445440
1770941354840 0.0 450560
1770941389379 0.0 455680
1770941423926 0.0 460800
1770941458470 0.0 465920
1770941493010 0.0 471040
1770941527562 0.0 476160
1770941562078 0.0 481280
1770941596606 0.0 486400
1770941631119 0.0 491520
1770941666389 0.0 496640
1770941700902 0.0 501760
1770941735421 0.0 506880
1770941769975 0.0 512000
1770941804480 0.0 517120
1770941839043 0.0 522240
1770941873597 0.0 527360
1770941908102 0.0 532480
1770941942673 0.0 537600
1770941977184 0.0 542720
1770942011734 0.0 547840
1770942046296 0.0 552960
1770942080853 0.0 558080
1770942115414 0.0 563200
1770942149975 0.0 568320
1770942184552 0.0 573440
1770942219087 0.0 578560
1770942253657 0.0 583680
1770942288217 0.0 588800
1770942322763 0.0 593920
1770942357284 0.0 599040
1770942391824 0.0 604160
1770942426364 0.0 609280
1770942460728 0.0 614400
1770942495244 0.0 619520
1770942529749 0.0 624640
1770942564280 0.0 629760
1770942598825 0.0 634880
1770942633353 0.0 640000
1770942667905 0.0 645120
1770942702447 0.0 650240
1770942737039 0.0 655360
1770942771589 0.0 660480
1770942806131 0.0 665600
1770942840643 0.0 670720
1770942875185 0.0 675840
1770942909743 0.0 680960
1770942944319 0.0 686080
1770942978863 0.0 691200
1770943013426 0.0 696320
1770943047979 0.0 701440
1770943082521 0.0 706560
1770943117093 0.0 711680
1770943151660 0.0 716800
1770943186217 0.0 721920
1770943220746 0.0 727040
1770943255308 0.0 732160
1770943289863 0.0 737280
1770943324410 0.0 742400
1770943358934 0.0 747520
1770943393490 0.0 752640
1770943428018 0.0 757760
1770943462570 0.0 762880
1770943497101 0.0 768000
1770943531576 0.0 773120
1770943565941 0.0 778240
1770943600500 0.0 783360
1770943635061 0.0 788480
1770943669660 0.0 793600
1770943704228 0.0 798720
1770943738773 0.0 803840
1770943773331 0.0 808960
1770943807868 0.0 814080
1770943842407 0.0 819200
1770943876954 0.0 824320
1770943911510 0.0 829440
1770943946054 0.0 834560
1770943980621 0.0 839680
1770944015063 0.0 844800
1770944049417 0.0 849920
1770944083886 0.0 855040
1770944118428 0.0 860160
1770944152963 0.0 865280
1770944187496 0.0 870400
1770944222082 0.0 875520
1770944256633 0.0 880640
1770944291217 0.0 885760
1770944325787 0.0 890880
1770944360354 0.0 896000
1770944394896 0.0 901120
1770944429446 0.0 906240
1770944464014 0.0 911360
1770944498575 0.0 916480
1770944533596 0.0 921600
1770944568167 0.0 926720
1770944602677 0.0 931840
1770944637123 0.0 936960
1770944671615 0.0 942080
1770944706123 0.0 947200
1770944740693 0.0 952320
1770944775229 0.0 957440
1770944809756 0.0 962560
1770944844342 0.0 967680
1770944878903 0.0 972800
1770944913458 0.0 977920
1770944948005 0.0 983040
1770944982556 0.0 988160
1770945017083 0.0 993280
1770945051632 0.0 998400
1770945086179 0.0 1003520
1770945120742 0.0 1008640
1770945155286 0.0 1013760
1770945189811 0.0 1018880
1770945224360 0.0 1024000
1770945258879 0.0 1029120
1770945293417 0.0 1034240
1770945327932 0.0 1039360
1770945362489 0.0 1044480
1770945397032 0.0 1049600
1770945431536 0.0 1054720
1770945466090 0.0 1059840
1770945500594 0.0 1064960
1770945535167 0.0 1070080
1770945569736 0.0 1075200
1770945604340 0.0 1080320
1770945638878 0.0 1085440
1770945673427 0.0 1090560
1770945708020 0.0 1095680
1770945742592 0.0 1100800
1770945777148 0.0 1105920
1770945811721 0.0 1111040
1770945846307 0.0 1116160
1770945880849 0.0 1121280
1770945915418 0.0 1126400
1770945949971 0.0 1131520
1770945984531 0.0 1136640
1770946019099 0.0 1141760
1770946053661 0.0 1146880
1770946088206 0.0 1152000
1770946122727 0.0 1157120
1770946157298 0.0 1162240
1770946191874 0.0 1167360
1770946226408 0.0 1172480
1770946260941 0.0 1177600
1770946295518 0.0 1182720
1770946330045 0.0 1187840
1770946364565 0.0 1192960
1770946399133 0.0 1198080
1770946433696 0.0 1203200
1770946468271 0.0 1208320
1770946502819 0.0 1213440
1770946537369 0.0 1218560
1770946571926 0.0 1223680
1770946606507 0.0 1228800
1770946641092 0.0 1233920
1770946675638 0.0 1239040
1770946710182 0.0 1244160
1770946744782 0.0 1249280
1770946779386 0.0 1254400
1770946813947 0.0 1259520
1770946848441 0.0 1264640
1770946882992 0.0 1269760
1770946917567 0.0 1274880
1770946952138 0.0 1280000
1770946986718 0.0 1285120
1770947021258 0.0 1290240
1770947055808 0.0 1295360
1770947090340 0.0 1300480
1770947124857 0.0 1305600
1770947159413 0.0 1310720
1770947193943 0.0 1315840
1770947228523 0.0 1320960
1770947263086 0.0 1326080
1770947297679 0.0 1331200
1770947332256 0.0 1336320
1770947366838 0.0 1341440
1770947401391 0.0 1346560
1770947435992 0.0 1351680
1770947470543 0.0 1356800
1770947505107 0.0 1361920
1770947539707 0.0 1367040
1770947574291 0.0 1372160
