1770938350992 1.1759508848190308 5120
1770938385525 1.1876717805862427 10240
1770938420077 1.1879487037658691 15360
1770938454634 1.1865819692611694 20480
1770938489196 1.1765797138214111 25600
1770938523753 1.1750388145446777 30720
1770938558275 1.167325735092163 35840
1770938592859 1.1710177659988403 40960
1770938627364 1.1750847101211548 46080
1770938661852 1.1721593141555786 51200
1770938697268 1.1687780618667603 56320
1770938731777 1.164945363998413 61440
1770938766270 1.1644998788833618 66560
1770938800733 1.1636910438537598 71680
1770938835264 1.1632881164550781 76800
1770938869751 1.1629278659820557 81920
1770938904262 1.1628342866897583 87040
1770938938690 1.1626555919647217 92160
1770938973188 1.1638503074645996 97280
1770939007685 1.1619614362716675 102400
1770939042216 1.1598228216171265 107520
1770939076655 1.15907883644104 112640
1770939111195 1.1601365804672241 117760
1770939145692 1.1605287790298462 122880
1770939180223 1.1606816053390503 128000
1770939214657 1.1604957580566406 133120
1770939249193 1.1618314981460571 138240
1770939283733 1.1619677543640137 143360
1770939318261 1.160620093345642 148480
1770939352767 1.1597521305084229 153600
1770939387199 1.1589258909225464 158720
1770939421739 1.1581034660339355 163840
1770939456269 1.1599863767623901 168960
1770939490811 1.1603899002075195 174080
1770939525196 1.1595510244369507 179200
1770939559753 1.1575515270233154 184320
1770939594287 1.1568297147750854 189440
1770939628797 1.1551570892333984 194560
1770939663331 1.1564346551895142 199680
1770939697884 1.1557190418243408 204800
1770939732342 1.1565544605255127 209920
1770939766814 1.1571033000946045 215040
1770939801361 1.1572235822677612 220160
1770939835900 1.1574461460113525 225280
1770939870422 1.1577380895614624 230400
1770939904967 1.1565698385238647 235520
1770939939506 1.157260537147522 240640
1770939974028 1.157908320426941 245760
1770940008541 1.158297061920166 250880
1770940043074 1.1577814817428589 256000
1770940077577 1.1573423147201538 261120
1770940112120 1.156753659248352 266240
1770940146694 1.1551251411437988 271360
1770940181232 1.1563823223114014 276480
1770940215763 1.1564817428588867 281600
1770940250321 1.157438039779663 286720
1770940284862 1.1572026014328003 291840
1770940319409 1.1572232246398926 296960
1770940353951 1.1560330390930176 302080
1770940388437 1.1557172536849976 307200
1770940422972 1.1557645797729492 312320
1770940457450 1.156528353691101 317440
1770940491931 1.1560121774673462 322560
1770940526385 1.1546660661697388 327680
1770940560921 1.154405951499939 332800
1770940595450 1.155139684677124 337920
1770940629989 1.154685378074646 343040
1770940664528 1.1539745330810547 348160
1770940699091 1.153604507446289 353280
1770940733625 1.1531028747558594 358400
1770940768106 1.1522252559661865 363520
1770940802629 1.1512973308563232 368640
1770940837149 1.150439977645874 373760
1770940871680 1.150681734085083 378880
1770940906170 1.1509294509887695 384000
1770940940672 1.1517341136932373 389120
1770940975174 1.1514372825622559 394240
1770941009558 1.1509267091751099 399360
1770941044075 1.150506854057312 404480
1770941078597 1.1506248712539673 409600
1770941113097 1.1505404710769653 414720
1770941147625 1.149916410446167 419840
1770941182149 1.1496286392211914 424960
1770941216659 1.1488909721374512 430080
1770941251195 1.1487973928451538 435200
1770941285734 1.1476993560791016 440320
1770941320324 1.1471362113952637 445440
1770941354840 1.1471894979476929 450560
1770941389379 1.146531105041504 455680
1770941423926 1.1471019983291626 460800
1770941458470 1.1474525928497314 465920
1770941493010 1.1471046209335327 471040
1770941527562 1.1470688581466675 476160
1770941562078 1.1470586061477661 481280
1770941596606 1.1462489366531372 486400
1770941631119 1.146119236946106 491520
1770941666389 1.1456869840621948 496640
1770941700902 1.1453239917755127 501760
1770941735421 1.144924521446228 506880
1770941769975 1.1450930833816528 512000
1770941804480 1.144544243812561 517120
1770941839043 1.1439568996429443 522240
1770941873597 1.1445882320404053 527360
1770941908102 1.1442679166793823 532480
1770941942673 1.1435863971710205 537600
1770941977184 1.1432554721832275 542720
1770942011734 1.1430548429489136 547840
1770942046296 1.1428871154785156 552960
1770942080853 1.142189860343933 558080
1770942115414 1.1419873237609863 563200
1770942149975 1.141554594039917 568320
1770942184552 1.1414875984191895 573440
1770942219087 1.1405874490737915 578560
1770942253657 1.1405237913131714 583680
1770942288217 1.1396089792251587 588800
1770942322763 1.1389726400375366 593920
1770942357284 1.138603687286377 599040
1770942391824 1.1387012004852295 604160
1770942426364 1.1384124755859375 609280
1770942460728 1.1386632919311523 614400
1770942495244 1.1379327774047852 619520
1770942529749 1.1378134489059448 624640
1770942564280 1.1376599073410034 629760
1770942598825 1.1373655796051025 634880
1770942633353 1.1376715898513794 640000
1770942667905 1.1375423669815063 645120
1770942702447 1.137734055519104 650240
1770942737039 1.1375457048416138 655360
1770942771589 1.1374273300170898 660480
1770942806131 1.1380205154418945 665600
1770942840643 1.1381803750991821 670720
1770942875185 1.1378661394119263 675840
1770942909743 1.1377266645431519 680960
1770942944319 1.1382238864898682 686080
1770942978863 1.1381993293762207 691200
1770943013426 1.138369083404541 696320
1770943047979 1.138153314590454 701440
1770943082521 1.139013409614563 706560
1770943117093 1.1391712427139282 711680
1770943151660 1.139331340789795 716800
1770943186217 1.1391154527664185 721920
1770943220746 1.1387134790420532 727040
1770943255308 1.1384530067443848 732160
1770943289863 1.138129472732544 737280
1770943324410 1.1386075019836426 742400
1770943358934 1.1384131908416748 747520
1770943393490 1.138041615486145 752640
1770943428018 1.1376112699508667 757760
1770943462570 1.1373140811920166 762880
1770943497101 1.1374788284301758 768000
1770943531576 1.137095332145691 773120
1770943565941 1.1371581554412842 778240
1770943600500 1.1370007991790771 783360
1770943635061 1.1367106437683105 788480
1770943669660 1.13664972782135 793600
1770943704228 1.1360960006713867 798720
1770943738773 1.135789394378662 803840
1770943773331 1.1357204914093018 808960
1770943807868 1.1357449293136597 814080
1770943842407 1.1358250379562378 819200
1770943876954 1.1361855268478394 824320
1770943911510 1.1359103918075562 829440
1770943946054 1.1358561515808105 834560
1770943980621 1.1358468532562256 839680
1770944015063 1.1356422901153564 844800
1770944049417 1.1355671882629395 849920
1770944083886 1.13579523563385 855040
1770944118428 1.1359329223632812 860160
1770944152963 1.1359915733337402 865280
1770944187496 1.1361905336380005 870400
1770944222082 1.1362024545669556 875520
1770944256633 1.1361620426177979 880640
1770944291217 1.1361262798309326 885760
1770944325787 1.136034607887268 890880
1770944360354 1.1359626054763794 896000
1770944394896 1.1361711025238037 901120
1770944429446 1.1359171867370605 906240
1770944464014 1.1355684995651245 911360
1770944498575 1.1353617906570435 916480
1770944533596 1.135526180267334 921600
1770944568167 1.135674238204956 926720
1770944602677 1.135739803314209 931840
1770944637123 1.1361325979232788 936960
1770944671615 1.136204719543457 942080
1770944706123 1.135785698890686 947200
1770944740693 1.1356419324874878 952320
1770944775229 1.1353307962417603 957440
1770944809756 1.135805606842041 962560
1770944844342 1.1363061666488647 967680
1770944878903 1.1361521482467651 972800
1770944913458 1.1363611221313477 977920
1770944948005 1.13640296459198 983040
1770944982556 1.1362922191619873 988160
1770945017083 1.136781930923462 993280
1770945051632 1.136399269104004 998400
1770945086179 1.1364434957504272 1003520
1770945120742 1.1364657878875732 1008640
1770945155286 1.136207938194275 1013760
1770945189811 1.1356167793273926 1018880
1770945224360 1.135278582572937 1024000
1770945258879 1.1348481178283691 1029120
1770945293417 1.1349211931228638 1034240
1770945327932 1.1347477436065674 1039360
1770945362489 1.1347949504852295 1044480
1770945397032 1.134726881980896 1049600
1770945431536 1.1343109607696533 1054720
1770945466090 1.134095311164856 1059840
1770945500594 1.1336442232131958 1064960
1770945535167 1.1336275339126587 1070080
1770945569736 1.1335594654083252 1075200
1770945604340 1.1330982446670532 1080320
1770945638878 1.1329103708267212 1085440
1770945673427 1.1324200630187988 1090560
1770945708020 1.1323144435882568 1095680
1770945742592 1.1316101551055908 1100800
1770945777148 1.1317683458328247 1105920
1770945811721 1.131908893585205 1111040
1770945846307 1.131709337234497 1116160
1770945880849 1.1318957805633545 1121280
1770945915418 1.1317862272262573 1126400
1770945949971 1.1315765380859375 1131520
1770945984531 1.131477952003479 1136640
1770946019099 1.1316862106323242 1141760
1770946053661 1.1318663358688354 1146880
1770946088206 1.1318484544754028 1152000
1770946122727 1.131778359413147 1157120
1770946157298 1.1319416761398315 1162240
1770946191874 1.1321626901626587 1167360
1770946226408 1.1323248147964478 1172480
1770946260941 1.1323540210723877 1177600
1770946295518 1.1324577331542969 1182720
1770946330045 1.1324656009674072 1187840
1770946364565 1.1321736574172974 1192960
1770946399133 1.1319257020950317 1198080
1770946433696 1.1316560506820679 1203200
1770946468271 1.131601333618164 1208320
1770946502819 1.1309646368026733 1213440
1770946537369 1.1305721998214722 1218560
1770946571926 1.130279779434204 1223680
1770946606507 1.1299253702163696 1228800
1770946641092 1.1295965909957886 1233920
1770946675638 1.1292340755462646 1239040
1770946710182 1.1290030479431152 1244160
1770946744782 1.1284412145614624 1249280
1770946779386 1.1282845735549927 1254400
1770946813947 1.1280308961868286 1259520
1770946848441 1.127525806427002 1264640
1770946882992 1.1272716522216797 1269760
1770946917567 1.127142071723938 1274880
1770946952138 1.1268726587295532 1280000
1770946986718 1.1267913579940796 1285120
1770947021258 1.1266459226608276 1290240
1770947055808 1.1264898777008057 1295360
1770947090340 1.1261411905288696 1300480
1770947124857 1.125867247581482 1305600
1770947159413 1.1254857778549194 1310720
1770947193943 1.1251863241195679 1315840
1770947228523 1.1245830059051514 1320960
1770947263086 1.123834490776062 1326080
1770947297679 1.1236598491668701 1331200
1770947332256 1.1234170198440552 1336320
1770947366838 1.1232765913009644 1341440
1770947401391 1.1229647397994995 1346560
1770947435992 1.1225529909133911 1351680
1770947470543 1.122349500656128 1356800
1770947505107 1.1220290660858154 1361920
1770947539707 1.1217129230499268 1367040
1770947574291 1.1211718320846558 1372160
