1770938350984 18.42218589782715 5120
1770938385517 15.713132858276367 10240
1770938420068 14.807682991027832 15360
1770938454625 12.255208969116211 20480
1770938489188 12.50487995147705 25600
1770938523744 12.7102689743042 30720
1770938558266 14.870893478393555 35840
1770938592850 16.223724365234375 40960
1770938627354 16.66594886779785 46080
1770938661842 17.1140193939209 51200
1770938697258 17.5117244720459 56320
1770938731768 18.345783233642578 61440
1770938766260 18.600826263427734 66560
1770938800723 18.471593856811523 71680
1770938835255 18.369754791259766 76800
1770938869740 17.787673950195312 81920
1770938904253 17.436859130859375 87040
1770938938677 16.931955337524414 92160
1770938973178 18.53304672241211 97280
1770939007675 20.80129051208496 102400
1770939042205 22.66192626953125 107520
1770939076645 24.77053451538086 112640
1770939111184 27.682086944580078 117760
1770939145682 29.614078521728516 122880
1770939180212 32.202667236328125 128000
1770939214647 33.333980560302734 133120
1770939249181 34.77788543701172 138240
1770939283722 36.70388412475586 143360
1770939318251 37.11484146118164 148480
1770939352757 37.4591178894043 153600
1770939387188 37.932769775390625 158720
1770939421729 38.56406021118164 163840
1770939456259 39.057952880859375 168960
1770939490800 39.11676025390625 174080
1770939525185 39.647117614746094 179200
1770939559742 39.986934661865234 184320
1770939594276 41.124107360839844 189440
1770939628786 41.091129302978516 194560
1770939663319 40.25562286376953 199680
1770939697873 41.692771911621094 204800
1770939732331 41.63164520263672 209920
1770939766802 42.5090446472168 215040
1770939801349 41.21772003173828 220160
1770939835889 43.52797317504883 225280
1770939870410 42.34789276123047 230400
1770939904955 43.046451568603516 235520
1770939939494 43.523860931396484 240640
1770939974018 45.34050750732422 245760
1770940008529 42.89753723144531 250880
1770940043062 44.356101989746094 256000
1770940077567 44.061317443847656 261120
1770940112108 44.71033477783203 266240
1770940146682 44.433250427246094 271360
1770940181220 45.92958450317383 276480
1770940215750 45.502357482910156 281600
1770940250309 45.63274383544922 286720
1770940284850 47.692237854003906 291840
1770940319397 49.659210205078125 296960
1770940353939 49.110008239746094 302080
1770940388424 50.229061126708984 307200
1770940422959 50.29251480102539 312320
1770940457429 50.60981750488281 317440
1770940491918 50.91570281982422 322560
1770940526371 51.40077590942383 327680
1770940560908 52.3885383605957 332800
1770940595437 50.57756423950195 337920
1770940629976 52.920249938964844 343040
1770940664515 54.351051330566406 348160
1770940699077 53.010902404785156 353280
1770940733611 54.9782600402832 358400
1770940768092 55.92206954956055 363520
1770940802619 54.870140075683594 368640
1770940837135 56.07921600341797 373760
1770940871666 54.88690185546875 378880
1770940906156 56.5147590637207 384000
1770940940658 56.6965217590332 389120
1770940975160 55.2420768737793 394240
1770941009544 56.58357620239258 399360
1770941044059 56.56154251098633 404480
1770941078581 57.5993537902832 409600
1770941113082 55.8726806640625 414720
1770941147611 57.09144973754883 419840
1770941182135 56.02611541748047 424960
1770941216647 59.3355712890625 430080
1770941251181 59.4896354675293 435200
1770941285719 56.96424102783203 440320
1770941320310 57.7025146484375 445440
1770941354825 56.639305114746094 450560
1770941389364 56.715126037597656 455680
1770941423911 57.69178009033203 460800
1770941458455 57.32042694091797 465920
1770941492995 56.24666213989258 471040
1770941527547 56.1998176574707 476160
1770941562063 58.447059631347656 481280
1770941596591 57.5976676940918 486400
1770941631104 54.97284698486328 491520
1770941666373 56.587928771972656 496640
1770941700886 57.35560989379883 501760
1770941735404 56.15696334838867 506880
1770941769960 54.9560546875 512000
1770941804465 56.042022705078125 517120
1770941839027 55.09299850463867 522240
1770941873582 54.3535041809082 527360
1770941908086 54.12226486206055 532480
1770941942657 53.765625 537600
1770941977168 55.0831413269043 542720
1770942011717 52.62128448486328 547840
1770942046280 53.7631721496582 552960
1770942080837 53.325172424316406 558080
1770942115397 54.74138641357422 563200
1770942149957 53.200706481933594 568320
1770942184536 52.56024169921875 573440
1770942219071 50.49382400512695 578560
1770942253639 53.18920135498047 583680
1770942288199 51.74009323120117 588800
1770942322746 51.151729583740234 593920
1770942357267 51.618980407714844 599040
1770942391807 51.3440055847168 604160
1770942426347 48.38353729248047 609280
1770942460711 50.461788177490234 614400
1770942495227 50.896820068359375 619520
1770942529732 48.81755447387695 624640
1770942564263 49.42615509033203 629760
1770942598807 50.02802276611328 634880
1770942633335 48.7132568359375 640000
1770942667886 49.35720443725586 645120
1770942702430 46.78557205200195 650240
1770942737020 49.14839553833008 655360
1770942771571 49.8315544128418 660480
1770942806113 49.14588165283203 665600
1770942840624 48.832984924316406 670720
1770942875166 48.92342758178711 675840
1770942909725 47.387210845947266 680960
1770942944299 48.19733428955078 686080
1770942978844 47.54869842529297 691200
1770943013405 45.37800979614258 696320
1770943047960 48.80524444580078 701440
1770943082502 46.34730911254883 706560
1770943117075 45.942935943603516 711680
1770943151642 45.95053482055664 716800
1770943186198 46.56007766723633 721920
1770943220728 46.0974235534668 727040
1770943255290 46.423770904541016 732160
1770943289844 45.67778396606445 737280
1770943324392 47.38965606689453 742400
1770943358915 47.0064582824707 747520
1770943393471 45.58033752441406 752640
1770943427998 46.340843200683594 757760
1770943462551 47.50099182128906 762880
1770943497081 45.812618255615234 768000
1770943531556 45.9094352722168 773120
1770943565921 45.019657135009766 778240
1770943600479 46.88608169555664 783360
1770943635041 46.0388069152832 788480
1770943669644 46.88983154296875 793600
1770943704209 45.352516174316406 798720
1770943738753 43.8355827331543 803840
1770943773315 45.63626480102539 808960
1770943807849 47.187469482421875 814080
1770943842387 46.513084411621094 819200
1770943876933 44.9527473449707 824320
1770943911489 45.52614212036133 829440
1770943946033 44.22077178955078 834560
1770943980601 45.800994873046875 839680
1770944015042 45.61052322387695 844800
1770944049396 45.11087417602539 849920
1770944083865 45.31035614013672 855040
1770944118408 43.922996520996094 860160
1770944152942 45.550167083740234 865280
1770944187474 43.169429779052734 870400
1770944222061 45.45138931274414 875520
1770944256617 42.85688018798828 880640
1770944291196 45.050235748291016 885760
1770944325766 43.55183792114258 890880
1770944360332 43.60082244873047 896000
1770944394875 43.33179473876953 901120
1770944429425 46.49880599975586 906240
1770944463992 43.49913024902344 911360
1770944498553 43.835506439208984 916480
1770944533575 42.65311050415039 921600
1770944568145 40.807254791259766 926720
1770944602655 40.35404968261719 931840
1770944637099 43.1463623046875 936960
1770944671593 42.640724182128906 942080
1770944706101 42.25249481201172 947200
1770944740670 42.81421661376953 952320
1770944775206 42.73862838745117 957440
1770944809733 42.88153076171875 962560
1770944844320 41.4814453125 967680
1770944878880 42.15700149536133 972800
1770944913435 41.84941864013672 977920
1770944947983 42.066741943359375 983040
1770944982533 42.85066604614258 988160
1770945017060 42.64066696166992 993280
1770945051609 41.432735443115234 998400
1770945086155 44.01369094848633 1003520
1770945120719 41.646263122558594 1008640
1770945155263 40.82024383544922 1013760
1770945189788 37.79120635986328 1018880
1770945224336 36.47378158569336 1024000
1770945258856 35.9718017578125 1029120
1770945293394 35.91429901123047 1034240
1770945327909 35.92096710205078 1039360
1770945362466 35.959537506103516 1044480
1770945397008 35.2828254699707 1049600
1770945431512 34.76118087768555 1054720
1770945466066 33.95159912109375 1059840
1770945500570 33.9478759765625 1064960
1770945535142 34.05132293701172 1070080
1770945569711 33.77545928955078 1075200
1770945604316 32.81502151489258 1080320
1770945638854 32.10518264770508 1085440
1770945673402 32.68006896972656 1090560
1770945707996 32.470314025878906 1095680
1770945742568 32.20928192138672 1100800
1770945777124 32.33466339111328 1105920
1770945811697 32.98607635498047 1111040
1770945846283 34.12207794189453 1116160
1770945880824 32.32603454589844 1121280
1770945915392 32.669700622558594 1126400
1770945949946 32.511474609375 1131520
1770945984505 33.53569412231445 1136640
1770946019080 33.45853805541992 1141760
1770946053636 32.79280090332031 1146880
1770946088180 33.25489807128906 1152000
1770946122707 31.731063842773438 1157120
1770946157272 33.10860061645508 1162240
1770946191849 32.94517135620117 1167360
1770946226383 32.6961784362793 1172480
1770946260915 33.240806579589844 1177600
1770946295492 33.09459686279297 1182720
1770946330019 32.418373107910156 1187840
1770946364540 32.123165130615234 1192960
1770946399108 32.0178337097168 1198080
1770946433670 32.06583786010742 1203200
1770946468245 32.11293029785156 1208320
1770946502793 32.54679870605469 1213440
1770946537342 31.750280380249023 1218560
1770946571899 32.37184524536133 1223680
1770946606481 33.184669494628906 1228800
1770946641066 32.40581512451172 1233920
1770946675612 32.76641845703125 1239040
1770946710155 32.618553161621094 1244160
1770946744755 32.602088928222656 1249280
1770946779360 33.086387634277344 1254400
1770946813921 32.140647888183594 1259520
1770946848414 31.965612411499023 1264640
1770946882965 32.36788558959961 1269760
1770946917540 32.06171417236328 1274880
1770946952111 32.37993621826172 1280000
1770946986692 31.58547592163086 1285120
1770947021231 31.933597564697266 1290240
1770947055781 31.633010864257812 1295360
1770947090313 31.188251495361328 1300480
1770947124829 31.649578094482422 1305600
1770947159385 31.65121078491211 1310720
1770947193916 31.4130916595459 1315840
1770947228495 31.17462158203125 1320960
1770947263059 31.040985107421875 1326080
1770947297651 31.356775283813477 1331200
1770947332228 30.743188858032227 1336320
1770947366810 31.666461944580078 1341440
1770947401363 31.286361694335938 1346560
1770947435965 31.7747745513916 1351680
1770947470515 31.00534439086914 1356800
1770947505078 31.363475799560547 1361920
1770947539679 31.60158348083496 1367040
1770947574261 31.23968505859375 1372160
