1770938350992 0.28908950090408325 5120
1770938385525 0.2667582929134369 10240
1770938420077 0.21252991259098053 15360
1770938454634 0.22368857264518738 20480
1770938489196 0.22833046317100525 25600
1770938523753 0.24191758036613464 30720
1770938558275 0.2451200634241104 35840
1770938592859 0.2471093088388443 40960
1770938627364 0.25132128596305847 46080
1770938661852 0.25381940603256226 51200
1770938697268 0.26456212997436523 56320
1770938731777 0.26917341351509094 61440
1770938766270 0.270504355430603 66560
1770938800733 0.2716612219810486 71680
1770938835264 0.2715892493724823 76800
1770938869751 0.27405455708503723 81920
1770938904262 0.277291864156723 87040
1770938938690 0.28438252210617065 92160
1770938973188 0.2962454855442047 97280
1770939007685 0.3053972125053406 102400
1770939042216 0.3127627670764923 107520
1770939076655 0.3192068040370941 112640
1770939111195 0.3255888819694519 117760
1770939145692 0.3327532410621643 122880
1770939180223 0.33848267793655396 128000
1770939214657 0.34338483214378357 133120
1770939249193 0.3486402928829193 138240
1770939283733 0.35290098190307617 143360
1770939318261 0.357069730758667 148480
1770939352767 0.3611263036727905 153600
1770939387199 0.36569544672966003 158720
1770939421739 0.370877742767334 163840
1770939456269 0.3769041895866394 168960
1770939490811 0.3821875751018524 174080
1770939525196 0.38566625118255615 179200
1770939559753 0.3890455961227417 184320
1770939594287 0.39282679557800293 189440
1770939628797 0.3963671028614044 194560
1770939663331 0.40106427669525146 199680
1770939697884 0.4042106568813324 204800
1770939732342 0.40899574756622314 209920
1770939766814 0.4132767915725708 215040
1770939801361 0.41655030846595764 220160
1770939835900 0.4206198751926422 225280
1770939870422 0.4234941601753235 230400
1770939904967 0.42560097575187683 235520
1770939939506 0.4283423125743866 240640
1770939974028 0.43024587631225586 245760
1770940008541 0.431936115026474 250880
1770940043074 0.43408697843551636 256000
1770940077577 0.43532973527908325 261120
1770940112120 0.43660399317741394 266240
1770940146694 0.43717437982559204 271360
1770940181232 0.43876713514328003 276480
1770940215763 0.43994706869125366 281600
1770940250321 0.44204550981521606 286720
1770940284862 0.44271111488342285 291840
1770940319409 0.4439132809638977 296960
1770940353951 0.44368040561676025 302080
1770940388437 0.4441836178302765 307200
1770940422972 0.44489240646362305 312320
1770940457450 0.446520060300827 317440
1770940491931 0.4467012584209442 322560
1770940526385 0.44703197479248047 327680
1770940560921 0.44721513986587524 332800
1770940595450 0.44832944869995117 337920
1770940629989 0.44885578751564026 343040
1770940664528 0.44947317242622375 348160
1770940699091 0.4503839612007141 353280
1770940733625 0.45104479789733887 358400
1770940768106 0.45185285806655884 363520
1770940802629 0.4532302916049957 368640
1770940837149 0.4539971649646759 373760
1770940871680 0.45515137910842896 378880
1770940906170 0.45653417706489563 384000
1770940940672 0.4580969512462616 389120
1770940975174 0.4586453139781952 394240
1770941009558 0.4591204822063446 399360
1770941044075 0.45945122838020325 404480
1770941078597 0.4601903557777405 409600
1770941113097 0.4606168568134308 414720
1770941147625 0.4610820412635803 419840
1770941182149 0.46148476004600525 424960
1770941216659 0.46200111508369446 430080
1770941251195 0.4625788629055023 435200
1770941285734 0.46258798241615295 440320
1770941320324 0.46261465549468994 445440
1770941354840 0.46301713585853577 450560
1770941389379 0.46304842829704285 455680
1770941423926 0.46383604407310486 460800
1770941458470 0.46430087089538574 465920
1770941493010 0.4645881950855255 471040
1770941527562 0.4651185870170593 476160
1770941562078 0.4652496576309204 481280
1770941596606 0.46565529704093933 486400
1770941631119 0.4665367007255554 491520
1770941666389 0.4667983651161194 496640
1770941700902 0.4671223759651184 501760
1770941735421 0.4672220051288605 506880
1770941769975 0.4674769341945648 512000
1770941804480 0.46713149547576904 517120
1770941839043 0.4671035706996918 522240
1770941873597 0.4677793085575104 527360
1770941908102 0.4678475260734558 532480
1770941942673 0.4678885042667389 537600
1770941977184 0.46790656447410583 542720
1770942011734 0.4678637981414795 547840
1770942046296 0.4679605960845947 552960
1770942080853 0.46776530146598816 558080
1770942115414 0.4675959348678589 563200
1770942149975 0.4674544036388397 568320
1770942184552 0.46760401129722595 573440
1770942219087 0.4673037827014923 578560
1770942253657 0.4675358831882477 583680
1770942288217 0.46681252121925354 588800
1770942322763 0.4666249752044678 593920
1770942357284 0.4666413962841034 599040
1770942391824 0.46687445044517517 604160
1770942426364 0.46695852279663086 609280
1770942460728 0.46680960059165955 614400
1770942495244 0.4661758244037628 619520
1770942529749 0.4661884605884552 624640
1770942564280 0.46615734696388245 629760
1770942598825 0.4658184349536896 634880
1770942633353 0.46577292680740356 640000
1770942667905 0.4655979573726654 645120
1770942702447 0.46556782722473145 650240
1770942737039 0.4654136896133423 655360
1770942771589 0.46540796756744385 660480
1770942806131 0.4658623933792114 665600
1770942840643 0.4660009741783142 670720
1770942875185 0.4662209153175354 675840
1770942909743 0.4664640724658966 680960
1770942944319 0.46714213490486145 686080
1770942978863 0.46794241666793823 691200
1770943013426 0.46837034821510315 696320
1770943047979 0.4686039090156555 701440
1770943082521 0.4692910611629486 706560
1770943117093 0.4697021245956421 711680
1770943151660 0.46988072991371155 716800
1770943186217 0.47000372409820557 721920
1770943220746 0.46991169452667236 727040
1770943255308 0.4701034128665924 732160
1770943289863 0.4701474606990814 737280
1770943324410 0.47085872292518616 742400
1770943358934 0.4709435701370239 747520
1770943393490 0.4708532691001892 752640
1770943428018 0.47074925899505615 757760
1770943462570 0.4710375666618347 762880
1770943497101 0.47151079773902893 768000
1770943531576 0.4715248942375183 773120
1770943565941 0.47196313738822937 778240
1770943600500 0.47208139300346375 783360
1770943635061 0.47200649976730347 788480
1770943669660 0.4720860421657562 793600
1770943704228 0.47206011414527893 798720
1770943738773 0.4720725417137146 803840
1770943773331 0.4722224175930023 808960
1770943807868 0.47256413102149963 814080
1770943842407 0.4726269245147705 819200
1770943876954 0.47297462821006775 824320
1770943911510 0.4729880392551422 829440
1770943946054 0.4732106924057007 834560
1770943980621 0.4734119474887848 839680
1770944015063 0.47337865829467773 844800
1770944049417 0.4735340476036072 849920
1770944083886 0.4737081229686737 855040
1770944118428 0.4738635718822479 860160
1770944152963 0.4738908112049103 865280
1770944187496 0.4739561975002289 870400
1770944222082 0.47397592663764954 875520
1770944256633 0.4738982617855072 880640
1770944291217 0.4739600121974945 885760
1770944325787 0.4737604856491089 890880
1770944360354 0.4739370048046112 896000
1770944394896 0.4740277826786041 901120
1770944429446 0.47418245673179626 906240
1770944464014 0.4743063449859619 911360
1770944498575 0.4742818772792816 916480
1770944533596 0.47439515590667725 921600
1770944568167 0.4744653105735779 926720
1770944602677 0.4745675027370453 931840
1770944637123 0.4749428927898407 936960
1770944671615 0.4750591814517975 942080
1770944706123 0.4750407338142395 947200
1770944740693 0.475286602973938 952320
1770944775229 0.4752325415611267 957440
1770944809756 0.47571489214897156 962560
1770944844342 0.4762035310268402 967680
1770944878903 0.4764801561832428 972800
1770944913458 0.47677135467529297 977920
1770944948005 0.4769307076931 983040
1770944982556 0.4769285023212433 988160
1770945017083 0.4772533178329468 993280
1770945051632 0.4770950675010681 998400
1770945086179 0.47722679376602173 1003520
1770945120742 0.47725892066955566 1008640
1770945155286 0.47689539194107056 1013760
1770945189811 0.47657373547554016 1018880
1770945224360 0.4762829542160034 1024000
1770945258879 0.4759223163127899 1029120
1770945293417 0.47588223218917847 1034240
1770945327932 0.4757908284664154 1039360
1770945362489 0.47566163539886475 1044480
1770945397032 0.4756074547767639 1049600
1770945431536 0.4754447042942047 1054720
1770945466090 0.475248247385025 1059840
1770945500594 0.47481536865234375 1064960
1770945535167 0.47468018531799316 1070080
1770945569736 0.47441980242729187 1075200
1770945604340 0.4740592837333679 1080320
1770945638878 0.47391220927238464 1085440
1770945673427 0.47358769178390503 1090560
1770945708020 0.4733255207538605 1095680
1770945742592 0.4728664457798004 1100800
1770945777148 0.47291600704193115 1105920
1770945811721 0.47304248809814453 1111040
1770945846307 0.4729928970336914 1116160
1770945880849 0.47310033440589905 1121280
1770945915418 0.4728705585002899 1126400
1770945949971 0.47275540232658386 1131520
1770945984531 0.4726015627384186 1136640
1770946019099 0.47288522124290466 1141760
1770946053661 0.47291818261146545 1146880
1770946088206 0.4729897081851959 1152000
1770946122727 0.47304821014404297 1157120
1770946157298 0.47317788004875183 1162240
1770946191874 0.4734719395637512 1167360
1770946226408 0.47356685996055603 1172480
1770946260941 0.473631888628006 1177600
1770946295518 0.4737355411052704 1182720
1770946330045 0.47361671924591064 1187840
1770946364565 0.473490834236145 1192960
1770946399133 0.47332826256752014 1198080
1770946433696 0.4731183350086212 1203200
1770946468271 0.4730062186717987 1208320
1770946502819 0.47260159254074097 1213440
1770946537369 0.4722924828529358 1218560
1770946571926 0.4720906615257263 1223680
1770946606507 0.47181612253189087 1228800
1770946641092 0.47159942984580994 1233920
1770946675638 0.47144222259521484 1239040
1770946710182 0.4713526666164398 1244160
1770946744782 0.47110629081726074 1249280
1770946779386 0.4711301624774933 1254400
1770946813947 0.47102734446525574 1259520
1770946848441 0.4707438349723816 1264640
1770946882992 0.47064200043678284 1269760
1770946917567 0.47055357694625854 1274880
1770946952138 0.4704993963241577 1280000
1770946986718 0.47057217359542847 1285120
1770947021258 0.47058477997779846 1290240
1770947055808 0.4705580770969391 1295360
1770947090340 0.47042715549468994 1300480
1770947124857 0.47022831439971924 1305600
1770947159413 0.4701300859451294 1310720
1770947193943 0.46996602416038513 1315840
1770947228523 0.46975186467170715 1320960
1770947263086 0.46945202350616455 1326080
1770947297679 0.4693359434604645 1331200
1770947332256 0.46918991208076477 1336320
1770947366838 0.4691174328327179 1341440
1770947401391 0.4689791202545166 1346560
1770947435992 0.4687231481075287 1351680
1770947470543 0.4686088562011719 1356800
1770947505107 0.4682656228542328 1361920
1770947539707 0.46814537048339844 1367040
1770947574291 0.467864066362381 1372160
