1770938350984 130.18915479405283 5120
1770938385517 136.28046918153166 10240
1770938420068 128.35253075463615 15360
1770938454625 131.57362444318966 20480
1770938489188 132.09990236527983 25600
1770938523744 135.18674659962613 30720
1770938558266 130.32264479244344 35840
1770938592850 131.8093083184061 40960
1770938627354 123.92684296055548 46080
1770938661842 118.85921559737021 51200
1770938697258 116.61534184113215 56320
1770938731768 128.59651704684816 61440
1770938766260 128.6083463649465 66560
1770938800723 130.136642879305 71680
1770938835255 141.32228174803734 76800
1770938869740 132.97942360736818 81920
1770938904253 135.40495867768595 87040
1770938938677 97.04544192503471 92160
1770938973178 132.65557593775696 97280
1770939007675 133.82802080342043 102400
1770939042205 129.83853392768697 107520
1770939076645 134.00760407680755 112640
1770939111184 134.5233650854742 117760
1770939145682 140.57862984314252 122880
1770939180212 130.9942221805803 128000
1770939214647 129.36598605884893 133120
1770939249181 134.49317001218495 138240
1770939283722 134.15333439948824 143360
1770939318251 141.0087073457724 148480
1770939352757 133.99048014567293 153600
1770939387188 124.17633300766794 158720
1770939421729 135.43556459685493 163840
1770939456259 141.3699147258081 168960
1770939490800 132.71433995696748 174080
1770939525185 140.65877460679434 179200
1770939559742 135.6721332686398 184320
1770939594276 136.7425423010465 189440
1770939628786 134.67021993899502 194560
1770939663319 143.52258417738844 199680
1770939697873 135.29140055480292 204800
1770939732331 133.90492609264757 209920
1770939766802 135.02137522534125 215040
1770939801349 132.78576629626113 220160
1770939835889 135.47931134726574 225280
1770939870410 140.98500840336135 230400
1770939904955 142.70708720356572 235520
1770939939494 134.8390664180544 240640
1770939974018 160.92944020258605 245760
1770940008529 141.6085620716432 250880
1770940043062 133.3599567581317 256000
1770940077567 164.65685235347232 261120
1770940112108 131.61491150997867 266240
1770940146682 119.21732704223751 271360
1770940181220 136.7692959859132 276480
1770940215750 134.39835939502692 281600
1770940250309 136.5866875081412 286720
1770940284850 132.74794277756678 291840
1770940319397 135.93155302048223 296960
1770940353939 141.5751029501114 302080
1770940388424 133.495782806582 307200
1770940422959 133.76400051026917 312320
1770940457429 83.2252713455166 317440
1770940491918 143.01363884342607 322560
1770940526371 156.91960043398555 327680
1770940560908 141.68509948316049 332800
1770940595437 135.9095298272901 337920
1770940629976 143.30192353684785 343040
1770940664515 120.97790597057976 348160
1770940699077 131.00649675162418 353280
1770940733611 142.84803487500852 358400
1770940768092 134.1490436896309 363520
1770940802619 168.6762647792166 368640
1770940837135 137.3830330822142 373760
1770940871666 133.47878942176112 378880
1770940906156 142.27142905600218 384000
1770940940658 134.41128024355072 389120
1770940975160 134.7307828209823 394240
1770941009544 136.395694448961 399360
1770941044059 132.1290322580645 404480
1770941078581 139.9314072195903 409600
1770941113082 137.58131601390804 414720
1770941147611 139.4197580109028 419840
1770941182135 144.32758680017892 424960
1770941216647 172.42770811921892 430080
1770941251181 137.83450542228064 435200
1770941285719 135.90072254803488 440320
1770941320310 143.7143738221689 445440
1770941354825 133.5297825602496 450560
1770941389364 143.86718803594704 455680
1770941423911 142.03054417391894 460800
1770941458455 144.22832777414806 465920
1770941492995 144.68106243532253 471040
1770941527547 139.4290273253108 476160
1770941562063 139.2300082987552 481280
1770941596591 135.11271462165382 486400
1770941631104 143.84251860489042 491520
1770941666373 143.83265320119338 496640
1770941700886 135.00833682042037 501760
1770941735404 137.743973727422 506880
1770941769960 137.22122619904468 512000
1770941804465 137.02397909180007 517120
1770941839027 136.33805746976986 522240
1770941873582 139.10994660210275 527360
1770941908086 134.4802334156273 532480
1770941942657 133.8921024069463 537600
1770941977168 134.78273723448697 542720
1770942011717 139.96409383655353 547840
1770942046280 136.7425423010465 552960
1770942080837 135.51432910083682 558080
1770942115397 137.40553644553646 563200
1770942149957 133.1187000126952 568320
1770942184536 138.20693291155925 573440
1770942219071 132.92884987164453 578560
1770942253639 141.25564947967536 583680
1770942288199 142.20872041771207 588800
1770942322746 144.2829033367733 593920
1770942357267 137.51816393442624 599040
1770942391807 143.61595617188837 604160
1770942426347 141.69467247728116 609280
1770942460711 125.19189326328986 614400
1770942495227 137.05980001307105 619520
1770942529732 142.2569529236196 624640
1770942564263 144.69104457016695 629760
1770942598807 142.74108358290226 634880
1770942633335 134.08042964004858 640000
1770942667886 130.5376116522984 645120
1770942702430 134.566524431326 650240
1770942737020 139.6332645315933 655360
1770942771571 133.0595774379798 660480
1770942806113 135.68968975445634 665600
1770942840624 135.03876368319382 670720
1770942875166 137.31107182609836 675840
1770942909725 132.72693902091706 680960
1770942944299 135.91833824816098 686080
1770942978844 133.03425526516114 691200
1770943013405 135.35252355750612 696320
1770943047960 132.22900378310214 701440
1770943082502 135.97562082603903 706560
1770943117075 134.65724926158984 711680
1770943151642 137.1001209426993 716800
1770943186198 139.56821509383735 721920
1770943220728 137.5271821103023 727040
1770943255290 141.82883035201027 732160
1770943289844 134.9345000643418 737280
1770943324392 137.18980800052333 742400
1770943358915 133.79813704223554 747520
1770943393471 136.40900221152594 752640
1770943427998 136.14333939236562 757760
1770943462551 135.88311141348365 762880
1770943497081 136.9345086516487 768000
1770943531556 135.42681863678925 773120
1770943565921 135.48368757671685 778240
1770943600479 133.19056238290304 783360
1770943635041 134.12330519314403 788480
1770943669644 134.97358004827032 793600
1770943704209 142.4840846553657 798720
1770943738753 139.07765766960674 803840
1770943773315 163.0882650283848 808960
1770943807849 143.3803028749188 814080
1770943842387 142.20872041771207 819200
1770943876933 133.11025071405902 824320
1770943911489 134.09328942741135 829440
1770943946033 134.16191664267666 834560
1770943980601 135.34815579721837 839680
1770944015042 133.13982795289337 844800
1770944049396 137.4460610827107 849920
1770944083865 144.352422907489 855040
1770944118408 144.3176547500258 860160
1770944152942 142.1797966101695 865280
1770944187474 135.61949105959195 870400
1770944222061 131.42108726304247 875520
1770944256617 146.42871107387236 880640
1770944291196 132.18316472849895 885760
1770944325766 132.47122733876571 890880
1770944360332 133.45755377370497 896000
1770944394875 135.1214200573435 901120
1770944429425 134.90412016339133 906240
1770944463992 137.80733342094888 911360
1770944498553 135.03441614886836 916480
1770944533575 135.28703673838015 921600
1770944568145 133.60208957125565 926720
1770944602655 130.72476235000778 931840
1770944637099 133.54678893240362 936960
1770944671593 135.26085975039504 942080
1770944706101 133.22440682272972 947200
1770944740670 134.32088644078652 952320
1770944775206 143.82772100678966 957440
1770944809733 131.61491150997867 962560
1770944844320 135.30012903225807 967680
1770944878880 136.41343870946758 972800
1770944913435 136.7692959859132 977920
1770944947983 137.55875504247155 983040
1770944982533 135.69846970138147 988160
1770945017060 133.99476071816497 993280
1770945051609 133.1187000126952 998400
1770945086155 131.9585968224005 1003520
1770945120719 132.3876017928161 1008640
1770945155263 132.65138049906702 1013760
1770945189788 136.72025555772868 1018880
1770945224336 134.06328709326854 1024000
1770945258856 139.1191747653322 1029120
1770945293394 138.93024180192117 1034240
1770945327909 142.45504873823998 1039360
1770945362466 134.4198955228664 1044480
1770945397008 137.85262604351541 1049600
1770945431512 134.94752421093273 1054720
1770945466066 141.09408954822214 1059840
1770945500570 134.9692367100013 1064960
1770945535142 135.9668049792531 1070080
1770945569711 141.88160476287126 1075200
1770945604316 141.59422051178177 1080320
1770945638854 142.88209845000853 1085440
1770945673402 137.7575458994318 1090560
1770945707996 139.75423164067706 1095680
1770945742568 134.1833770554738 1100800
1770945777124 135.7907277907278 1105920
1770945811697 136.93897939860915 1111040
1770945846283 136.090330953926 1116160
1770945880824 134.41558774516088 1121280
1770945915392 135.15625302097766 1126400
1770945949946 134.94752421093273 1131520
1770945984505 144.0895942835549 1136640
1770946019080 177.64947056332062 1141760
1770946053636 137.7665955000821 1146880
1770946088180 142.49860705306787 1152000
1770946122707 175.42049351735676 1157120
1770946157272 142.20389896592644 1162240
1770946191849 135.44431168663417 1167360
1770946226383 137.90701650555664 1172480
1770946260915 132.0416810955454 1177600
1770946295492 134.39835939502692 1182720
1770946330019 137.1359816903711 1187840
1770946364540 134.21343317013856 1192960
1770946399108 139.35490730281083 1198080
1770946433670 135.41807380621833 1203200
1770946468245 137.2346955469031 1208320
1770946502793 136.33362587355762 1213440
1770946537342 133.50428112168572 1218560
1770946571899 135.89631933644375 1223680
1770946606481 135.7292084654715 1228800
1770946641066 134.64428108246926 1233920
1770946675612 136.1521781471142 1239040
1770946710155 133.86219002329813 1244160
1770946744755 135.0474595917316 1249280
1770946779360 140.6540576794098 1254400
1770946813921 135.37436658812896 1259520
1770946848414 140.99922681278784 1264640
1770946882965 142.54703643284392 1269760
1770946917540 139.58679446219384 1274880
1770946952111 142.0449742617177 1280000
1770946986692 142.91617827449912 1285120
1770947021231 143.7143738221689 1290240
1770947055781 139.14225053078556 1295360
1770947090313 142.77509616366547 1300480
1770947124829 135.72042454051257 1305600
1770947159385 136.88981723237598 1310720
1770947193916 136.4711394546756 1315840
1770947228495 143.34110249137078 1320960
1770947263059 142.48892512569643 1326080
1770947297651 136.32033281331255 1331200
1770947332228 132.350004733205 1336320
1770947366810 143.54714398165578 1341440
1770947401363 132.73954047724538 1346560
1770947435965 135.76435553829222 1351680
1770947470515 134.2606914212548 1356800
1770947505078 134.10186398951305 1361920
1770947539679 133.81521184277693 1367040
1770947574261 134.011885743498 1372160
