1770938350992 1.8405874967575073 5120
1770938385525 1.5678943395614624 10240
1770938420077 0.9639748930931091 15360
1770938454634 1.0840568542480469 20480
1770938489196 1.1444005966186523 25600
1770938523753 1.2931663990020752 30720
1770938558275 1.3281668424606323 35840
1770938592859 1.3499979972839355 40960
1770938627364 1.3911279439926147 46080
1770938661852 1.4258989095687866 51200
1770938697268 1.5605027675628662 56320
1770938731777 1.622304081916809 61440
1770938766270 1.6387104988098145 66560
1770938800733 1.6487375497817993 71680
1770938835264 1.6474940776824951 76800
1770938869751 1.67306387424469 81920
1770938904262 1.7077391147613525 87040
1770938938690 1.788706660270691 92160
1770938973188 1.9234899282455444 97280
1770939007685 2.0297720432281494 102400
1770939042216 2.1149699687957764 107520
1770939076655 2.1882452964782715 112640
1770939111195 2.2593023777008057 117760
1770939145692 2.3389785289764404 122880
1770939180223 2.4015235900878906 128000
1770939214657 2.4572832584381104 133120
1770939249193 2.51505184173584 138240
1770939283733 2.5625100135803223 143360
1770939318261 2.610464572906494 148480
1770939352767 2.6566271781921387 153600
1770939387199 2.7084503173828125 158720
1770939421739 2.767239809036255 163840
1770939456269 2.8325319290161133 168960
1770939490811 2.891383409500122 174080
1770939525196 2.931825637817383 179200
1770939559753 2.971937417984009 184320
1770939594287 3.0149922370910645 189440
1770939628797 3.05700945854187 194560
1770939663331 3.1085541248321533 199680
1770939697884 3.1459360122680664 204800
1770939732342 3.199413537979126 209920
1770939766814 3.247295379638672 215040
1770939801361 3.284687042236328 220160
1770939835900 3.330970048904419 225280
1770939870422 3.3641304969787598 230400
1770939904967 3.3903801441192627 235520
1770939939506 3.422114849090576 240640
1770939974028 3.445446014404297 245760
1770940008541 3.4669580459594727 250880
1770940043074 3.494429588317871 256000
1770940077577 3.5121257305145264 261120
1770940112120 3.5302906036376953 266240
1770940146694 3.5416746139526367 271360
1770940181232 3.560880184173584 276480
1770940215763 3.5765609741210938 281600
1770940250321 3.600998640060425 286720
1770940284862 3.611321449279785 291840
1770940319409 3.626715898513794 296960
1770940353951 3.6276745796203613 302080
1770940388437 3.6366186141967773 307200
1770940422972 3.64697527885437 312320
1770940457450 3.665712833404541 317440
1770940491931 3.671679973602295 322560
1770940526385 3.6799137592315674 327680
1770940560921 3.685358762741089 332800
1770940595450 3.699843645095825 337920
1770940629989 3.709009885787964 343040
1770940664528 3.7189691066741943 348160
1770940699091 3.7318899631500244 353280
1770940733625 3.7422542572021484 358400
1770940768106 3.754030466079712 363520
1770940802629 3.7720088958740234 368640
1770940837149 3.783573627471924 373760
1770940871680 3.798311710357666 378880
1770940906170 3.8153653144836426 384000
1770940940672 3.8339099884033203 389120
1770940975174 3.842339277267456 394240
1770941009558 3.8502063751220703 399360
1770941044075 3.855984687805176 404480
1770941078597 3.865790605545044 409600
1770941113097 3.8723957538604736 414720
1770941147625 3.879993200302124 419840
1770941182149 3.8863985538482666 424960
1770941216659 3.894379138946533 430080
1770941251195 3.9024691581726074 435200
1770941285734 3.9052305221557617 440320
1770941320324 3.907860040664673 445440
1770941354840 3.913761615753174 450560
1770941389379 3.9161369800567627 455680
1770941423926 3.9255943298339844 460800
1770941458470 3.9319639205932617 465920
1770941493010 3.936737060546875 471040
1770941527562 3.943878173828125 476160
1770941562078 3.946950674057007 481280
1770941596606 3.9534006118774414 486400
1770941631119 3.963935375213623 491520
1770941666389 3.9684243202209473 496640
1770941700902 3.973618745803833 501760
1770941735421 3.9763541221618652 506880
1770941769975 3.9800689220428467 512000
1770941804480 3.9781410694122314 517120
1770941839043 3.9799933433532715 522240
1770941873597 3.9879801273345947 527360
1770941908102 3.9902706146240234 532480
1770941942673 3.992547035217285 537600
1770941977184 3.994188070297241 542720
1770942011734 3.99518084526062 547840
1770942046296 3.9975075721740723 552960
1770942080853 3.9970014095306396 558080
1770942115414 3.996615409851074 563200
1770942149975 3.997154474258423 568320
1770942184552 4.000121593475342 573440
1770942219087 3.9994301795959473 578560
1770942253657 4.003324031829834 583680
1770942288217 3.99798583984375 588800
1770942322763 3.997821569442749 593920
1770942357284 3.999589204788208 599040
1770942391824 4.003285884857178 604160
1770942426364 4.006072521209717 609280
1770942460728 4.005692481994629 614400
1770942495244 4.001211643218994 619520
1770942529749 4.002679347991943 624640
1770942564280 4.003390312194824 629760
1770942598825 4.0006327629089355 634880
1770942633353 4.000857830047607 640000
1770942667905 4.0000996589660645 645120
1770942702447 4.000538349151611 650240
1770942737039 4.0001654624938965 655360
1770942771589 4.001175403594971 660480
1770942806131 4.006720066070557 665600
1770942840643 4.009181499481201 670720
1770942875185 4.012671947479248 675840
1770942909743 4.0157060623168945 680960
1770942944319 4.022973537445068 686080
1770942978863 4.031594276428223 691200
1770943013426 4.036481857299805 696320
1770943047979 4.039720058441162 701440
1770943082521 4.047054290771484 706560
1770943117093 4.052066326141357 711680
1770943151660 4.055157661437988 716800
1770943186217 4.0577778816223145 721920
1770943220746 4.058058261871338 727040
1770943255308 4.061310291290283 732160
1770943289863 4.062839984893799 737280
1770943324410 4.070986747741699 742400
1770943358934 4.0731658935546875 747520
1770943393490 4.073596000671387 752640
1770943428018 4.073977470397949 757760
1770943462570 4.078164577484131 762880
1770943497101 4.084146499633789 768000
1770943531576 4.085662364959717 773120
1770943565941 4.091174602508545 778240
1770943600500 4.093470573425293 783360
1770943635061 4.093832015991211 788480
1770943669660 4.095699787139893 793600
1770943704228 4.096731662750244 798720
1770943738773 4.09791898727417 803840
1770943773331 4.100306034088135 808960
1770943807868 4.104736328125 814080
1770943842407 4.106396198272705 819200
1770943876954 4.110705852508545 824320
1770943911510 4.112025260925293 829440
1770943946054 4.115413188934326 834560
1770943980621 4.118590831756592 839680
1770944015063 4.119340419769287 844800
1770944049417 4.1218695640563965 849920
1770944083886 4.124288082122803 855040
1770944118428 4.12669038772583 860160
1770944152963 4.127551078796387 865280
1770944187496 4.1285881996154785 870400
1770944222082 4.129319667816162 875520
1770944256633 4.129117012023926 880640
1770944291217 4.130270957946777 885760
1770944325787 4.129054546356201 890880
1770944360354 4.131654739379883 896000
1770944394896 4.133110046386719 901120
1770944429446 4.135526180267334 906240
1770944464014 4.137784481048584 911360
1770944498575 4.1384968757629395 916480
1770944533596 4.1402130126953125 921600
1770944568167 4.141799449920654 926720
1770944602677 4.143558502197266 931840
1770944637123 4.148069858551025 936960
1770944671615 4.150119781494141 942080
1770944706123 4.151029586791992 947200
1770944740693 4.154345989227295 952320
1770944775229 4.154775142669678 957440
1770944809756 4.160179615020752 962560
1770944844342 4.165503978729248 967680
1770944878903 4.1690874099731445 972800
1770944913458 4.17259407043457 977920
1770944948005 4.174777030944824 983040
1770944982556 4.1756157875061035 988160
1770945017083 4.179385662078857 993280
1770945051632 4.178694248199463 998400
1770945086179 4.180659770965576 1003520
1770945120742 4.1817097663879395 1008640
1770945155286 4.178846836090088 1013760
1770945189811 4.17672872543335 1018880
1770945224360 4.174499034881592 1024000
1770945258879 4.171787738800049 1029120
1770945293417 4.172022819519043 1034240
1770945327932 4.171870231628418 1039360
1770945362489 4.1711745262146 1044480
1770945397032 4.171455383300781 1049600
1770945431536 4.17047643661499 1054720
1770945466090 4.1692962646484375 1059840
1770945500594 4.165804862976074 1064960
1770945535167 4.1649909019470215 1070080
1770945569736 4.162810802459717 1075200
1770945604340 4.1599626541137695 1080320
1770945638878 4.159048557281494 1085440
1770945673427 4.15656852722168 1090560
1770945708020 4.154407978057861 1095680
1770945742592 4.150586128234863 1100800
1770945777148 4.151276588439941 1105920
1770945811721 4.152850151062012 1111040
1770945846307 4.152769088745117 1116160
1770945880849 4.1541056632995605 1121280
1770945915418 4.152071952819824 1126400
1770945949971 4.151463508605957 1131520
1770945984531 4.150448799133301 1136640
1770946019099 4.1537184715271 1141760
1770946053661 4.154470443725586 1146880
1770946088206 4.155688762664795 1152000
1770946122727 4.1567792892456055 1157120
1770946157298 4.158591270446777 1162240
1770946191874 4.162041187286377 1167360
1770946226408 4.1635260581970215 1172480
1770946260941 4.1647419929504395 1177600
1770946295518 4.166286468505859 1182720
1770946330045 4.165591239929199 1187840
1770946364565 4.164951801300049 1192960
1770946399133 4.16389274597168 1198080
1770946433696 4.162498950958252 1203200
1770946468271 4.1618123054504395 1208320
1770946502819 4.158491134643555 1213440
1770946537369 4.156103134155273 1218560
1770946571926 4.154806137084961 1223680
1770946606507 4.152704238891602 1228800
1770946641092 4.151198387145996 1233920
1770946675638 4.150332450866699 1239040
1770946710182 4.150030612945557 1244160
1770946744782 4.148281574249268 1249280
1770946779386 4.149120807647705 1254400
1770946813947 4.148612022399902 1259520
1770946848441 4.14640998840332 1264640
1770946882992 4.145838260650635 1269760
1770946917567 4.145371437072754 1274880
1770946952138 4.145275592803955 1280000
1770946986718 4.146332263946533 1285120
1770947021258 4.146892070770264 1290240
1770947055808 4.147099494934082 1295360
1770947090340 4.146482467651367 1300480
1770947124857 4.14499568939209 1305600
1770947159413 4.144541263580322 1310720
1770947193943 4.143512725830078 1315840
1770947228523 4.142148494720459 1320960
1770947263086 4.139771938323975 1326080
1770947297679 4.139116287231445 1331200
1770947332256 4.138271808624268 1336320
1770947366838 4.13800048828125 1341440
1770947401391 4.137215614318848 1346560
1770947435992 4.1351518630981445 1351680
1770947470543 4.134511470794678 1356800
1770947505107 4.131401538848877 1361920
1770947539707 4.130714416503906 1367040
1770947574291 4.128449440002441 1372160
