1769373060909 0.0 5120
1769373069443 0.0 10240
1769373077954 0.0 15360
1769373085144 0.0 20480
1769373092279 0.0 25600
1769373100522 0.0 30720
1769373108504 0.0 35840
1769373115662 0.0 40960
1769373123396 0.0 46080
1769373130568 0.0 51200
1769373139695 0.0 56320
1769373147539 0.0 61440
1769373154502 0.0 66560
1769373161910 0.0 71680
1769373170066 0.0 76800
1769373179063 0.0 81920
1769373186243 0.0 87040
1769373193239 0.0 92160
1769373200993 0.0 97280
1769373210793 0.0 102400
1769373217900 0.0 107520
1769373225259 0.0 112640
1769373232920 0.0 117760
1769373242636 0.0 122880
1769373249871 0.0 128000
1769373257380 0.0 133120
1769373264286 0.0 138240
1769373273747 0.0 143360
1769373281248 0.0 148480
1769373288497 0.0 153600
1769373295684 0.0 158720
1769373305592 0.0 163840
1769373312833 0.0 168960
1769373320092 0.0 174080
1769373327445 0.0 179200
1769373336859 0.0 184320
1769373344515 0.0 189440
1769373351781 0.0 194560
1769373359368 0.0 199680
1769373368391 0.0 204800
1769373376143 0.0 209920
1769373383209 0.0 215040
1769373391040 0.0 220160
1769373399871 0.0 225280
1769373408316 0.0 230400
1769373415625 0.0 235520
1769373422984 0.0 240640
1769373431409 0.0 245760
1769373440750 0.0 250880
1769373448231 0.0 256000
1769373455189 0.0 261120
1769373463383 0.0 266240
1769373471748 0.0 271360
1769373479638 0.0 276480
1769373487086 0.0 281600
1769373495697 0.0 286720
1769373503762 0.0 291840
1769373511832 0.0 296960
1769373514629 0.0 300032
