1769373060909 0.09050409495830536 5120
1769373069443 0.09337058663368225 10240
1769373077954 0.09469388425350189 15360
1769373085144 0.09502255916595459 20480
1769373092279 0.09617593884468079 25600
1769373100522 0.0958351194858551 30720
1769373108504 0.09551799297332764 35840
1769373115662 0.09408486634492874 40960
1769373123396 0.0940503180027008 46080
1769373130568 0.09465036541223526 51200
1769373139695 0.09416556358337402 56320
1769373147539 0.0942450761795044 61440
1769373154502 0.09467220306396484 66560
1769373161910 0.0949946865439415 71680
1769373170066 0.09569554030895233 76800
1769373179063 0.09612531960010529 81920
1769373186243 0.09632383286952972 87040
1769373193239 0.09592559933662415 92160
1769373200993 0.09624214470386505 97280
1769373210793 0.096161387860775 102400
1769373217900 0.09669812768697739 107520
1769373225259 0.09681754559278488 112640
1769373232920 0.09700782597064972 117760
1769373242636 0.09723863750696182 122880
1769373249871 0.0977071225643158 128000
1769373257380 0.09790229797363281 133120
1769373264286 0.09767749160528183 138240
1769373273747 0.09806102514266968 143360
1769373281248 0.09806449711322784 148480
1769373288497 0.09827619045972824 153600
1769373295684 0.09815406054258347 158720
1769373305592 0.09819389879703522 163840
1769373312833 0.09818795323371887 168960
1769373320092 0.09832858294248581 174080
1769373327445 0.0986022800207138 179200
1769373336859 0.09840268641710281 184320
1769373344515 0.0986413061618805 189440
1769373351781 0.09865963459014893 194560
1769373359368 0.09869472682476044 199680
1769373368391 0.09893317520618439 204800
1769373376143 0.09888334572315216 209920
1769373383209 0.09873674809932709 215040
1769373391040 0.09880747646093369 220160
1769373399871 0.09869270771741867 225280
1769373408316 0.09873132407665253 230400
1769373415625 0.09868670254945755 235520
1769373422984 0.09850919246673584 240640
1769373431409 0.09839557856321335 245760
1769373440750 0.09855185449123383 250880
1769373448231 0.09843059629201889 256000
1769373455189 0.09844448417425156 261120
1769373463383 0.09848276525735855 266240
1769373471748 0.0983993336558342 271360
1769373479638 0.0983196273446083 276480
1769373487086 0.09821849316358566 281600
1769373495697 0.09837131202220917 286720
1769373503762 0.09839055687189102 291840
1769373511832 0.09853032231330872 296960
1769373514629 0.09850834310054779 300032
