1769373060909 17.917007446289062 5120
1769373069443 18.276308059692383 10240
1769373077954 18.371501922607422 15360
1769373085144 18.358766555786133 20480
1769373092279 18.475746154785156 25600
1769373100522 18.496307373046875 30720
1769373108504 18.471729278564453 35840
1769373115662 18.512632369995117 40960
1769373123396 18.673410415649414 46080
1769373130568 18.68714141845703 51200
1769373139695 18.638608932495117 56320
1769373147539 18.703475952148438 61440
1769373154502 18.734289169311523 66560
1769373161910 18.799619674682617 71680
1769373170066 18.850141525268555 76800
1769373179063 18.915164947509766 81920
1769373186243 18.924020767211914 87040
1769373193239 18.91579818725586 92160
1769373200993 18.911449432373047 97280
1769373210793 18.890775680541992 102400
1769373217900 18.921579360961914 107520
1769373225259 18.92708969116211 112640
1769373232920 18.92688751220703 117760
1769373242636 18.906827926635742 122880
1769373249871 18.8983097076416 128000
1769373257380 18.896879196166992 133120
1769373264286 18.86100959777832 138240
1769373273747 18.84417724609375 143360
1769373281248 18.831159591674805 148480
1769373288497 18.832767486572266 153600
1769373295684 18.839326858520508 158720
1769373305592 18.84263038635254 163840
1769373312833 18.829030990600586 168960
1769373320092 18.831279754638672 174080
1769373327445 18.84745979309082 179200
1769373336859 18.834749221801758 184320
1769373344515 18.866979598999023 189440
1769373351781 18.87529754638672 194560
1769373359368 18.865266799926758 199680
1769373368391 18.885822296142578 204800
1769373376143 18.894367218017578 209920
1769373383209 18.899972915649414 215040
1769373391040 18.896533966064453 220160
1769373399871 18.892305374145508 225280
1769373408316 18.87286949157715 230400
1769373415625 18.857776641845703 235520
1769373422984 18.832805633544922 240640
1769373431409 18.834386825561523 245760
1769373440750 18.844879150390625 250880
1769373448231 18.850122451782227 256000
1769373455189 18.859155654907227 261120
1769373463383 18.852094650268555 266240
1769373471748 18.822040557861328 271360
1769373479638 18.8077392578125 276480
1769373487086 18.816242218017578 281600
1769373495697 18.82260513305664 286720
1769373503762 18.821016311645508 291840
1769373511832 18.822223663330078 296960
1769373514629 18.826311111450195 300032
