1769373060909 1.0956460237503052 5120
1769373069443 1.1158572435379028 10240
1769373077954 1.1234060525894165 15360
1769373085144 1.1288256645202637 20480
1769373092279 1.1317075490951538 25600
1769373100522 1.1313631534576416 30720
1769373108504 1.1294900178909302 35840
1769373115662 1.1275842189788818 40960
1769373123396 1.1345820426940918 46080
1769373130568 1.1355154514312744 51200
1769373139695 1.1309373378753662 56320
1769373147539 1.135254979133606 61440
1769373154502 1.1363598108291626 66560
1769373161910 1.140933871269226 71680
1769373170066 1.1421757936477661 76800
1769373179063 1.145943284034729 81920
1769373186243 1.1470297574996948 87040
1769373193239 1.1466904878616333 92160
1769373200993 1.147469401359558 97280
1769373210793 1.1468161344528198 102400
1769373217900 1.1478993892669678 107520
1769373225259 1.1481728553771973 112640
1769373232920 1.148390531539917 117760
1769373242636 1.1471748352050781 122880
1769373249871 1.147871971130371 128000
1769373257380 1.1476759910583496 133120
1769373264286 1.14668869972229 138240
1769373273747 1.147385597229004 143360
1769373281248 1.1468788385391235 148480
1769373288497 1.1467820405960083 153600
1769373295684 1.1457661390304565 158720
1769373305592 1.145615577697754 163840
1769373312833 1.1440503597259521 168960
1769373320092 1.143951177597046 174080
1769373327445 1.1448601484298706 179200
1769373336859 1.1443548202514648 184320
1769373344515 1.1458920240402222 189440
1769373351781 1.1458064317703247 194560
1769373359368 1.145115852355957 199680
1769373368391 1.1462085247039795 204800
1769373376143 1.1466583013534546 209920
1769373383209 1.1468374729156494 215040
1769373391040 1.1468138694763184 220160
1769373399871 1.1463464498519897 225280
1769373408316 1.1458039283752441 230400
1769373415625 1.1452683210372925 235520
1769373422984 1.1435548067092896 240640
1769373431409 1.143621802330017 245760
1769373440750 1.1444499492645264 250880
1769373448231 1.1447551250457764 256000
1769373455189 1.1451481580734253 261120
1769373463383 1.1451730728149414 266240
1769373471748 1.1440619230270386 271360
1769373479638 1.1441057920455933 276480
1769373487086 1.1444722414016724 281600
1769373495697 1.1447042226791382 286720
1769373503762 1.145146369934082 291840
1769373511832 1.1451194286346436 296960
1769373514629 1.1454079151153564 300032
