1769373060903 18.777114868164062 5120
1769373069434 15.61540699005127 10240
1769373077947 15.831277847290039 15360
1769373085138 14.987302780151367 20480
1769373092273 13.82221508026123 25600
1769373100516 13.109579086303711 30720
1769373108498 12.722874641418457 35840
1769373115654 11.799535751342773 40960
1769373123389 11.57080364227295 46080
1769373130562 10.727745056152344 51200
1769373139687 10.131418228149414 56320
1769373147532 9.948748588562012 61440
1769373154493 9.297555923461914 66560
1769373161904 8.9019136428833 71680
1769373170059 8.598978042602539 76800
1769373179057 8.409794807434082 81920
1769373186237 8.832843780517578 87040
1769373193230 8.077005386352539 92160
1769373200985 8.643916130065918 97280
1769373210787 8.709598541259766 102400
1769373217894 8.738035202026367 107520
1769373225247 8.435442924499512 112640
1769373232913 8.81166934967041 117760
1769373242630 9.986801147460938 122880
1769373249862 10.629396438598633 128000
1769373257373 11.105291366577148 133120
1769373264273 11.014266967773438 138240
1769373273739 10.805262565612793 143360
1769373281237 10.69389533996582 148480
1769373288488 10.813905715942383 153600
1769373295677 11.188405990600586 158720
1769373305585 11.953218460083008 163840
1769373312825 11.753347396850586 168960
1769373320085 11.544317245483398 174080
1769373327433 11.270161628723145 179200
1769373336850 11.963788032531738 184320
1769373344507 11.367792129516602 189440
1769373351769 12.140005111694336 194560
1769373359357 11.633843421936035 199680
1769373368383 12.472911834716797 204800
1769373376133 13.033480644226074 209920
1769373383198 12.80168342590332 215040
1769373391031 12.383938789367676 220160
1769373399861 11.894989013671875 225280
1769373408307 11.986899375915527 230400
1769373415617 12.100458145141602 235520
1769373422976 12.214376449584961 240640
1769373431401 11.776983261108398 245760
1769373440742 11.618762969970703 250880
1769373448219 12.12681770324707 256000
1769373455178 12.339033126831055 261120
1769373463369 12.134127616882324 266240
1769373471739 11.701289176940918 271360
1769373479630 12.070768356323242 276480
1769373487074 12.014545440673828 281600
1769373495687 11.749669075012207 286720
1769373503755 12.7897367477417 291840
1769373511824 12.330558776855469 296960
1769373514620 11.256866455078125 300032
