1769373060909 0.29675233364105225 5120
1769373069443 0.30455896258354187 10240
1769373077954 0.3085835874080658 15360
1769373085144 0.31088244915008545 20480
1769373092279 0.3136763274669647 25600
1769373100522 0.3132040500640869 30720
1769373108504 0.31273752450942993 35840
1769373115662 0.30937549471855164 40960
1769373123396 0.31006836891174316 46080
1769373130568 0.311287522315979 51200
1769373139695 0.3097877502441406 56320
1769373147539 0.3101668357849121 61440
1769373154502 0.3113240897655487 66560
1769373161910 0.31222933530807495 71680
1769373170066 0.3137611746788025 76800
1769373179063 0.31491202116012573 81920
1769373186243 0.3154282867908478 87040
1769373193239 0.3146653473377228 92160
1769373200993 0.3154122829437256 97280
1769373210793 0.31525716185569763 102400
1769373217900 0.3163500726222992 107520
1769373225259 0.31676867604255676 112640
1769373232920 0.3172643780708313 117760
1769373242636 0.31762877106666565 122880
1769373249871 0.31871935725212097 128000
1769373257380 0.3190322518348694 133120
1769373264286 0.3185022175312042 138240
1769373273747 0.31935790181159973 143360
1769373281248 0.3193700909614563 148480
1769373288497 0.319865882396698 153600
1769373295684 0.31955501437187195 158720
1769373305592 0.3195803165435791 163840
1769373312833 0.31939855217933655 168960
1769373320092 0.3196576237678528 174080
1769373327445 0.3203224837779999 179200
1769373336859 0.3198898434638977 184320
1769373344515 0.32053643465042114 189440
1769373351781 0.3205891251564026 194560
1769373359368 0.32064932584762573 199680
1769373368391 0.32119524478912354 204800
1769373376143 0.32118067145347595 209920
1769373383209 0.320884108543396 215040
1769373391040 0.32107117772102356 220160
1769373399871 0.32077986001968384 225280
1769373408316 0.3208409547805786 230400
1769373415625 0.32063329219818115 235520
1769373422984 0.3200632333755493 240640
1769373431409 0.31976959109306335 245760
1769373440750 0.32015883922576904 250880
1769373448231 0.3199034333229065 256000
1769373455189 0.31999441981315613 261120
1769373463383 0.32003137469291687 266240
1769373471748 0.3197881579399109 271360
1769373479638 0.319611132144928 276480
1769373487086 0.3193793296813965 281600
1769373495697 0.3197353482246399 286720
1769373503762 0.31980761885643005 291840
1769373511832 0.32011282444000244 296960
1769373514629 0.32010123133659363 300032
