1769373060903 220.16188126607528 5120
1769373069434 378.8208092485549 10240
1769373077947 464.4854928017719 15360
1769373085138 451.7290253096392 20480
1769373092273 263.77611470976666 25600
1769373100516 340.64029887111184 30720
1769373108498 561.7873024377177 35840
1769373115654 429.6562179881172 40960
1769373123389 483.0477945410572 46080
1769373130562 526.5257343710771 51200
1769373139687 557.4566719829878 56320
1769373147532 520.9668364178362 61440
1769373154493 439.9773418651002 66560
1769373161904 552.5364247134764 71680
1769373170059 532.2045425707397 76800
1769373179057 145.3680379856514 81920
1769373186237 551.2293336837955 87040
1769373193230 424.8256862149296 92160
1769373200985 432.1351741191016 97280
1769373210787 474.5761484498755 102400
1769373217894 518.4553770086527 107520
1769373225247 356.4463329650718 112640
1769373232913 118.48651091838752 117760
1769373242630 524.5502751375687 122880
1769373249862 195.1837684396668 128000
1769373257373 478.91116693308976 133120
1769373264273 295.83185216532655 138240
1769373273739 172.76862874325494 143360
1769373281237 401.71477827794274 148480
1769373288488 419.64022011005505 153600
1769373295677 292.6326658759506 158720
1769373305585 513.0647094801224 163840
1769373312825 477.2762858443332 168960
1769373320085 527.1212768631394 174080
1769373327433 250.63065431729908 179200
1769373336850 567.2577765756018 184320
1769373344507 480.83274102946234 189440
1769373351769 501.1115890083632 194560
1769373359357 482.88095786322816 199680
1769373368383 520.5788755119771 204800
1769373376133 335.0083067092652 209920
1769373383198 91.22018268812528 215040
1769373391031 535.6710089399745 220160
1769373399861 484.10710987996305 225280
1769373408307 119.2003865063802 230400
1769373415617 445.82312925170066 235520
1769373422976 130.89202346773186 240640
1769373431401 428.07756685037765 245760
1769373440742 232.75826859045506 250880
1769373448219 424.39583122533645 256000
1769373455178 427.77195308516065 261120
1769373463369 383.8125915080527 266240
1769373471739 547.8453500522467 271360
1769373479630 365.70790827447905 276480
1769373487074 296.9208551606966 281600
1769373495687 570.964334331609 286720
1769373503755 530.8573598278699 291840
1769373511824 434.50782140267273 296960
1769373514620 471.8002249718785 300032
