1769373060909 2.0352466106414795 5120
1769373069443 2.0901427268981934 10240
1769373077954 2.1201863288879395 15360
1769373085144 2.135807752609253 20480
1769373092279 2.159285545349121 25600
1769373100522 2.153765916824341 30720
1769373108504 2.149609327316284 35840
1769373115662 2.1169559955596924 40960
1769373123396 2.1149635314941406 46080
1769373130568 2.1265389919281006 51200
1769373139695 2.114962577819824 56320
1769373147539 2.1166179180145264 61440
1769373154502 2.1268043518066406 66560
1769373161910 2.1344001293182373 71680
1769373170066 2.1474356651306152 76800
1769373179063 2.1565582752227783 81920
1769373186243 2.1603047847747803 87040
1769373193239 2.1527018547058105 92160
1769373200993 2.161553144454956 97280
1769373210793 2.160414457321167 102400
1769373217900 2.171564817428589 107520
1769373225259 2.1739237308502197 112640
1769373232920 2.1781632900238037 117760
1769373242636 2.183722734451294 122880
1769373249871 2.1947643756866455 128000
1769373257380 2.1988613605499268 133120
1769373264286 2.1948983669281006 138240
1769373273747 2.204481363296509 143360
1769373281248 2.2051334381103516 148480
1769373288497 2.210033893585205 153600
1769373295684 2.206840753555298 158720
1769373305592 2.2072267532348633 163840
1769373312833 2.206599473953247 168960
1769373320092 2.208855152130127 174080
1769373327445 2.2145261764526367 179200
1769373336859 2.210470199584961 184320
1769373344515 2.2148501873016357 189440
1769373351781 2.2148685455322266 194560
1769373359368 2.2159178256988525 199680
1769373368391 2.220735788345337 204800
1769373376143 2.219526529312134 209920
1769373383209 2.215885877609253 215040
1769373391040 2.217750072479248 220160
1769373399871 2.214674472808838 225280
1769373408316 2.215933084487915 230400
1769373415625 2.214916706085205 235520
1769373422984 2.2107386589050293 240640
1769373431409 2.2075650691986084 245760
1769373440750 2.210832118988037 250880
1769373448231 2.207833766937256 256000
1769373455189 2.2084362506866455 261120
1769373463383 2.2094857692718506 266240
1769373471748 2.208252191543579 271360
1769373479638 2.2068214416503906 276480
1769373487086 2.2043094635009766 281600
1769373495697 2.2075791358947754 286720
1769373503762 2.208139181137085 291840
1769373511832 2.211300849914551 296960
1769373514629 2.2108473777770996 300032
