1769351300136 0.10495917499065399 5120
1769351307738 0.10694397240877151 10240
1769351313869 0.10643212497234344 15360
1769351319688 0.10674610733985901 20480
1769351324872 0.10731110721826553 25600
1769351333186 0.10619796812534332 30720
1769351339921 0.10511742532253265 35840
1769351345074 0.10487030446529388 40960
1769351351212 0.10501382499933243 46080
1769351359014 0.10515305399894714 51200
1769351366298 0.10512477904558182 56320
1769351372507 0.10458123683929443 61440
1769351378361 0.10477835685014725 66560
1769351385975 0.10469149798154831 71680
1769351394149 0.10484293103218079 76800
1769351400078 0.10503952205181122 81920
1769351405820 0.10455702990293503 87040
1769351413658 0.10459719598293304 92160
1769351421544 0.10426858812570572 97280
1769351427742 0.10410388559103012 102400
1769351433622 0.10439052432775497 107520
1769351441667 0.10425429791212082 112640
1769351450075 0.1038389727473259 117760
1769351455803 0.10412826389074326 122880
1769351461616 0.1039513647556305 128000
1769351468617 0.10391436517238617 133120
1769351477905 0.10426535457372665 138240
1769351484284 0.10404009371995926 143360
1769351490293 0.10395020246505737 148480
1769351496043 0.10389300435781479 153600
1769351506565 0.10396427661180496 158720
1769351512425 0.10385273396968842 163840
1769351518637 0.10385522246360779 168960
1769351524403 0.10370077192783356 174080
1769351534916 0.10377299785614014 179200
1769351541212 0.10382139682769775 184320
1769351546910 0.10364259779453278 189440
1769351552660 0.10390625894069672 194560
1769351563716 0.10388888418674469 199680
1769351569492 0.10387241840362549 204800
1769351575497 0.10402251034975052 209920
1769351581798 0.10397937893867493 215040
1769351591657 0.10398605465888977 220160
1769351597866 0.10434131324291229 225280
1769351604464 0.1043635904788971 230400
1769351610421 0.1045396625995636 235520
1769351620105 0.1043669655919075 240640
1769351626118 0.10419286787509918 245760
1769351632296 0.10411898046731949 250880
1769351638421 0.10403340309858322 256000
1769351648068 0.10408351570367813 261120
1769351653923 0.10404355823993683 266240
1769351660544 0.10408326238393784 271360
1769351666185 0.10393093526363373 276480
1769351676364 0.10383013635873795 281600
1769351682400 0.1038082167506218 286720
1769351688686 0.1040249690413475 291840
1769351695224 0.10411059111356735 296960
1769352158169 0.1042235791683197 300032
