1769351300136 0.0 5120
1769351307738 0.0 10240
1769351313869 0.0 15360
1769351319688 0.0 20480
1769351324872 0.0 25600
1769351333186 0.0 30720
1769351339921 0.0 35840
1769351345074 0.0 40960
1769351351212 0.0 46080
1769351359014 0.0 51200
1769351366298 0.0 56320
1769351372507 0.0 61440
1769351378361 0.0 66560
1769351385975 0.0 71680
1769351394149 0.0 76800
1769351400078 0.0 81920
1769351405820 0.0 87040
1769351413658 0.0 92160
1769351421544 0.0 97280
1769351427742 0.0 102400
1769351433622 0.0 107520
1769351441667 0.0 112640
1769351450075 0.0 117760
1769351455803 0.0 122880
1769351461616 0.0 128000
1769351468617 0.0 133120
1769351477905 0.0 138240
1769351484284 0.0 143360
1769351490293 0.0 148480
1769351496043 0.0 153600
1769351506565 0.0 158720
1769351512425 0.0 163840
1769351518637 0.0 168960
1769351524403 0.0 174080
1769351534916 0.0 179200
1769351541212 0.0 184320
1769351546910 0.0 189440
1769351552660 0.0 194560
1769351563716 0.0 199680
1769351569492 0.0 204800
1769351575497 0.0 209920
1769351581798 0.0 215040
1769351591657 0.0 220160
1769351597866 0.0 225280
1769351604464 0.0 230400
1769351610421 0.0 235520
1769351620105 0.0 240640
1769351626118 0.0 245760
1769351632296 0.0 250880
1769351638421 0.0 256000
1769351648068 0.0 261120
1769351653923 0.0 266240
1769351660544 0.0 271360
1769351666185 0.0 276480
1769351676364 0.0 281600
1769351682400 0.0 286720
1769351688686 0.0 291840
1769351695224 0.0 296960
1769352158169 0.0 300032
