1769351300136 1.1357795000076294 5120
1769351307738 1.1504660844802856 10240
1769351313869 1.1608511209487915 15360
1769351319688 1.1576110124588013 20480
1769351324872 1.1587246656417847 25600
1769351333186 1.1601550579071045 30720
1769351339921 1.1580851078033447 35840
1769351345074 1.1554900407791138 40960
1769351351212 1.1568318605422974 46080
1769351359014 1.1562014818191528 51200
1769351366298 1.156079888343811 56320
1769351372507 1.155655026435852 61440
1769351378361 1.156880259513855 66560
1769351385975 1.1564011573791504 71680
1769351394149 1.1574907302856445 76800
1769351400078 1.1588891744613647 81920
1769351405820 1.1581294536590576 87040
1769351413658 1.1563477516174316 92160
1769351421544 1.1559611558914185 97280
1769351427742 1.1546605825424194 102400
1769351433622 1.1540391445159912 107520
1769351441667 1.1517163515090942 112640
1769351450075 1.1517341136932373 117760
1769351455803 1.1521320343017578 122880
1769351461616 1.1525596380233765 128000
1769351468617 1.152038335800171 133120
1769351477905 1.1535078287124634 138240
1769351484284 1.1520038843154907 143360
1769351490293 1.1531625986099243 148480
1769351496043 1.1513495445251465 153600
1769351506565 1.1515156030654907 158720
1769351512425 1.15121591091156 163840
1769351518637 1.1525541543960571 168960
1769351524403 1.1527613401412964 174080
1769351534916 1.153462529182434 179200
1769351541212 1.1535282135009766 184320
1769351546910 1.1531591415405273 189440
1769351552660 1.1548773050308228 194560
1769351563716 1.1546317338943481 199680
1769351569492 1.1541739702224731 204800
1769351575497 1.154396414756775 209920
1769351581798 1.1536198854446411 215040
1769351591657 1.1530777215957642 220160
1769351597866 1.1536606550216675 225280
1769351604464 1.1530841588974 230400
1769351610421 1.1544562578201294 235520
1769351620105 1.1542999744415283 240640
1769351626118 1.1539688110351562 245760
1769351632296 1.1539902687072754 250880
1769351638421 1.154114842414856 256000
1769351648068 1.1548001766204834 261120
1769351653923 1.154139518737793 266240
1769351660544 1.1546776294708252 271360
1769351666185 1.1545079946517944 276480
1769351676364 1.1544615030288696 281600
1769351682400 1.1541658639907837 286720
1769351688686 1.1553046703338623 291840
1769351695224 1.1556249856948853 296960
1769352158169 1.1557942628860474 300032
