1769351299318 36.67872619628906 5120
1769351307732 33.6586799621582 10240
1769351313863 31.541324615478516 15360
1769351319683 29.32343101501465 20480
1769351324867 36.38071060180664 25600
1769351333181 30.416540145874023 30720
1769351339916 31.18935775756836 35840
1769351345069 30.672805786132812 40960
1769351351207 32.03839874267578 46080
1769351359008 26.926748275756836 51200
1769351366290 25.03197479248047 56320
1769351372502 21.482515335083008 61440
1769351378355 17.53123664855957 66560
1769351385969 19.184057235717773 71680
1769351394143 17.94894790649414 76800
1769351400070 16.108226776123047 81920
1769351405812 16.810543060302734 87040
1769351413651 17.448320388793945 92160
1769351421536 17.39667320251465 97280
1769351427736 16.066770553588867 102400
1769351433616 15.902679443359375 107520
1769351441661 17.689640045166016 112640
1769351450066 16.573476791381836 117760
1769351455797 17.630657196044922 122880
1769351461607 17.5743350982666 128000
1769351468611 17.236831665039062 133120
1769351477895 16.526288986206055 138240
1769351484276 15.060650825500488 143360
1769351490285 16.679189682006836 148480
1769351496036 14.818890571594238 153600
1769351506553 16.052139282226562 158720
1769351512419 16.111875534057617 163840
1769351518628 15.614092826843262 168960
1769351524395 16.38106918334961 174080
1769351534907 13.468310356140137 179200
1769351541205 14.163267135620117 184320
1769351546903 14.705265998840332 189440
1769351552653 12.622735977172852 194560
1769351563709 14.419604301452637 199680
1769351569484 13.570469856262207 204800
1769351575489 14.98863410949707 209920
1769351581787 14.266618728637695 215040
1769351591650 14.98750114440918 220160
1769351597859 13.994436264038086 225280
1769351604457 14.934199333190918 230400
1769351610414 11.902936935424805 235520
1769351620098 14.5121488571167 240640
1769351626111 15.969703674316406 245760
1769351632288 13.822009086608887 250880
1769351638413 12.63905143737793 256000
1769351648057 13.791938781738281 261120
1769351653915 13.130859375 266240
1769351660536 12.7510404586792 271360
1769351666174 13.454345703125 276480
1769351676280 13.804725646972656 281600
1769351682393 13.187858581542969 286720
1769351688677 12.106220245361328 291840
1769351695217 12.106853485107422 296960
1769352154528 11.283781051635742 300032
