1769351299318 -1.133729338645935 5120
1769351307732 -0.9204248189926147 10240
1769351313863 -2.4076781272888184 15360
1769351319683 -2.223607063293457 20480
1769351324867 -2.8848717212677 25600
1769351333181 -3.1081557273864746 30720
1769351339916 -3.1843936443328857 35840
1769351345069 -3.28105092048645 40960
1769351351207 -3.4915053844451904 46080
1769351359008 -3.3414626121520996 51200
1769351366290 -2.9071125984191895 56320
1769351372502 -3.155421018600464 61440
1769351378355 -3.5781102180480957 66560
1769351385969 -3.720303773880005 71680
1769351394143 -3.67004656791687 76800
1769351400070 -4.016939640045166 81920
1769351405812 -4.042505741119385 87040
1769351413651 -3.992771863937378 92160
1769351421536 -4.238706111907959 97280
1769351427736 -4.46152400970459 102400
1769351433616 -4.434891223907471 107520
1769351441661 -4.498291969299316 112640
1769351450066 -4.511073589324951 117760
1769351455797 -4.536827087402344 122880
1769351461607 -4.331363677978516 128000
1769351468611 -4.456704139709473 133120
1769351477895 -4.096963405609131 138240
1769351484276 -3.901247024536133 143360
1769351490285 -3.98588490486145 148480
1769351496036 -3.8260414600372314 153600
1769351506553 -3.6834564208984375 158720
1769351512419 -3.8964226245880127 163840
1769351518628 -3.5526022911071777 168960
1769351524395 -3.518986225128174 174080
1769351534907 -3.3531429767608643 179200
1769351541205 -3.433868408203125 184320
1769351546903 -3.192641496658325 189440
1769351552653 -3.3591530323028564 194560
1769351563709 -3.425963878631592 199680
1769351569484 -3.2238738536834717 204800
1769351575489 -3.1744790077209473 209920
1769351581787 -3.458216428756714 215040
1769351591650 -3.2111732959747314 220160
1769351597859 -3.6735692024230957 225280
1769351604457 -3.0079212188720703 230400
1769351610414 -3.356020450592041 235520
1769351620098 -3.422152042388916 240640
1769351626111 -3.2184224128723145 245760
1769351632288 -3.5507349967956543 250880
1769351638413 -3.3076844215393066 256000
1769351648057 -3.2387073040008545 261120
1769351653915 -3.3218014240264893 266240
1769351660536 -3.3156609535217285 271360
1769351666174 -3.5333094596862793 276480
1769351676280 -3.265840530395508 281600
1769351682393 -3.730353832244873 286720
1769351688677 -3.3689093589782715 291840
1769351695217 -3.4047188758850098 296960
1769352154528 -3.7227542400360107 300032
