1769351300136 0.32892531156539917 5120
1769351307738 0.33483558893203735 10240
1769351313869 0.33432623744010925 15360
1769351319688 0.33435747027397156 20480
1769351324872 0.3354821801185608 25600
1769351333186 0.3334065079689026 30720
1769351339921 0.33092188835144043 35840
1769351345074 0.3301478922367096 40960
1769351351212 0.3304918110370636 46080
1769351359014 0.3303939402103424 51200
1769351366298 0.3305101692676544 56320
1769351372507 0.3294418156147003 61440
1769351378361 0.33009210228919983 66560
1769351385975 0.3297753930091858 71680
1769351394149 0.33028873801231384 76800
1769351400078 0.3306500017642975 81920
1769351405820 0.3295711576938629 87040
1769351413658 0.3295392394065857 92160
1769351421544 0.32886844873428345 97280
1769351427742 0.32848623394966125 102400
1769351433622 0.3290131092071533 107520
1769351441667 0.3284754455089569 112640
1769351450075 0.3277340233325958 117760
1769351455803 0.328500360250473 122880
1769351461616 0.32815152406692505 128000
1769351468617 0.3279991149902344 133120
1769351477905 0.3288269340991974 138240
1769351484284 0.32819658517837524 143360
1769351490293 0.32809317111968994 148480
1769351496043 0.3277377188205719 153600
1769351506565 0.3278716802597046 158720
1769351512425 0.3276018500328064 163840
1769351518637 0.32774168252944946 168960
1769351524403 0.3275328576564789 174080
1769351534916 0.32776832580566406 179200
1769351541212 0.32794058322906494 184320
1769351546910 0.32754841446876526 189440
1769351552660 0.32829633355140686 194560
1769351563716 0.32824933528900146 199680
1769351569492 0.3282506465911865 204800
1769351575497 0.32858580350875854 209920
1769351581798 0.32843855023384094 215040
1769351591657 0.32843026518821716 220160
1769351597866 0.32921382784843445 225280
1769351604464 0.3291543424129486 230400
1769351610421 0.32962849736213684 235520
1769351620105 0.32928064465522766 240640
1769351626118 0.32887834310531616 245760
1769351632296 0.32872456312179565 250880
1769351638421 0.32857635617256165 256000
1769351648068 0.32874709367752075 261120
1769351653923 0.32857266068458557 266240
1769351660544 0.328664630651474 271360
1769351666185 0.32832232117652893 276480
1769351676364 0.3281203508377075 281600
1769351682400 0.3280326724052429 286720
1769351688686 0.32859915494918823 291840
1769351695224 0.3288062810897827 296960
1769352158169 0.329070121049881 300032
