1769351299318 157.13123290750383 5120
1769351307732 409.24031612840275 10240
1769351313863 586.615944055944 15360
1769351319683 543.5148373720358 20480
1769351324867 547.2734864300626 25600
1769351333181 434.64290155440415 30720
1769351339916 533.4907148308318 35840
1769351345069 559.9871829105474 40960
1769351351207 562.2391420911529 46080
1769351359008 446.4875452416436 51200
1769351366290 527.6517800981255 56320
1769351372502 667.1391760776205 61440
1769351378355 394.23855625528716 66560
1769351385969 111.36700122139025 71680
1769351394143 514.7016811878758 76800
1769351400070 443.37251585623676 81920
1769351405812 386.25140436504284 87040
1769351413651 138.12955705582084 92160
1769351421536 485.5080449126056 97280
1769351427736 226.0105614829184 102400
1769351433616 420.56592800561515 107520
1769351441661 574.168925393566 112640
1769351450066 405.8349298500242 117760
1769351455797 265.41188381952793 122880
1769351461607 463.66393986292286 128000
1769351468611 147.06020125521545 133120
1769351477895 341.9734203016714 138240
1769351484276 535.0560020410767 143360
1769351490285 397.6397421312097 148480
1769351496036 159.170581761603 153600
1769351506553 387.82283865002313 158720
1769351512419 510.4422538639406 163840
1769351518628 539.8074646074646 168960
1769351524395 103.32070452026112 174080
1769351534907 500.21514609421587 179200
1769351541205 251.87989430699014 184320
1769351546903 137.93422783478033 189440
1769351552653 563.0694052893006 194560
1769351563709 526.5257343710771 199680
1769351569484 149.71102227298687 204800
1769351575489 412.98779046868844 209920
1769351581787 365.2302333681644 215040
1769351591650 496.6024153445418 220160
1769351597859 205.6737115676948 225280
1769351604457 556.4951572243598 230400
1769351610414 593.5055893589926 235520
1769351620098 233.87442845990856 240640
1769351626111 406.58239627762697 245760
1769351632288 245.45318352059925 250880
1769351638413 479.51343317708927 256000
1769351648057 213.559266802444 261120
1769351653915 153.31739591329458 266240
1769351660536 603.0631200575126 271360
1769351666174 123.44175643063159 276480
1769351676280 21.473901935787755 281600
1769351682393 565.4987191586895 286720
1769351688677 539.3909465020577 291840
1769351695217 138.48986330317638 296960
1769352154528 0.1345933532838382 300032
