1770969449998 0.0 5120
1770969467450 0.0 10240
1770969484954 0.0 15360
1770969502466 0.0 20480
1770969519942 0.0 25600
1770969537438 0.0 30720
1770969554946 0.0 35840
1770969572465 0.0 40960
1770969589967 0.0 46080
1770969607416 0.0 51200
1770969624909 0.0 56320
1770969642422 0.0 61440
1770969659865 0.0 66560
1770969677364 0.0 71680
1770969694840 0.0 76800
1770969712320 0.0 81920
1770969729772 0.0 87040
1770969747273 0.0 92160
1770969764735 0.0 97280
1770969782223 0.0 102400
1770969799719 0.0 107520
1770969817171 0.0 112640
1770969834680 0.0 117760
1770969852167 0.0 122880
1770969869620 0.0 128000
1770969887109 0.0 133120
1770969904569 0.0 138240
1770969922028 0.0 143360
1770969939515 0.0 148480
1770969956995 0.0 153600
1770969974466 0.0 158720
1770969991923 0.0 163840
1770970009428 0.0 168960
1770970026911 0.0 174080
1770970044408 0.0 179200
1770970061917 0.0 184320
1770970079383 0.0 189440
1770970096882 0.0 194560
1770970114364 0.0 199680
1770970131841 0.0 204800
1770970149296 0.0 209920
1770970166791 0.0 215040
1770970184294 0.0 220160
1770970201776 0.0 225280
1770970219247 0.0 230400
1770970236741 0.0 235520
1770970254220 0.0 240640
1770970271673 0.0 245760
1770970289115 0.0 250880
1770970306604 0.0 256000
1770970324108 0.0 261120
1770970341602 0.0 266240
1770970359083 0.0 271360
1770970376560 0.0 276480
1770970393996 0.0 281600
1770970411430 0.0 286720
1770970428922 0.0 291840
1770970446419 0.0 296960
1770970453440 0.0 300032
