1770969449998 19.543195724487305 5120
1770969467450 20.936429977416992 10240
1770969484954 21.748199462890625 15360
1770969502466 21.995052337646484 20480
1770969519942 22.05596351623535 25600
1770969537438 21.935073852539062 30720
1770969554946 21.858932495117188 35840
1770969572465 21.918352127075195 40960
1770969589967 21.958127975463867 46080
1770969607416 22.03541374206543 51200
1770969624909 22.041854858398438 56320
1770969642422 22.09733009338379 61440
1770969659865 21.986032485961914 66560
1770969677364 21.957609176635742 71680
1770969694840 21.973709106445312 76800
1770969712320 22.048795700073242 81920
1770969729772 22.058223724365234 87040
1770969747273 22.06145668029785 92160
1770969764735 22.038280487060547 97280
1770969782223 22.0241756439209 102400
1770969799719 22.04328727722168 107520
1770969817171 22.03223991394043 112640
1770969834680 22.00715446472168 117760
1770969852167 22.006956100463867 122880
1770969869620 22.01909828186035 128000
1770969887109 22.010330200195312 133120
1770969904569 22.026222229003906 138240
1770969922028 22.026668548583984 143360
1770969939515 22.073116302490234 148480
1770969956995 22.07257843017578 153600
1770969974466 22.063068389892578 158720
1770969991923 22.080400466918945 163840
1770970009428 22.101322174072266 168960
1770970026911 22.08927345275879 174080
1770970044408 22.107210159301758 179200
1770970061917 22.108827590942383 184320
1770970079383 22.122358322143555 189440
1770970096882 22.094186782836914 194560
1770970114364 22.08465576171875 199680
1770970131841 22.10417938232422 204800
1770970149296 22.110843658447266 209920
1770970166791 22.097726821899414 215040
1770970184294 22.08281898498535 220160
1770970201776 22.069963455200195 225280
1770970219247 22.080293655395508 230400
1770970236741 22.125810623168945 235520
1770970254220 22.122411727905273 240640
1770970271673 22.121877670288086 245760
1770970289115 22.12649154663086 250880
1770970306604 22.112577438354492 256000
1770970324108 22.11860466003418 261120
1770970341602 22.116369247436523 266240
1770970359083 22.135679244995117 271360
1770970376560 22.140151977539062 276480
1770970393996 22.1281681060791 281600
1770970411430 22.126182556152344 286720
1770970428922 22.138904571533203 291840
1770970446419 22.149028778076172 296960
1770970453440 22.148759841918945 300032
