1770969449998 0.08596980571746826 5120
1770969467450 0.08118744194507599 10240
1770969484954 0.07891706377267838 15360
1770969502466 0.07848617434501648 20480
1770969519942 0.07770556211471558 25600
1770969537438 0.0760030746459961 30720
1770969554946 0.07581640034914017 35840
1770969572465 0.07538741827011108 40960
1770969589967 0.07481947541236877 46080
1770969607416 0.07487275451421738 51200
1770969624909 0.07585524022579193 56320
1770969642422 0.07519975304603577 61440
1770969659865 0.07458782941102982 66560
1770969677364 0.07444165647029877 71680
1770969694840 0.07448264211416245 76800
1770969712320 0.07436078041791916 81920
1770969729772 0.07411406189203262 87040
1770969747273 0.07424260675907135 92160
1770969764735 0.07415930926799774 97280
1770969782223 0.07408694177865982 102400
1770969799719 0.07369629293680191 107520
1770969817171 0.07373815774917603 112640
1770969834680 0.07368254661560059 117760
1770969852167 0.07350017130374908 122880
1770969869620 0.07347148656845093 128000
1770969887109 0.07330462336540222 133120
1770969904569 0.073232002556324 138240
1770969922028 0.07324398308992386 143360
1770969939515 0.0735875815153122 148480
1770969956995 0.07380237430334091 153600
1770969974466 0.07410234957933426 158720
1770969991923 0.07406675070524216 163840
1770970009428 0.07406757771968842 168960
1770970026911 0.07406481355428696 174080
1770970044408 0.0740635022521019 179200
1770970061917 0.07397818565368652 184320
1770970079383 0.07403393089771271 189440
1770970096882 0.07417669892311096 194560
1770970114364 0.07410583645105362 199680
1770970131841 0.07398135215044022 204800
1770970149296 0.07413460314273834 209920
1770970166791 0.07414250820875168 215040
1770970184294 0.07419190555810928 220160
1770970201776 0.0739051103591919 225280
1770970219247 0.07396285235881805 230400
1770970236741 0.07392525672912598 235520
1770970254220 0.07374322414398193 240640
1770970271673 0.07373129576444626 245760
1770970289115 0.07368534058332443 250880
1770970306604 0.07371746003627777 256000
1770970324108 0.07363574951887131 261120
1770970341602 0.07363264262676239 266240
1770970359083 0.07358819246292114 271360
1770970376560 0.07355845719575882 276480
1770970393996 0.07349564135074615 281600
1770970411430 0.07340653240680695 286720
1770970428922 0.0733373612165451 291840
1770970446419 0.07347570359706879 296960
1770970453440 0.07351427525281906 300032
