1770969449998 25.878353118896484 5120
1770969467450 26.883384704589844 10240
1770969484954 27.647947311401367 15360
1770969502466 27.80815887451172 20480
1770969519942 27.787578582763672 25600
1770969537438 27.57062530517578 30720
1770969554946 27.48691177368164 35840
1770969572465 27.52687644958496 40960
1770969589967 27.548175811767578 46080
1770969607416 27.63959312438965 51200
1770969624909 27.66653823852539 56320
1770969642422 27.6814022064209 61440
1770969659865 27.525373458862305 66560
1770969677364 27.483369827270508 71680
1770969694840 27.492124557495117 76800
1770969712320 27.569623947143555 81920
1770969729772 27.555274963378906 87040
1770969747273 27.56854820251465 92160
1770969764735 27.53534507751465 97280
1770969782223 27.515100479125977 102400
1770969799719 27.521326065063477 107520
1770969817171 27.52042007446289 112640
1770969834680 27.484851837158203 117760
1770969852167 27.479175567626953 122880
1770969869620 27.488536834716797 128000
1770969887109 27.465925216674805 133120
1770969904569 27.47493553161621 138240
1770969922028 27.478487014770508 143360
1770969939515 27.544614791870117 148480
1770969956995 27.549238204956055 153600
1770969974466 27.55310821533203 158720
1770969991923 27.566200256347656 163840
1770970009428 27.590755462646484 168960
1770970026911 27.58251953125 174080
1770970044408 27.601987838745117 179200
1770970061917 27.59597396850586 184320
1770970079383 27.614910125732422 189440
1770970096882 27.591794967651367 194560
1770970114364 27.58271026611328 199680
1770970131841 27.600759506225586 204800
1770970149296 27.612897872924805 209920
1770970166791 27.59992218017578 215040
1770970184294 27.585378646850586 220160
1770970201776 27.562007904052734 225280
1770970219247 27.57422637939453 230400
1770970236741 27.62139129638672 235520
1770970254220 27.61056137084961 240640
1770970271673 27.60924530029297 245760
1770970289115 27.610374450683594 250880
1770970306604 27.598052978515625 256000
1770970324108 27.601804733276367 261120
1770970341602 27.598554611206055 266240
1770970359083 27.622421264648438 271360
1770970376560 27.62729263305664 276480
1770970393996 27.609119415283203 281600
1770970411430 27.602752685546875 286720
1770970428922 27.614511489868164 291840
1770970446419 27.634794235229492 296960
1770970453440 27.636301040649414 300032
