1770969449998 1.1547033786773682 5120
1770969467450 1.1575851440429688 10240
1770969484954 1.173581600189209 15360
1770969502466 1.1739581823349 20480
1770969519942 1.171312689781189 25600
1770969537438 1.163844108581543 30720
1770969554946 1.1599382162094116 35840
1770969572465 1.1610605716705322 40960
1770969589967 1.1597621440887451 46080
1770969607416 1.1628706455230713 51200
1770969624909 1.163559913635254 56320
1770969642422 1.1635329723358154 61440
1770969659865 1.1574372053146362 66560
1770969677364 1.1557496786117554 71680
1770969694840 1.1553528308868408 76800
1770969712320 1.158301591873169 81920
1770969729772 1.1571637392044067 87040
1770969747273 1.1571581363677979 92160
1770969764735 1.1552965641021729 97280
1770969782223 1.1538478136062622 102400
1770969799719 1.1536407470703125 107520
1770969817171 1.1540595293045044 112640
1770969834680 1.1526838541030884 117760
1770969852167 1.1523197889328003 122880
1770969869620 1.1526683568954468 128000
1770969887109 1.150779366493225 133120
1770969904569 1.1513996124267578 138240
1770969922028 1.1508744955062866 143360
1770969939515 1.1539626121520996 148480
1770969956995 1.1538575887680054 153600
1770969974466 1.1540358066558838 158720
1770969991923 1.1547462940216064 163840
1770970009428 1.1556086540222168 168960
1770970026911 1.1553175449371338 174080
1770970044408 1.1565107107162476 179200
1770970061917 1.1560735702514648 184320
1770970079383 1.1570616960525513 189440
1770970096882 1.1566905975341797 194560
1770970114364 1.1560600996017456 199680
1770970131841 1.1565850973129272 204800
1770970149296 1.1570920944213867 209920
1770970166791 1.1566216945648193 215040
1770970184294 1.1560766696929932 220160
1770970201776 1.1548840999603271 225280
1770970219247 1.1551973819732666 230400
1770970236741 1.156982660293579 235520
1770970254220 1.1562747955322266 240640
1770970271673 1.1561821699142456 245760
1770970289115 1.156124472618103 250880
1770970306604 1.1556785106658936 256000
1770970324108 1.1556739807128906 261120
1770970341602 1.155722975730896 266240
1770970359083 1.1566593647003174 271360
1770970376560 1.157226800918579 276480
1770970393996 1.1562116146087646 281600
1770970411430 1.156189203262329 286720
1770970428922 1.1567087173461914 291840
1770970446419 1.157522439956665 296960
1770970453440 1.157576084136963 300032
