1770969449990 -0.9786251187324524 5120
1770969467440 -1.230404257774353 10240
1770969484943 -1.2268472909927368 15360
1770969502454 -1.6247148513793945 20480
1770969519932 -2.1511552333831787 25600
1770969537425 -2.5400545597076416 30720
1770969554936 -2.790118455886841 35840
1770969572452 -2.912870407104492 40960
1770969589957 -3.0120794773101807 46080
1770969607408 -3.076711654663086 51200
1770969624898 -3.127399444580078 56320
1770969642412 -3.128155469894409 61440
1770969659854 -3.1671297550201416 66560
1770969677353 -3.185309886932373 71680
1770969694830 -3.1574084758758545 76800
1770969712310 -3.1599879264831543 81920
1770969729761 -3.1534106731414795 87040
1770969747262 -3.1327033042907715 92160
1770969764724 -3.0898070335388184 97280
1770969782211 -3.0491700172424316 102400
1770969799708 -3.0100491046905518 107520
1770969817159 -2.968801975250244 112640
1770969834668 -2.9083809852600098 117760
1770969852156 -2.839038848876953 122880
1770969869609 -2.822352647781372 128000
1770969887098 -2.6926660537719727 133120
1770969904557 -2.66960072517395 138240
1770969922017 -2.5944008827209473 143360
1770969939504 -2.5258798599243164 148480
1770969956983 -2.515352249145508 153600
1770969974455 -2.3864645957946777 158720
1770969991910 -2.3556087017059326 163840
1770970009417 -2.2702255249023438 168960
1770970026899 -2.2266368865966797 174080
1770970044396 -2.121718168258667 179200
1770970061905 -2.0731372833251953 184320
1770970079370 -2.021934747695923 189440
1770970096869 -1.9217067956924438 194560
1770970114351 -1.8328189849853516 199680
1770970131828 -1.767118215560913 204800
1770970149284 -1.6407480239868164 209920
1770970166778 -1.6264593601226807 215040
1770970184281 -1.5310137271881104 220160
1770970201763 -1.4565006494522095 225280
1770970219233 -1.4074697494506836 230400
1770970236729 -1.325124740600586 235520
1770970254207 -1.261070966720581 240640
1770970271663 -1.140238642692566 245760
1770970289101 -1.08474600315094 250880
1770970306590 -1.0164401531219482 256000
1770970324095 -0.9606208801269531 261120
1770970341589 -0.838784396648407 266240
1770970359070 -0.8313016891479492 271360
1770970376547 -0.7339355945587158 276480
1770970393983 -0.6790531873703003 281600
1770970411416 -0.6185340881347656 286720
1770970428908 -0.5522156953811646 291840
1770970446405 -0.4592438340187073 296960
1770970453427 -0.46943092346191406 300032
