1770969449998 1.1398475170135498 5120
1770969467450 1.1494752168655396 10240
1770969484954 1.149959921836853 15360
1770969502466 1.1542561054229736 20480
1770969519942 1.1519944667816162 25600
1770969537438 1.1332433223724365 30720
1770969554946 1.1281534433364868 35840
1770969572465 1.1219216585159302 40960
1770969589967 1.1228865385055542 46080
1770969607416 1.1254953145980835 51200
1770969624909 1.1315977573394775 56320
1770969642422 1.128239631652832 61440
1770969659865 1.1184852123260498 66560
1770969677364 1.1164138317108154 71680
1770969694840 1.118147373199463 76800
1770969712320 1.120168685913086 81920
1770969729772 1.11754310131073 87040
1770969747273 1.1208975315093994 92160
1770969764735 1.1222655773162842 97280
1770969782223 1.1221275329589844 102400
1770969799719 1.1191580295562744 107520
1770969817171 1.1196106672286987 112640
1770969834680 1.118290901184082 117760
1770969852167 1.1171408891677856 122880
1770969869620 1.1156768798828125 128000
1770969887109 1.1140562295913696 133120
1770969904569 1.1138920783996582 138240
1770969922028 1.1154242753982544 143360
1770969939515 1.1185264587402344 148480
1770969956995 1.1202247142791748 153600
1770969974466 1.1235147714614868 158720
1770969991923 1.124401569366455 163840
1770970009428 1.1248456239700317 168960
1770970026911 1.125370740890503 174080
1770970044408 1.1251944303512573 179200
1770970061917 1.1240099668502808 184320
1770970079383 1.1247572898864746 189440
1770970096882 1.1246411800384521 194560
1770970114364 1.1229382753372192 199680
1770970131841 1.1226181983947754 204800
1770970149296 1.1236815452575684 209920
1770970166791 1.1224067211151123 215040
1770970184294 1.1225112676620483 220160
1770970201776 1.1199816465377808 225280
1770970219247 1.121155858039856 230400
1770970236741 1.1212252378463745 235520
1770970254220 1.1204242706298828 240640
1770970271673 1.120046854019165 245760
1770970289115 1.1198350191116333 250880
1770970306604 1.1201746463775635 256000
1770970324108 1.1196640729904175 261120
1770970341602 1.1199547052383423 266240
1770970359083 1.120248794555664 271360
1770970376560 1.120531678199768 276480
1770970393996 1.1193288564682007 281600
1770970411430 1.1187835931777954 286720
1770970428922 1.1184470653533936 291840
1770970446419 1.119924545288086 296960
1770970453440 1.1204572916030884 300032
