1770969449998 0.2973177134990692 5120
1770969467450 0.2841073274612427 10240
1770969484954 0.2798590660095215 15360
1770969502466 0.2789019048213959 20480
1770969519942 0.2771259844303131 25600
1770969537438 0.2734285891056061 30720
1770969554946 0.27281901240348816 35840
1770969572465 0.2721101641654968 40960
1770969589967 0.2706703841686249 46080
1770969607416 0.27126508951187134 51200
1770969624909 0.2732299268245697 56320
1770969642422 0.2717216908931732 61440
1770969659865 0.27007612586021423 66560
1770969677364 0.269916296005249 71680
1770969694840 0.2699875235557556 76800
1770969712320 0.2700900435447693 81920
1770969729772 0.2692919671535492 87040
1770969747273 0.269545316696167 92160
1770969764735 0.2692841589450836 97280
1770969782223 0.26883184909820557 102400
1770969799719 0.2679699659347534 107520
1770969817171 0.2680116891860962 112640
1770969834680 0.26771149039268494 117760
1770969852167 0.26725301146507263 122880
1770969869620 0.26730602979660034 128000
1770969887109 0.2667542099952698 133120
1770969904569 0.2666429579257965 138240
1770969922028 0.26648271083831787 143360
1770969939515 0.26739203929901123 148480
1770969956995 0.26775768399238586 153600
1770969974466 0.26824524998664856 158720
1770969991923 0.26824840903282166 163840
1770970009428 0.2683519124984741 168960
1770970026911 0.2682150900363922 174080
1770970044408 0.268414169549942 179200
1770970061917 0.2682293653488159 184320
1770970079383 0.26842057704925537 189440
1770970096882 0.2686961889266968 194560
1770970114364 0.2684936225414276 199680
1770970131841 0.26828622817993164 204800
1770970149296 0.26854756474494934 209920
1770970166791 0.2685471773147583 215040
1770970184294 0.26859280467033386 220160
1770970201776 0.2678830325603485 225280
1770970219247 0.2680200934410095 230400
1770970236741 0.2681236267089844 235520
1770970254220 0.2677554488182068 240640
1770970271673 0.2677295506000519 245760
1770970289115 0.2677042782306671 250880
1770970306604 0.2677793502807617 256000
1770970324108 0.26756688952445984 261120
1770970341602 0.26755720376968384 266240
1770970359083 0.2675822377204895 271360
1770970376560 0.2676483988761902 276480
1770970393996 0.2673395872116089 281600
1770970411430 0.26717889308929443 286720
1770970428922 0.267071932554245 291840
1770970446419 0.26743224263191223 296960
1770970453440 0.2674962282180786 300032
