1770969449998 1.9506242275238037 5120
1770969467450 1.7872123718261719 10240
1770969484954 1.7153476476669312 15360
1770969502466 1.6959774494171143 20480
1770969519942 1.6742547750473022 25600
1770969537438 1.6393402814865112 30720
1770969554946 1.6375025510787964 35840
1770969572465 1.625957727432251 40960
1770969589967 1.6108757257461548 46080
1770969607416 1.6125808954238892 51200
1770969624909 1.6313468217849731 56320
1770969642422 1.617000937461853 61440
1770969659865 1.6038143634796143 66560
1770969677364 1.6012287139892578 71680
1770969694840 1.6019667387008667 76800
1770969712320 1.5994665622711182 81920
1770969729772 1.5933371782302856 87040
1770969747273 1.5957505702972412 92160
1770969764735 1.5935511589050293 97280
1770969782223 1.5910162925720215 102400
1770969799719 1.5827925205230713 107520
1770969817171 1.58340585231781 112640
1770969834680 1.581924557685852 117760
1770969852167 1.5777662992477417 122880
1770969869620 1.5769706964492798 128000
1770969887109 1.5722042322158813 133120
1770969904569 1.5709798336029053 138240
1770969922028 1.5710501670837402 143360
1770969939515 1.5787454843521118 148480
1770969956995 1.5825939178466797 153600
1770969974466 1.5889829397201538 158720
1770969991923 1.5883760452270508 163840
1770970009428 1.5878825187683105 168960
1770970026911 1.587480902671814 174080
1770970044408 1.5877774953842163 179200
1770970061917 1.5858252048492432 184320
1770970079383 1.5871224403381348 189440
1770970096882 1.5907630920410156 194560
1770970114364 1.5892194509506226 199680
1770970131841 1.5864975452423096 204800
1770970149296 1.5894328355789185 209920
1770970166791 1.5894466638565063 215040
1770970184294 1.590679407119751 220160
1770970201776 1.5844297409057617 225280
1770970219247 1.5854017734527588 230400
1770970236741 1.5842970609664917 235520
1770970254220 1.580472469329834 240640
1770970271673 1.5803077220916748 245760
1770970289115 1.5793741941452026 250880
1770970306604 1.5801541805267334 256000
1770970324108 1.5781351327896118 261120
1770970341602 1.5782548189163208 266240
1770970359083 1.5774552822113037 271360
1770970376560 1.5770453214645386 276480
1770970393996 1.575265884399414 281600
1770970411430 1.573493480682373 286720
1770970428922 1.572150468826294 291840
1770970446419 1.5750237703323364 296960
1770970453440 1.5758064985275269 300032
