1759673008092 0.3848147549981737 5120
1759673061284 0.8106268412174751 10240
1759673112520 0.9758646552338194 15360
1759673157644 1.1043269312570965 20480
1759673198173 1.1512806361174062 25600
1759673252677 1.1920990046870206 30720
1759673292574 1.2032300358622225 35840
1759673332470 1.2092281722967462 40960
1759673380286 1.2097388543799275 46080
1759673429461 1.2043812117373085 51200
1759673472097 1.173820681666618 56320
1759673513001 1.1528506394746296 61440
1759673556674 1.130834633391865 66560
1759673605051 1.1115908641766483 71680
1759673642596 1.0961829751208048 76800
1759673680957 1.0883702768715309 81920
1759673730420 1.0747530685503202 87040
1759673773750 1.063420231206877 92160
1759673817618 1.0442846608206038 97280
1759673860907 1.0383601623146157 102400
1759673913312 1.0277174394612718 107520
1759673965728 1.019896729973295 112640
1759674010980 1.01598074000398 117760
1759674058647 1.009464507827911 122880
1759674114063 1.00479256213385 128000
1759674160302 1.0078711125351216 133120
1759674210018 1.0034679847548764 138240
1759674260709 0.9974175086337151 143360
1759674314682 0.9907779659101648 148480
1759674357697 0.9883482908374519 153600
1759674400595 0.9865215028816812 158720
1759674453913 0.9879860808151587 163840
1759674499396 0.9862663459865165 168960
1759674539990 0.984264187176377 174080
1759674583093 0.9821195718439338 179200
1759674639422 0.9767689853050243 184320
1759674683751 0.9738658546860262 189440
1759674726498 0.9710016381039815 194560
1759674778268 0.968418501897703 199680
1759674825297 0.9690328099394357 204800
1759674867294 0.9649320667358433 209920
1759674911212 0.9612392219198795 215040
1759674961691 0.9587733651951349 220160
1759675011254 0.9559701385324888 225280
1759675053575 0.9537935541585971 230400
1759675096560 0.9511489665051099 235520
1759675142906 0.9511233856200824 240640
1759675193927 0.9512092320685628 245760
1759675236060 0.9306266288835809 250880
1759675287520 0.9001548108851691 256000
1759675327667 0.8707515845838023 261120
1759675374601 0.8443532087697775 266240
1759675414922 0.8173829520240173 271360
1759675464657 0.7930308710288532 276480
1759675506305 0.7697876687450235 281600
1759675548900 0.7467620450170178 286720
1759675588334 0.7247279763705967 291840
1759675646987 0.7009903545113477 296960
1759675716086 0.6797599770162788 302080
1759675776193 0.6574367217390814 307200
