1759673008092 429.2273300705253 5120
1759673061284 410.2575646198031 10240
1759673112520 403.9940267656951 15360
1759673157644 399.4376217935091 20480
1759673198173 398.1928657476049 25600
1759673252677 395.94013709291187 30720
1759673292574 395.5648549364302 35840
1759673332470 395.1919142427191 40960
1759673380286 395.09455846567624 46080
1759673429461 395.9063163291648 51200
1759673472097 397.9929944362593 56320
1759673513001 399.54470208411743 61440
1759673556674 401.2177255535653 66560
1759673605051 402.36306929261093 71680
1759673642596 403.4251557166444 76800
1759673680957 403.904812080043 81920
1759673730420 404.4331750780437 87040
1759673773750 405.0468310020813 92160
1759673817618 405.96058156510173 97280
1759673860907 406.2593227453399 102400
1759673913312 406.6959119255946 107520
1759673965728 407.25806444110935 112640
1759674010980 407.52829364867745 117760
1759674058647 407.8691785394367 122880
1759674114063 408.2625348444836 128000
1759674160302 408.3154123945456 133120
1759674210018 408.6813547941767 138240
1759674260709 409.10792677473313 143360
1759674314682 409.44674026555276 148480
1759674357697 409.54251867839383 153600
1759674400595 409.5485674722842 158720
1759674453913 409.68210517767955 163840
1759674499396 409.7718740290587 168960
1759674539990 409.8806898828026 174080
1759674583093 409.94864318328814 179200
1759674639422 410.2193888814057 184320
1759674683751 410.31888158756254 189440
1759674726498 410.5035881399366 194560
1759674778268 410.55918985598663 199680
1759674825297 410.6089724042339 204800
1759674867294 410.7782040014285 209920
1759674911212 411.0214881721324 215040
1759674961691 411.18816197042366 220160
1759675011254 411.33792113066187 225280
1759675053575 411.43851318708846 230400
1759675096560 411.5181629508025 235520
1759675142906 411.5153125570672 240640
1759675193927 411.5511601754582 245760
1759675236060 412.3347076912975 250880
1759675287520 413.51885943397235 256000
1759675327667 414.65378767092716 261120
1759675374601 415.68102467037494 266240
1759675414922 416.7374131593573 271360
1759675464657 417.66217540398577 276480
1759675506305 418.5647071058607 281600
1759675548900 419.46539270657877 286720
1759675588334 420.29516105714987 291840
1759675646987 421.2172469416808 296960
1759675716086 422.0444238500925 302080
1759675776193 422.9135689631745 307200
