1759673008092 500.0 5120
1759673061284 500.0 10240
1759673112520 500.0 15360
1759673157644 500.0 20480
1759673198173 500.0 25600
1759673252677 500.0 30720
1759673292574 500.0 35840
1759673332470 500.0 40960
1759673380286 500.0 46080
1759673429461 500.0 51200
1759673472097 500.0 56320
1759673513001 500.0 61440
1759673556674 500.0 66560
1759673605051 500.0 71680
1759673642596 500.0 76800
1759673680957 500.0 81920
1759673730420 500.0 87040
1759673773750 500.0 92160
1759673817618 500.0 97280
1759673860907 500.0 102400
1759673913312 500.0 107520
1759673965728 500.0 112640
1759674010980 500.0 117760
1759674058647 500.0 122880
1759674114063 500.0 128000
1759674160302 500.0 133120
1759674210018 500.0 138240
1759674260709 500.0 143360
1759674314682 500.0 148480
1759674357697 500.0 153600
1759674400595 500.0 158720
1759674453913 500.0 163840
1759674499396 500.0 168960
1759674539990 500.0 174080
1759674583093 500.0 179200
1759674639422 500.0 184320
1759674683751 500.0 189440
1759674726498 500.0 194560
1759674778268 500.0 199680
1759674825297 500.0 204800
1759674867294 500.0 209920
1759674911212 500.0 215040
1759674961691 500.0 220160
1759675011254 500.0 225280
1759675053575 500.0 230400
1759675096560 500.0 235520
1759675142906 500.0 240640
1759675193927 500.0 245760
1759675236060 500.0 250880
1759675287520 500.0 256000
1759675327667 500.0 261120
1759675374601 500.0 266240
1759675414922 500.0 271360
1759675464657 500.0 276480
1759675506305 500.0 281600
1759675548900 500.0 286720
1759675588334 500.0 291840
1759675646987 500.0 296960
1759675716086 500.0 302080
1759675776193 500.0 307200
