1759673008092 0.0 5120
1759673061284 0.0 10240
1759673112520 0.0 15360
1759673157644 0.0 20480
1759673198173 0.0 25600
1759673252677 0.0 30720
1759673292574 0.0 35840
1759673332470 0.0 40960
1759673380286 0.0 46080
1759673429461 0.0 51200
1759673472097 0.0 56320
1759673513001 0.0 61440
1759673556674 0.0 66560
1759673605051 0.0 71680
1759673642596 0.0 76800
1759673680957 0.0 81920
1759673730420 0.0 87040
1759673773750 0.0 92160
1759673817618 0.0 97280
1759673860907 0.0 102400
1759673913312 0.0 107520
1759673965728 0.0 112640
1759674010980 0.0 117760
1759674058647 0.0 122880
1759674114063 0.0 128000
1759674160302 0.0 133120
1759674210018 0.0 138240
1759674260709 0.0 143360
1759674314682 0.0 148480
1759674357697 0.0 153600
1759674400595 0.0 158720
1759674453913 0.0 163840
1759674499396 0.0 168960
1759674539990 0.0 174080
1759674583093 0.0 179200
1759674639422 0.0 184320
1759674683751 0.0 189440
1759674726498 0.0 194560
1759674778268 0.0 199680
1759674825297 0.0 204800
1759674867294 0.0 209920
1759674911212 0.0 215040
1759674961691 0.0 220160
1759675011254 0.0 225280
1759675053575 0.0 230400
1759675096560 0.0 235520
1759675142906 0.0 240640
1759675193927 0.0 245760
1759675236060 0.0 250880
1759675287520 0.0 256000
1759675327667 0.0 261120
1759675374601 0.0 266240
1759675414922 0.0 271360
1759675464657 0.0 276480
1759675506305 0.0 281600
1759675548900 0.0 286720
1759675588334 0.0 291840
1759675646987 0.0 296960
1759675716086 0.0 302080
1759675776193 0.0 307200
