1759673008086 -1.3361544943414627 5120
1759673061280 -1.3645288012244485 10240
1759673112489 -1.1497195184230806 15360
1759673157639 -1.0002093088059199 20480
1759673198168 -0.8573722555087163 25600
1759673252673 -0.7607534216296289 30720
1759673292570 -0.6821935693422954 35840
1759673332463 -0.6116847579072162 40960
1759673380280 -0.6311774036158687 46080
1759673429455 -0.7939503688438265 51200
1759673472091 -0.6514347093445914 56320
1759673512994 -0.6430868273875752 61440
1759673556665 -0.6012280594218862 66560
1759673605047 -0.5479761748246743 71680
1759673642590 -0.5102029285932842 76800
1759673680949 -0.4606731444229315 81920
1759673730415 -0.42551448733307595 87040
1759673773743 -0.3979654495532696 92160
1759673817610 -0.36450473914543785 97280
1759673860898 -0.3390292285692574 102400
1759673913306 -0.31550844795299027 107520
1759673965721 -0.2891434918652784 112640
1759674010971 -0.2706263735376555 117760
1759674058639 -0.2555074404093845 122880
1759674114056 -0.23932000076960006 128000
1759674160287 -0.22444061577775096 133120
1759674210010 -0.21062007581486425 138240
1759674260702 -0.19344787766747443 143360
1759674314674 -0.18248222200837855 148480
1759674357688 -0.17197808966731395 153600
1759674400585 -0.15907127796075285 158720
1759674453908 -0.14969121299175003 163840
1759674499386 -0.14262199574206247 168960
1759674539985 -0.134341169379608 174080
1759674583084 -0.12606447433883494 179200
1759674639415 -0.11824265369394207 184320
1759674683744 -0.11213821441896502 189440
1759674726492 -0.10555987095957653 194560
1759674778262 -0.09976144785783728 199680
1759674825290 -0.09407308872659408 204800
1759674867284 -0.08729639805636359 209920
1759674911203 -0.08339245409762126 215040
1759674961685 -0.07817385174609998 220160
1759675011248 -0.07639989766599907 225280
1759675053567 -0.07084206026212304 230400
1759675096553 -0.06539119043391504 235520
1759675142900 -0.06202941243931398 240640
1759675193916 -0.057215036791884555 245760
1759675236052 -0.04947623256745378 250880
1759675287509 -0.046806583651508464 256000
1759675327661 -0.05257764616981149 261120
1759675374589 -0.04771698754409264 266240
1759675414915 -0.051473600075657204 271360
1759675464649 -0.05307155112938688 276480
1759675506298 -0.054234946983447975 281600
1759675548894 -0.05540500187788994 286720
1759675588327 -0.055778302846255 291840
1759675646974 -0.055566741428834054 296960
1759675716078 -0.05621464478003012 302080
1759675776178 -0.056016154384296205 307200
