1759673008092 12.625579952729815 5120
1759673061284 15.979927046293763 10240
1759673112520 17.159805639976877 15360
1759673157644 18.035126286028735 20480
1759673198173 18.581314588115163 25600
1759673252677 18.75955539279514 30720
1759673292574 18.913275351408206 35840
1759673332470 18.94610011398861 40960
1759673380286 19.00347803459793 46080
1759673429461 18.92338085130794 51200
1759673472097 18.773028049516324 56320
1759673513001 18.6046106742655 61440
1759673556674 18.499891818557654 66560
1759673605051 18.434720981474925 71680
1759673642596 18.37847981915767 76800
1759673680957 18.391897419807684 81920
1759673730420 18.27279345525291 87040
1759673773750 18.231065292433122 92160
1759673817618 18.104067976225537 97280
1759673860907 18.087972339830902 102400
1759673913312 18.02198135372793 107520
1759673965728 17.991764735550984 112640
1759674010980 17.96941666500018 117760
1759674058647 17.925211536867007 122880
1759674114063 17.914268497632204 128000
1759674160302 17.912479450341813 133120
1759674210018 17.892916735300577 138240
1759674260709 17.851114301398248 143360
1759674314682 17.817362261053237 148480
1759674357697 17.799238386097826 153600
1759674400595 17.809139066054357 158720
1759674453913 17.81703939087705 163840
1759674499396 17.831776617460385 168960
1759674539990 17.81278175909608 174080
1759674583093 17.80983718434064 179200
1759674639422 17.767449601856686 184320
1759674683751 17.75403682445428 189440
1759674726498 17.739728880301243 194560
1759674778268 17.722526902056362 199680
1759674825297 17.751153190366683 204800
1759674867294 17.73149133523472 209920
1759674911212 17.706674207138768 215040
1759674961691 17.69159085573338 220160
1759675011254 17.669918943596556 225280
1759675053575 17.658536736093094 230400
1759675096560 17.638612821763537 235520
1759675142906 17.63396120593877 240640
1759675193927 17.642659197804328 245760
1759675236060 17.47755168152657 250880
1759675287520 17.232306982522395 256000
1759675327667 16.99298791976721 261120
1759675374601 16.786278683254146 266240
1759675414922 16.568422074190725 271360
1759675464657 16.375248251694668 276480
1759675506305 16.198274485884802 281600
1759675548900 16.024153094097827 286720
1759675588334 15.846726520986545 291840
1759675646987 15.656123817565522 296960
1759675716086 15.486091846842248 302080
1759675776193 15.305387088667684 307200
