1759673008092 3.412451361867704 5120
1759673061284 4.420131291028446 10240
1759673112520 4.747384155455904 15360
1759673157644 5.005668934240362 20480
1759673198173 5.096715328467154 25600
1759673252677 5.204597701149425 30720
1759673292574 5.203423304805793 35840
1759673332470 5.211649365628604 40960
1759673380286 5.199282786885246 46080
1759673429461 5.165672326755392 51200
1759673472097 5.058726220016543 56320
1759673513001 4.979299962363568 61440
1759673556674 4.904350828729282 66560
1759673605051 4.845515480370252 71680
1759673642596 4.794597803502523 76800
1759673680957 4.760321418675534 81920
1759673730420 4.717741935483871 87040
1759673773750 4.676297747306562 92160
1759673817618 4.625809435707678 97280
1759673860907 4.603508771929825 102400
1759673913312 4.5752138535364075 107520
1759673965728 4.5473308196070645 112640
1759674010980 4.531285551763368 117760
1759674058647 4.511792452830188 122880
1759674114063 4.491392801251957 128000
1759674160302 4.4954894754426995 133120
1759674210018 4.48 138240
1759674260709 4.462407178217822 143360
1759674314682 4.443383559600179 148480
1759674357697 4.433924196570111 153600
1759674400595 4.430483893459768 158720
1759674453913 4.4281857451403885 163840
1759674499396 4.42294610151753 168960
1759674539990 4.415249936564324 174080
1759674583093 4.4075397314278675 179200
1759674639422 4.3934386973180075 184320
1759674683751 4.383075311372367 189440
1759674726498 4.3760335258806204 194560
1759674778268 4.370063975292301 199680
1759674825297 4.369784946236559 204800
1759674867294 4.359299643531139 209920
1759674911212 4.349739077049013 215040
1759674961691 4.342326139088729 220160
1759675011254 4.331901600937134 225280
1759675053575 4.3261761618475045 230400
1759675096560 4.319585704954744 235520
1759675142906 4.318663257852447 240640
1759675193927 4.316137684398749 245760
1759675236060 4.277184381019086 250880
1759675287520 4.220277920741122 256000
1759675327667 4.165350361283818 261120
1759675374601 4.116769674495262 266240
1759675414922 4.0655618431689575 271360
1759675464657 4.021585588445362 276480
1759675506305 3.9791065720745302 281600
1759675548900 3.935609830793967 286720
1759675588334 3.8952158868662554 291840
1759675646987 3.8497489663319553 296960
1759675716086 3.8106088092300996 302080
1759675776193 3.7670539596550006 307200
