1759673008086 58.098486002798055 5120
1759673061280 70.17406725782165 10240
1759673112489 48.58342213779363 15360
1759673157639 36.15779310344828 20480
1759673198168 26.04979783989914 25600
1759673252673 28.804461140145452 30720
1759673292570 31.84644354005953 35840
1759673332463 35.4509141007328 40960
1759673380280 54.065637165175694 46080
1759673429455 92.92385404435386 51200
1759673472091 69.10346645577962 56320
1759673512994 44.52599284493466 61440
1759673556665 67.38812037081667 66560
1759673605047 110.33867361165917 71680
1759673642590 59.128002706665164 76800
1759673680949 54.792407477563394 81920
1759673730415 68.92744572808992 87040
1759673773743 73.45669801572707 92160
1759673817610 69.60345170925987 97280
1759673860898 85.8995658228885 102400
1759673913306 23.258144473957092 107520
1759673965721 87.41775739891621 112640
1759674010971 35.76133553876848 117760
1759674058639 27.76673397107014 122880
1759674114056 31.697228016081738 128000
1759674160287 30.954958412363375 133120
1759674210010 59.85791554280658 138240
1759674260702 65.04813895781638 143360
1759674314674 86.00877660665218 148480
1759674357688 66.52345757335448 153600
1759674400585 28.801098674723615 158720
1759674453908 80.5203301977347 163840
1759674499386 72.52566053396043 168960
1759674539985 80.05466379096444 174080
1759674583084 81.99526909467676 179200
1759674639415 81.70615966026415 184320
1759674683744 57.336832895888016 189440
1759674726492 85.229293668211 194560
1759674778262 29.494979044190035 199680
1759674825290 38.52757084462407 204800
1759674867284 24.020708771447552 209920
1759674911203 26.096638916887546 215040
1759674961685 35.46140448773229 220160
1759675011248 47.37131950169978 225280
1759675053567 36.219303472276195 230400
1759675096553 71.75024376892416 235520
1759675142900 37.06885611008493 240640
1759675193916 38.06187101282249 245760
1759675236052 28.09632711025368 250880
1759675287509 47.346186842461734 256000
1759675327661 27.389942076495597 261120
1759675374589 65.0007593720458 266240
1759675414915 40.3317851819799 271360
1759675464649 27.304889004622094 276480
1759675506298 55.875627789249315 281600
1759675548894 35.2045391594833 286720
1759675588327 103.69620253164557 291840
1759675646974 130.18511391147806 296960
1759675716078 78.58180796252927 302080
1759675776178 44.411427119290146 307200
