1759673008092 10.417097366273635 5120
1759673061284 21.140149389888837 10240
1759673112520 24.76149238848722 15360
1759673157644 27.64692455300398 20480
1759673198173 28.595998436865145 25600
1759673252677 29.66178557881907 30720
1759673292574 29.793776667220094 35840
1759673332470 29.904977338674296 40960
1759673380286 29.840465354137734 46080
1759673429461 29.575908207466647 51200
1759673472097 28.63509258147209 56320
1759673513001 27.93026380499458 61440
1759673556674 27.264422440397148 66560
1759673605051 26.70691552818145 71680
1759673642596 26.2380170700422 76800
1759673680957 25.9461179454758 81920
1759673730420 25.549524184196226 87040
1759673773750 25.192415540061898 92160
1759673817618 24.709815038562812 97280
1759673860907 24.50935967261331 102400
1759673913312 24.234492395258936 107520
1759673965728 23.988858920379535 112640
1759674010980 23.848685224444115 117760
1759674058647 23.65800663071897 122880
1759674114063 23.482771432870287 128000
1759674160302 23.513733775568692 133120
1759674210018 23.37505619033752 138240
1759674260709 23.2084983115149 143360
1759674314682 23.033114207212417 148480
1759674357697 22.95460671329897 153600
1759674400595 22.909422805694636 158720
1759674453913 22.907791581576124 163840
1759674499396 22.851618655497713 168960
1759674539990 22.77902594050669 174080
1759674583093 22.712446790119248 179200
1759674639422 22.573655927775008 184320
1759674683751 22.48207704785844 189440
1759674726498 22.401360577777634 194560
1759674778268 22.341237210186012 199680
1759674825297 22.339435469924762 204800
1759674867294 22.240888368011046 209920
1759674911212 22.155359571670225 215040
1759674961691 22.09455736725927 220160
1759675011254 22.017887953341543 225280
1759675053575 21.95828613068655 230400
1759675096560 21.89115393267446 235520
1759675142906 21.880501255316837 240640
1759675193927 21.86910174953442 245760
1759675236060 21.43222731822553 250880
1759675287520 20.79593671470507 256000
1759675327667 20.191051429308796 261120
1759675374601 19.638071686532893 266240
1759675414922 19.069487151852904 271360
1759675464657 18.564599683119962 276480
1759675506305 18.075879949395873 281600
1759675548900 17.580724364098817 286720
1759675588334 17.12097815841737 291840
1759675646987 16.630097637075117 296960
1759675716086 16.18911426772003 302080
1759675776193 15.726166028716081 307200
