1770956489512 20.822185516357422 5120
1770956504250 21.222246170043945 10240
1770956514736 21.538774490356445 15360
1770956523812 21.564231872558594 20480
1770956533371 21.764188766479492 25600
1770956547491 21.874704360961914 30720
1770956557765 21.83160972595215 35840
1770956567366 21.863712310791016 40960
1770956576442 21.850435256958008 46080
1770956589790 21.785259246826172 51200
1770956600778 21.854854583740234 56320
1770956610289 21.92180061340332 61440
1770956619337 21.885944366455078 66560
1770956631678 21.90936851501465 71680
1770956643636 21.885936737060547 76800
1770956653462 21.956645965576172 81920
1770956662591 21.980953216552734 87040
1770956672112 21.935848236083984 92160
1770956686642 21.965456008911133 97280
1770956696173 21.947118759155273 102400
1770956706273 21.93025779724121 107520
1770956716082 21.912931442260742 112640
1770956730116 21.981353759765625 117760
1770956739354 21.984296798706055 122880
1770956749555 22.0156192779541 128000
1770956759449 22.01199722290039 133120
1770956772992 21.983139038085938 138240
1770956782317 21.99595069885254 143360
1770956792695 21.977596282958984 148480
1770956801809 22.00324249267578 153600
1770956816139 21.982372283935547 158720
1770956825469 21.98892593383789 163840
1770956834405 22.039365768432617 168960
1770956845001 22.013179779052734 174080
1770956858978 22.031949996948242 179200
1770956868205 22.021615982055664 184320
1770956879207 22.009164810180664 189440
1770956888489 22.038450241088867 194560
1770956902476 22.061094284057617 199680
1770956911860 22.07525634765625 204800
1770956923314 22.05251693725586 209920
1770956932442 22.041841506958008 215040
1770956945561 22.0699405670166 220160
1770956955010 22.074750900268555 225280
1770956967068 22.106813430786133 230400
1770956976467 22.138412475585938 235520
1770956988565 22.131866455078125 240640
1770956998408 22.12867546081543 245760
1770957010221 22.112398147583008 250880
1770957019334 22.122150421142578 256000
1770957031507 22.104045867919922 261120
1770957041325 22.098731994628906 266240
1770957052951 22.11106300354004 271360
1770957062320 22.10990333557129 276480
1770957074177 22.113996505737305 281600
1770957084488 22.116695404052734 286720
1770957097114 22.110082626342773 291840
1770957107260 22.105792999267578 296960
1770957110524 22.117324829101562 300032
