1770956489512 26.795787811279297 5120
1770956504250 26.796588897705078 10240
1770956514736 27.073410034179688 15360
1770956523812 27.04787254333496 20480
1770956533371 27.261756896972656 25600
1770956547491 27.354633331298828 30720
1770956557765 27.268205642700195 35840
1770956567366 27.280418395996094 40960
1770956576442 27.219207763671875 46080
1770956589790 27.14310646057129 51200
1770956600778 27.238515853881836 56320
1770956610289 27.351634979248047 61440
1770956619337 27.306297302246094 66560
1770956631678 27.3376522064209 71680
1770956643636 27.300920486450195 76800
1770956653462 27.377939224243164 81920
1770956662591 27.401721954345703 87040
1770956672112 27.33640480041504 92160
1770956686642 27.3693904876709 97280
1770956696173 27.3375244140625 102400
1770956706273 27.323123931884766 107520
1770956716082 27.306190490722656 112640
1770956730116 27.38767433166504 117760
1770956739354 27.399669647216797 122880
1770956749555 27.44260597229004 128000
1770956759449 27.434589385986328 133120
1770956772992 27.383968353271484 138240
1770956782317 27.402969360351562 143360
1770956792695 27.384035110473633 148480
1770956801809 27.42215347290039 153600
1770956816139 27.397947311401367 158720
1770956825469 27.403404235839844 163840
1770956834405 27.468629837036133 168960
1770956845001 27.44126319885254 174080
1770956858978 27.46247673034668 179200
1770956868205 27.456655502319336 184320
1770956879207 27.43963050842285 189440
1770956888489 27.471784591674805 194560
1770956902476 27.50250816345215 199680
1770956911860 27.52663230895996 204800
1770956923314 27.50469207763672 209920
1770956932442 27.488555908203125 215040
1770956945561 27.518423080444336 220160
1770956955010 27.522212982177734 225280
1770956967068 27.572145462036133 230400
1770956976467 27.607168197631836 235520
1770956988565 27.598146438598633 240640
1770956998408 27.58711051940918 245760
1770957010221 27.567344665527344 250880
1770957019334 27.576457977294922 256000
1770957031507 27.55651092529297 261120
1770957041325 27.550567626953125 266240
1770957052951 27.563636779785156 271360
1770957062320 27.562978744506836 276480
1770957074177 27.568078994750977 281600
1770957084488 27.571468353271484 286720
1770957097114 27.568029403686523 291840
1770957107260 27.56196403503418 296960
1770957110524 27.577606201171875 300032
