1770956489512 1.1447912454605103 5120
1770956504250 1.1385505199432373 10240
1770956514736 1.1440880298614502 15360
1770956523812 1.140744686126709 20480
1770956533371 1.1450368165969849 25600
1770956547491 1.147917628288269 30720
1770956557765 1.144269585609436 35840
1770956567366 1.1449860334396362 40960
1770956576442 1.1406629085540771 46080
1770956589790 1.1372634172439575 51200
1770956600778 1.14095139503479 56320
1770956610289 1.145722508430481 61440
1770956619337 1.1441034078598022 66560
1770956631678 1.1453908681869507 71680
1770956643636 1.1431699991226196 76800
1770956653462 1.1463336944580078 81920
1770956662591 1.146572470664978 87040
1770956672112 1.1448355913162231 92160
1770956686642 1.145585298538208 97280
1770956696173 1.1441141366958618 102400
1770956706273 1.143545150756836 107520
1770956716082 1.142686128616333 112640
1770956730116 1.1458520889282227 117760
1770956739354 1.1462610960006714 122880
1770956749555 1.1476863622665405 128000
1770956759449 1.1473501920700073 133120
1770956772992 1.1448389291763306 138240
1770956782317 1.1456544399261475 143360
1770956792695 1.1450419425964355 148480
1770956801809 1.1467088460922241 153600
1770956816139 1.145713448524475 158720
1770956825469 1.146102786064148 163840
1770956834405 1.1484792232513428 168960
1770956845001 1.147655725479126 174080
1770956858978 1.148465633392334 179200
1770956868205 1.1485739946365356 184320
1770956879207 1.148195743560791 189440
1770956888489 1.1495414972305298 194560
1770956902476 1.150193452835083 199680
1770956911860 1.1512789726257324 204800
1770956923314 1.150625228881836 209920
1770956932442 1.149920105934143 215040
1770956945561 1.1508504152297974 220160
1770956955010 1.1513428688049316 225280
1770956967068 1.1533790826797485 230400
1770956976467 1.1546040773391724 235520
1770956988565 1.1539735794067383 240640
1770956998408 1.1537537574768066 245760
1770957010221 1.1528528928756714 250880
1770957019334 1.1530729532241821 256000
1770957031507 1.152230143547058 261120
1770957041325 1.152178168296814 266240
1770957052951 1.1523499488830566 271360
1770957062320 1.1523085832595825 276480
1770957074177 1.1525166034698486 281600
1770957084488 1.15253746509552 286720
1770957097114 1.1527117490768433 291840
1770957107260 1.1522772312164307 296960
1770957110524 1.1529979705810547 300032
