1770956489504 -1.1094633340835571 5120
1770956504240 -1.061781883239746 10240
1770956514726 -1.420622706413269 15360
1770956523804 -1.2053098678588867 20480
1770956533361 -1.0763410329818726 25600
1770956547480 -0.9540966153144836 30720
1770956557754 -1.0055302381515503 35840
1770956567351 -1.1243503093719482 40960
1770956576430 -1.1230344772338867 46080
1770956589782 -1.077101469039917 51200
1770956600770 -1.322413682937622 56320
1770956610277 -1.3117705583572388 61440
1770956619326 -1.3429759740829468 66560
1770956631668 -1.6211614608764648 71680
1770956643625 -1.5383952856063843 76800
1770956653451 -1.5839436054229736 81920
1770956662580 -1.8042529821395874 87040
1770956672101 -2.01223087310791 92160
1770956686631 -1.9322677850723267 97280
1770956696162 -2.0933425426483154 102400
1770956706265 -2.028921604156494 107520
1770956716071 -2.2059807777404785 112640
1770956730105 -2.3607616424560547 117760
1770956739343 -2.4001243114471436 122880
1770956749544 -2.4766201972961426 128000
1770956759437 -2.5107831954956055 133120
1770956772980 -2.5899651050567627 138240
1770956782305 -2.6075220108032227 143360
1770956792683 -2.819840908050537 148480
1770956801797 -2.6506221294403076 153600
1770956816128 -2.8226065635681152 158720
1770956825457 -2.7634963989257812 163840
1770956834396 -2.907130718231201 168960
1770956844988 -2.933788537979126 174080
1770956858965 -2.940171003341675 179200
1770956868193 -2.9504051208496094 184320
1770956879193 -2.947049856185913 189440
1770956888479 -2.904106855392456 194560
1770956902464 -3.2130229473114014 199680
1770956911847 -2.9580252170562744 204800
1770956923301 -3.066922426223755 209920
1770956932429 -3.0214974880218506 215040
1770956945548 -2.9427242279052734 220160
1770956954997 -3.120961904525757 225280
1770956967054 -2.9844887256622314 230400
1770956976456 -3.1728265285491943 235520
1770956988552 -3.1267507076263428 240640
1770956998394 -2.9706010818481445 245760
1770957010207 -3.1046366691589355 250880
1770957019321 -3.083784818649292 256000
1770957031493 -3.141578197479248 261120
1770957041313 -3.0386180877685547 266240
1770957052938 -3.1842942237854004 271360
1770957062309 -3.0989184379577637 276480
1770957074163 -3.3176112174987793 281600
1770957084474 -3.0104260444641113 286720
1770957097100 -3.0527546405792236 291840
1770957107246 -3.2096314430236816 296960
1770957110509 -3.1825973987579346 300032
