1770956489512 1.1261752843856812 5120
1770956504250 1.1089234352111816 10240
1770956514736 1.105228066444397 15360
1770956523812 1.0990121364593506 20480
1770956533371 1.104546070098877 25600
1770956547491 1.1077040433883667 30720
1770956557765 1.1054904460906982 35840
1770956567366 1.1004421710968018 40960
1770956576442 1.0884661674499512 46080
1770956589790 1.0866334438323975 51200
1770956600778 1.0898942947387695 56320
1770956610289 1.099639654159546 61440
1770956619337 1.1017508506774902 66560
1770956631678 1.1027131080627441 71680
1770956643636 1.099490761756897 76800
1770956653462 1.102673053741455 81920
1770956662591 1.1008456945419312 87040
1770956672112 1.0957403182983398 92160
1770956686642 1.0993233919143677 97280
1770956696173 1.0959721803665161 102400
1770956706273 1.09639573097229 107520
1770956716082 1.0949983596801758 112640
1770956730116 1.0983706712722778 117760
1770956739354 1.0998728275299072 122880
1770956749555 1.1024476289749146 128000
1770956759449 1.10215163230896 133120
1770956772992 1.0994495153427124 138240
1770956782317 1.1012907028198242 143360
1770956792695 1.1005383729934692 148480
1770956801809 1.1025506258010864 153600
1770956816139 1.1018706560134888 158720
1770956825469 1.1016367673873901 163840
1770956834405 1.1034221649169922 168960
1770956845001 1.1024893522262573 174080
1770956858978 1.1025805473327637 179200
1770956868205 1.1047590970993042 184320
1770956879207 1.1040035486221313 189440
1770956888489 1.1045070886611938 194560
1770956902476 1.1062896251678467 199680
1770956911860 1.1081480979919434 204800
1770956923314 1.1087100505828857 209920
1770956932442 1.1080282926559448 215040
1770956945561 1.1081187725067139 220160
1770956955010 1.107994556427002 225280
1770956967068 1.112359881401062 230400
1770956976467 1.1130690574645996 235520
1770956988565 1.1118879318237305 240640
1770956998408 1.1100451946258545 245760
1770957010221 1.1097224950790405 250880
1770957019334 1.1112288236618042 256000
1770957031507 1.1107527017593384 261120
1770957041325 1.1107499599456787 266240
1770957052951 1.1118420362472534 271360
1770957062320 1.1118394136428833 276480
1770957074177 1.111889362335205 281600
1770957084488 1.110560655593872 286720
1770957097114 1.1105897426605225 291840
1770957107260 1.1104134321212769 296960
1770957110524 1.1114473342895508 300032
