1770956489512 1.896416425704956 5120
1770956504250 1.6732378005981445 10240
1770956514736 1.6128205060958862 15360
1770956523812 1.573305606842041 20480
1770956533371 1.5788387060165405 25600
1770956547491 1.5731290578842163 30720
1770956557765 1.5585291385650635 35840
1770956567366 1.5507656335830688 40960
1770956576442 1.5204335451126099 46080
1770956589790 1.5232521295547485 51200
1770956600778 1.533940076828003 56320
1770956610289 1.556390404701233 61440
1770956619337 1.55701744556427 66560
1770956631678 1.554528832435608 71680
1770956643636 1.5460094213485718 76800
1770956653462 1.552595615386963 81920
1770956662591 1.5451096296310425 87040
1770956672112 1.5372023582458496 92160
1770956686642 1.5387645959854126 97280
1770956696173 1.5362944602966309 102400
1770956706273 1.5379393100738525 107520
1770956716082 1.5333924293518066 112640
1770956730116 1.535571575164795 117760
1770956739354 1.5404562950134277 122880
1770956749555 1.5424796342849731 128000
1770956759449 1.5411497354507446 133120
1770956772992 1.5354764461517334 138240
1770956782317 1.5371778011322021 143360
1770956792695 1.5403358936309814 148480
1770956801809 1.5423771142959595 153600
1770956816139 1.540582299232483 158720
1770956825469 1.5405023097991943 163840
1770956834405 1.5439175367355347 168960
1770956845001 1.544326663017273 174080
1770956858978 1.5449519157409668 179200
1770956868205 1.5480681657791138 184320
1770956879207 1.5479627847671509 189440
1770956888489 1.5469292402267456 194560
1770956902476 1.548013687133789 199680
1770956911860 1.550206184387207 204800
1770956923314 1.5531065464019775 209920
1770956932442 1.551335096359253 215040
1770956945561 1.550309419631958 220160
1770956955010 1.5510127544403076 225280
1770956967068 1.5585095882415771 230400
1770956976467 1.5593453645706177 235520
1770956988565 1.5586000680923462 240640
1770956998408 1.5555391311645508 245760
1770957010221 1.5562528371810913 250880
1770957019334 1.5574229955673218 256000
1770957031507 1.557275652885437 261120
1770957041325 1.5569534301757812 266240
1770957052951 1.5568972826004028 271360
1770957062320 1.5564831495285034 276480
1770957074177 1.5559148788452148 281600
1770957084488 1.5546101331710815 286720
1770957097114 1.5566251277923584 291840
1770957107260 1.555866003036499 296960
1770957110524 1.55671226978302 300032
