1771001374658 0.07316195964813232 5120
1771001392091 0.07137046009302139 10240
1771001409579 0.07293900102376938 15360
1771001427061 0.06852620095014572 20480
1771001444549 0.07331445813179016 25600
1771001462034 0.07280004024505615 30720
1771001479536 0.07558940351009369 35840
1771001497023 0.07520382851362228 40960
1771001514495 0.07453413307666779 46080
1771001531996 0.07468843460083008 51200
1771001549480 0.07479055970907211 56320
1771001566946 0.07483524829149246 61440
1771001584476 0.07520871609449387 66560
1771001601945 0.07508523017168045 71680
1771001619403 0.07494735717773438 76800
1771001636881 0.07482457906007767 81920
1771001654386 0.07485485076904297 87040
1771001671859 0.07465720176696777 92160
1771001689330 0.0740581750869751 97280
1771001706800 0.07379790395498276 102400
1771001724296 0.073367640376091 107520
1771001741778 0.07461844384670258 112640
1771001759265 0.07592743635177612 117760
1771001776726 0.07735113799571991 122880
1771001794211 0.07872950285673141 128000
1771001811698 0.07991880923509598 133120
1771001829155 0.08058933913707733 138240
1771001846670 0.08154785633087158 143360
1771001864143 0.08296546339988708 148480
1771001881603 0.0837426409125328 153600
1771001899098 0.08482445031404495 158720
1771001916617 0.0859796404838562 163840
1771001934108 0.08694153279066086 168960
1771001951542 0.08813175559043884 174080
1771001969009 0.08922772854566574 179200
1771001986481 0.09105192869901657 184320
1771002003959 0.09235546737909317 189440
1771002021438 0.09435155987739563 194560
1771002038913 0.09632346779108047 199680
1771002056407 0.09760056436061859 204800
1771002073864 0.098819799721241 209920
1771002091323 0.09983313083648682 215040
1771002108813 0.10100849717855453 220160
1771002126308 0.10239645093679428 225280
1771002143811 0.10382597148418427 230400
1771002161312 0.10512866824865341 235520
1771002178816 0.1067173182964325 240640
1771002196330 0.10869209468364716 245760
1771002213822 0.11039803922176361 250880
1771002231334 0.11206039786338806 256000
1771002248813 0.11337704956531525 261120
1771002266299 0.11469114571809769 266240
1771002283759 0.11584077775478363 271360
1771002301222 0.11710235476493835 276480
1771002318719 0.11773356795310974 281600
1771002336189 0.11826728284358978 286720
1771002353675 0.11859583854675293 291840
1771002371155 0.1187136322259903 296960
1771002378165 0.11895540356636047 300032
