1771001374658 18.646188735961914 5120
1771001392091 20.22475242614746 10240
1771001409579 21.000957489013672 15360
1771001427061 20.936553955078125 20480
1771001444549 20.877653121948242 25600
1771001462034 20.974225997924805 30720
1771001479536 20.955883026123047 35840
1771001497023 21.051422119140625 40960
1771001514495 21.169506072998047 46080
1771001531996 21.265850067138672 51200
1771001549480 21.2828369140625 56320
1771001566946 21.35002326965332 61440
1771001584476 21.427152633666992 66560
1771001601945 21.44550895690918 71680
1771001619403 21.476892471313477 76800
1771001636881 21.56345558166504 81920
1771001654386 21.592235565185547 87040
1771001671859 21.61343002319336 92160
1771001689330 21.605558395385742 97280
1771001706800 21.63521385192871 102400
1771001724296 21.658220291137695 107520
1771001741778 21.630348205566406 112640
1771001759265 21.517192840576172 117760
1771001776726 21.402185440063477 122880
1771001794211 21.356679916381836 128000
1771001811698 21.251474380493164 133120
1771001829155 21.15318489074707 138240
1771001846670 21.062131881713867 143360
1771001864143 21.007692337036133 148480
1771001881603 20.910533905029297 153600
1771001899098 20.860218048095703 158720
1771001916617 20.7676944732666 163840
1771001934108 20.702919006347656 168960
1771001951542 20.64834213256836 174080
1771001969009 20.52193260192871 179200
1771001986481 20.360071182250977 184320
1771002003959 20.237178802490234 189440
1771002021438 20.139358520507812 194560
1771002038913 20.01606559753418 199680
1771002056407 19.870071411132812 204800
1771002073864 19.731794357299805 209920
1771002091323 19.564428329467773 215040
1771002108813 19.385751724243164 220160
1771002126308 19.21611785888672 225280
1771002143811 19.06609344482422 230400
1771002161312 18.925186157226562 235520
1771002178816 18.777000427246094 240640
1771002196330 18.660551071166992 245760
1771002213822 18.56715965270996 250880
1771002231334 18.434057235717773 256000
1771002248813 18.275299072265625 261120
1771002266299 18.113134384155273 266240
1771002283759 17.96967124938965 271360
1771002301222 17.817848205566406 276480
1771002318719 17.62883758544922 281600
1771002336189 17.464031219482422 286720
1771002353675 17.2946834564209 291840
1771002371155 17.1422119140625 296960
1771002378165 17.07748031616211 300032
