1771001374658 24.388015747070312 5120
1771001392091 25.762882232666016 10240
1771001409579 26.56075096130371 15360
1771001427061 26.265872955322266 20480
1771001444549 26.389955520629883 25600
1771001462034 26.42755126953125 30720
1771001479536 26.50898551940918 35840
1771001497023 26.592588424682617 40960
1771001514495 26.677581787109375 46080
1771001531996 26.78512954711914 51200
1771001549480 26.79546546936035 56320
1771001566946 26.88564682006836 61440
1771001584476 26.97014808654785 66560
1771001601945 26.986248016357422 71680
1771001619403 27.00638771057129 76800
1771001636881 27.094038009643555 81920
1771001654386 27.125280380249023 87040
1771001671859 27.136592864990234 92160
1771001689330 27.098318099975586 97280
1771001706800 27.11768913269043 102400
1771001724296 27.126192092895508 107520
1771001741778 27.155086517333984 112640
1771001759265 27.095661163330078 117760
1771001776726 27.045024871826172 122880
1771001794211 27.062576293945312 128000
1771001811698 26.998899459838867 133120
1771001829155 26.932104110717773 138240
1771001846670 26.87738609313965 143360
1771001864143 26.881967544555664 148480
1771001881603 26.820871353149414 153600
1771001899098 26.8116455078125 158720
1771001916617 26.77036476135254 163840
1771001934108 26.74334144592285 168960
1771001951542 26.739749908447266 174080
1771001969009 26.662986755371094 179200
1771001986481 26.59328269958496 184320
1771002003959 26.530710220336914 189440
1771002021438 26.51504135131836 194560
1771002038913 26.485132217407227 199680
1771002056407 26.406248092651367 204800
1771002073864 26.32950210571289 209920
1771002091323 26.223859786987305 215040
1771002108813 26.11213493347168 220160
1771002126308 26.025787353515625 225280
1771002143811 25.95169448852539 230400
1771002161312 25.882673263549805 235520
1771002178816 25.802213668823242 240640
1771002196330 25.779691696166992 245760
1771002213822 25.767175674438477 250880
1771002231334 25.709941864013672 256000
1771002248813 25.61945152282715 261120
1771002266299 25.53094482421875 266240
1771002283759 25.46536636352539 271360
1771002301222 25.385265350341797 276480
1771002318719 25.24749183654785 281600
1771002336189 25.13981056213379 286720
1771002353675 25.010025024414062 291840
1771002371155 24.88620376586914 296960
1771002378165 24.844100952148438 300032
