1771001374658 0.0 5120
1771001392091 0.0 10240
1771001409579 0.0 15360
1771001427061 0.0 20480
1771001444549 0.0 25600
1771001462034 0.0 30720
1771001479536 0.0 35840
1771001497023 0.0 40960
1771001514495 0.0 46080
1771001531996 0.0 51200
1771001549480 0.0 56320
1771001566946 0.0 61440
1771001584476 0.0 66560
1771001601945 0.0 71680
1771001619403 0.0 76800
1771001636881 0.0 81920
1771001654386 0.0 87040
1771001671859 0.0 92160
1771001689330 0.0 97280
1771001706800 0.0 102400
1771001724296 0.0 107520
1771001741778 0.0 112640
1771001759265 0.0 117760
1771001776726 0.0 122880
1771001794211 0.0 128000
1771001811698 0.0 133120
1771001829155 0.0 138240
1771001846670 0.0 143360
1771001864143 0.0 148480
1771001881603 0.0 153600
1771001899098 0.0 158720
1771001916617 0.0 163840
1771001934108 0.0 168960
1771001951542 0.0 174080
1771001969009 0.0 179200
1771001986481 0.0 184320
1771002003959 0.0 189440
1771002021438 0.0 194560
1771002038913 0.0 199680
1771002056407 0.0 204800
1771002073864 0.0 209920
1771002091323 0.0 215040
1771002108813 0.0 220160
1771002126308 0.0 225280
1771002143811 0.0 230400
1771002161312 0.0 235520
1771002178816 0.0 240640
1771002196330 0.0 245760
1771002213822 0.0 250880
1771002231334 0.0 256000
1771002248813 0.0 261120
1771002266299 0.0 266240
1771002283759 0.0 271360
1771002301222 0.0 276480
1771002318719 0.0 281600
1771002336189 0.0 286720
1771002353675 0.0 291840
1771002371155 0.0 296960
1771002378165 0.0 300032
