1771001374658 1.124040961265564 5120
1771001392091 1.1253626346588135 10240
1771001409579 1.146276593208313 15360
1771001427061 1.1330944299697876 20480
1771001444549 1.1363481283187866 25600
1771001462034 1.1316559314727783 30720
1771001479536 1.1314390897750854 35840
1771001497023 1.1316144466400146 40960
1771001514495 1.1333879232406616 46080
1771001531996 1.137882947921753 51200
1771001549480 1.1379584074020386 56320
1771001566946 1.1396228075027466 61440
1771001584476 1.1424320936203003 66560
1771001601945 1.1425540447235107 71680
1771001619403 1.1427123546600342 76800
1771001636881 1.1454776525497437 81920
1771001654386 1.1452968120574951 87040
1771001671859 1.1444541215896606 92160
1771001689330 1.1419059038162231 97280
1771001706800 1.1424024105072021 102400
1771001724296 1.1422796249389648 107520
1771001741778 1.1440080404281616 112640
1771001759265 1.1440989971160889 117760
1771001776726 1.1451958417892456 122880
1771001794211 1.1461290121078491 128000
1771001811698 1.1437978744506836 133120
1771001829155 1.1421607732772827 138240
1771001846670 1.14055597782135 143360
1771001864143 1.1418169736862183 148480
1771001881603 1.1416360139846802 153600
1771001899098 1.1420559883117676 158720
1771001916617 1.1421630382537842 163840
1771001934108 1.1419880390167236 168960
1771001951542 1.143419861793518 174080
1771001969009 1.142331600189209 179200
1771001986481 1.1429250240325928 184320
1771002003959 1.1429283618927002 189440
1771002021438 1.1445561647415161 194560
1771002038913 1.1453555822372437 199680
1771002056407 1.144204020500183 204800
1771002073864 1.1442776918411255 209920
1771002091323 1.1446738243103027 215040
1771002108813 1.1451836824417114 220160
1771002126308 1.1454131603240967 225280
1771002143811 1.1462750434875488 230400
1771002161312 1.1460462808609009 235520
1771002178816 1.1453992128372192 240640
1771002196330 1.1469683647155762 245760
1771002213822 1.1485267877578735 250880
1771002231334 1.1487411260604858 256000
1771002248813 1.1481291055679321 261120
1771002266299 1.1479041576385498 266240
1771002283759 1.149415373802185 271360
1771002301222 1.149741768836975 276480
1771002318719 1.1489591598510742 281600
1771002336189 1.1505348682403564 286720
1771002353675 1.1509171724319458 291840
1771002371155 1.1518115997314453 296960
1771002378165 1.1521422863006592 300032
