1771001374649 16.565637588500977 5120
1771001392080 13.95306396484375 10240
1771001409570 14.0732421875 15360
1771001427051 13.852668762207031 20480
1771001444539 12.615738868713379 25600
1771001462023 14.152656555175781 30720
1771001479525 13.457677841186523 35840
1771001497012 12.900070190429688 40960
1771001514484 12.478245735168457 46080
1771001531985 12.088922500610352 51200
1771001549470 12.368170738220215 56320
1771001566934 12.511212348937988 61440
1771001584465 12.18640422821045 66560
1771001601936 12.381020545959473 71680
1771001619394 12.529717445373535 76800
1771001636871 11.802088737487793 81920
1771001654375 11.614603996276855 87040
1771001671848 11.39808464050293 92160
1771001689320 11.215209007263184 97280
1771001706788 11.366262435913086 102400
1771001724285 10.458900451660156 107520
1771001741766 10.404794692993164 112640
1771001759253 10.1315279006958 117760
1771001776715 10.476466178894043 122880
1771001794198 12.073188781738281 128000
1771001811687 11.152687072753906 133120
1771001829142 10.976198196411133 138240
1771001846658 11.389726638793945 143360
1771001864131 11.576128005981445 148480
1771001881591 12.66044807434082 153600
1771001899086 13.164260864257812 158720
1771001916605 13.707860946655273 163840
1771001934096 14.706995964050293 168960
1771001951532 15.133868217468262 174080
1771001968996 14.903448104858398 179200
1771001986469 14.760709762573242 184320
1771002003947 15.212892532348633 189440
1771002021425 15.656514167785645 194560
1771002038900 15.873376846313477 199680
1771002056394 16.343320846557617 204800
1771002073850 16.64597511291504 209920
1771002091310 17.157657623291016 215040
1771002108800 17.714824676513672 220160
1771002126295 17.752084732055664 225280
1771002143798 18.687274932861328 230400
1771002161299 19.690027236938477 235520
1771002178803 18.7874755859375 240640
1771002196316 20.460201263427734 245760
1771002213809 20.881589889526367 250880
1771002231319 21.084245681762695 256000
1771002248799 21.5504207611084 261120
1771002266285 23.019344329833984 266240
1771002283746 23.119430541992188 271360
1771002301208 25.15355110168457 276480
1771002318704 26.241342544555664 281600
1771002336175 26.718923568725586 286720
1771002353661 28.088390350341797 291840
1771002371141 28.9957218170166 296960
1771002378151 27.73569107055664 300032
