1771001374658 1.0334460735321045 5120
1771001392091 1.075564980506897 10240
1771001409579 1.0897608995437622 15360
1771001427061 1.0622153282165527 20480
1771001444549 1.096501350402832 25600
1771001462034 1.0965392589569092 30720
1771001479536 1.1184178590774536 35840
1771001497023 1.115573525428772 40960
1771001514495 1.110066294670105 46080
1771001531996 1.1147373914718628 51200
1771001549480 1.1145596504211426 56320
1771001566946 1.113676905632019 61440
1771001584476 1.1174827814102173 66560
1771001601945 1.116637945175171 71680
1771001619403 1.114931583404541 76800
1771001636881 1.1160355806350708 81920
1771001654386 1.1186566352844238 87040
1771001671859 1.1175369024276733 92160
1771001689330 1.1120073795318604 97280
1771001706800 1.1099213361740112 102400
1771001724296 1.1063940525054932 107520
1771001741778 1.1169350147247314 112640
1771001759265 1.1247639656066895 117760
1771001776726 1.132559061050415 122880
1771001794211 1.1389020681381226 128000
1771001811698 1.1449226140975952 133120
1771001829155 1.1482982635498047 138240
1771001846670 1.1504998207092285 143360
1771001864143 1.161224126815796 148480
1771001881603 1.1659055948257446 153600
1771001899098 1.1721595525741577 158720
1771001916617 1.1773157119750977 163840
1771001934108 1.1824764013290405 168960
1771001951542 1.19025719165802 174080
1771001969009 1.1946507692337036 179200
1771001986481 1.203795075416565 184320
1771002003959 1.209136724472046 189440
1771002021438 1.2203961610794067 194560
1771002038913 1.2325751781463623 199680
1771002056407 1.2382334470748901 204800
1771002073864 1.2439523935317993 209920
1771002091323 1.2478374242782593 215040
1771002108813 1.2527623176574707 220160
1771002126308 1.2590391635894775 225280
1771002143811 1.2665505409240723 230400
1771002161312 1.2722570896148682 235520
1771002178816 1.2801624536514282 240640
1771002196330 1.2925994396209717 245760
1771002213822 1.3019181489944458 250880
1771002231334 1.3102158308029175 256000
1771002248813 1.3149683475494385 261120
1771002266299 1.3210572004318237 266240
1771002283759 1.326399803161621 271360
1771002301222 1.3319436311721802 276480
1771002318719 1.331974983215332 281600
1771002336189 1.3332854509353638 286720
1771002353675 1.3332418203353882 291840
1771002371155 1.3325523138046265 296960
1771002378165 1.333371877670288 300032
