1771001374658 0.2727438807487488 5120
1771001392091 0.26443222165107727 10240
1771001409579 0.26868700981140137 15360
1771001427061 0.25786396861076355 20480
1771001444549 0.26676061749458313 25600
1771001462034 0.26459673047065735 30720
1771001479536 0.2696974277496338 35840
1771001497023 0.2686498761177063 40960
1771001514495 0.26742589473724365 46080
1771001531996 0.26835277676582336 51200
1771001549480 0.2685701847076416 56320
1771001566946 0.2689112424850464 61440
1771001584476 0.26981979608535767 66560
1771001601945 0.26987817883491516 71680
1771001619403 0.2695939540863037 76800
1771001636881 0.2696143388748169 81920
1771001654386 0.26970499753952026 87040
1771001671859 0.26909327507019043 92160
1771001689330 0.26759007573127747 97280
1771001706800 0.2670873999595642 102400
1771001724296 0.2660398781299591 107520
1771001741778 0.268499493598938 112640
1771001759265 0.271467387676239 117760
1771001776726 0.2746956944465637 122880
1771001794211 0.2774425148963928 128000
1771001811698 0.2796284258365631 133120
1771001829155 0.28092432022094727 138240
1771001846670 0.28260576725006104 143360
1771001864143 0.28555166721343994 148480
1771001881603 0.28715065121650696 153600
1771001899098 0.2893626093864441 158720
1771001916617 0.29195088148117065 163840
1771001934108 0.29393139481544495 168960
1771001951542 0.2966786026954651 174080
1771001969009 0.2990238070487976 179200
1771001986481 0.30342257022857666 184320
1771002003959 0.30658644437789917 189440
1771002021438 0.3111242651939392 194560
1771002038913 0.31544628739356995 199680
1771002056407 0.3182098865509033 204800
1771002073864 0.3213002383708954 209920
1771002091323 0.32431817054748535 215040
1771002108813 0.3279375433921814 220160
1771002126308 0.3316502869129181 225280
1771002143811 0.3355731964111328 230400
1771002161312 0.3388065695762634 235520
1771002178816 0.342692106962204 240640
1771002196330 0.3476073443889618 245760
1771002213822 0.3516853451728821 250880
1771002231334 0.3560037612915039 256000
1771002248813 0.35954877734184265 261120
1771002266299 0.36335936188697815 266240
1771002283759 0.3669452667236328 271360
1771002301222 0.37074217200279236 276480
1771002318719 0.3735083341598511 281600
1771002336189 0.37643909454345703 286720
1771002353675 0.37865695357322693 291840
1771002371155 0.3805288076400757 296960
1771002378165 0.3816063106060028 300032
