1771001374649 132.5172664370794 5120
1771001392080 123.9451536643026 10240
1771001409570 139.7030276787796 15360
1771001427051 137.0508430270553 20480
1771001444539 140.17458726020988 25600
1771001462023 140.6823639900718 30720
1771001479525 141.67552778246917 35840
1771001497012 143.95112743247418 40960
1771001514484 138.48986330317638 46080
1771001531985 133.43632488149396 51200
1771001549470 137.7484974876022 56320
1771001566934 124.70428732829875 61440
1771001584465 141.07985200134544 66560
1771001601936 173.0252052308073 71680
1771001619394 167.39719029374203 76800
1771001636871 133.69577967614433 81920
1771001654375 135.4968179615571 87040
1771001671848 137.59485614932913 92160
1771001689320 168.00737031844582 97280
1771001706788 144.36732867517983 102400
1771001724285 137.78017213060903 107520
1771001741766 141.0845975310303 112640
1771001759253 145.68614102118792 117760
1771001776715 143.16985253959584 122880
1771001794198 137.73492709838433 128000
1771001811687 141.02767223697924 133120
1771001829142 128.13686493752482 138240
1771001846658 141.5225562641293 143360
1771001864131 131.43344196540485 148480
1771001881591 129.1150992765892 153600
1771001899086 147.27708135819375 158720
1771001916605 139.98745077097658 163840
1771001934096 139.02234007292012 168960
1771001951532 165.874555089773 174080
1771001968996 117.96000787468009 179200
1771001986469 145.23213296398893 184320
1771002003947 148.52351274787534 189440
1771002021425 147.375404075896 194560
1771002038900 136.395694448961 199680
1771002056394 133.57230661443904 204800
1771002073850 141.35085768206787 209920
1771002091310 142.09309573819365 215040
1771002108800 132.22483528262035 220160
1771002126295 140.59276639962457 225280
1771002143798 138.99930405965202 230400
1771002161299 140.4280166064015 235520
1771002178803 137.09563966790873 240640
1771002196316 135.051807965998 245760
1771002213809 137.9750649692424 250880
1771002231319 138.18416630975523 256000
1771002248799 135.20853615292867 261120
1771002266285 141.61334323722062 266240
1771002283746 142.37767745001528 271360
1771002301208 143.346001367054 276480
1771002318704 134.69616879154756 281600
1771002336175 128.22696423112197 286720
1771002353661 133.18633303696177 291840
1771002371141 137.92062082798986 296960
1771002378151 132.4335827728837 300032
