1771001374658 1.7079304456710815 5120
1771001392091 1.5945827960968018 10240
1771001409579 1.6100456714630127 15360
1771001427061 1.5056705474853516 20480
1771001444549 1.6051671504974365 25600
1771001462034 1.5858906507492065 30720
1771001479536 1.6409424543380737 35840
1771001497023 1.6288522481918335 40960
1771001514495 1.6132450103759766 46080
1771001531996 1.616946816444397 51200
1771001549480 1.619203805923462 56320
1771001566946 1.6190732717514038 61440
1771001584476 1.6262314319610596 66560
1771001601945 1.6234103441238403 71680
1771001619403 1.6191953420639038 76800
1771001636881 1.6156049966812134 81920
1771001654386 1.615100383758545 87040
1771001671859 1.610018253326416 92160
1771001689330 1.596738576889038 97280
1771001706800 1.5908986330032349 102400
1771001724296 1.5808104276657104 107520
1771001741778 1.6070839166641235 112640
1771001759265 1.6397439241409302 117760
1771001776726 1.6755238771438599 122880
1771001794211 1.704864501953125 128000
1771001811698 1.7299705743789673 133120
1771001829155 1.7465182542800903 138240
1771001846670 1.7678157091140747 143360
1771001864143 1.7993789911270142 148480
1771001881603 1.819244384765625 153600
1771001899098 1.8442546129226685 158720
1771001916617 1.8728816509246826 163840
1771001934108 1.8954824209213257 168960
1771001951542 1.924191951751709 174080
1771001969009 1.9516961574554443 179200
1771001986481 2.001297950744629 184320
1771002003959 2.0372154712677 189440
1771002021438 2.086334228515625 194560
1771002038913 2.134406566619873 199680
1771002056407 2.1677725315093994 204800
1771002073864 2.2039175033569336 209920
1771002091323 2.239752769470215 215040
1771002108813 2.281651020050049 220160
1771002126308 2.3245458602905273 225280
1771002143811 2.3689441680908203 230400
1771002161312 2.4068050384521484 235520
1771002178816 2.4514966011047363 240640
1771002196330 2.5049257278442383 245760
1771002213822 2.5492258071899414 250880
1771002231334 2.597646951675415 256000
1771002248813 2.638915777206421 261120
1771002266299 2.6829004287719727 266240
1771002283759 2.723904609680176 271360
1771002301222 2.7675423622131348 276480
1771002318719 2.8018085956573486 281600
1771002336189 2.8365564346313477 286720
1771002353675 2.8643863201141357 291840
1771002371155 2.888301134109497 296960
1771002378165 2.9016237258911133 300032
