1761851115914 0.21901151737400051 5120
1761851157009 0.1516350739997374 10240
1761851195573 0.11840803681910676 15360
1761851234832 0.07914392716279582 20480
1761851281345 0.05306351567067134 25600
1761851328742 0.03531950832767545 30720
1761851368655 0.02338535995409747 35840
1761851415279 0.01469269995867464 40960
1761851455420 0.004931389176901807 46080
1761851492374 -0.0011484729443534008 51200
1761851543924 -0.007230884983389834 56320
1761851581050 -0.010218069093731012 61440
1761851631224 -0.012822817386451683 66560
1761851673030 -0.01582961527498774 71680
1761851711907 -0.01846559764402461 76800
1761851747571 -0.021112476375248164 81920
1761851807196 -0.023184176948335435 87040
1761851844468 -0.024998590444991323 92160
1761851883997 -0.027194939104426295 97280
1761851928950 -0.028825195149248965 102400
1761851979711 -0.030563745596934436 107520
1761852016253 -0.03183689471532335 112640
1761852064254 -0.03300507685407535 117760
1761852103071 -0.03391744437721353 122880
1761852147604 -0.03508992991488539 128000
1761852189529 -0.03553304266024062 133120
1761852232535 -0.03684091689842523 138240
1761852282362 -0.036878451268847395 143360
1761852321061 -0.03757230187489579 148480
1761852364077 -0.03782300757671162 153600
1761852409843 -0.03835813980687866 158720
1761852447965 -0.03870701522069969 163840
1761852504911 -0.03928549254219822 168960
1761852543077 -0.03987760915972474 174080
1761852581765 -0.0403445629534506 179200
1761852620662 -0.04066742832760146 184320
1761852675232 -0.04110658669653571 189440
1761852712406 -0.04181739145260868 194560
1761852758285 -0.041843291886071304 199680
1761852809559 -0.04217443051501325 204800
1761852849787 -0.04260022973729713 209920
1761852891479 -0.04280339465073351 215040
1761852933021 -0.04283264476633161 220160
1761852979962 -0.04299157140965789 225280
1761853020175 -0.043314636350048695 230400
1761853061090 -0.04367501077470528 235520
1761853098514 -0.04413020950940732 240640
1761853151146 -0.04432903874212582 245760
1761853193434 -0.0444987032918619 250880
1761853236988 -0.04474487723214009 256000
1761853278367 -0.044843163698685094 261120
1761853319534 -0.045245780113548933 266240
1761853363432 -0.04556390240046256 271360
1761853413588 -0.04575333850517906 276480
1761853453172 -0.045867534392791655 281600
1761853493790 -0.0459953295372652 286720
1761853541199 -0.04632795664462422 291840
1761853584341 -0.046525450692985366 296960
1761853593445 -0.04659184538903477 300032
