1761851115914 3.3609385783298826 5120
1761851157009 3.405241169768325 10240
1761851195573 3.5112419700214135 15360
1761851234832 3.568655791864547 20480
1761851281345 3.6160819204297465 25600
1761851328742 3.527431421446384 30720
1761851368655 3.5858573669602993 35840
1761851415279 3.495124481327801 40960
1761851455420 3.49773295086518 46080
1761851492374 3.4828245862097647 51200
1761851543924 3.5007215007215007 56320
1761851581050 3.5096778701697993 61440
1761851631224 3.535222251104757 66560
1761851673030 3.5683256266731567 71680
1761851711907 3.5584813574711993 76800
1761851747571 3.555969157139059 81920
1761851807196 3.544314548361311 87040
1761851844468 3.5365612182358213 92160
1761851883997 3.535691950326097 97280
1761851928950 3.5362146556848093 102400
1761851979711 3.5302889472620733 107520
1761852016253 3.5404757300328757 112640
1761852064254 3.5488618669830205 117760
1761852103071 3.555338008614859 122880
1761852147604 3.55652441526467 128000
1761852189529 3.532273366702653 133120
1761852232535 3.5385513281595053 138240
1761852282362 3.5471341463414636 143360
1761852321061 3.544863305965098 148480
1761852364077 3.5533886465372224 153600
1761852409843 3.5372325798823074 158720
1761852447965 3.543339647306779 163840
1761852504911 3.5444286268927137 168960
1761852543077 3.542525676116817 174080
1761852581765 3.550875220027381 179200
1761852620662 3.5507904433614645 184320
1761852675232 3.5469609429165705 189440
1761852712406 3.545200980722946 194560
1761852758285 3.5440019288516758 199680
1761852809559 3.5322817862091016 204800
1761852849787 3.5307853860389677 209920
1761852891479 3.5309747087240693 215040
1761852933021 3.5181054088796597 220160
1761852979962 3.5081948247271604 225280
1761853020175 3.5049465769687376 230400
1761853061090 3.4995119076123995 235520
1761853098514 3.498873488221193 240640
1761853151146 3.5051327808894466 245760
1761853193434 3.5027424517691843 250880
1761853236988 3.503850067842605 256000
1761853278367 3.505098900367653 261120
1761853319534 3.4998044519766647 266240
1761853363432 3.492480842911877 271360
1761853413588 3.4851788703092494 276480
1761853453172 3.482812619943195 281600
1761853493790 3.4821253562112693 286720
1761853541199 3.4889782234616984 291840
1761853584341 3.483037768265339 296960
1761853593445 3.481106710225794 300032
