1761851115910 57.85598119099935 5120
1761851157004 22.251576163552024 10240
1761851195569 14.909603357315063 15360
1761851234823 9.89979989188058 20480
1761851281341 7.314268258901743 25600
1761851328737 5.941304729830835 30720
1761851368649 4.8227113087972 35840
1761851415274 2.989439103661514 40960
1761851455415 2.3276290893554688 46080
1761851492368 1.787481008791456 51200
1761851543918 1.5304435321262904 56320
1761851581044 1.1290399363783539 61440
1761851631218 1.0786284533413975 66560
1761851673024 0.8540411129803724 71680
1761851711901 0.8262823129955091 76800
1761851747565 0.8516867837788146 81920
1761851807190 0.5992173815882483 87040
1761851844461 0.6375202661032205 92160
1761851883991 0.5969994962215424 97280
1761851928944 0.48306432100805907 102400
1761851979679 0.5582894379237913 107520
1761852016246 0.47744228603603606 112640
1761852064249 0.4067665872902706 117760
1761852103066 0.43767468003202076 122880
1761852147594 0.3874922858344184 128000
1761852189524 0.4125320638409098 133120
1761852232526 0.3339057249181411 138240
1761852282356 0.34879193407423953 143360
1761852321056 0.3118805101473037 148480
1761852364072 0.3237486011934596 153600
1761852409837 0.28234247366587323 158720
1761852447954 0.27193933688335536 163840
1761852504906 0.2897679432328925 168960
1761852543072 0.27397854286327694 174080
1761852581755 0.26963320103558625 179200
1761852620655 0.24416769933964008 184320
1761852675226 0.234273656722038 189440
1761852712398 0.20985282528462834 194560
1761852758275 0.23392178817671172 199680
1761852809442 0.22412059081727592 204800
1761852849777 0.22076050749102843 209920
1761852891473 0.22536973365675217 215040
1761852933015 0.18587747105845698 220160
1761852979955 0.19677314715148098 225280
1761853020169 0.1864888478169399 230400
1761853061082 0.17868959129630746 235520
1761853098507 0.20623974072731147 240640
1761853151138 0.1910745968957165 245760
1761853193427 0.1672450720779295 250880
1761853236981 0.15395008710276084 256000
1761853278360 0.1579096894711256 261120
1761853319524 0.1616678731194858 266240
1761853363424 0.15125063666723726 271360
1761853413579 0.1639748129897452 276480
1761853453165 0.15742228342139203 281600
1761853493783 0.18090814542940079 286720
1761853541189 0.14597850579481858 291840
1761853584331 0.16173544945995422 296960
1761853593438 0.05404693030660063 300032
