1761851115914 0.7936507936507936 5120
1761851157009 0.6729965818458032 10240
1761851195573 0.6220556745182013 15360
1761851234832 0.5546149081148048 20480
1761851281345 0.5111633372502937 25600
1761851328742 0.4685508451094486 30720
1761851368655 0.45336068541088453 35840
1761851415279 0.42655601659751036 40960
1761851455420 0.4091792356805774 46080
1761851492374 0.39732179988355654 51200
1761851543924 0.38824333561175667 56320
1761851581050 0.38292222765704703 61440
1761851631224 0.3809461918377957 66560
1761851673030 0.3779508396203456 71680
1761851711907 0.37165881618523355 76800
1761851747571 0.36687051316139324 81920
1761851807196 0.36126099120703437 87040
1761851844468 0.35717316486728584 92160
1761851883997 0.3532118288215849 97280
1761851928950 0.34936741105544705 102400
1761851979711 0.34516063851283085 107520
1761852016253 0.3434925546315993 112640
1761852064254 0.34169941425076 117760
1761852103071 0.34060731195044675 122880
1761852147604 0.3385651757625496 128000
1761852189529 0.33503451434553605 133120
1761852232535 0.3330178560161524 138240
1761852282362 0.3335365853658537 143360
1761852321061 0.3323033459874636 148480
1761852364077 0.3324779745103071 153600
1761852409843 0.3297585656932299 158720
1761852447965 0.32953605634554334 163840
1761852504911 0.3282515853500712 168960
1761852543077 0.326971850438189 174080
1761852581765 0.3268628984940348 179200
1761852620662 0.32625698324022345 184320
1761852675232 0.3249826669748093 189440
1761852712406 0.3239759767865578 194560
1761852758285 0.32384981259452467 199680
1761852809559 0.3217734200149206 204800
1761852849787 0.3206629098999813 209920
1761852891479 0.3202614379084967 215040
1761852933021 0.3186393750618016 220160
1761852979962 0.31724576761405265 225280
1761853020175 0.31650554958825633 230400
1761853061090 0.315307682389995 235520
1761853098514 0.31437789513527153 240640
1761853151146 0.3146279838153966 245760
1761853193434 0.3140064019378839 250880
1761853236988 0.31363636363636366 256000
1761853278367 0.31361980336377704 261120
1761853319534 0.31245314995274254 266240
1761853363432 0.311286717752235 271360
1761853413588 0.31000015642353235 276480
1761853453172 0.3096184846856529 281600
1761853493790 0.3092743090632209 286720
1761853541199 0.30941078739690264 291840
1761853584341 0.30846510002620775 296960
1761853593445 0.3080892769377548 300032
