1761851115910 56.832617444208076 5120
1761851157004 34.057668103903275 10240
1761851195569 108.37714787731583 15360
1761851234823 36.73060048515207 20480
1761851281341 47.365434998644865 25600
1761851328737 114.10898604347472 30720
1761851368649 42.5157268405421 35840
1761851415274 58.61486647008678 40960
1761851455415 31.296105058946427 46080
1761851492368 34.87783663321054 51200
1761851543918 120.23230614877454 56320
1761851581044 29.92426015239291 61440
1761851631218 56.23974577293876 66560
1761851673024 41.07431817068991 71680
1761851711901 48.757370036268945 76800
1761851747565 27.082740362885 81920
1761851807190 38.199489981785064 87040
1761851844461 25.780165340053475 92160
1761851883991 87.15799098144339 97280
1761851928944 111.29607811919546 102400
1761851979679 28.145346691450314 107520
1761852016246 145.72663470224447 112640
1761852064249 82.23480511332444 117760
1761852103066 138.22059647388366 122880
1761852147594 76.3934139589101 128000
1761852189524 114.48898594240481 133120
1761852232526 49.31980292322707 138240
1761852282356 25.108075426519008 143360
1761852321056 44.58420851226668 148480
1761852364072 142.4792445138936 153600
1761852409837 30.240551413863212 158720
1761852447954 62.21987509456913 163840
1761852504906 37.97709225573373 168960
1761852543072 63.99023586488878 174080
1761852581755 33.03043714512966 179200
1761852620655 40.34225915666359 184320
1761852675226 100.49366269736684 189440
1761852712398 35.423967298125895 194560
1761852758275 61.97349251614238 199680
1761852809442 119.2037742283863 204800
1761852849777 48.215932865846646 209920
1761852891473 58.24127971561875 215040
1761852933015 44.22178877560703 220160
1761852979955 110.87242928892414 225280
1761853020169 151.41345077795026 230400
1761853061082 89.38314331379861 235520
1761853098507 123.67470661083918 240640
1761853151138 34.12333626216278 245760
1761853193427 23.898351053525236 250880
1761853236981 151.15698428715584 256000
1761853278360 128.41540628253017 261120
1761853319524 48.986860700061904 266240
1761853363424 49.95597903763697 271360
1761853413579 30.04515759312321 276480
1761853453165 154.41239921952655 281600
1761853493783 42.222978346436875 286720
1761853541189 39.08003652423457 291840
1761853584331 140.11839379969265 296960
1761853593438 35.65160182580091 300032
