1761851115914 4.840198208826669 5120
1761851157009 3.5190549764260113 10240
1761851195573 2.843539061331902 15360
1761851234832 2.001687428145376 20480
1761851281345 1.4495366057914156 25600
1761851328742 1.0718948779657098 30720
1761851368655 0.8383385879334314 35840
1761851415279 0.6433764548717198 40960
1761851455420 0.4437367762338556 46080
1761851492374 0.31666856651683717 51200
1761851543924 0.18953785491060304 56320
1761851581050 0.1238794220825818 61440
1761851631224 0.07525307263899135 66560
1761851673030 0.009121974676767676 71680
1761851711907 -0.04727152133866097 76800
1761851747571 -0.10532254860839195 81920
1761851807196 -0.15071859195840348 87040
1761851844468 -0.19070289165440535 92160
1761851883997 -0.237376312846144 97280
1761851928950 -0.27745866237011024 102400
1761851979711 -0.31749379544769735 107520
1761852016253 -0.34496140163748434 112640
1761852064254 -0.3729146321143179 117760
1761852103071 -0.39536403422297767 122880
1761852147604 -0.4188463219929746 128000
1761852189529 -0.4277196906556496 133120
1761852232535 -0.4562976341817994 138240
1761852282362 -0.46011302796805775 143360
1761852321061 -0.47379663276060546 148480
1761852364077 -0.48044362703224985 153600
1761852409843 -0.4921763916846412 158720
1761852447965 -0.5026620497931393 163840
1761852504911 -0.5154902012270728 168960
1761852543077 -0.5279527626873856 174080
1761852581765 -0.5391724796507799 179200
1761852620662 -0.5465961959151469 184320
1761852675232 -0.5575924164763438 189440
1761852712406 -0.5702056877043045 194560
1761852758285 -0.5714488596274779 199680
1761852809559 -0.5810744431841339 204800
1761852849787 -0.5909617931020676 209920
1761852891479 -0.5949525069276749 215040
1761852933021 -0.5966555925548624 220160
1761852979962 -0.6018312596625659 225280
1761853020175 -0.6086244272408927 230400
1761853061090 -0.6182130528653893 235520
1761853098514 -0.6273993537179373 240640
1761853151146 -0.6304763755728917 245760
1761853193434 -0.6336960252381824 250880
1761853236988 -0.6390667295844131 256000
1761853278367 -0.6401972801390121 261120
1761853319534 -0.6485372093025881 266240
1761853363432 -0.6550367604118045 271360
1761853413588 -0.6599769436842613 276480
1761853453172 -0.662201658784634 281600
1761853493790 -0.6644352234964817 286720
1761853541199 -0.6718813163593446 291840
1761853584341 -0.6755684601025139 296960
1761853593445 -0.6770133283153509 300032
