1770757089026 18.203536987304688 5120
1770757098259 19.372926712036133 10240
1770757108345 20.206787109375 15360
1770757117214 20.696523666381836 20480
1770757125927 21.02342414855957 25600
1770757134415 21.114370346069336 30720
1770757143153 21.13656234741211 35840
1770757151927 21.221158981323242 40960
1770757161043 21.279932022094727 46080
1770757169506 21.331920623779297 51200
1770757178846 21.46111297607422 56320
1770757187444 21.530414581298828 61440
1770757196113 21.508682250976562 66560
1770757204499 21.50831413269043 71680
1770757213928 21.367774963378906 76800
1770757222578 21.25129508972168 81920
1770757231012 21.13349723815918 87040
1770757240042 21.049152374267578 92160
1770757248914 20.9055118560791 97280
1770757257420 20.784889221191406 102400
1770757266467 20.660388946533203 107520
1770757274290 20.474191665649414 112640
1770757282425 20.31364631652832 117760
1770757291145 20.196975708007812 122880
1770757299141 20.050973892211914 128000
1770757307425 19.9354190826416 133120
1770757315837 19.858478546142578 138240
1770757325417 19.75921630859375 143360
1770757334682 19.69216537475586 148480
1770757344027 19.603744506835938 153600
1770757353489 19.470348358154297 158720
1770757362933 19.385637283325195 163840
1770757371929 19.30782699584961 168960
1770757380929 19.200775146484375 174080
1770757391519 19.096744537353516 179200
1770757401444 19.011350631713867 184320
1770757412437 18.938724517822266 189440
1770757424357 18.868350982666016 194560
1770757436590 18.82798957824707 199680
1770757447197 18.75414276123047 204800
1770757456787 18.694522857666016 209920
1770757468547 18.62826156616211 215040
1770757478711 18.555797576904297 220160
1770757488663 18.442602157592773 225280
1770757497701 18.413301467895508 230400
1770757507985 18.362930297851562 235520
1770757517116 18.309432983398438 240640
1770757525927 18.272979736328125 245760
1770757535233 18.202035903930664 250880
1770757544690 18.140117645263672 256000
1770757553371 18.066116333007812 261120
1770757562666 17.993471145629883 266240
1770757571965 17.933944702148438 271360
1770757582444 17.88224983215332 276480
1770757592185 17.82818031311035 281600
1770757601529 17.785804748535156 286720
1770757612795 17.7535457611084 291840
1770757624049 17.72357749938965 296960
1770757632693 17.68050765991211 302080
1770757641448 17.643646240234375 307200
1770757650446 17.60803985595703 312320
1770757661715 17.59435272216797 317440
1770757670751 17.557228088378906 322560
1770757679840 17.51646614074707 327680
1770757689300 17.48055648803711 332800
1770757698656 17.455307006835938 337920
1770757707671 17.417057037353516 343040
1770757717119 17.392396926879883 348160
1770757726199 17.364608764648438 353280
1770757735955 17.323333740234375 358400
1770757745154 17.259252548217773 363520
1770757754305 17.15446662902832 368640
1770757763825 17.002458572387695 373760
1770757776052 16.863689422607422 378880
1770757785474 16.7446346282959 384000
1770757795081 16.62579345703125 389120
1770757804078 16.534046173095703 394240
1770757814070 16.441696166992188 399360
1770757822791 16.348031997680664 404480
1770757831421 16.252349853515625 409600
1770757840385 16.161760330200195 414720
1770757849656 16.063297271728516 419840
1770757858497 15.957334518432617 424960
1770757867013 15.850587844848633 430080
1770757876123 15.762611389160156 435200
1770757884729 15.656164169311523 440320
1770757893828 15.54183292388916 445440
1770757902964 15.413335800170898 450560
1770757911552 15.287455558776855 455680
1770757919963 15.176750183105469 460800
1770757928781 15.072929382324219 465920
1770757937734 14.976393699645996 471040
1770757946085 14.880473136901855 476160
1770757954508 14.78378963470459 481280
1770757963001 14.682188987731934 486400
1770757973597 14.587236404418945 491520
1770757984317 14.493643760681152 496640
1770757994066 14.411752700805664 501760
1770758004053 14.335183143615723 506880
1770758013043 14.256861686706543 512000
1770758021989 14.177450180053711 517120
1770758030661 14.102554321289062 522240
1770758040451 14.026538848876953 527360
1770758049949 13.955612182617188 532480
1770758060233 13.887893676757812 537600
1770758069892 13.814432144165039 542720
1770758079100 13.740424156188965 547840
1770758087983 13.670090675354004 552960
1770758096351 13.604766845703125 558080
1770758104967 13.533982276916504 563200
1770758113556 13.463107109069824 568320
1770758122669 13.388702392578125 573440
1770758131387 13.324057579040527 578560
1770758139943 13.252662658691406 583680
1770758149377 13.184842109680176 588800
1770758158298 13.111449241638184 593920
1770758167000 13.055520057678223 599040
1770758176944 12.998963356018066 604160
1770758186134 12.944188117980957 609280
1770758194998 12.885077476501465 614400
1770758204153 12.821578979492188 619520
1770758213368 12.763951301574707 624640
1770758221835 12.701826095581055 629760
1770758231377 12.647027015686035 634880
1770758240090 12.586980819702148 640000
1770758248552 12.54689884185791 645120
1770758256815 12.505962371826172 650240
1770758265935 12.4722318649292 655360
1770758275689 12.438379287719727 660480
1770758284907 12.41533374786377 665600
1770758294713 12.385432243347168 670720
1770758303391 12.351311683654785 675840
1770758311548 12.326109886169434 680960
1770758320808 12.288893699645996 686080
1770758330794 12.255141258239746 691200
1770758339293 12.213784217834473 696320
1770758348815 12.16933536529541 701440
1770758357375 12.126775741577148 706560
1770758365603 12.081634521484375 711680
1770758375342 12.042166709899902 716800
1770758383744 12.002809524536133 721920
1770758393655 11.960378646850586 727040
1770758403384 11.92227840423584 732160
1770758414077 11.877604484558105 737280
1770758423467 11.837308883666992 742400
1770758432472 11.797472953796387 747520
1770758441596 11.756086349487305 752640
1770758451926 11.714727401733398 757760
1770758460033 11.67646598815918 762880
1770758468512 11.643878936767578 768000
1770758476809 11.605430603027344 773120
1770758485018 11.566115379333496 778240
1770758493602 11.523202896118164 783360
1770758501916 11.492400169372559 788480
1770758510958 11.453164100646973 793600
1770758519527 11.4139404296875 798720
1770758528275 11.381990432739258 803840
1770758536409 11.34630298614502 808960
1770758545370 11.312500953674316 814080
1770758555243 11.28034496307373 819200
1770758564316 11.25345230102539 824320
1770758574248 11.228662490844727 829440
1770758583636 11.21328067779541 834560
1770758593206 11.191971778869629 839680
1770758602102 11.17380142211914 844800
1770758610318 11.154385566711426 849920
1770758621122 11.129944801330566 855040
1770758630280 11.11715316772461 860160
1770758639642 11.099945068359375 865280
1770758648864 11.077366828918457 870400
1770758658542 11.05390453338623 875520
1770758667759 11.028874397277832 880640
1770758679098 10.99752140045166 885760
1770758688430 10.971527099609375 890880
1770758697200 10.94309139251709 896000
1770758706231 10.911456108093262 901120
1770758715898 10.88077449798584 906240
1770758724208 10.851938247680664 911360
1770758732547 10.827299118041992 916480
1770758742138 10.80372142791748 921600
1770758753464 10.778754234313965 926720
1770758762448 10.74619197845459 931840
1770758771401 10.717009544372559 936960
1770758780002 10.688064575195312 942080
1770758789449 10.666152954101562 947200
1770758797921 10.643343925476074 952320
1770758807268 10.618789672851562 957440
1770758816146 10.598915100097656 962560
1770758826199 10.57907772064209 967680
1770758836709 10.559283256530762 972800
1770758848099 10.540807723999023 977920
1770758864747 10.516572952270508 983040
1770758877600 10.494526863098145 988160
1770758886561 10.473282814025879 993280
1770758895115 10.45082950592041 998400
1770758903730 10.42264175415039 1003520
1770758912147 10.400561332702637 1008640
1770758920585 10.383323669433594 1013760
1770758930704 10.3601713180542 1018880
1770758939985 10.332803726196289 1024000
1770758948012 10.312113761901855 1029120
1770758956556 10.29165267944336 1034240
1770758964902 10.270684242248535 1039360
1770758972928 10.255309104919434 1044480
1770758981377 10.233075141906738 1049600
1770758989240 10.21052360534668 1054720
1770758999200 10.187724113464355 1059840
1770759007822 10.168224334716797 1064960
1770759016411 10.146585464477539 1070080
1770759025482 10.12436294555664 1075200
1770759034398 10.100035667419434 1080320
1770759042460 10.081131935119629 1085440
1770759051688 10.05982494354248 1090560
1770759060794 10.038026809692383 1095680
1770759070410 10.016783714294434 1100800
1770759078827 9.99754524230957 1105920
1770759087853 9.977553367614746 1111040
1770759096855 9.958619117736816 1116160
1770759107159 9.935250282287598 1121280
1770759116500 9.915409088134766 1126400
1770759125735 9.89533519744873 1131520
1770759134557 9.876259803771973 1136640
1770759143262 9.857003211975098 1141760
1770759152111 9.834808349609375 1146880
1770759161078 9.817132949829102 1152000
1770759171354 9.798346519470215 1157120
1770759180073 9.778886795043945 1162240
1770759188917 9.761967658996582 1167360
1770759199632 9.745035171508789 1172480
1770759210045 9.725202560424805 1177600
1770759219839 9.70871639251709 1182720
1770759229174 9.691417694091797 1187840
1770759238177 9.670833587646484 1192960
1770759247578 9.651925086975098 1198080
1770759256650 9.636154174804688 1203200
1770759267282 9.618005752563477 1208320
1770759277411 9.601028442382812 1213440
1770759287579 9.582612037658691 1218560
1770759296905 9.564258575439453 1223680
1770759307661 9.548440933227539 1228800
1770759317234 9.529440879821777 1233920
1770759326263 9.508957862854004 1239040
1770759337586 9.490181922912598 1244160
1770759349630 9.468611717224121 1249280
1770759361049 9.449633598327637 1254400
1770759371795 9.430109977722168 1259520
1770759381935 9.410898208618164 1264640
1770759392851 9.392322540283203 1269760
1770759402365 9.370916366577148 1274880
1770759413190 9.352154731750488 1280000
1770759422744 9.334074974060059 1285120
1770759432499 9.317276954650879 1290240
1770759441916 9.300041198730469 1295360
1770759451121 9.28180980682373 1300480
1770759460680 9.26046371459961 1305600
1770759470431 9.244452476501465 1310720
1770759479231 9.228079795837402 1315840
1770759489823 9.209101676940918 1320960
1770759498874 9.192526817321777 1326080
1770759509391 9.176687240600586 1331200
1770759520044 9.159955978393555 1336320
1770759530883 9.146044731140137 1341440
1770759540540 9.132404327392578 1346560
1770759551357 9.111968040466309 1351680
1770759560569 9.096454620361328 1356800
1770759570115 9.077254295349121 1361920
1770759579653 9.057903289794922 1367040
1770759589270 9.039754867553711 1372160
1770759600507 9.023294448852539 1377280
1770759615328 9.006067276000977 1382400
1770759626677 8.987743377685547 1387520
1770759638323 8.972803115844727 1392640
1770759648708 8.957364082336426 1397760
1770759659477 8.942899703979492 1402880
1770759668968 8.928732872009277 1408000
1770759680003 8.914674758911133 1413120
1770759690104 8.897903442382812 1418240
1770759699854 8.883696556091309 1423360
1770759709733 8.86925983428955 1428480
1770759720187 8.854842185974121 1433600
1770759730616 8.84227466583252 1438720
1770759742169 8.828300476074219 1443840
1770759752582 8.812675476074219 1448960
1770759763464 8.798379898071289 1454080
1770759774394 8.783317565917969 1459200
1770759785864 8.767538070678711 1464320
1770759797348 8.753816604614258 1469440
1770759808597 8.740557670593262 1474560
1770759819834 8.729850769042969 1479680
1770759833289 8.715546607971191 1484800
1770759846310 8.701333999633789 1489920
1770759856065 8.686781883239746 1495040
1770759865746 8.67360782623291 1500160
1770759875716 8.66118335723877 1505280
1770759885321 8.648189544677734 1510400
1770759895702 8.636260032653809 1515520
1770759907401 8.622993469238281 1520640
1770759918666 8.611313819885254 1525760
1770759936408 8.598321914672852 1530880
1770759950840 8.584273338317871 1536000
1770759960432 8.572088241577148 1541120
1770759969495 8.559285163879395 1546240
1770759978902 8.546937942504883 1551360
1770759988077 8.533446311950684 1556480
1770759998181 8.522378921508789 1561600
1770760008084 8.512138366699219 1566720
1770760019659 8.501675605773926 1571840
1770760030617 8.490897178649902 1576960
1770760041912 8.481782913208008 1582080
1770760051165 8.471392631530762 1587200
1770760060469 8.461166381835938 1592320
1770760069864 8.453144073486328 1597440
1770760081204 8.442893028259277 1602560
1770760090805 8.43272590637207 1607680
1770760100277 8.422735214233398 1612800
1770760111097 8.41212272644043 1617920
1770760123107 8.40276050567627 1623040
1770760133315 8.394095420837402 1628160
1770760142239 8.385981559753418 1633280
1770760152447 8.375809669494629 1638400
1770760166626 8.366837501525879 1643520
1770760176651 8.358086585998535 1648640
1770760185725 8.349077224731445 1653760
1770760194850 8.338922500610352 1658880
1770760203684 8.329278945922852 1664000
1770760213023 8.320014953613281 1669120
1770760222250 8.312485694885254 1674240
1770760231257 8.303583145141602 1679360
1770760240260 8.294068336486816 1684480
1770760248948 8.284207344055176 1689600
1770760257694 8.276397705078125 1694720
1770760266474 8.268099784851074 1699840
1770760276278 8.262551307678223 1704960
1770760285330 8.256597518920898 1710080
1770760294546 8.250367164611816 1715200
1770760303727 8.24537181854248 1720320
1770760316377 8.239635467529297 1725440
1770760328000 8.233407020568848 1730560
1770760337650 8.22729778289795 1735680
1770760346972 8.2199068069458 1740800
1770760357567 8.213566780090332 1745920
1770760367821 8.206426620483398 1751040
1770760377870 8.198210716247559 1756160
1770760386813 8.190576553344727 1761280
1770760396844 8.184135437011719 1766400
1770760406145 8.177234649658203 1771520
1770760415492 8.169537544250488 1776640
1770760425265 8.161613464355469 1781760
1770760434818 8.154417991638184 1786880
1770760443508 8.148006439208984 1792000
1770760452909 8.142159461975098 1797120
1770760462339 8.1351318359375 1802240
1770760471648 8.12658977508545 1807360
1770760481050 8.119566917419434 1812480
1770760490523 8.110806465148926 1817600
1770760500521 8.10240650177002 1822720
1770760509941 8.094849586486816 1827840
1770760518774 8.085409164428711 1832960
1770760528697 8.076101303100586 1838080
1770760538550 8.068462371826172 1843200
1770760547874 8.058937072753906 1848320
1770760557479 8.049461364746094 1853440
1770760567114 8.03957748413086 1858560
1770760576376 8.031242370605469 1863680
1770760585782 8.021502494812012 1868800
1770760594557 8.012019157409668 1873920
1770760603564 8.003478050231934 1879040
1770760612996 7.996649742126465 1884160
1770760622966 7.987271308898926 1889280
1770760633601 7.978797912597656 1894400
1770760643492 7.971395492553711 1899520
1770760652867 7.963382720947266 1904640
1770760662032 7.953545093536377 1909760
1770760671751 7.94472599029541 1914880
1770760680560 7.9360833168029785 1920000
1770760689503 7.929276466369629 1925120
1770760697782 7.920058727264404 1930240
1770760708110 7.911540985107422 1935360
1770760717638 7.901896953582764 1940480
1770760726937 7.892213821411133 1945600
1770760736221 7.8813676834106445 1950720
1770760745212 7.8723344802856445 1955840
1770760753843 7.86371374130249 1960960
1770760762807 7.8542962074279785 1966080
1770760772175 7.844916820526123 1971200
1770760783632 7.835988521575928 1976320
1770760794043 7.8250651359558105 1981440
1770760804224 7.8155198097229 1986560
1770760813655 7.807849884033203 1991680
1770760823191 7.798823833465576 1996800
1770760833743 7.789405822753906 2001920
1770760843347 7.779565811157227 2007040
1770760852543 7.770650386810303 2012160
1770760861980 7.761557102203369 2017280
1770760871794 7.751223087310791 2022400
1770760881411 7.742145538330078 2027520
1770760890834 7.732506275177002 2032640
1770760899945 7.722330570220947 2037760
1770760910251 7.713948726654053 2042880
1770760919795 7.70344352722168 2048000
1770760928869 7.692483901977539 2053120
1770760938030 7.683254241943359 2058240
1770760949397 7.6746368408203125 2063360
1770760959335 7.666536331176758 2068480
1770760968624 7.658441066741943 2073600
1770760978080 7.649759292602539 2078720
1770760989520 7.639442443847656 2083840
1770761000276 7.630468368530273 2088960
1770761009499 7.6218366622924805 2094080
1770761018770 7.613241672515869 2099200
1770761028501 7.606039047241211 2104320
1770761038561 7.597758769989014 2109440
1770761048446 7.589859962463379 2114560
1770761058722 7.583445072174072 2119680
1770761068776 7.5752949714660645 2124800
1770761078506 7.567296028137207 2129920
1770761087497 7.560656547546387 2135040
1770761096694 7.5528998374938965 2140160
1770761106225 7.545528411865234 2145280
1770761115596 7.538240432739258 2150400
1770761124959 7.529891014099121 2155520
1770761134084 7.523130893707275 2160640
1770761143592 7.5143561363220215 2165760
1770761153336 7.5074872970581055 2170880
1770761162637 7.499238967895508 2176000
1770761171693 7.4940338134765625 2181120
1770761182344 7.487188816070557 2186240
1770761191905 7.4813690185546875 2191360
1770761201116 7.4742255210876465 2196480
1770761211081 7.468088626861572 2201600
1770761220580 7.462340354919434 2206720
1770761230555 7.45643949508667 2211840
1770761239862 7.451560974121094 2216960
1770761249354 7.446778774261475 2222080
1770761259603 7.441147327423096 2227200
1770761269049 7.435324668884277 2232320
1770761278860 7.430354118347168 2237440
1770761288759 7.425512313842773 2242560
1770761298739 7.419290065765381 2247680
1770761308007 7.4130706787109375 2252800
1770761317896 7.4066877365112305 2257920
1770761327126 7.40037727355957 2263040
1770761337192 7.396139144897461 2268160
1770761347030 7.38987922668457 2273280
1770761358109 7.384320259094238 2278400
1770761367480 7.378905296325684 2283520
1770761377839 7.372757911682129 2288640
1770761388857 7.366395950317383 2293760
1770761399227 7.357851505279541 2298880
1770761409757 7.352692127227783 2304000
1770761420181 7.346473217010498 2309120
1770761433517 7.340814113616943 2314240
1770761445815 7.334458827972412 2319360
1770761455277 7.32857084274292 2324480
1770761464609 7.323125839233398 2329600
1770761474751 7.317190170288086 2334720
1770761485682 7.311446189880371 2339840
1770761494260 7.305150508880615 2344960
1770761502999 7.300567150115967 2350080
1770761513216 7.295267581939697 2355200
1770761522864 7.290515899658203 2360320
1770761531385 7.286513805389404 2365440
1770761539833 7.28097677230835 2370560
1770761549776 7.276852130889893 2375680
1770761559084 7.27275276184082 2380800
1770761568195 7.268700122833252 2385920
1770761577354 7.264132022857666 2391040
1770761587505 7.25933837890625 2396160
1770761596581 7.254772663116455 2401280
1770761605982 7.248960494995117 2406400
1770761615326 7.243921279907227 2411520
1770761626494 7.23868989944458 2416640
1770761635278 7.23358678817749 2421760
1770761644035 7.228142261505127 2426880
1770761652531 7.222928524017334 2432000
1770761663712 7.216373920440674 2437120
1770761672708 7.2097487449646 2442240
1770761681801 7.2038984298706055 2447360
1770761690667 7.197825908660889 2452480
1770761700699 7.192914962768555 2457600
1770761709078 7.185840129852295 2462720
1770761717797 7.179396629333496 2467840
1770761726370 7.17378568649292 2472960
1770761735462 7.168389320373535 2478080
1770761744122 7.162751197814941 2483200
1770761752672 7.156133651733398 2488320
1770761761731 7.150345325469971 2493440
1770761770535 7.143776893615723 2498560
1770761779440 7.138216018676758 2503680
1770761788189 7.131927490234375 2508800
1770761796773 7.125716209411621 2513920
1770761805556 7.119026184082031 2519040
1770761814730 7.11269474029541 2524160
1770761825818 7.105888366699219 2529280
1770761835337 7.0991950035095215 2534400
1770761845715 7.092867374420166 2539520
1770761855537 7.086391448974609 2544640
1770761866753 7.0811591148376465 2549760
1770761876369 7.076419353485107 2554880
1770761885819 7.070329189300537 2560000
1770761895560 7.065227508544922 2565120
1770761907328 7.058232307434082 2570240
1770761916370 7.052967071533203 2575360
1770761925910 7.046935558319092 2580480
1770761935970 7.040923595428467 2585600
1770761948930 7.035981178283691 2590720
1770761959709 7.031040668487549 2595840
1770761968992 7.025766372680664 2600960
1770761978638 7.0215044021606445 2606080
1770761989708 7.0167999267578125 2611200
1770761997932 7.010706424713135 2616320
1770762005711 7.005367279052734 2621440
1770762013928 6.999753952026367 2626560
1770762022655 6.994533538818359 2631680
1770762030819 6.9894537925720215 2636800
1770762038479 6.984507083892822 2641920
1770762046609 6.977430820465088 2647040
1770762055485 6.971770286560059 2652160
1770762063712 6.965843200683594 2657280
1770762071373 6.960106372833252 2662400
1770762079261 6.954563140869141 2667520
1770762087703 6.949319362640381 2672640
1770762095934 6.943277835845947 2677760
1770762103649 6.936646938323975 2682880
1770762111714 6.930873394012451 2688000
1770762119766 6.924673080444336 2693120
1770762128109 6.918704509735107 2698240
1770762136070 6.913151741027832 2703360
1770762143990 6.908215522766113 2708480
1770762151858 6.901976585388184 2713600
1770762161687 6.896393299102783 2718720
1770762172000 6.890828609466553 2723840
1770762180909 6.885506629943848 2728960
1770762190688 6.87964391708374 2734080
1770762201036 6.874109268188477 2739200
1770762209980 6.869133472442627 2744320
1770762218233 6.863966464996338 2749440
1770762226982 6.859365463256836 2754560
1770762235951 6.853006362915039 2759680
1770762246334 6.8476972579956055 2764800
1770762256625 6.842651844024658 2769920
1770762266005 6.8370537757873535 2775040
1770762275680 6.831844806671143 2780160
1770762285109 6.827259063720703 2785280
1770762295411 6.822917461395264 2790400
1770762305171 6.818065166473389 2795520
1770762314707 6.812514781951904 2800640
1770762325390 6.807690143585205 2805760
1770762334284 6.8025383949279785 2810880
1770762344661 6.798309803009033 2816000
1770762355974 6.792778491973877 2821120
1770762369371 6.787802219390869 2826240
1770762378992 6.782304763793945 2831360
1770762389480 6.777785301208496 2836480
1770762398695 6.772426605224609 2841600
1770762408488 6.766965389251709 2846720
1770762419786 6.761490821838379 2851840
1770762430104 6.756989002227783 2856960
1770762438867 6.751950263977051 2862080
1770762449250 6.747766971588135 2867200
1770762459520 6.74392032623291 2872320
1770762469105 6.738577365875244 2877440
1770762478910 6.7331132888793945 2882560
1770762488562 6.727830410003662 2887680
1770762498797 6.723735332489014 2892800
1770762508453 6.718629837036133 2897920
1770762517294 6.714572906494141 2903040
1770762527222 6.709043025970459 2908160
1770762536324 6.703561782836914 2913280
1770762545711 6.6984639167785645 2918400
1770762554269 6.693474292755127 2923520
1770762563583 6.688660621643066 2928640
1770762572199 6.683791637420654 2933760
1770762582524 6.6789751052856445 2938880
1770762591172 6.674019813537598 2944000
1770762600189 6.670326232910156 2949120
1770762608891 6.666116237640381 2954240
1770762618568 6.662098407745361 2959360
1770762627746 6.65640115737915 2964480
1770762636863 6.651743412017822 2969600
1770762645721 6.64696741104126 2974720
1770762655833 6.643181324005127 2979840
1770762664345 6.638138771057129 2984960
1770762673120 6.633692741394043 2990080
1770762681621 6.628538131713867 2995200
1770762691335 6.624417781829834 3000320
1770762699637 6.620684623718262 3005440
1770762708013 6.615771770477295 3010560
1770762717416 6.6126508712768555 3015680
1770762726536 6.608081817626953 3020800
1770762734356 6.603557586669922 3025920
1770762742422 6.598842620849609 3031040
1770762750428 6.594578742980957 3036160
1770762759617 6.590639591217041 3041280
1770762768819 6.586833953857422 3046400
1770762777019 6.583193302154541 3051520
1770762785844 6.577644348144531 3056640
1770762795042 6.573497295379639 3061760
1770762803580 6.568293571472168 3066880
1770762811398 6.563348770141602 3072000
1770762819393 6.558514595031738 3077120
1770762827385 6.5540361404418945 3082240
1770762835057 6.549107074737549 3087360
1770762843303 6.5444655418396 3092480
1770762851046 6.539103984832764 3097600
1770762858948 6.534145355224609 3102720
1770762866681 6.528794288635254 3107840
1770762874889 6.524488925933838 3112960
1770762882728 6.519994258880615 3118080
1770762890628 6.515071392059326 3123200
1770762898450 6.51083517074585 3128320
1770762906294 6.50649356842041 3133440
1770762914530 6.501871109008789 3138560
1770762922430 6.496927261352539 3143680
1770762929979 6.4921464920043945 3148800
1770762938029 6.486767292022705 3153920
1770762946208 6.482528209686279 3159040
1770762954086 6.477293968200684 3164160
1770762961900 6.472415447235107 3169280
1770762969865 6.467700004577637 3174400
1770762978698 6.464076042175293 3179520
1770762988458 6.460412979125977 3184640
1770762997993 6.455826282501221 3189760
1770763006551 6.450781345367432 3194880
1770763015447 6.446216583251953 3200000
1770763025421 6.441299915313721 3205120
1770763034430 6.437404632568359 3210240
1770763043106 6.432948112487793 3215360
1770763051938 6.42849063873291 3220480
1770763061526 6.424189567565918 3225600
1770763070674 6.4192728996276855 3230720
1770763079750 6.414302349090576 3235840
1770763089950 6.409950256347656 3240960
1770763100107 6.4054036140441895 3246080
1770763108774 6.402263641357422 3251200
1770763117691 6.3974809646606445 3256320
1770763126309 6.394207954406738 3261440
1770763137213 6.389769554138184 3266560
1770763148870 6.385376453399658 3271680
1770763157792 6.3803839683532715 3276800
1770763166959 6.375671863555908 3281920
1770763176755 6.371627330780029 3287040
1770763185762 6.367269039154053 3292160
1770763194341 6.3634209632873535 3297280
1770763202957 6.35966682434082 3302400
1770763212421 6.355183124542236 3307520
1770763221896 6.349978446960449 3312640
1770763231519 6.345755100250244 3317760
1770763240157 6.340514659881592 3322880
1770763249051 6.335495948791504 3328000
1770763257684 6.330880641937256 3333120
1770763266976 6.32609748840332 3338240
1770763275730 6.322524070739746 3343360
1770763284814 6.318133354187012 3348480
1770763292975 6.313587188720703 3353600
1770763301161 6.309834003448486 3358720
1770763309937 6.305858135223389 3363840
1770763317940 6.301332950592041 3368960
1770763326516 6.296905994415283 3374080
1770763334838 6.291922092437744 3379200
1770763343675 6.287934303283691 3384320
1770763351843 6.283267021179199 3389440
1770763359949 6.279061794281006 3394560
1770763368256 6.27523946762085 3399680
1770763376511 6.271446704864502 3404800
1770763385169 6.266947269439697 3409920
1770763393556 6.262973308563232 3415040
1770763404716 6.259186744689941 3420160
1770763415830 6.255941867828369 3425280
1770763424962 6.252124786376953 3430400
1770763433464 6.24770975112915 3435520
1770763441747 6.24359130859375 3440640
1770763450802 6.239615440368652 3445760
1770763459615 6.235989093780518 3450880
1770763467587 6.231779098510742 3456000
1770763475894 6.228037357330322 3461120
1770763484333 6.2238335609436035 3466240
1770763492594 6.219808578491211 3471360
1770763501267 6.216231346130371 3476480
1770763509357 6.212635040283203 3481600
1770763517867 6.207901954650879 3486720
1770763526399 6.203914642333984 3491840
1770763535018 6.199678897857666 3496960
1770763543272 6.195522785186768 3502080
1770763552003 6.191527366638184 3507200
1770763560156 6.18751335144043 3512320
1770763568692 6.183518886566162 3517440
1770763577108 6.179815292358398 3522560
1770763585827 6.176393508911133 3527680
1770763594241 6.172542095184326 3532800
1770763602612 6.169319152832031 3537920
1770763611397 6.165599346160889 3543040
1770763620122 6.162379741668701 3548160
1770763629723 6.158073902130127 3553280
1770763638866 6.153713703155518 3558400
1770763647366 6.150233745574951 3563520
1770763656383 6.14639139175415 3568640
1770763664647 6.142684459686279 3573760
1770763673029 6.138337135314941 3578880
1770763681436 6.134769916534424 3584000
1770763690932 6.13081169128418 3589120
1770763700768 6.126816272735596 3594240
1770763709480 6.122876167297363 3599360
1770763718754 6.1190643310546875 3604480
1770763727742 6.114962577819824 3609600
1770763739548 6.1112189292907715 3614720
1770763750893 6.106800079345703 3619840
1770763761036 6.102287769317627 3624960
1770763771577 6.0983195304870605 3630080
1770763782065 6.09434700012207 3635200
1770763792407 6.090309143066406 3640320
1770763803019 6.0864057540893555 3645440
1770763814696 6.082434177398682 3650560
1770763823814 6.07796049118042 3655680
1770763834252 6.073840141296387 3660800
1770763844608 6.070918560028076 3665920
1770763853523 6.067544460296631 3671040
1770763861804 6.063340187072754 3676160
1770763870629 6.059011459350586 3681280
1770763878993 6.055417537689209 3686400
1770763887925 6.051595687866211 3691520
1770763896195 6.047563076019287 3696640
1770763904498 6.0438618659973145 3701760
1770763913026 6.04050350189209 3706880
1770763922328 6.037822246551514 3712000
1770763930660 6.034376621246338 3717120
1770763939098 6.031686305999756 3722240
1770763947688 6.028655052185059 3727360
1770763957103 6.0261454582214355 3732480
1770763965310 6.023020267486572 3737600
1770763973430 6.020602703094482 3742720
1770763982014 6.018081188201904 3747840
1770763990642 6.015632152557373 3752960
1770763999636 6.013007164001465 3758080
1770764008189 6.0097222328186035 3763200
1770764016389 6.0067620277404785 3768320
1770764025306 6.003366470336914 3773440
1770764034178 6.000337600708008 3778560
1770764042350 5.996922969818115 3783680
1770764050764 5.993789196014404 3788800
1770764059705 5.989712238311768 3793920
1770764067909 5.986191272735596 3799040
1770764076527 5.982768535614014 3804160
1770764085080 5.9792633056640625 3809280
1770764093544 5.976320743560791 3814400
1770764101955 5.9739580154418945 3819520
1770764110435 5.970925807952881 3824640
1770764119345 5.96785831451416 3829760
1770764128296 5.964611530303955 3834880
1770764136541 5.962157249450684 3840000
1770764145321 5.959649562835693 3845120
1770764153481 5.955802917480469 3850240
1770764162413 5.951837062835693 3855360
1770764170767 5.9485368728637695 3860480
1770764179104 5.9447479248046875 3865600
1770764187449 5.94105863571167 3870720
1770764195911 5.937182903289795 3875840
1770764204895 5.93412971496582 3880960
1770764213000 5.930332660675049 3886080
1770764221474 5.927590847015381 3891200
1770764230120 5.9241623878479 3896320
1770764238884 5.920310020446777 3901440
1770764247449 5.916759490966797 3906560
1770764255700 5.913210868835449 3911680
1770764264453 5.909797191619873 3916800
1770764273222 5.906359672546387 3921920
1770764281507 5.903257846832275 3927040
1770764289955 5.900142192840576 3932160
1770764298636 5.896893501281738 3937280
1770764306899 5.892966270446777 3942400
1770764315600 5.889305591583252 3947520
1770764324009 5.885858058929443 3952640
1770764332462 5.882155418395996 3957760
1770764341106 5.878850936889648 3962880
1770764350312 5.875007152557373 3968000
1770764358601 5.871772289276123 3973120
1770764367147 5.86879301071167 3978240
1770764375782 5.864927768707275 3983360
1770764383842 5.86093282699585 3988480
1770764392852 5.8577189445495605 3993600
1770764401936 5.854599475860596 3998720
1770764410441 5.851454734802246 4003840
1770764418666 5.848987579345703 4008960
1770764427310 5.845672130584717 4014080
1770764436517 5.843081474304199 4019200
1770764444749 5.841374397277832 4024320
1770764453376 5.838914394378662 4029440
1770764461706 5.837462425231934 4034560
1770764470465 5.8361101150512695 4039680
1770764479412 5.835382461547852 4044800
1770764487639 5.83485221862793 4049920
1770764496159 5.833451271057129 4055040
1770764504585 5.832789897918701 4060160
1770764513424 5.830691814422607 4065280
1770764522449 5.829110145568848 4070400
1770764530817 5.827759742736816 4075520
1770764539495 5.82557487487793 4080640
1770764548964 5.823256492614746 4085760
1770764557675 5.820935249328613 4090880
1770764565972 5.818410873413086 4096000
1770764574164 5.817058086395264 4101120
1770764582798 5.815413951873779 4106240
1770764591186 5.81403112411499 4111360
1770764599870 5.813940048217773 4116480
1770764608311 5.813814640045166 4121600
1770764617129 5.813488960266113 4126720
1770764625730 5.8131794929504395 4131840
1770764634064 5.813104629516602 4136960
1770764642936 5.812039375305176 4142080
1770764651631 5.810932159423828 4147200
1770764659813 5.8088274002075195 4152320
1770764668398 5.806522369384766 4157440
1770764676878 5.803487777709961 4162560
1770764686218 5.80086612701416 4167680
1770764694305 5.797453880310059 4172800
1770764702594 5.794711589813232 4177920
1770764711034 5.7916951179504395 4183040
1770764719710 5.78916597366333 4188160
1770764728667 5.786718845367432 4193280
1770764736626 5.784335613250732 4198400
1770764744278 5.7819342613220215 4203520
1770764751971 5.779416561126709 4208640
1770764759841 5.776617527008057 4213760
1770764768130 5.773403644561768 4218880
1770764776058 5.770599365234375 4224000
1770764784122 5.768226146697998 4229120
1770764792311 5.7654523849487305 4234240
1770764799998 5.762254238128662 4239360
1770764807883 5.7592082023620605 4244480
1770764816011 5.756250858306885 4249600
1770764823757 5.753157138824463 4254720
1770764831953 5.74951171875 4259840
1770764840216 5.7465691566467285 4264960
1770764848076 5.74359130859375 4270080
1770764855761 5.740367412567139 4275200
1770764864055 5.737390518188477 4280320
1770764872064 5.734327793121338 4285440
1770764880776 5.7311882972717285 4290560
1770764890376 5.728605270385742 4295680
1770764899906 5.725741386413574 4300800
1770764908873 5.7235331535339355 4305920
1770764917948 5.721002578735352 4311040
1770764926699 5.718240261077881 4316160
1770764935303 5.71555757522583 4321280
1770764944970 5.713019847869873 4326400
1770764954114 5.710463523864746 4331520
1770764963054 5.707555294036865 4336640
1770764971747 5.704376220703125 4341760
1770764980329 5.70131254196167 4346880
1770764988658 5.698437690734863 4352000
1770764997102 5.695409297943115 4357120
1770765005750 5.692951202392578 4362240
1770765014726 5.69053840637207 4367360
1770765022903 5.687541484832764 4372480
1770765031349 5.684539318084717 4377600
1770765040747 5.681779861450195 4382720
1770765049060 5.679267406463623 4387840
1770765058168 5.676476001739502 4392960
1770765066619 5.673611164093018 4398080
1770765074996 5.671627998352051 4403200
1770765083747 5.668952465057373 4408320
1770765092811 5.6663384437561035 4413440
1770765101109 5.663747310638428 4418560
1770765109556 5.661087512969971 4423680
1770765118027 5.658682823181152 4428800
1770765126678 5.655510902404785 4433920
1770765135452 5.652426719665527 4439040
1770765143744 5.650108337402344 4444160
1770765152655 5.647080421447754 4449280
1770765161336 5.6448493003845215 4454400
1770765169775 5.642128944396973 4459520
1770765178857 5.638996601104736 4464640
1770765187871 5.636345386505127 4469760
1770765196618 5.633631229400635 4474880
1770765204777 5.630266189575195 4480000
1770765213603 5.627317428588867 4485120
1770765222717 5.6251959800720215 4490240
1770765231205 5.622030258178711 4495360
1770765239582 5.619779109954834 4500480
1770765247821 5.616962909698486 4505600
1770765256547 5.614372253417969 4510720
1770765265768 5.611815929412842 4515840
1770765274284 5.608999729156494 4520960
1770765282583 5.606479644775391 4526080
1770765291147 5.603675842285156 4531200
1770765299723 5.60137939453125 4536320
1770765308602 5.599620342254639 4541440
1770765316951 5.597975254058838 4546560
1770765325618 5.5960469245910645 4551680
1770765333994 5.594044208526611 4556800
1770765342677 5.591627597808838 4561920
1770765351137 5.589118480682373 4567040
1770765359885 5.586398601531982 4572160
1770765368218 5.584570407867432 4577280
1770765376694 5.581898212432861 4582400
1770765385284 5.58010721206665 4587520
1770765394075 5.578251361846924 4592640
1770765402740 5.575847625732422 4597760
1770765410875 5.573855876922607 4602880
1770765419659 5.57112979888916 4608000
1770765428761 5.569286823272705 4613120
1770765437308 5.567380905151367 4618240
1770765445636 5.565542221069336 4623360
1770765454688 5.563469886779785 4628480
1770765463301 5.561530590057373 4633600
1770765472506 5.559605598449707 4638720
1770765480740 5.556835651397705 4643840
1770765489236 5.554728984832764 4648960
1770765497975 5.552847385406494 4654080
1770765506610 5.551075458526611 4659200
1770765515665 5.548900127410889 4664320
1770765523865 5.546749114990234 4669440
1770765532566 5.544389247894287 4674560
1770765541452 5.542387008666992 4679680
1770765550319 5.5401201248168945 4684800
1770765558604 5.537995338439941 4689920
1770765567755 5.535440921783447 4695040
1770765576186 5.53340482711792 4700160
1770765584373 5.531793117523193 4705280
1770765592953 5.529511451721191 4710400
1770765602274 5.527550220489502 4715520
1770765610695 5.526006698608398 4720640
1770765619141 5.524391174316406 4725760
1770765627732 5.522597789764404 4730880
1770765636330 5.52080774307251 4736000
1770765645531 5.5199079513549805 4741120
1770765653808 5.518221855163574 4746240
1770765662086 5.516422271728516 4751360
1770765670717 5.515220642089844 4756480
1770765679396 5.513840198516846 4761600
1770765688326 5.512453079223633 4766720
1770765696782 5.511106967926025 4771840
1770765705337 5.5092267990112305 4776960
1770765713829 5.507833003997803 4782080
1770765722600 5.506057262420654 4787200
1770765730911 5.5039825439453125 4792320
1770765739300 5.502497673034668 4797440
1770765747869 5.5008111000061035 4802560
1770765756167 5.500027656555176 4807680
1770765764910 5.498457908630371 4812800
1770765774157 5.496819019317627 4817920
1770765782798 5.495353698730469 4823040
1770765791129 5.493228912353516 4828160
1770765799764 5.4912848472595215 4833280
1770765808414 5.489955425262451 4838400
1770765817232 5.487929821014404 4843520
1770765825713 5.486337184906006 4848640
1770765834127 5.484777927398682 4853760
1770765843208 5.482761383056641 4858880
1770765851728 5.480973243713379 4864000
1770765860553 5.4795732498168945 4869120
1770765868906 5.4776458740234375 4874240
1770765877117 5.475814342498779 4879360
1770765885792 5.473811626434326 4884480
1770765894682 5.472248554229736 4889600
1770765903233 5.470794677734375 4894720
1770765912139 5.469780921936035 4899840
1770765920609 5.468214511871338 4904960
1770765928917 5.466377258300781 4910080
1770765937490 5.465150356292725 4915200
1770765946948 5.46427059173584 4920320
1770765955193 5.462923049926758 4925440
1770765963650 5.461702346801758 4930560
1770765972247 5.460114002227783 4935680
1770765981186 5.458236217498779 4940800
1770765989991 5.456583499908447 4945920
1770765998193 5.454743385314941 4951040
1770766006746 5.452576160430908 4956160
1770766015508 5.4503631591796875 4961280
1770766023993 5.448215484619141 4966400
1770766032802 5.446014404296875 4971520
1770766040977 5.444442272186279 4976640
1770766049460 5.4423627853393555 4981760
1770766057996 5.440053462982178 4986880
1770766066196 5.438581943511963 4992000
1770766075098 5.436646461486816 4997120
1770766078710 5.436069011688232 5000192
