1770757089026 1.1045340299606323 5120
1770757098259 1.1136025190353394 10240
1770757108345 1.128380298614502 15360
1770757117214 1.1444556713104248 20480
1770757125927 1.1482200622558594 25600
1770757134415 1.1426254510879517 30720
1770757143153 1.1389662027359009 35840
1770757151927 1.1395140886306763 40960
1770757161043 1.1399403810501099 46080
1770757169506 1.1391375064849854 51200
1770757178846 1.14400053024292 56320
1770757187444 1.1477614641189575 61440
1770757196113 1.1457347869873047 66560
1770757204499 1.1456202268600464 71680
1770757213928 1.1438064575195312 76800
1770757222578 1.146283507347107 81920
1770757231012 1.148983359336853 87040
1770757240042 1.1520260572433472 92160
1770757248914 1.152485966682434 97280
1770757257420 1.1554020643234253 102400
1770757266467 1.1589078903198242 107520
1770757274290 1.1596587896347046 112640
1770757282425 1.1595854759216309 117760
1770757291145 1.160813331604004 122880
1770757299141 1.1611117124557495 128000
1770757307425 1.1607919931411743 133120
1770757315837 1.1614173650741577 138240
1770757325417 1.160025715827942 143360
1770757334682 1.1609677076339722 148480
1770757344027 1.1608771085739136 153600
1770757353489 1.1590948104858398 158720
1770757362933 1.1589038372039795 163840
1770757371929 1.15907621383667 168960
1770757380929 1.1576002836227417 174080
1770757391519 1.1560932397842407 179200
1770757401444 1.1544724702835083 184320
1770757412437 1.1544724702835083 189440
1770757424357 1.154741883277893 194560
1770757436590 1.1561437845230103 199680
1770757447197 1.155910849571228 204800
1770757456787 1.1557048559188843 209920
1770757468547 1.1548762321472168 215040
1770757478711 1.1543002128601074 220160
1770757488663 1.1534724235534668 225280
1770757497701 1.1535934209823608 230400
1770757507985 1.1530091762542725 235520
1770757517116 1.1527621746063232 240640
1770757525927 1.1541426181793213 245760
1770757535233 1.154388666152954 250880
1770757544690 1.1543301343917847 256000
1770757553371 1.1541903018951416 261120
1770757562666 1.1535286903381348 266240
1770757571965 1.153270959854126 271360
1770757582444 1.1532007455825806 276480
1770757592185 1.1525930166244507 281600
1770757601529 1.1522839069366455 286720
1770757612795 1.1526910066604614 291840
1770757624049 1.1528478860855103 296960
1770757632693 1.1521447896957397 302080
1770757641448 1.151327133178711 307200
1770757650446 1.1513314247131348 312320
1770757661715 1.1520476341247559 317440
1770757670751 1.1518027782440186 322560
1770757679840 1.151110053062439 327680
1770757689300 1.1505054235458374 332800
1770757698656 1.1504108905792236 337920
1770757707671 1.1500324010849 343040
1770757717119 1.1499589681625366 348160
1770757726199 1.1501171588897705 353280
1770757735955 1.1500167846679688 358400
1770757745154 1.1494402885437012 363520
1770757754305 1.150922179222107 368640
1770757763825 1.1510931253433228 373760
1770757776052 1.1505825519561768 378880
1770757785474 1.1519224643707275 384000
1770757795081 1.1518192291259766 389120
1770757804078 1.152828574180603 394240
1770757814070 1.153026819229126 399360
1770757822791 1.1527352333068848 404480
1770757831421 1.1520088911056519 409600
1770757840385 1.1522789001464844 414720
1770757849656 1.1527913808822632 419840
1770757858497 1.153047800064087 424960
1770757867013 1.1523977518081665 430080
1770757876123 1.1526801586151123 435200
1770757884729 1.1521077156066895 440320
1770757893828 1.1520144939422607 445440
1770757902964 1.1508488655090332 450560
1770757911552 1.150334358215332 455680
1770757919963 1.1503920555114746 460800
1770757928781 1.1506162881851196 465920
1770757937734 1.1509416103363037 471040
1770757946085 1.151039958000183 476160
1770757954508 1.1512211561203003 481280
1770757963001 1.1505179405212402 486400
1770757973597 1.1504309177398682 491520
1770757984317 1.1501405239105225 496640
1770757994066 1.1502095460891724 501760
1770758004053 1.1506445407867432 506880
1770758013043 1.150540828704834 512000
1770758021989 1.1497591733932495 517120
1770758030661 1.1494569778442383 522240
1770758040451 1.1493046283721924 527360
1770758049949 1.1492198705673218 532480
1770758060233 1.148891806602478 537600
1770758069892 1.1484216451644897 542720
1770758079100 1.1484812498092651 547840
1770758087983 1.1484758853912354 552960
1770758096351 1.1486096382141113 558080
1770758104967 1.1482782363891602 563200
1770758113556 1.1481132507324219 568320
1770758122669 1.1478583812713623 573440
1770758131387 1.1482183933258057 578560
1770758139943 1.1477559804916382 583680
1770758149377 1.1473417282104492 588800
1770758158298 1.1469321250915527 593920
1770758167000 1.1473912000656128 599040
1770758176944 1.1476930379867554 604160
1770758186134 1.1480193138122559 609280
1770758194998 1.1479436159133911 614400
1770758204153 1.1474275588989258 619520
1770758213368 1.1473133563995361 624640
1770758221835 1.1466315984725952 629760
1770758231377 1.1463308334350586 634880
1770758240090 1.146098017692566 640000
1770758248552 1.1467963457107544 645120
1770758256815 1.1467475891113281 650240
1770758265935 1.1470978260040283 655360
1770758275689 1.147697925567627 660480
1770758284907 1.1481298208236694 665600
1770758294713 1.148160696029663 670720
1770758303391 1.1480275392532349 675840
1770758311548 1.1478872299194336 680960
1770758320808 1.1477949619293213 686080
1770758330794 1.1483395099639893 691200
1770758339293 1.1483561992645264 696320
1770758348815 1.1479586362838745 701440
1770758357375 1.1478720903396606 706560
1770758365603 1.1478458642959595 711680
1770758375342 1.1480708122253418 716800
1770758383744 1.1485676765441895 721920
1770758393655 1.1486749649047852 727040
1770758403384 1.1485718488693237 732160
1770758414077 1.1482340097427368 737280
1770758423467 1.148239254951477 742400
1770758432472 1.1483211517333984 747520
1770758441596 1.1484806537628174 752640
1770758451926 1.148389458656311 757760
1770758460033 1.1482453346252441 762880
1770758468512 1.1482218503952026 768000
1770758476809 1.1480507850646973 773120
1770758485018 1.1478315591812134 778240
1770758493602 1.1474547386169434 783360
1770758501916 1.1478360891342163 788480
1770758510958 1.1477824449539185 793600
1770758519527 1.1476384401321411 798720
1770758528275 1.1478245258331299 803840
1770758536409 1.147491216659546 808960
1770758545370 1.147338628768921 814080
1770758555243 1.1471068859100342 819200
1770758564316 1.1469993591308594 824320
1770758574248 1.1468812227249146 829440
1770758583636 1.1470707654953003 834560
1770758593206 1.1473950147628784 839680
1770758602102 1.1473205089569092 844800
1770758610318 1.147330641746521 849920
1770758621122 1.1472387313842773 855040
1770758630280 1.1475787162780762 860160
1770758639642 1.147750973701477 865280
1770758648864 1.147582769393921 870400
1770758658542 1.1478253602981567 875520
1770758667759 1.147918701171875 880640
1770758679098 1.1481070518493652 885760
1770758688430 1.1481802463531494 890880
1770758697200 1.148241639137268 896000
1770758706231 1.1480700969696045 901120
1770758715898 1.148051381111145 906240
1770758724208 1.1481865644454956 911360
1770758732547 1.1480724811553955 916480
1770758742138 1.1479144096374512 921600
1770758753464 1.1479071378707886 926720
1770758762448 1.1473956108093262 931840
1770758771401 1.1472119092941284 936960
1770758780002 1.1469395160675049 942080
1770758789449 1.1469290256500244 947200
1770758797921 1.1469651460647583 952320
1770758807268 1.1466506719589233 957440
1770758816146 1.1465637683868408 962560
1770758826199 1.1468923091888428 967680
1770758836709 1.146990418434143 972800
1770758848099 1.1472750902175903 977920
1770758864747 1.1472303867340088 983040
1770758877600 1.1472173929214478 988160
1770758886561 1.1473604440689087 993280
1770758895115 1.1473830938339233 998400
1770758903730 1.1471909284591675 1003520
1770758912147 1.1472208499908447 1008640
1770758920585 1.1477173566818237 1013760
1770758930704 1.1477550268173218 1018880
1770758939985 1.1476666927337646 1024000
1770758948012 1.1476876735687256 1029120
1770758956556 1.1477301120758057 1034240
1770758964902 1.1476972103118896 1039360
1770758972928 1.1479294300079346 1044480
1770758981377 1.1477612257003784 1049600
1770758989240 1.1476778984069824 1054720
1770758999200 1.147495150566101 1059840
1770759007822 1.1476280689239502 1064960
1770759016411 1.1476231813430786 1070080
1770759025482 1.1476062536239624 1075200
1770759034398 1.1472545862197876 1080320
1770759042460 1.1473363637924194 1085440
1770759051688 1.1472991704940796 1090560
1770759060794 1.1471657752990723 1095680
1770759070410 1.1472489833831787 1100800
1770759078827 1.1473077535629272 1105920
1770759087853 1.147382378578186 1111040
1770759096855 1.1473538875579834 1116160
1770759107159 1.1471972465515137 1121280
1770759116500 1.1471375226974487 1126400
1770759125735 1.1472601890563965 1131520
1770759134557 1.1471660137176514 1136640
1770759143262 1.1470589637756348 1141760
1770759152111 1.1470242738723755 1146880
1770759161078 1.147013783454895 1152000
1770759171354 1.146977424621582 1157120
1770759180073 1.146835446357727 1162240
1770759188917 1.1469039916992188 1167360
1770759199632 1.1469333171844482 1172480
1770759210045 1.1467541456222534 1177600
1770759219839 1.1468223333358765 1182720
1770759229174 1.14686119556427 1187840
1770759238177 1.1467921733856201 1192960
1770759247578 1.1467761993408203 1198080
1770759256650 1.146899938583374 1203200
1770759267282 1.1464715003967285 1208320
1770759277411 1.1463383436203003 1213440
1770759287579 1.146059274673462 1218560
1770759296905 1.1460380554199219 1223680
1770759307661 1.1461538076400757 1228800
1770759317234 1.1462931632995605 1233920
1770759326263 1.1462280750274658 1239040
1770759337586 1.1463664770126343 1244160
1770759349630 1.145930290222168 1249280
1770759361049 1.145926833152771 1254400
1770759371795 1.1459048986434937 1259520
1770759381935 1.1457632780075073 1264640
1770759392851 1.145697832107544 1269760
1770759402365 1.1454052925109863 1274880
1770759413190 1.1453828811645508 1280000
1770759422744 1.145391583442688 1285120
1770759432499 1.1455013751983643 1290240
1770759441916 1.1455248594284058 1295360
1770759451121 1.1454850435256958 1300480
1770759460680 1.1452804803848267 1305600
1770759470431 1.1454393863677979 1310720
1770759479231 1.1455472707748413 1315840
1770759489823 1.1454755067825317 1320960
1770759498874 1.1455683708190918 1326080
1770759509391 1.145341396331787 1331200
1770759520044 1.14534330368042 1336320
1770759530883 1.1454026699066162 1341440
1770759540540 1.1454640626907349 1346560
1770759551357 1.1449658870697021 1351680
1770759560569 1.1450015306472778 1356800
1770759570115 1.1446400880813599 1361920
1770759579653 1.1444367170333862 1367040
1770759589270 1.1443954706192017 1372160
1770759600507 1.1444382667541504 1377280
1770759615328 1.1443445682525635 1382400
1770759626677 1.1441426277160645 1387520
1770759638323 1.144247055053711 1392640
1770759648708 1.1442930698394775 1397760
1770759659477 1.144444465637207 1402880
1770759668968 1.1444766521453857 1408000
1770759680003 1.1444014310836792 1413120
1770759690104 1.1441737413406372 1418240
1770759699854 1.1443036794662476 1423360
1770759709733 1.1443384885787964 1428480
1770759720187 1.1442866325378418 1433600
1770759730616 1.14442777633667 1438720
1770759742169 1.1445767879486084 1443840
1770759752582 1.1445084810256958 1448960
1770759763464 1.1446107625961304 1454080
1770759774394 1.14445161819458 1459200
1770759785864 1.1443504095077515 1464320
1770759797348 1.1443049907684326 1469440
1770759808597 1.1442750692367554 1474560
1770759819834 1.144413948059082 1479680
1770759833289 1.1442339420318604 1484800
1770759846310 1.1441731452941895 1489920
1770759856065 1.1440587043762207 1495040
1770759865746 1.1441444158554077 1500160
1770759875716 1.1441086530685425 1505280
1770759885321 1.1440069675445557 1510400
1770759895702 1.144106388092041 1515520
1770759907401 1.1437963247299194 1520640
1770759918666 1.143850564956665 1525760
1770759936408 1.1438218355178833 1530880
1770759950840 1.1436643600463867 1536000
1770759960432 1.1436423063278198 1541120
1770759969495 1.1436432600021362 1546240
1770759978902 1.1436964273452759 1551360
1770759988077 1.1433626413345337 1556480
1770759998181 1.14346182346344 1561600
1770760008084 1.143613576889038 1566720
1770760019659 1.1436045169830322 1571840
1770760030617 1.1436221599578857 1576960
1770760041912 1.143728256225586 1582080
1770760051165 1.1435871124267578 1587200
1770760060469 1.1435803174972534 1592320
1770760069864 1.143655776977539 1597440
1770760081204 1.1435514688491821 1602560
1770760090805 1.143507719039917 1607680
1770760100277 1.14353609085083 1612800
1770760111097 1.143480658531189 1617920
1770760123107 1.1433711051940918 1623040
1770760133315 1.1434067487716675 1628160
1770760142239 1.143431305885315 1633280
1770760152447 1.143354058265686 1638400
1770760166626 1.1433601379394531 1643520
1770760176651 1.143418788909912 1648640
1770760185725 1.1433089971542358 1653760
1770760194850 1.1433045864105225 1658880
1770760203684 1.1433724164962769 1664000
1770760213023 1.1432470083236694 1669120
1770760222250 1.1434156894683838 1674240
1770760231257 1.1433985233306885 1679360
1770760240260 1.143236756324768 1684480
1770760248948 1.1430388689041138 1689600
1770760257694 1.142882227897644 1694720
1770760266474 1.142674446105957 1699840
1770760276278 1.1427215337753296 1704960
1770760285330 1.142698049545288 1710080
1770760294546 1.142641305923462 1715200
1770760303727 1.1426901817321777 1720320
1770760316377 1.1427268981933594 1725440
1770760328000 1.1427006721496582 1730560
1770760337650 1.142677664756775 1735680
1770760346972 1.142541527748108 1740800
1770760357567 1.1425085067749023 1745920
1770760367821 1.142411708831787 1751040
1770760377870 1.1424293518066406 1756160
1770760386813 1.1422210931777954 1761280
1770760396844 1.1423134803771973 1766400
1770760406145 1.1423782110214233 1771520
1770760415492 1.1423789262771606 1776640
1770760425265 1.1422165632247925 1781760
1770760434818 1.1423099040985107 1786880
1770760443508 1.1422849893569946 1792000
1770760452909 1.1423561573028564 1797120
1770760462339 1.1423485279083252 1802240
1770760471648 1.1421940326690674 1807360
1770760481050 1.1422613859176636 1812480
1770760490523 1.1422244310379028 1817600
1770760500521 1.1421244144439697 1822720
1770760509941 1.142181634902954 1827840
1770760518774 1.1420174837112427 1832960
1770760528697 1.1420973539352417 1838080
1770760538550 1.1421611309051514 1843200
1770760547874 1.1421111822128296 1848320
1770760557479 1.1421480178833008 1853440
1770760567114 1.1421536207199097 1858560
1770760576376 1.1420818567276 1863680
1770760585782 1.1421183347702026 1868800
1770760594557 1.1418700218200684 1873920
1770760603564 1.141843318939209 1879040
1770760612996 1.1420292854309082 1884160
1770760622966 1.1419910192489624 1889280
1770760633601 1.141983985900879 1894400
1770760643492 1.142090082168579 1899520
1770760652867 1.1420543193817139 1904640
1770760662032 1.1420148611068726 1909760
1770760671751 1.141894817352295 1914880
1770760680560 1.1418030261993408 1920000
1770760689503 1.1418076753616333 1925120
1770760697782 1.1417657136917114 1930240
1770760708110 1.141711950302124 1935360
1770760717638 1.1415081024169922 1940480
1770760726937 1.1413325071334839 1945600
1770760736221 1.1410939693450928 1950720
1770760745212 1.141059160232544 1955840
1770760753843 1.1410757303237915 1960960
1770760762807 1.1410424709320068 1966080
1770760772175 1.1408320665359497 1971200
1770760783632 1.1408416032791138 1976320
1770760794043 1.14058256149292 1981440
1770760804224 1.1404427289962769 1986560
1770760813655 1.1406205892562866 1991680
1770760823191 1.1406279802322388 1996800
1770760833743 1.140484094619751 2001920
1770760843347 1.140403389930725 2007040
1770760852543 1.1403878927230835 2012160
1770760861980 1.1404454708099365 2017280
1770760871794 1.1403369903564453 2022400
1770760881411 1.1401863098144531 2027520
1770760890834 1.1399949789047241 2032640
1770760899945 1.1399105787277222 2037760
1770760910251 1.139865756034851 2042880
1770760919795 1.139737606048584 2048000
1770760928869 1.1394689083099365 2053120
1770760938030 1.1393845081329346 2058240
1770760949397 1.1392748355865479 2063360
1770760959335 1.1393187046051025 2068480
1770760968624 1.1393316984176636 2073600
1770760978080 1.1392502784729004 2078720
1770760989520 1.1391690969467163 2083840
1770761000276 1.1390842199325562 2088960
1770761009499 1.1390504837036133 2094080
1770761018770 1.1389504671096802 2099200
1770761028501 1.1390016078948975 2104320
1770761038561 1.1389455795288086 2109440
1770761048446 1.1389741897583008 2114560
1770761058722 1.1390327215194702 2119680
1770761068776 1.1390063762664795 2124800
1770761078506 1.1389055252075195 2129920
1770761087497 1.1388734579086304 2135040
1770761096694 1.1387807130813599 2140160
1770761106225 1.1387646198272705 2145280
1770761115596 1.138723373413086 2150400
1770761124959 1.1386069059371948 2155520
1770761134084 1.1386642456054688 2160640
1770761143592 1.1384694576263428 2165760
1770761153336 1.1384308338165283 2170880
1770761162637 1.1383825540542603 2176000
1770761171693 1.1386215686798096 2181120
1770761182344 1.138649344444275 2186240
1770761191905 1.1386029720306396 2191360
1770761201116 1.1385080814361572 2196480
1770761211081 1.1385478973388672 2201600
1770761220580 1.1384992599487305 2206720
1770761230555 1.138488531112671 2211840
1770761239862 1.138623833656311 2216960
1770761249354 1.1386700868606567 2222080
1770761259603 1.1387097835540771 2227200
1770761269049 1.138553261756897 2232320
1770761278860 1.1384978294372559 2237440
1770761288759 1.138482928276062 2242560
1770761298739 1.1382685899734497 2247680
1770761308007 1.1382031440734863 2252800
1770761317896 1.1382182836532593 2257920
1770761327126 1.13820481300354 2263040
1770761337192 1.138279676437378 2268160
1770761347030 1.1382014751434326 2273280
1770761358109 1.1381820440292358 2278400
1770761367480 1.1381511688232422 2283520
1770761377839 1.1381813287734985 2288640
1770761388857 1.1382160186767578 2293760
1770761399227 1.137937068939209 2298880
1770761409757 1.1379539966583252 2304000
1770761420181 1.1379952430725098 2309120
1770761433517 1.1380572319030762 2314240
1770761445815 1.1380432844161987 2319360
1770761455277 1.138091802597046 2324480
1770761464609 1.1381241083145142 2329600
1770761474751 1.138127326965332 2334720
1770761485682 1.1382209062576294 2339840
1770761494260 1.1381862163543701 2344960
1770761502999 1.1383477449417114 2350080
1770761513216 1.1383541822433472 2355200
1770761522864 1.1383591890335083 2360320
1770761531385 1.1383311748504639 2365440
1770761539833 1.1382160186767578 2370560
1770761549776 1.138252854347229 2375680
1770761559084 1.1381700038909912 2380800
1770761568195 1.1382344961166382 2385920
1770761577354 1.1384084224700928 2391040
1770761587505 1.138370394706726 2396160
1770761596581 1.1382237672805786 2401280
1770761605982 1.1381901502609253 2406400
1770761615326 1.1381458044052124 2411520
1770761626494 1.1380836963653564 2416640
1770761635278 1.1380783319473267 2421760
1770761644035 1.13800048828125 2426880
1770761652531 1.137947678565979 2432000
1770761663712 1.137855887413025 2437120
1770761672708 1.1376972198486328 2442240
1770761681801 1.1376307010650635 2447360
1770761690667 1.1376621723175049 2452480
1770761700699 1.137630820274353 2457600
1770761709078 1.1374661922454834 2462720
1770761717797 1.1374174356460571 2467840
1770761726370 1.1375120878219604 2472960
1770761735462 1.1375458240509033 2478080
1770761744122 1.1375590562820435 2483200
1770761752672 1.1374038457870483 2488320
1770761761731 1.1374229192733765 2493440
1770761770535 1.1372807025909424 2498560
1770761779440 1.137162446975708 2503680
1770761788189 1.1370946168899536 2508800
1770761796773 1.1370275020599365 2513920
1770761805556 1.1369116306304932 2519040
1770761814730 1.1368439197540283 2524160
1770761825818 1.136771559715271 2529280
1770761835337 1.1367825269699097 2534400
1770761845715 1.1367870569229126 2539520
1770761855537 1.1366679668426514 2544640
1770761866753 1.1366857290267944 2549760
1770761876369 1.1367753744125366 2554880
1770761885819 1.1367501020431519 2560000
1770761895560 1.136827826499939 2565120
1770761907328 1.1367591619491577 2570240
1770761916370 1.1366825103759766 2575360
1770761925910 1.1365840435028076 2580480
1770761935970 1.1364905834197998 2585600
1770761948930 1.1365411281585693 2590720
1770761959709 1.1365751028060913 2595840
1770761968992 1.1365268230438232 2600960
1770761978638 1.1366639137268066 2606080
1770761989708 1.1367124319076538 2611200
1770761997932 1.1366627216339111 2616320
1770762005711 1.1366134881973267 2621440
1770762013928 1.1365162134170532 2626560
1770762022655 1.1365987062454224 2631680
1770762030819 1.1365866661071777 2636800
1770762038479 1.136574149131775 2641920
1770762046609 1.1363906860351562 2647040
1770762055485 1.1364119052886963 2652160
1770762063712 1.1364110708236694 2657280
1770762071373 1.1363002061843872 2662400
1770762079261 1.1360950469970703 2667520
1770762087703 1.1361500024795532 2672640
1770762095934 1.1360795497894287 2677760
1770762103649 1.135960340499878 2682880
1770762111714 1.135861873626709 2688000
1770762119766 1.1357673406600952 2693120
1770762128109 1.1357020139694214 2698240
1770762136070 1.1356431245803833 2703360
1770762143990 1.1355913877487183 2708480
1770762151858 1.135428547859192 2713600
1770762161687 1.1354146003723145 2718720
1770762172000 1.1353747844696045 2723840
1770762180909 1.1353076696395874 2728960
1770762190688 1.1352295875549316 2734080
1770762201036 1.1351193189620972 2739200
1770762209980 1.1351467370986938 2744320
1770762218233 1.1350404024124146 2749440
1770762226982 1.1350585222244263 2754560
1770762235951 1.1349421739578247 2759680
1770762246334 1.1349008083343506 2764800
1770762256625 1.1348087787628174 2769920
1770762266005 1.134700894355774 2775040
1770762275680 1.1346876621246338 2780160
1770762285109 1.1346386671066284 2785280
1770762295411 1.1345454454421997 2790400
1770762305171 1.134488821029663 2795520
1770762314707 1.1344150304794312 2800640
1770762325390 1.1344515085220337 2805760
1770762334284 1.1343481540679932 2810880
1770762344661 1.1343228816986084 2816000
1770762355974 1.1341416835784912 2821120
1770762369371 1.1340256929397583 2826240
1770762378992 1.133858561515808 2831360
1770762389480 1.1337569952011108 2836480
1770762398695 1.133625864982605 2841600
1770762408488 1.1335554122924805 2846720
1770762419786 1.1335896253585815 2851840
1770762430104 1.133527159690857 2856960
1770762438867 1.1333444118499756 2862080
1770762449250 1.1333070993423462 2867200
1770762459520 1.133304476737976 2872320
1770762469105 1.1332138776779175 2877440
1770762478910 1.1330904960632324 2882560
1770762488562 1.1329874992370605 2887680
1770762498797 1.1330068111419678 2892800
1770762508453 1.1329299211502075 2897920
1770762517294 1.1329126358032227 2903040
1770762527222 1.132807970046997 2908160
1770762536324 1.1326911449432373 2913280
1770762545711 1.1326582431793213 2918400
1770762554269 1.1326125860214233 2923520
1770762563583 1.1326937675476074 2928640
1770762572199 1.1326488256454468 2933760
1770762582524 1.1325112581253052 2938880
1770762591172 1.1324690580368042 2944000
1770762600189 1.1324812173843384 2949120
1770762608891 1.1324127912521362 2954240
1770762618568 1.1324127912521362 2959360
1770762627746 1.1322399377822876 2964480
1770762636863 1.1320905685424805 2969600
1770762645721 1.1321029663085938 2974720
1770762655833 1.1322221755981445 2979840
1770762664345 1.1321314573287964 2984960
1770762673120 1.13201904296875 2990080
1770762681621 1.1318984031677246 2995200
1770762691335 1.131886601448059 3000320
1770762699637 1.131819486618042 3005440
1770762708013 1.1316486597061157 3010560
1770762717416 1.131706714630127 3015680
1770762726536 1.1315908432006836 3020800
1770762734356 1.131418228149414 3025920
1770762742422 1.131266474723816 3031040
1770762750428 1.1312246322631836 3036160
1770762759617 1.131037712097168 3041280
1770762768819 1.1309758424758911 3046400
1770762777019 1.1309537887573242 3051520
1770762785844 1.1306817531585693 3056640
1770762795042 1.1306960582733154 3061760
1770762803580 1.1305623054504395 3066880
1770762811398 1.1304692029953003 3072000
1770762819393 1.13031005859375 3077120
1770762827385 1.1302086114883423 3082240
1770762835057 1.1300568580627441 3087360
1770762843303 1.1300183534622192 3092480
1770762851046 1.1298878192901611 3097600
1770762858948 1.129727840423584 3102720
1770762866681 1.1296192407608032 3107840
1770762874889 1.1295863389968872 3112960
1770762882728 1.129521131515503 3118080
1770762890628 1.1294829845428467 3123200
1770762898450 1.129407286643982 3128320
1770762906294 1.1293877363204956 3133440
1770762914530 1.1293362379074097 3138560
1770762922430 1.129260540008545 3143680
1770762929979 1.1291477680206299 3148800
1770762938029 1.128962755203247 3153920
1770762946208 1.1289619207382202 3159040
1770762954086 1.1288518905639648 3164160
1770762961900 1.1287260055541992 3169280
1770762969865 1.1286152601242065 3174400
1770762978698 1.12855064868927 3179520
1770762988458 1.128464937210083 3184640
1770762997993 1.1283801794052124 3189760
1770763006551 1.1282202005386353 3194880
1770763015447 1.1281895637512207 3200000
1770763025421 1.1280943155288696 3205120
1770763034430 1.1280254125595093 3210240
1770763043106 1.1279034614562988 3215360
1770763051938 1.1277967691421509 3220480
1770763061526 1.1277480125427246 3225600
1770763070674 1.1276496648788452 3230720
1770763079750 1.1275553703308105 3235840
1770763089950 1.1274248361587524 3240960
1770763100107 1.127354621887207 3246080
1770763108774 1.127356767654419 3251200
1770763117691 1.127219557762146 3256320
1770763126309 1.1272581815719604 3261440
1770763137213 1.1270955801010132 3266560
1770763148870 1.1269538402557373 3271680
1770763157792 1.1268285512924194 3276800
1770763166959 1.126764178276062 3281920
1770763176755 1.1267591714859009 3287040
1770763185762 1.1267374753952026 3292160
1770763194341 1.1266509294509888 3297280
1770763202957 1.1266694068908691 3302400
1770763212421 1.126528263092041 3307520
1770763221896 1.126375436782837 3312640
1770763231519 1.1264253854751587 3317760
1770763240157 1.1264309883117676 3322880
1770763249051 1.1263651847839355 3328000
1770763257684 1.1262977123260498 3333120
1770763266976 1.1263006925582886 3338240
1770763275730 1.126296877861023 3343360
1770763284814 1.1263551712036133 3348480
1770763292975 1.1262587308883667 3353600
1770763301161 1.1262884140014648 3358720
1770763309937 1.1262799501419067 3363840
1770763317940 1.1261754035949707 3368960
1770763326516 1.1261606216430664 3374080
1770763334838 1.1259887218475342 3379200
1770763343675 1.1260234117507935 3384320
1770763351843 1.1259307861328125 3389440
1770763359949 1.125916600227356 3394560
1770763368256 1.125896692276001 3399680
1770763376511 1.1258481740951538 3404800
1770763385169 1.1257758140563965 3409920
1770763393556 1.1257498264312744 3415040
1770763404716 1.1258375644683838 3420160
1770763415830 1.1258565187454224 3425280
1770763424962 1.1257880926132202 3430400
1770763433464 1.12571382522583 3435520
1770763441747 1.1256639957427979 3440640
1770763450802 1.1255199909210205 3445760
1770763459615 1.1255625486373901 3450880
1770763467587 1.125443696975708 3456000
1770763475894 1.1253535747528076 3461120
1770763484333 1.1253186464309692 3466240
1770763492594 1.1253328323364258 3471360
1770763501267 1.1252827644348145 3476480
1770763509357 1.1252409219741821 3481600
1770763517867 1.125083088874817 3486720
1770763526399 1.1250678300857544 3491840
1770763535018 1.1250927448272705 3496960
1770763543272 1.1249727010726929 3502080
1770763552003 1.1249204874038696 3507200
1770763560156 1.1248570680618286 3512320
1770763568692 1.1247957944869995 3517440
1770763577108 1.1247577667236328 3522560
1770763585827 1.124759554862976 3527680
1770763594241 1.1246834993362427 3532800
1770763602612 1.1247339248657227 3537920
1770763611397 1.1246453523635864 3543040
1770763620122 1.1245962381362915 3548160
1770763629723 1.1245136260986328 3553280
1770763638866 1.1245033740997314 3558400
1770763647366 1.12445867061615 3563520
1770763656383 1.124395489692688 3568640
1770763664647 1.1243313550949097 3573760
1770763673029 1.1242741346359253 3578880
1770763681436 1.1242164373397827 3584000
1770763690932 1.1241092681884766 3589120
1770763700768 1.124047875404358 3594240
1770763709480 1.1239885091781616 3599360
1770763718754 1.123805284500122 3604480
1770763727742 1.123814344406128 3609600
1770763739548 1.1237717866897583 3614720
1770763750893 1.1237002611160278 3619840
1770763761036 1.1235103607177734 3624960
1770763771577 1.1233981847763062 3630080
1770763782065 1.1233153343200684 3635200
1770763792407 1.123211145401001 3640320
1770763803019 1.1231071949005127 3645440
1770763814696 1.1230347156524658 3650560
1770763823814 1.122887134552002 3655680
1770763834252 1.1228426694869995 3660800
1770763844608 1.1227633953094482 3665920
1770763853523 1.1226927042007446 3671040
1770763861804 1.1226131916046143 3676160
1770763870629 1.12245512008667 3681280
1770763878993 1.1224312782287598 3686400
1770763887925 1.1223176717758179 3691520
1770763896195 1.1222063302993774 3696640
1770763904498 1.1221225261688232 3701760
1770763913026 1.1220587491989136 3706880
1770763922328 1.1221140623092651 3712000
1770763930660 1.1219924688339233 3717120
1770763939098 1.1219385862350464 3722240
1770763947688 1.121989369392395 3727360
1770763957103 1.1220921277999878 3732480
1770763965310 1.1220020055770874 3737600
1770763973430 1.1219364404678345 3742720
1770763982014 1.121901512145996 3747840
1770763990642 1.1219289302825928 3752960
1770763999636 1.1218862533569336 3758080
1770764008189 1.121850848197937 3763200
1770764016389 1.121861219406128 3768320
1770764025306 1.121873140335083 3773440
1770764034178 1.1217820644378662 3778560
1770764042350 1.1218056678771973 3783680
1770764050764 1.1217693090438843 3788800
1770764059705 1.1215882301330566 3793920
1770764067909 1.1215835809707642 3799040
1770764076527 1.121490478515625 3804160
1770764085080 1.1215028762817383 3809280
1770764093544 1.1214549541473389 3814400
1770764101955 1.1215325593948364 3819520
1770764110435 1.1215381622314453 3824640
1770764119345 1.1214768886566162 3829760
1770764128296 1.1213985681533813 3834880
1770764136541 1.121374249458313 3840000
1770764145321 1.121322751045227 3845120
1770764153481 1.121200680732727 3850240
1770764162413 1.1211413145065308 3855360
1770764170767 1.1211016178131104 3860480
1770764179104 1.1209704875946045 3865600
1770764187449 1.1208134889602661 3870720
1770764195911 1.1206625699996948 3875840
1770764204895 1.120668649673462 3880960
1770764213000 1.1205904483795166 3886080
1770764221474 1.12064790725708 3891200
1770764230120 1.1205105781555176 3896320
1770764238884 1.1204460859298706 3901440
1770764247449 1.1204395294189453 3906560
1770764255700 1.1203842163085938 3911680
1770764264453 1.120392918586731 3916800
1770764273222 1.1203285455703735 3921920
1770764281507 1.1202579736709595 3927040
1770764289955 1.120100736618042 3932160
1770764298636 1.12014901638031 3937280
1770764306899 1.120021104812622 3942400
1770764315600 1.119882583618164 3947520
1770764324009 1.1198692321777344 3952640
1770764332462 1.11972975730896 3957760
1770764341106 1.1197047233581543 3962880
1770764350312 1.1195731163024902 3968000
1770764358601 1.1195231676101685 3973120
1770764367147 1.1194357872009277 3978240
1770764375782 1.1193424463272095 3983360
1770764383842 1.1191887855529785 3988480
1770764392852 1.1191638708114624 3993600
1770764401936 1.1191754341125488 3998720
1770764410441 1.119134783744812 4003840
1770764418666 1.1191227436065674 4008960
1770764427310 1.1190695762634277 4014080
1770764436517 1.1190199851989746 4019200
1770764444749 1.1190921068191528 4024320
1770764453376 1.1190507411956787 4029440
1770764461706 1.119081735610962 4034560
1770764470465 1.1191953420639038 4039680
1770764479412 1.1192034482955933 4044800
1770764487639 1.1192100048065186 4049920
1770764496159 1.1192668676376343 4055040
1770764504585 1.1193352937698364 4060160
1770764513424 1.1192528009414673 4065280
1770764522449 1.1192877292633057 4070400
1770764530817 1.119251012802124 4075520
1770764539495 1.1192562580108643 4080640
1770764548964 1.119248867034912 4085760
1770764557675 1.1192132234573364 4090880
1770764565972 1.119186282157898 4096000
1770764574164 1.1192443370819092 4101120
1770764582798 1.1192547082901 4106240
1770764591186 1.1193842887878418 4111360
1770764599870 1.1194267272949219 4116480
1770764608311 1.1195207834243774 4121600
1770764617129 1.1195626258850098 4126720
1770764625730 1.1196355819702148 4131840
1770764634064 1.1198370456695557 4136960
1770764642936 1.1198569536209106 4142080
1770764651631 1.1198675632476807 4147200
1770764659813 1.1199147701263428 4152320
1770764668398 1.1198838949203491 4157440
1770764676878 1.119755506515503 4162560
1770764686218 1.1197082996368408 4167680
1770764694305 1.1195942163467407 4172800
1770764702594 1.119624376296997 4177920
1770764711034 1.1196305751800537 4183040
1770764719710 1.1196125745773315 4188160
1770764728667 1.1195322275161743 4193280
1770764736626 1.1194969415664673 4198400
1770764744278 1.1194490194320679 4203520
1770764751971 1.1194120645523071 4208640
1770764759841 1.1193726062774658 4213760
1770764768130 1.1193273067474365 4218880
1770764776058 1.1192554235458374 4224000
1770764784122 1.1192610263824463 4229120
1770764792311 1.119203805923462 4234240
1770764799998 1.11915123462677 4239360
1770764807883 1.1190797090530396 4244480
1770764816011 1.1189697980880737 4249600
1770764823757 1.1188877820968628 4254720
1770764831953 1.1187396049499512 4259840
1770764840216 1.1186319589614868 4264960
1770764848076 1.1185072660446167 4270080
1770764855761 1.1184059381484985 4275200
1770764864055 1.1183764934539795 4280320
1770764872064 1.1182156801223755 4285440
1770764880776 1.1181788444519043 4290560
1770764890376 1.1181905269622803 4295680
1770764899906 1.1181002855300903 4300800
1770764908873 1.1180363893508911 4305920
1770764917948 1.1180346012115479 4311040
1770764926699 1.1179479360580444 4316160
1770764935303 1.1179096698760986 4321280
1770764944970 1.1179214715957642 4326400
1770764954114 1.117887258529663 4331520
1770764963054 1.1178494691848755 4336640
1770764971747 1.1178053617477417 4341760
1770764980329 1.1177607774734497 4346880
1770764988658 1.1176390647888184 4352000
1770764997102 1.1175920963287354 4357120
1770765005750 1.1176137924194336 4362240
1770765014726 1.1175572872161865 4367360
1770765022903 1.1175156831741333 4372480
1770765031349 1.1175475120544434 4377600
1770765040747 1.1174895763397217 4382720
1770765049060 1.1174973249435425 4387840
1770765058168 1.1174501180648804 4392960
1770765066619 1.1173933744430542 4398080
1770765074996 1.1173429489135742 4403200
1770765083747 1.1173245906829834 4408320
1770765092811 1.117393970489502 4413440
1770765101109 1.1173224449157715 4418560
1770765109556 1.1172610521316528 4423680
1770765118027 1.1171894073486328 4428800
1770765126678 1.1171048879623413 4433920
1770765135452 1.1170340776443481 4439040
1770765143744 1.1170157194137573 4444160
1770765152655 1.1169534921646118 4449280
1770765161336 1.1169602870941162 4454400
1770765169775 1.1169482469558716 4459520
1770765178857 1.1168298721313477 4464640
1770765187871 1.1168450117111206 4469760
1770765196618 1.11683189868927 4474880
1770765204777 1.1167306900024414 4480000
1770765213603 1.1166795492172241 4485120
1770765222717 1.1167210340499878 4490240
1770765231205 1.1166704893112183 4495360
1770765239582 1.116668701171875 4500480
1770765247821 1.1166585683822632 4505600
1770765256547 1.1166352033615112 4510720
1770765265768 1.1166266202926636 4515840
1770765274284 1.116620421409607 4520960
1770765282583 1.1165485382080078 4526080
1770765291147 1.116598129272461 4531200
1770765299723 1.116534948348999 4536320
1770765308602 1.1165034770965576 4541440
1770765316951 1.1165403127670288 4546560
1770765325618 1.1166213750839233 4551680
1770765333994 1.1165714263916016 4556800
1770765342677 1.116532802581787 4561920
1770765351137 1.1164385080337524 4567040
1770765359885 1.116460919380188 4572160
1770765368218 1.1164922714233398 4577280
1770765376694 1.116518497467041 4582400
1770765385284 1.116532802581787 4587520
1770765394075 1.1165387630462646 4592640
1770765402740 1.116448998451233 4597760
1770765410875 1.1164920330047607 4602880
1770765419659 1.1163126230239868 4608000
1770765428761 1.1163196563720703 4613120
1770765437308 1.1163283586502075 4618240
1770765445636 1.1163297891616821 4623360
1770765454688 1.1163266897201538 4628480
1770765463301 1.1163146495819092 4633600
1770765472506 1.116258144378662 4638720
1770765480740 1.1162083148956299 4643840
1770765489236 1.1161903142929077 4648960
1770765497975 1.1161777973175049 4654080
1770765506610 1.1162211894989014 4659200
1770765515665 1.1162477731704712 4664320
1770765523865 1.1162035465240479 4669440
1770765532566 1.1161870956420898 4674560
1770765541452 1.1162109375 4679680
1770765550319 1.1161978244781494 4684800
1770765558604 1.1161234378814697 4689920
1770765567755 1.1160414218902588 4695040
1770765576186 1.1159886121749878 4700160
1770765584373 1.116041898727417 4705280
1770765592953 1.1159921884536743 4710400
1770765602274 1.1159179210662842 4715520
1770765610695 1.1159191131591797 4720640
1770765619141 1.1159473657608032 4725760
1770765627732 1.115916132926941 4730880
1770765636330 1.1158109903335571 4736000
1770765645531 1.1159147024154663 4741120
1770765653808 1.1158792972564697 4746240
1770765662086 1.1158040761947632 4751360
1770765670717 1.1157276630401611 4756480
1770765679396 1.115683913230896 4761600
1770765688326 1.115620732307434 4766720
1770765696782 1.11564040184021 4771840
1770765705337 1.1156699657440186 4776960
1770765713829 1.1156790256500244 4782080
1770765722600 1.115632176399231 4787200
1770765730911 1.1156275272369385 4792320
1770765739300 1.1156412363052368 4797440
1770765747869 1.115602970123291 4802560
1770765756167 1.1156069040298462 4807680
1770765764910 1.1155949831008911 4812800
1770765774157 1.1155385971069336 4817920
1770765782798 1.1155592203140259 4823040
1770765791129 1.1154818534851074 4828160
1770765799764 1.1154841184616089 4833280
1770765808414 1.1155160665512085 4838400
1770765817232 1.1154818534851074 4843520
1770765825713 1.1155098676681519 4848640
1770765834127 1.11548912525177 4853760
1770765843208 1.1155294179916382 4858880
1770765851728 1.115525245666504 4864000
1770765860553 1.1155565977096558 4869120
1770765868906 1.1155579090118408 4874240
1770765877117 1.115559697151184 4879360
1770765885792 1.1155428886413574 4884480
1770765894682 1.1155132055282593 4889600
1770765903233 1.1155140399932861 4894720
1770765912139 1.115556001663208 4899840
1770765920609 1.115577220916748 4904960
1770765928917 1.1155526638031006 4910080
1770765937490 1.115633487701416 4915200
1770765946948 1.1156675815582275 4920320
1770765955193 1.1156970262527466 4925440
1770765963650 1.1157268285751343 4930560
1770765972247 1.1157737970352173 4935680
1770765981186 1.1157406568527222 4940800
1770765989991 1.1157021522521973 4945920
1770765998193 1.1156466007232666 4951040
1770766006746 1.1156346797943115 4956160
1770766015508 1.1156309843063354 4961280
1770766023993 1.115620732307434 4966400
1770766032802 1.1155974864959717 4971520
1770766040977 1.1155720949172974 4976640
1770766049460 1.1155552864074707 4981760
1770766057996 1.1155204772949219 4986880
1770766066196 1.1155365705490112 4992000
1770766075098 1.1155880689620972 4997120
1770766078710 1.1155880689620972 5000192
