1770757089019 -0.9213754534721375 5120
1770757098252 -1.6125409603118896 10240
1770757108339 -2.0107476711273193 15360
1770757117209 -2.6080565452575684 20480
1770757125921 -2.727571964263916 25600
1770757134407 -3.6920313835144043 30720
1770757143147 -4.218111038208008 35840
1770757151917 -4.480125427246094 40960
1770757161037 -4.560583114624023 46080
1770757169499 -4.576351165771484 51200
1770757178840 -4.538768291473389 56320
1770757187437 -4.462505340576172 61440
1770757196106 -4.413508892059326 66560
1770757204491 -4.288577079772949 71680
1770757213921 -4.168957710266113 76800
1770757222571 -3.98057222366333 81920
1770757231005 -3.822542905807495 87040
1770757240036 -3.6810474395751953 92160
1770757248908 -3.532583713531494 97280
1770757257412 -3.439650297164917 102400
1770757266459 -3.405503749847412 107520
1770757274283 -3.492835521697998 112640
1770757282417 -3.6148734092712402 117760
1770757291137 -3.749326705932617 122880
1770757299134 -3.890763759613037 128000
1770757307418 -4.053889274597168 133120
1770757315829 -4.212095260620117 138240
1770757325403 -4.254396438598633 143360
1770757334670 -4.378527641296387 148480
1770757344017 -4.47868013381958 153600
1770757353479 -4.532628059387207 158720
1770757362925 -4.67404842376709 163840
1770757371919 -4.722114562988281 168960
1770757380916 -4.733987331390381 174080
1770757391505 -4.8608317375183105 179200
1770757401432 -4.9020562171936035 184320
1770757412426 -4.991867542266846 189440
1770757424341 -5.007006645202637 194560
1770757436580 -5.015580177307129 199680
1770757447185 -5.082991600036621 204800
1770757456775 -5.082507610321045 209920
1770757468532 -5.168605804443359 215040
1770757478703 -5.260974884033203 220160
1770757488651 -5.450592041015625 225280
1770757497690 -5.714715003967285 230400
1770757507971 -5.972567558288574 235520
1770757517108 -6.298182487487793 240640
1770757525918 -6.590954780578613 245760
1770757535223 -6.864724636077881 250880
1770757544679 -7.077511787414551 256000
1770757553361 -7.235210418701172 261120
1770757562655 -7.283335208892822 266240
1770757571952 -7.420170783996582 271360
1770757582429 -7.437203407287598 276480
1770757592175 -7.5092668533325195 281600
1770757601518 -7.593601226806641 286720
1770757612783 -7.666302680969238 291840
1770757624040 -7.573019981384277 296960
1770757632683 -7.7755537033081055 302080
1770757641438 -7.6813459396362305 307200
1770757650436 -7.6520819664001465 312320
1770757661705 -7.6357927322387695 317440
1770757670741 -7.78240442276001 322560
1770757679830 -7.724256992340088 327680
1770757689290 -7.758159637451172 332800
1770757698646 -7.7349982261657715 337920
1770757707661 -7.537930965423584 343040
1770757717108 -7.667083740234375 348160
1770757726188 -7.572714805603027 353280
1770757735945 -7.593626499176025 358400
1770757745145 -7.5538506507873535 363520
1770757754292 -7.7904839515686035 368640
1770757763814 -8.17038631439209 373760
1770757776041 -8.764326095581055 378880
1770757785460 -9.223299026489258 384000
1770757795070 -9.681361198425293 389120
1770757804062 -10.252714157104492 394240
1770757814060 -10.74437141418457 399360
1770757822776 -11.265687942504883 404480
1770757831409 -11.74207592010498 409600
1770757840374 -12.128473281860352 414720
1770757849645 -12.609358787536621 419840
1770757858482 -12.870160102844238 424960
1770757867002 -13.429895401000977 430080
1770757876113 -13.695394515991211 435200
1770757884718 -14.193428039550781 440320
1770757893816 -14.398771286010742 445440
1770757902952 -15.073484420776367 450560
1770757911541 -15.3870267868042 455680
1770757919949 -15.915451049804688 460800
1770757928770 -16.211559295654297 465920
1770757937721 -16.709552764892578 471040
1770757946072 -17.173627853393555 476160
1770757954493 -17.51583480834961 481280
1770757962989 -18.06880760192871 486400
1770757973582 -18.324871063232422 491520
1770757984301 -18.717021942138672 496640
1770757994052 -19.12147331237793 501760
1770758004040 -19.53052520751953 506880
1770758013032 -19.919986724853516 512000
1770758021972 -20.345386505126953 517120
1770758030644 -20.589202880859375 522240
1770758040433 -20.89130210876465 527360
1770758049932 -21.12404441833496 532480
1770758060213 -21.523681640625 537600
1770758069873 -21.64214515686035 542720
1770758079085 -21.90727424621582 547840
1770758087968 -22.091585159301758 552960
1770758096336 -22.310029983520508 558080
1770758104952 -22.500350952148438 563200
1770758113543 -22.559104919433594 568320
1770758122654 -22.668277740478516 573440
1770758131373 -22.703205108642578 578560
1770758139927 -22.783464431762695 583680
1770758149364 -22.952665328979492 588800
1770758158284 -23.159626007080078 593920
1770758166981 -23.110034942626953 599040
1770758176931 -23.365407943725586 604160
1770758186118 -23.4163818359375 609280
1770758194977 -23.454010009765625 614400
1770758204136 -23.70614242553711 619520
1770758213352 -23.653043746948242 624640
1770758221821 -23.77272605895996 629760
1770758231359 -24.078683853149414 634880
1770758240074 -24.05649185180664 640000
1770758248537 -23.94426155090332 645120
1770758256799 -24.15875816345215 650240
1770758265914 -24.1583309173584 655360
1770758275676 -24.252979278564453 660480
1770758284892 -24.652185440063477 665600
1770758294701 -24.631153106689453 670720
1770758303377 -24.86652183532715 675840
1770758311534 -24.872175216674805 680960
1770758320789 -24.951154708862305 686080
1770758330781 -25.139232635498047 691200
1770758339276 -25.155223846435547 696320
1770758348801 -25.184288024902344 701440
1770758357360 -25.227590560913086 706560
1770758365586 -25.236003875732422 711680
1770758375324 -25.308759689331055 716800
1770758383723 -25.140708923339844 721920
1770758393634 -25.30380630493164 727040
1770758403356 -25.281450271606445 732160
1770758414062 -25.34044075012207 737280
1770758423453 -25.324411392211914 742400
1770758432457 -25.461715698242188 747520
1770758441580 -25.316648483276367 752640
1770758451912 -25.308147430419922 757760
1770758460014 -25.51349449157715 762880
1770758468497 -25.296695709228516 768000
1770758476794 -25.484643936157227 773120
1770758485003 -25.279373168945312 778240
1770758493585 -25.172992706298828 783360
1770758501899 -25.24175453186035 788480
1770758510943 -25.161380767822266 793600
1770758519508 -25.125267028808594 798720
1770758528256 -25.19968032836914 803840
1770758536382 -25.15970802307129 808960
1770758545353 -25.280107498168945 814080
1770758555220 -25.256927490234375 819200
1770758564298 -25.213682174682617 824320
1770758574218 -25.269027709960938 829440
1770758583619 -25.32219696044922 834560
1770758593185 -25.32773208618164 839680
1770758602085 -25.289138793945312 844800
1770758610291 -25.2589111328125 849920
1770758621101 -25.110923767089844 855040
1770758630261 -25.211254119873047 860160
1770758639624 -25.2307186126709 865280
1770758648846 -25.0400390625 870400
1770758658526 -25.048768997192383 875520
1770758667741 -24.89699935913086 880640
1770758679081 -24.824848175048828 885760
1770758688411 -24.633235931396484 890880
1770758697179 -24.80426597595215 896000
1770758706210 -24.80703353881836 901120
1770758715881 -24.787532806396484 906240
1770758724192 -24.759397506713867 911360
1770758732531 -24.606693267822266 916480
1770758742120 -24.624004364013672 921600
1770758753447 -24.54928970336914 926720
1770758762432 -24.5875244140625 931840
1770758771384 -24.573745727539062 936960
1770758779983 -24.58364486694336 942080
1770758789432 -24.677770614624023 947200
1770758797899 -24.3692684173584 952320
1770758807250 -24.446544647216797 957440
1770758816124 -24.660091400146484 962560
1770758826171 -24.502717971801758 967680
1770758836689 -24.711849212646484 972800
1770758848082 -24.6312255859375 977920
1770758864718 -24.787822723388672 983040
1770758877583 -24.71811866760254 988160
1770758886544 -24.579641342163086 993280
1770758895098 -24.396846771240234 998400
1770758903712 -24.538898468017578 1003520
1770758912128 -24.443382263183594 1008640
1770758920566 -24.4080810546875 1013760
1770758930687 -24.18677520751953 1018880
1770758939964 -24.266414642333984 1024000
1770758947992 -24.08271026611328 1029120
1770758956538 -24.175539016723633 1034240
1770758964885 -24.10430145263672 1039360
1770758972909 -24.093324661254883 1044480
1770758981360 -23.974708557128906 1049600
1770758989221 -23.91197395324707 1054720
1770758999181 -23.85416603088379 1059840
1770759007804 -23.78093719482422 1064960
1770759016394 -23.76413345336914 1070080
1770759025464 -23.760957717895508 1075200
1770759034378 -23.744596481323242 1080320
1770759042442 -23.78529930114746 1085440
1770759051671 -23.902013778686523 1090560
1770759060772 -24.024404525756836 1095680
1770759070391 -24.058610916137695 1100800
1770759078803 -23.929643630981445 1105920
1770759087835 -23.9329891204834 1111040
1770759096827 -24.155132293701172 1116160
1770759107130 -24.144649505615234 1121280
1770759116478 -24.134613037109375 1126400
1770759125712 -24.026996612548828 1131520
1770759134535 -24.15449333190918 1136640
1770759143242 -24.26128387451172 1141760
1770759152091 -24.216678619384766 1146880
1770759161057 -23.993534088134766 1152000
1770759171327 -24.16086769104004 1157120
1770759180051 -24.132287979125977 1162240
1770759188895 -24.089954376220703 1167360
1770759199609 -24.099790573120117 1172480
1770759210023 -24.155990600585938 1177600
1770759219813 -24.015840530395508 1182720
1770759229142 -24.14816665649414 1187840
1770759238154 -24.207233428955078 1192960
1770759247559 -24.071758270263672 1198080
1770759256626 -24.08469581604004 1203200
1770759267258 -23.965505599975586 1208320
1770759277382 -24.025371551513672 1213440
1770759287554 -23.950498580932617 1218560
1770759296881 -24.135299682617188 1223680
1770759307638 -24.01874351501465 1228800
1770759317212 -23.967084884643555 1233920
1770759326241 -23.749818801879883 1239040
1770759337553 -23.960939407348633 1244160
1770759349603 -23.88349151611328 1249280
1770759361015 -24.023479461669922 1254400
1770759371772 -23.98809242248535 1259520
1770759381908 -23.909107208251953 1264640
1770759392826 -23.921253204345703 1269760
1770759402334 -23.884441375732422 1274880
1770759413162 -24.12917137145996 1280000
1770759422707 -23.932147979736328 1285120
1770759432473 -24.03559112548828 1290240
1770759441892 -24.041627883911133 1295360
1770759451096 -24.025197982788086 1300480
1770759460651 -24.054365158081055 1305600
1770759470411 -24.19627571105957 1310720
1770759479206 -24.066980361938477 1315840
1770759489803 -24.064128875732422 1320960
1770759498848 -24.091888427734375 1326080
1770759509364 -23.994487762451172 1331200
1770759520017 -23.980623245239258 1336320
1770759530860 -24.085735321044922 1341440
1770759540508 -24.070175170898438 1346560
1770759551331 -24.06447982788086 1351680
1770759560546 -23.963455200195312 1356800
1770759570092 -23.905065536499023 1361920
1770759579626 -23.811798095703125 1367040
1770759589247 -24.021282196044922 1372160
1770759600477 -23.825483322143555 1377280
1770759615295 -23.926809310913086 1382400
1770759626643 -23.734655380249023 1387520
1770759638283 -23.86050796508789 1392640
1770759648672 -23.760189056396484 1397760
1770759659454 -23.697046279907227 1402880
1770759668937 -23.63979721069336 1408000
1770759679971 -23.615253448486328 1413120
1770759690072 -23.488819122314453 1418240
1770759699825 -23.442874908447266 1423360
1770759709706 -23.449840545654297 1428480
1770759720163 -23.435754776000977 1433600
1770759730583 -23.434350967407227 1438720
1770759742141 -23.40887451171875 1443840
1770759752551 -23.44234848022461 1448960
1770759763441 -23.576412200927734 1454080
1770759774364 -23.517667770385742 1459200
1770759785839 -23.41363525390625 1464320
1770759797318 -23.56498146057129 1469440
1770759808568 -23.372180938720703 1474560
1770759819801 -23.542469024658203 1479680
1770759833248 -23.61432456970215 1484800
1770759846281 -23.688003540039062 1489920
1770759856040 -23.776927947998047 1495040
1770759865718 -23.595998764038086 1500160
1770759875692 -23.644243240356445 1505280
1770759885299 -23.93981170654297 1510400
1770759895677 -23.72329330444336 1515520
1770759907362 -23.7341365814209 1520640
1770759918600 -23.935213088989258 1525760
1770759936336 -23.864904403686523 1530880
1770759950810 -23.942169189453125 1536000
1770759960406 -23.89120101928711 1541120
1770759969463 -23.948816299438477 1546240
1770759978879 -23.856311798095703 1551360
1770759988050 -24.009998321533203 1556480
1770759998147 -24.150463104248047 1561600
1770760008039 -24.151187896728516 1566720
1770760019610 -24.106433868408203 1571840
1770760030587 -24.134035110473633 1576960
1770760041886 -24.33913803100586 1582080
1770760051122 -24.21014404296875 1587200
1770760060443 -24.32843589782715 1592320
1770760069831 -24.373977661132812 1597440
1770760081175 -24.3243408203125 1602560
1770760090777 -24.549633026123047 1607680
1770760100239 -24.394792556762695 1612800
1770760111064 -24.36101722717285 1617920
1770760123077 -24.278366088867188 1623040
1770760133289 -24.340503692626953 1628160
1770760142214 -24.27362632751465 1633280
1770760152409 -24.26015853881836 1638400
1770760166596 -24.213027954101562 1643520
1770760176618 -24.229690551757812 1648640
1770760185702 -24.080232620239258 1653760
1770760194822 -24.18701171875 1658880
1770760203653 -24.031522750854492 1664000
1770760212998 -23.849380493164062 1669120
1770760222221 -23.955791473388672 1674240
1770760231229 -23.720577239990234 1679360
1770760240233 -23.759159088134766 1684480
1770760248922 -23.667118072509766 1689600
1770760257665 -23.693666458129883 1694720
1770760266436 -23.420028686523438 1699840
1770760276254 -23.36007308959961 1704960
1770760285304 -23.53165054321289 1710080
1770760294513 -23.511388778686523 1715200
1770760303674 -23.543630599975586 1720320
1770760316343 -23.39388656616211 1725440
1770760327967 -23.555644989013672 1730560
1770760337621 -23.461734771728516 1735680
1770760346939 -23.42075538635254 1740800
1770760357538 -23.328433990478516 1745920
1770760367780 -23.41316032409668 1751040
1770760377845 -23.36367416381836 1756160
1770760386786 -23.373870849609375 1761280
1770760396814 -23.109207153320312 1766400
1770760406119 -23.2983341217041 1771520
1770760415455 -23.30467414855957 1776640
1770760425236 -23.285987854003906 1781760
1770760434785 -23.277629852294922 1786880
1770760443471 -23.109142303466797 1792000
1770760452881 -23.192325592041016 1797120
1770760462306 -23.185287475585938 1802240
1770760471609 -23.246906280517578 1807360
1770760481022 -23.17499542236328 1812480
1770760490490 -22.949251174926758 1817600
1770760500491 -23.062763214111328 1822720
1770760509910 -23.139663696289062 1827840
1770760518748 -23.133827209472656 1832960
1770760528667 -22.91513442993164 1838080
1770760538519 -22.783199310302734 1843200
1770760547833 -22.711952209472656 1848320
1770760557431 -22.769254684448242 1853440
1770760567089 -22.94120216369629 1858560
1770760576348 -22.815929412841797 1863680
1770760585756 -22.820308685302734 1868800
1770760594531 -22.595645904541016 1873920
1770760603535 -22.55154037475586 1879040
1770760612970 -22.714420318603516 1884160
1770760622929 -22.572158813476562 1889280
1770760633574 -22.585941314697266 1894400
1770760643465 -22.593481063842773 1899520
1770760652838 -22.422988891601562 1904640
1770760662006 -22.66067123413086 1909760
1770760671724 -22.583404541015625 1914880
1770760680532 -22.349363327026367 1920000
1770760689472 -22.382884979248047 1925120
1770760697755 -22.582836151123047 1930240
1770760708081 -22.529544830322266 1935360
1770760717602 -22.415939331054688 1940480
1770760726904 -22.493009567260742 1945600
1770760736192 -22.254596710205078 1950720
1770760745174 -22.47704315185547 1955840
1770760753813 -22.356801986694336 1960960
1770760762771 -22.4843692779541 1966080
1770760772141 -22.41450309753418 1971200
1770760783590 -22.287277221679688 1976320
1770760794010 -22.289485931396484 1981440
1770760804185 -22.421689987182617 1986560
1770760813621 -22.295446395874023 1991680
1770760823161 -22.575098037719727 1996800
1770760833716 -22.568622589111328 2001920
1770760843317 -22.264528274536133 2007040
1770760852515 -22.340118408203125 2012160
1770760861939 -22.547618865966797 2017280
1770760871766 -22.364797592163086 2022400
1770760881377 -22.428951263427734 2027520
1770760890802 -22.281042098999023 2032640
1770760899916 -22.530723571777344 2037760
1770760910224 -22.423351287841797 2042880
1770760919762 -22.422136306762695 2048000
1770760928838 -22.482629776000977 2053120
1770760937991 -22.49030113220215 2058240
1770760949369 -22.464359283447266 2063360
1770760959304 -22.687150955200195 2068480
1770760968594 -22.712223052978516 2073600
1770760978033 -22.504213333129883 2078720
1770760989484 -22.736831665039062 2083840
1770761000247 -22.70458984375 2088960
1770761009469 -22.54001235961914 2094080
1770761018737 -22.79068374633789 2099200
1770761028458 -22.781909942626953 2104320
1770761038532 -22.830856323242188 2109440
1770761048402 -22.970500946044922 2114560
1770761058689 -22.91185760498047 2119680
1770761068745 -22.885988235473633 2124800
1770761078476 -23.12000274658203 2129920
1770761087468 -23.196008682250977 2135040
1770761096661 -23.10883140563965 2140160
1770761106181 -23.209646224975586 2145280
1770761115562 -23.26389503479004 2150400
1770761124924 -23.297243118286133 2155520
1770761134051 -23.064228057861328 2160640
1770761143559 -23.156482696533203 2165760
1770761153300 -23.083297729492188 2170880
1770761162604 -23.127071380615234 2176000
1770761171662 -23.07062339782715 2181120
1770761182304 -23.097753524780273 2186240
1770761191876 -23.1610164642334 2191360
1770761201086 -23.104778289794922 2196480
1770761211039 -23.11671257019043 2201600
1770761220544 -23.151945114135742 2206720
1770761230527 -23.149240493774414 2211840
1770761239823 -23.166357040405273 2216960
1770761249322 -23.053119659423828 2222080
1770761259559 -23.384109497070312 2227200
1770761269011 -23.24525260925293 2232320
1770761278819 -23.331693649291992 2237440
1770761288727 -23.30889892578125 2242560
1770761298707 -23.234397888183594 2247680
1770761307978 -23.25588035583496 2252800
1770761317861 -23.42306900024414 2257920
1770761327092 -23.333511352539062 2263040
1770761337159 -23.351032257080078 2268160
1770761346992 -23.291513442993164 2273280
1770761358074 -23.38551139831543 2278400
1770761367444 -23.226680755615234 2283520
1770761377797 -23.288387298583984 2288640
1770761388818 -22.996482849121094 2293760
1770761399191 -23.063386917114258 2298880
1770761409719 -23.178646087646484 2304000
1770761420145 -23.176387786865234 2309120
1770761433484 -23.20749282836914 2314240
1770761445781 -23.085094451904297 2319360
1770761455245 -23.22870635986328 2324480
1770761464572 -23.31066131591797 2329600
1770761474710 -23.241823196411133 2334720
1770761485654 -23.406597137451172 2339840
1770761494225 -23.25204849243164 2344960
1770761502967 -23.71394920349121 2350080
1770761513182 -23.529193878173828 2355200
1770761522824 -23.273914337158203 2360320
1770761531350 -23.35198974609375 2365440
1770761539795 -23.493907928466797 2370560
1770761549735 -23.385648727416992 2375680
1770761559045 -23.48065185546875 2380800
1770761568161 -23.535127639770508 2385920
1770761577310 -23.574602127075195 2391040
1770761587469 -23.616453170776367 2396160
1770761596537 -23.491256713867188 2401280
1770761605948 -23.44658660888672 2406400
1770761615281 -23.377965927124023 2411520
1770761626463 -23.343183517456055 2416640
1770761635245 -23.486600875854492 2421760
1770761644002 -23.425708770751953 2426880
1770761652493 -23.256013870239258 2432000
1770761663673 -23.519886016845703 2437120
1770761672667 -23.40940284729004 2442240
1770761681764 -23.403228759765625 2447360
1770761690633 -23.450613021850586 2452480
1770761700666 -23.327585220336914 2457600
1770761709048 -23.387542724609375 2462720
1770761717762 -23.262405395507812 2467840
1770761726329 -23.34716796875 2472960
1770761735428 -23.3863525390625 2478080
1770761744092 -23.25992774963379 2483200
1770761752629 -23.213756561279297 2488320
1770761761693 -23.13669204711914 2493440
1770761770499 -23.261821746826172 2498560
1770761779397 -23.350984573364258 2503680
1770761788134 -23.354774475097656 2508800
1770761796739 -23.12493133544922 2513920
1770761805522 -23.1833438873291 2519040
1770761814691 -23.148658752441406 2524160
1770761825784 -23.148929595947266 2529280
1770761835291 -23.264659881591797 2534400
1770761845676 -23.246440887451172 2539520
1770761855488 -23.32961082458496 2544640
1770761866718 -23.11878204345703 2549760
1770761876332 -23.381427764892578 2554880
1770761885776 -23.133533477783203 2560000
1770761895511 -23.09664535522461 2565120
1770761907293 -23.17630386352539 2570240
1770761916333 -23.16628646850586 2575360
1770761925869 -23.08095932006836 2580480
1770761935926 -23.119091033935547 2585600
1770761948879 -23.340415954589844 2590720
1770761959658 -23.123306274414062 2595840
1770761968959 -23.129379272460938 2600960
1770761978596 -23.11194610595703 2606080
1770761989679 -23.12260627746582 2611200
1770761997901 -23.300769805908203 2616320
1770762005670 -23.13741111755371 2621440
1770762013897 -23.135894775390625 2626560
1770762022619 -23.05270767211914 2631680
1770762030781 -23.16366958618164 2636800
1770762038430 -23.195392608642578 2641920
1770762046558 -22.8792781829834 2647040
1770762055457 -22.90854835510254 2652160
1770762063682 -22.810863494873047 2657280
1770762071336 -22.898212432861328 2662400
1770762079225 -22.81032371520996 2667520
1770762087671 -22.895360946655273 2672640
1770762095902 -22.809253692626953 2677760
1770762103610 -23.001880645751953 2682880
1770762111684 -23.057565689086914 2688000
1770762119731 -22.87088394165039 2693120
1770762128076 -23.04012107849121 2698240
1770762136039 -22.886653900146484 2703360
1770762143959 -22.940942764282227 2708480
1770762151808 -23.057693481445312 2713600
1770762161625 -23.06200408935547 2718720
1770762171959 -23.19467544555664 2723840
1770762180856 -23.15292739868164 2728960
1770762190645 -23.04592514038086 2734080
1770762201002 -23.14910888671875 2739200
1770762209947 -23.218671798706055 2744320
1770762218197 -23.169574737548828 2749440
1770762226921 -23.203144073486328 2754560
1770762235918 -23.17751121520996 2759680
1770762246287 -23.29538345336914 2764800
1770762256573 -23.244192123413086 2769920
1770762265968 -23.326675415039062 2775040
1770762275643 -23.306360244750977 2780160
1770762285045 -23.348424911499023 2785280
1770762295367 -23.479536056518555 2790400
1770762305126 -23.380422592163086 2795520
1770762314670 -23.355987548828125 2800640
1770762325347 -23.43255043029785 2805760
1770762334228 -23.471424102783203 2810880
1770762344607 -23.661296844482422 2816000
1770762355872 -23.523849487304688 2821120
1770762369315 -23.717082977294922 2826240
1770762378953 -23.434799194335938 2831360
1770762389443 -23.698501586914062 2836480
1770762398659 -23.715866088867188 2841600
1770762408438 -23.562667846679688 2846720
1770762419737 -23.74179458618164 2851840
1770762430062 -23.522552490234375 2856960
1770762438823 -23.562236785888672 2862080
1770762449202 -23.679208755493164 2867200
1770762459472 -23.643211364746094 2872320
1770762469059 -23.684223175048828 2877440
1770762478845 -23.63551139831543 2882560
1770762488502 -23.760955810546875 2887680
1770762498758 -23.691919326782227 2892800
1770762508404 -23.727079391479492 2897920
1770762517253 -23.741809844970703 2903040
1770762527172 -23.89077377319336 2908160
1770762536276 -23.639963150024414 2913280
1770762545661 -23.771121978759766 2918400
1770762554236 -23.64346694946289 2923520
1770762563544 -23.843666076660156 2928640
1770762572161 -23.90848159790039 2933760
1770762582473 -23.920255661010742 2938880
1770762591125 -23.848529815673828 2944000
1770762600143 -23.759986877441406 2949120
1770762608851 -23.8081111907959 2954240
1770762618518 -23.893173217773438 2959360
1770762627685 -23.79189682006836 2964480
1770762636825 -23.846097946166992 2969600
1770762645674 -23.972850799560547 2974720
1770762655796 -23.987314224243164 2979840
1770762664302 -23.86822509765625 2984960
1770762673085 -23.88913917541504 2990080
1770762681583 -23.90707778930664 2995200
1770762691287 -23.798463821411133 3000320
1770762699598 -23.758590698242188 3005440
1770762707963 -23.675701141357422 3010560
1770762717369 -23.905664443969727 3015680
1770762726500 -23.804231643676758 3020800
1770762734320 -24.003353118896484 3025920
1770762742380 -23.819875717163086 3031040
1770762750393 -23.929367065429688 3036160
1770762759562 -23.761465072631836 3041280
1770762768781 -23.990768432617188 3046400
1770762776977 -23.95012664794922 3051520
1770762785796 -23.83440589904785 3056640
1770762794999 -23.76708984375 3061760
1770762803537 -23.795032501220703 3066880
1770762811362 -23.671998977661133 3072000
1770762819353 -23.83323097229004 3077120
1770762827348 -23.667774200439453 3082240
1770762835016 -23.623287200927734 3087360
1770762843264 -23.599889755249023 3092480
1770762851009 -23.85775375366211 3097600
1770762858913 -23.672847747802734 3102720
1770762866641 -23.837377548217773 3107840
1770762874852 -23.606706619262695 3112960
1770762882689 -23.763036727905273 3118080
1770762890592 -23.58095932006836 3123200
1770762898385 -23.69248390197754 3128320
1770762906234 -23.71453094482422 3133440
1770762914484 -23.6956787109375 3138560
1770762922373 -23.697673797607422 3143680
1770762929934 -23.603757858276367 3148800
1770762937982 -23.605112075805664 3153920
1770762946163 -23.785837173461914 3159040
1770762954047 -23.68721580505371 3164160
1770762961865 -23.895723342895508 3169280
1770762969822 -23.73716163635254 3174400
1770762978662 -23.788856506347656 3179520
1770762988401 -23.72555923461914 3184640
1770762997949 -23.862314224243164 3189760
1770763006511 -23.793764114379883 3194880
1770763015395 -23.82417106628418 3200000
1770763025384 -23.6683349609375 3205120
1770763034388 -23.85344886779785 3210240
1770763043055 -23.706579208374023 3215360
1770763051891 -23.580541610717773 3220480
1770763061464 -23.692249298095703 3225600
1770763070628 -23.82318115234375 3230720
1770763079699 -23.894006729125977 3235840
1770763089890 -23.88195037841797 3240960
1770763100043 -23.774356842041016 3246080
1770763108724 -23.829845428466797 3251200
1770763117645 -23.96064567565918 3256320
1770763126259 -23.850677490234375 3261440
1770763137156 -23.888044357299805 3266560
1770763148828 -23.882001876831055 3271680
1770763157750 -23.85363006591797 3276800
1770763166902 -23.89596939086914 3281920
1770763176714 -23.963171005249023 3287040
1770763185726 -23.956939697265625 3292160
1770763194289 -23.93000602722168 3297280
1770763202897 -24.04146385192871 3302400
1770763212377 -24.147979736328125 3307520
1770763221856 -23.92251968383789 3312640
1770763231476 -23.96355628967285 3317760
1770763240116 -23.938692092895508 3322880
1770763249006 -23.84562110900879 3328000
1770763257636 -23.943645477294922 3333120
1770763266934 -23.934640884399414 3338240
1770763275680 -24.050954818725586 3343360
1770763284766 -24.0822696685791 3348480
1770763292934 -24.04079818725586 3353600
1770763301104 -23.996578216552734 3358720
1770763309900 -23.90110206604004 3363840
1770763317897 -23.8686580657959 3368960
1770763326464 -23.851198196411133 3374080
1770763334787 -24.016986846923828 3379200
1770763343636 -23.79862403869629 3384320
1770763351806 -23.875904083251953 3389440
1770763359904 -23.991954803466797 3394560
1770763368204 -23.941097259521484 3399680
1770763376470 -24.013202667236328 3404800
1770763385117 -24.03133773803711 3409920
1770763393497 -23.853397369384766 3415040
1770763404641 -24.008037567138672 3420160
1770763415776 -23.932065963745117 3425280
1770763424920 -23.802749633789062 3430400
1770763433418 -23.97939682006836 3435520
1770763441669 -23.88375473022461 3440640
1770763450747 -24.01874542236328 3445760
1770763459576 -24.11540412902832 3450880
1770763467544 -24.220935821533203 3456000
1770763475850 -24.12127685546875 3461120
1770763484278 -23.99134635925293 3466240
1770763492544 -24.129070281982422 3471360
1770763501198 -24.09808349609375 3476480
1770763509313 -24.218103408813477 3481600
1770763517820 -24.096782684326172 3486720
1770763526353 -24.21183204650879 3491840
1770763534975 -23.99444580078125 3496960
1770763543232 -24.0280704498291 3502080
1770763551964 -24.109806060791016 3507200
1770763560113 -23.981855392456055 3512320
1770763568642 -24.023611068725586 3517440
1770763577048 -24.07729721069336 3522560
1770763585778 -24.17072296142578 3527680
1770763594183 -24.052295684814453 3532800
1770763602560 -24.20098114013672 3537920
1770763611350 -24.10202980041504 3543040
1770763620077 -24.218799591064453 3548160
1770763629661 -24.213756561279297 3553280
1770763638820 -24.281084060668945 3558400
1770763647313 -24.253597259521484 3563520
1770763656337 -24.302457809448242 3568640
1770763664601 -24.306367874145508 3573760
1770763672975 -24.372844696044922 3578880
1770763681393 -24.207796096801758 3584000
1770763690878 -24.540847778320312 3589120
1770763700702 -24.127716064453125 3594240
1770763709442 -24.337772369384766 3599360
1770763718707 -24.26437759399414 3604480
1770763727699 -24.316635131835938 3609600
1770763739490 -24.1923770904541 3614720
1770763750841 -24.212926864624023 3619840
1770763760974 -24.29193687438965 3624960
1770763771509 -24.256275177001953 3630080
1770763782003 -24.303516387939453 3635200
1770763792363 -24.152992248535156 3640320
1770763802941 -24.34296417236328 3645440
1770763814631 -24.303386688232422 3650560
1770763823751 -24.23648452758789 3655680
1770763834204 -24.478897094726562 3660800
1770763844549 -24.27687644958496 3665920
1770763853469 -24.313810348510742 3671040
1770763861758 -24.336986541748047 3676160
1770763870580 -24.266921997070312 3681280
1770763878942 -24.37808609008789 3686400
1770763887881 -24.361759185791016 3691520
1770763896149 -24.338741302490234 3696640
1770763904448 -24.369388580322266 3701760
1770763912977 -24.431631088256836 3706880
1770763922281 -24.383609771728516 3712000
1770763930608 -24.411205291748047 3717120
1770763939049 -24.504444122314453 3722240
1770763947628 -24.41799545288086 3727360
1770763957060 -24.350557327270508 3732480
1770763965254 -24.35763168334961 3737600
1770763973385 -24.414127349853516 3742720
1770763981961 -24.468387603759766 3747840
1770763990578 -24.348339080810547 3752960
1770763999584 -24.426523208618164 3758080
1770764008142 -24.56246566772461 3763200
1770764016342 -24.451128005981445 3768320
1770764025240 -24.57205581665039 3773440
1770764034118 -24.44178009033203 3778560
1770764042304 -24.504283905029297 3783680
1770764050715 -24.429065704345703 3788800
1770764059645 -24.385744094848633 3793920
1770764067852 -24.28910255432129 3799040
1770764076472 -24.366268157958984 3804160
1770764085028 -24.362686157226562 3809280
1770764093491 -24.34156036376953 3814400
1770764101897 -24.330066680908203 3819520
1770764110385 -24.374773025512695 3824640
1770764119294 -24.239622116088867 3829760
1770764128250 -24.419391632080078 3834880
1770764136497 -24.33230972290039 3840000
1770764145259 -24.51849365234375 3845120
1770764153434 -24.411746978759766 3850240
1770764162369 -24.284570693969727 3855360
1770764170718 -24.334522247314453 3860480
1770764179033 -24.3243350982666 3865600
1770764187398 -24.251205444335938 3870720
1770764195859 -24.324508666992188 3875840
1770764204845 -24.185546875 3880960
1770764212950 -24.214122772216797 3886080
1770764221422 -24.27236557006836 3891200
1770764230072 -24.25667953491211 3896320
1770764238837 -24.241535186767578 3901440
1770764247397 -24.245546340942383 3906560
1770764255639 -24.125804901123047 3911680
1770764264401 -24.118892669677734 3916800
1770764273171 -24.0584716796875 3921920
1770764281452 -23.91672134399414 3927040
1770764289896 -23.996883392333984 3932160
1770764298577 -24.053197860717773 3937280
1770764306838 -24.006237030029297 3942400
1770764315536 -24.090665817260742 3947520
1770764323948 -24.080230712890625 3952640
1770764332397 -23.902690887451172 3957760
1770764341047 -24.120756149291992 3962880
1770764350263 -23.939861297607422 3968000
1770764358543 -24.03993034362793 3973120
1770764367096 -24.12371826171875 3978240
1770764375730 -23.81647300720215 3983360
1770764383792 -23.87759017944336 3988480
1770764392792 -23.936159133911133 3993600
1770764401867 -23.97475242614746 3998720
1770764410378 -24.096511840820312 4003840
1770764418621 -24.010351181030273 4008960
1770764427256 -24.042953491210938 4014080
1770764436467 -24.114564895629883 4019200
1770764444685 -24.09373664855957 4024320
1770764453327 -24.142024993896484 4029440
1770764461652 -24.021739959716797 4034560
1770764470390 -24.001285552978516 4039680
1770764479346 -24.0465087890625 4044800
1770764487577 -24.25393295288086 4049920
1770764496111 -23.95467758178711 4055040
1770764504525 -23.89251708984375 4060160
1770764513349 -23.86533546447754 4065280
1770764522402 -23.66145896911621 4070400
1770764530749 -23.90142822265625 4075520
1770764539429 -23.891599655151367 4080640
1770764548917 -23.721023559570312 4085760
1770764557615 -23.817901611328125 4090880
1770764565921 -23.774429321289062 4096000
1770764574103 -23.742097854614258 4101120
1770764582747 -23.542022705078125 4106240
1770764591122 -23.925670623779297 4111360
1770764599794 -24.022600173950195 4116480
1770764608259 -23.97000503540039 4121600
1770764617075 -24.22039794921875 4126720
1770764625678 -24.395187377929688 4131840
1770764634009 -24.398914337158203 4136960
1770764642885 -24.269176483154297 4142080
1770764651577 -24.582555770874023 4147200
1770764659763 -24.737285614013672 4152320
1770764668350 -24.481212615966797 4157440
1770764676814 -24.460803985595703 4162560
1770764686169 -24.673969268798828 4167680
1770764694253 -24.522815704345703 4172800
1770764702526 -24.68777084350586 4177920
1770764710985 -24.73931884765625 4183040
1770764719656 -24.434694290161133 4188160
1770764728619 -24.912334442138672 4193280
1770764736571 -24.615598678588867 4198400
1770764744211 -24.632762908935547 4203520
1770764751915 -24.726974487304688 4208640
1770764759788 -24.97942543029785 4213760
1770764768079 -24.799442291259766 4218880
1770764776007 -24.726974487304688 4224000
1770764784065 -24.695514678955078 4229120
1770764792258 -24.91473960876465 4234240
1770764799943 -24.599510192871094 4239360
1770764807829 -24.935707092285156 4244480
1770764815948 -24.974252700805664 4249600
1770764823694 -25.152950286865234 4254720
1770764831883 -25.10490608215332 4259840
1770764840165 -24.93315887451172 4264960
1770764848010 -25.16236686706543 4270080
1770764855709 -24.96295166015625 4275200
1770764863981 -24.91123390197754 4280320
1770764872014 -24.967021942138672 4285440
1770764880710 -25.094606399536133 4290560
1770764890277 -25.006999969482422 4295680
1770764899837 -25.036914825439453 4300800
1770764908792 -25.0822696685791 4305920
1770764917901 -25.124319076538086 4311040
1770764926636 -25.26569175720215 4316160
1770764935233 -24.970504760742188 4321280
1770764944898 -25.138111114501953 4326400
1770764954060 -25.10702133178711 4331520
1770764963001 -25.02991485595703 4336640
1770764971688 -25.08370590209961 4341760
1770764980268 -25.064735412597656 4346880
1770764988605 -25.183956146240234 4352000
1770764997041 -25.312885284423828 4357120
1770765005678 -24.96426773071289 4362240
1770765014673 -25.051382064819336 4367360
1770765022853 -25.107059478759766 4372480
1770765031290 -25.099971771240234 4377600
1770765040688 -25.280513763427734 4382720
1770765048986 -25.09903335571289 4387840
1770765058100 -25.258285522460938 4392960
1770765066567 -25.176738739013672 4398080
1770765074931 -24.955217361450195 4403200
1770765083690 -25.348033905029297 4408320
1770765092757 -24.95623779296875 4413440
1770765101043 -25.19148826599121 4418560
1770765109502 -25.07902717590332 4423680
1770765117966 -25.06133270263672 4428800
1770765126618 -25.168344497680664 4433920
1770765135393 -25.147655487060547 4439040
1770765143682 -24.865467071533203 4444160
1770765152572 -25.109424591064453 4449280
1770765161262 -25.047557830810547 4454400
1770765169711 -24.901351928710938 4459520
1770765178779 -24.995342254638672 4464640
1770765187801 -24.862590789794922 4469760
1770765196565 -24.972442626953125 4474880
1770765204711 -24.967607498168945 4480000
1770765213544 -24.942873001098633 4485120
1770765222640 -24.729143142700195 4490240
1770765231155 -25.170013427734375 4495360
1770765239526 -24.72507095336914 4500480
1770765247761 -24.639680862426758 4505600
1770765256489 -24.90971565246582 4510720
1770765265712 -24.888479232788086 4515840
1770765274222 -25.019512176513672 4520960
1770765282513 -24.924976348876953 4526080
1770765291076 -24.876529693603516 4531200
1770765299654 -24.959636688232422 4536320
1770765308544 -24.964771270751953 4541440
1770765316872 -25.106292724609375 4546560
1770765325553 -24.970226287841797 4551680
1770765333927 -24.781206130981445 4556800
1770765342622 -24.9442195892334 4561920
1770765351072 -24.90578842163086 4567040
1770765359824 -25.014667510986328 4572160
1770765368165 -25.03589630126953 4577280
1770765376636 -24.83710289001465 4582400
1770765385219 -25.029796600341797 4587520
1770765394008 -25.095571517944336 4592640
1770765402661 -24.962722778320312 4597760
1770765410809 -25.03024673461914 4602880
1770765419585 -24.863367080688477 4608000
1770765428673 -24.990196228027344 4613120
1770765437234 -25.116487503051758 4618240
1770765445578 -25.107410430908203 4623360
1770765454619 -24.94891357421875 4628480
1770765463237 -25.04822540283203 4633600
1770765472448 -24.937236785888672 4638720
1770765480683 -25.063554763793945 4643840
1770765489175 -24.951440811157227 4648960
1770765497905 -25.061145782470703 4654080
1770765506552 -25.01297378540039 4659200
1770765515605 -24.935047149658203 4664320
1770765523785 -25.117687225341797 4669440
1770765532497 -25.0446834564209 4674560
1770765541372 -24.771970748901367 4679680
1770765550262 -24.68029022216797 4684800
1770765558534 -24.975894927978516 4689920
1770765567674 -25.098682403564453 4695040
1770765576110 -24.852088928222656 4700160
1770765584306 -25.035282135009766 4705280
1770765592885 -24.848812103271484 4710400
1770765602200 -25.03459358215332 4715520
1770765610636 -25.025127410888672 4720640
1770765619088 -25.061809539794922 4725760
1770765627673 -24.79460334777832 4730880
1770765636258 -24.955646514892578 4736000
1770765645457 -24.987218856811523 4741120
1770765653750 -25.046886444091797 4746240
1770765662023 -24.988449096679688 4751360
1770765670637 -24.998607635498047 4756480
1770765679333 -25.017486572265625 4761600
1770765688265 -25.00851058959961 4766720
1770765696726 -25.104900360107422 4771840
1770765705264 -24.919998168945312 4776960
1770765713769 -24.98748779296875 4782080
1770765722545 -25.044546127319336 4787200
1770765730846 -25.036245346069336 4792320
1770765739230 -25.047130584716797 4797440
1770765747798 -25.111827850341797 4802560
1770765756087 -25.079532623291016 4807680
1770765764845 -25.084369659423828 4812800
1770765774094 -25.045650482177734 4817920
1770765782740 -25.069393157958984 4823040
1770765791054 -24.905370712280273 4828160
1770765799691 -25.235807418823242 4833280
1770765808348 -24.958614349365234 4838400
1770765817176 -24.862628936767578 4843520
1770765825644 -25.109012603759766 4848640
1770765834062 -24.832868576049805 4853760
1770765843153 -25.028858184814453 4858880
1770765851645 -25.15372085571289 4864000
1770765860481 -24.951438903808594 4869120
1770765868823 -25.048791885375977 4874240
1770765877028 -24.905166625976562 4879360
1770765885716 -24.893848419189453 4884480
1770765894615 -24.8267765045166 4889600
1770765903174 -24.824758529663086 4894720
1770765912050 -24.93614959716797 4899840
1770765920539 -25.05157470703125 4904960
1770765928843 -24.959943771362305 4910080
1770765937426 -25.006977081298828 4915200
1770765946886 -24.834026336669922 4920320
1770765955134 -24.98458480834961 4925440
1770765963569 -25.040714263916016 4930560
1770765972181 -24.803342819213867 4935680
1770765981121 -25.06146240234375 4940800
1770765989930 -24.995725631713867 4945920
1770765998134 -24.906269073486328 4951040
1770766006682 -24.967254638671875 4956160
1770766015450 -24.69637107849121 4961280
1770766023903 -24.937877655029297 4966400
1770766032744 -24.766958236694336 4971520
1770766040899 -24.60637855529785 4976640
1770766049363 -24.80013656616211 4981760
1770766057929 -24.686229705810547 4986880
1770766066118 -24.8123836517334 4992000
1770766075026 -24.871196746826172 4997120
1770766078650 -24.746585845947266 5000192
