1770757089019 149.70033549860804 5120
1770757098252 147.7908386187456 10240
1770757108339 99.27816701382314 15360
1770757117209 152.9093693036821 20480
1770757125921 189.34200072228242 25600
1770757134407 122.47573439233778 30720
1770757143147 148.73945884605837 35840
1770757151917 116.7451777214908 40960
1770757161037 154.29878968472943 46080
1770757169499 151.37519849862855 51200
1770757178840 149.9357975262744 56320
1770757187437 191.19770251173816 61440
1770757196106 178.3823416833241 66560
1770757204491 111.34335014600478 71680
1770757213921 163.54612805115806 76800
1770757222571 163.05656416436653 81920
1770757231005 157.21958167778695 87040
1770757240036 125.91348203296208 92160
1770757248908 182.76630790012638 97280
1770757257412 161.18299900084543 102400
1770757266459 148.17720624602558 107520
1770757274283 181.79983529105803 112640
1770757282417 137.77564628978746 117760
1770757291137 164.47605976236227 122880
1770757299134 172.8398236287963 128000
1770757307418 141.82883035201027 133120
1770757315829 134.27358581169767 138240
1770757325403 103.29017164528284 143360
1770757334670 149.09900110198714 148480
1770757344017 120.69592241949871 153600
1770757353479 125.39025411061286 158720
1770757362925 121.4086317191073 163840
1770757371919 149.3272571916833 168960
1770757380916 105.91409307845761 174080
1770757391505 155.21237464382193 179200
1770757401432 133.16096260080005 184320
1770757412426 113.32281422241435 189440
1770757424341 123.5945308816596 194560
1770757436580 132.87831458894345 199680
1770757447185 112.99005953503408 204800
1770757456775 88.82097327516836 209920
1770757468532 142.8674977859527 215040
1770757478703 162.6392648028229 220160
1770757488651 157.89429302815842 225280
1770757497690 118.81881019830028 230400
1770757507971 156.51556086275096 235520
1770757517108 164.3922552324214 240640
1770757525918 157.91807228915664 245760
1770757535223 157.17833989132473 250880
1770757544679 136.42231257114977 256000
1770757553361 125.34154140393868 261120
1770757562655 124.63758469036016 266240
1770757571952 107.1342017879949 271360
1770757582429 116.46315321819293 276480
1770757592175 185.75305580159434 281600
1770757601518 138.33456464379947 286720
1770757612783 103.4353637484587 291840
1770757624040 138.78773038615532 296960
1770757632683 153.27817570530624 302080
1770757641438 147.51535187985792 307200
1770757650436 137.65356087955365 312320
1770757661705 155.71947280490068 317440
1770757670741 134.2005503295578 322560
1770757679830 151.62692502349793 327680
1770757689290 154.9486128043149 332800
1770757698646 129.56579760286667 337920
1770757707661 145.27237461900805 343040
1770757717108 145.31263858093126 348160
1770757726188 109.69515639711267 353280
1770757735945 161.13346139070305 358400
1770757745145 153.06002992373098 363520
1770757754292 85.41326925426628 368640
1770757763814 148.40789753025263 373760
1770757776041 111.11033404858406 378880
1770757785460 129.43385280049375 384000
1770757795070 162.30570389288755 389120
1770757804062 137.50463888797825 394240
1770757814060 152.33734064577052 399360
1770757822776 141.75692848452076 404480
1770757831409 139.67976555215134 409600
1770757840374 153.7276059228852 414720
1770757849645 161.0715821812596 419840
1770757858482 139.03155661628216 424960
1770757867002 134.7351108255702 430080
1770757876113 172.19410460628953 435200
1770757884718 150.23654989612436 440320
1770757893816 141.57988185654008 445440
1770757902952 166.65225683407502 450560
1770757911541 139.56821509383735 455680
1770757919949 141.9584376903811 460800
1770757928770 121.28575559539645 465920
1770757937721 136.52444502311047 471040
1770757946072 142.80426270811344 476160
1770757954493 140.611619564853 481280
1770757962989 150.51690231823727 486400
1770757973582 127.3007162801991 491520
1770757984301 120.90815797059672 496640
1770757994052 154.0324641939038 501760
1770758004040 101.9098573754161 506880
1770758013032 144.52153538694785 512000
1770758021972 155.51162359571393 517120
1770758030644 101.6973547026162 522240
1770758040433 110.86949855938252 527360
1770758049932 121.74341112272147 532480
1770758060213 99.92147894034686 537600
1770758069873 141.03241425689308 542720
1770758079085 148.2190967559545 547840
1770758087968 156.19498752467135 552960
1770758096336 111.59812686249468 558080
1770758104952 109.89346817931721 563200
1770758113543 163.85280100007813 568320
1770758122654 146.74120981002693 573440
1770758131373 141.4318856217966 578560
1770758139927 149.71102227298687 583680
1770758149364 138.52187985072163 588800
1770758158284 171.82728390004095 593920
1770758166981 133.54678893240362 599040
1770758176931 136.4977870346264 604160
1770758186118 137.6354925510271 609280
1770758194977 147.19438497982102 614400
1770758204136 132.92463712999935 619520
1770758213352 121.50359212050985 624640
1770758221821 136.11241278598087 629760
1770758231359 146.25510844549828 634880
1770758240074 166.34821924327755 640000
1770758248537 162.87926682458934 645120
1770758256799 151.1460900900901 650240
1770758265914 114.98804693497094 655360
1770758275676 130.15279587910382 660480
1770758284892 156.80227298216755 665600
1770758294701 135.03876368319382 670720
1770758303377 184.6409579151259 675840
1770758311534 126.4982959857647 680960
1770758320789 85.53868744136722 686080
1770758330781 171.48305327282392 691200
1770758339276 156.72024810372528 696320
1770758348801 131.40873488313804 701440
1770758357360 151.80802779688008 706560
1770758365586 114.46711424048905 711680
1770758375324 160.46153257584453 716800
1770758383723 123.32923637860566 721920
1770758393634 147.375404075896 727040
1770758403356 109.05626625065003 732160
1770758414062 142.7994007898679 737280
1770758423453 147.47385816251187 742400
1770758432457 138.7785461403567 747520
1770758441580 132.04583805566048 752640
1770758451912 162.87294190742466 757760
1770758460014 128.65173915710693 762880
1770758468497 166.57945112990984 768000
1770758476794 121.05472177326253 773120
1770758485003 163.62268861668096 778240
1770758493585 168.23649271990695 783360
1770758501899 121.29277038750723 788480
1770758510943 150.74952377529382 793600
1770758519508 100.33499988039136 798720
1770758528256 175.94295062712362 803840
1770758536382 141.96324251142326 808960
1770758545353 116.97308754218145 814080
1770758555220 142.85776566757494 819200
1770758564298 160.65206067105868 824320
1770758574218 134.63995891114536 829440
1770758583619 91.67677209241329 834560
1770758593185 135.88311141348365 839680
1770758602085 150.3388651923008 844800
1770758610291 104.51531235204705 849920
1770758621101 115.56785054969278 855040
1770758630261 108.03935912626861 860160
1770758639624 135.05615662029882 865280
1770758648846 167.71178375784717 870400
1770758658526 167.0039418674099 875520
1770758667741 164.46316119672196 880640
1770758679081 115.4851179823233 885760
1770758688411 112.33940432826226 890880
1770758697179 111.00447267434167 896000
1770758706210 130.2740713132066 901120
1770758715881 122.7732927436115 906240
1770758724192 167.6916679993603 911360
1770758732531 158.01326100060277 916480
1770758742120 127.16563077949246 921600
1770758753447 149.32194097333476 926720
1770758762432 138.90263611074315 931840
1770758771384 155.33308643804162 936960
1770758779983 146.2500087171798 942080
1770758789432 155.3733654380441 947200
1770758797899 142.01611701767453 952320
1770758807250 121.14213095341248 957440
1770758816124 160.8368739934044 962560
1770758826171 117.63578740709578 967680
1770758836689 131.19909912727954 972800
1770758848082 137.7665955000821 977920
1770758864718 116.62182677603225 983040
1770758877583 165.82209219577766 988160
1770758886544 124.37517421344484 993280
1770758895098 119.21393854986783 998400
1770758903712 121.10365536755789 1003520
1770758912128 124.91226398236941 1008640
1770758920566 117.11353102138828 1013760
1770758930687 174.63896406711913 1018880
1770758939964 151.7311435083023 1024000
1770758947992 126.25079766419842 1029120
1770758956538 123.12649346836929 1034240
1770758964885 125.41649971593458 1039360
1770758972909 114.67680109364319 1044480
1770758981360 158.34732709151314 1049600
1770758989221 115.56148229783717 1054720
1770758999181 138.64092817241266 1059840
1770759007804 175.7218149063639 1064960
1770759016394 170.1819362168303 1070080
1770759025464 173.4258424643374 1075200
1770759034378 123.17349935392929 1080320
1770759042442 161.6800555084419 1085440
1770759051671 121.89555058269639 1090560
1770759060772 155.78309315109198 1095680
1770759070391 139.36416799574695 1100800
1770759078803 122.60820251980473 1105920
1770759087835 123.3219840639793 1111040
1770759096827 96.46735205501507 1116160
1770759107130 113.94468894322195 1121280
1770759116478 125.0500581378015 1126400
1770759125712 92.33673828812962 1131520
1770759134535 166.61915544432526 1136640
1770759143242 128.59257442437993 1141760
1770759152091 104.15714321189998 1146880
1770759161057 147.33916464678398 1152000
1770759171327 91.101303214596 1157120
1770759180051 148.25053018521137 1162240
1770759188895 147.4479364409759 1167360
1770759199609 135.17367623835767 1172480
1770759210023 161.79231600061718 1177600
1770759219813 122.69428111744918 1182720
1770759229142 132.63040728560586 1187840
1770759238154 150.37659543955257 1192960
1770759247559 162.68342254285935 1198080
1770759256626 110.86949855938252 1203200
1770759267258 109.81003246413238 1208320
1770759277382 126.83492092291874 1213440
1770759287554 119.82698625832072 1218560
1770759296881 126.54791214096066 1223680
1770759307638 107.35906624347292 1228800
1770759317212 152.54788143298782 1233920
1770759326241 107.6787841445882 1239040
1770759337553 97.94283579301326 1244160
1770759349603 89.35838766031786 1249280
1770759361015 104.39824771007567 1254400
1770759371772 115.91278153931187 1259520
1770759381908 141.87680546629232 1264640
1770759392826 143.94124712584508 1269760
1770759402334 87.40682699120576 1274880
1770759413162 124.87507443134453 1280000
1770759422707 87.23231146790899 1285120
1770759432473 86.50368139913792 1290240
1770759441892 141.91520893249873 1295360
1770759451096 113.16382473559248 1300480
1770759460651 102.86712120468927 1305600
1770759470411 143.92149058092852 1310720
1770759479206 145.99547495561976 1315840
1770759489803 139.81945463030868 1320960
1770759498848 92.01667324821202 1326080
1770759509364 136.0064852945945 1331200
1770759520017 105.40570969039003 1336320
1770759530860 151.01548210556635 1341440
1770759540508 72.71678224687933 1346560
1770759551331 131.78031921578486 1351680
1770759560546 112.27024277951766 1356800
1770759570092 139.43366244473256 1361920
1770759579626 123.0073318083172 1367040
1770759589247 147.43238778164434 1372160
1770759600477 130.90427889266877 1377280
1770759615295 90.87037719089196 1382400
1770759626643 139.19766361343423 1387520
1770759638283 129.4778045317034 1392640
1770759648672 83.89782569559739 1397760
1770759659454 152.1991436243559 1402880
1770759668937 89.9601921757035 1408000
1770759679971 120.33233876520542 1413120
1770759690072 121.46488662361357 1418240
1770759699825 127.9453358550424 1423360
1770759709706 115.48829781375626 1428480
1770759720163 110.22558604015558 1433600
1770759730583 110.96923036219806 1438720
1770759742141 117.71502343464961 1443840
1770759752551 104.6456924727427 1448960
1770759763441 142.06421894052298 1454080
1770759774364 118.88616780045352 1459200
1770759785839 119.90577472841623 1464320
1770759797318 93.9815814828923 1469440
1770759808568 130.29025844930416 1474560
1770759819801 105.37657965479988 1479680
1770759833248 116.16639893646486 1484800
1770759846281 124.15795393996802 1489920
1770759856040 132.19149673799993 1495040
1770759865718 80.6503864938661 1500160
1770759875692 145.02624390581238 1505280
1770759885299 117.32975271343851 1510400
1770759895677 131.63556476163575 1515520
1770759907362 103.35380217830566 1520640
1770759918600 61.313959097753155 1525760
1770759936336 56.58038580871442 1530880
1770759950810 123.9085376661743 1536000
1770759960406 166.02557099315203 1541120
1770759969463 135.27394697800426 1546240
1770759978879 164.55994978028878 1551360
1770759988050 155.06891452233066 1556480
1770759998147 86.14479656595945 1561600
1770760008039 100.23429322499702 1566720
1770760019610 66.53717657883465 1571840
1770760030587 79.28291401243786 1576960
1770760041886 157.4202071760997 1582080
1770760051122 112.34843168242574 1587200
1770760060443 132.99207305472763 1592320
1770760069831 113.07230279829622 1597440
1770760081175 129.533786287832 1602560
1770760090777 145.56479489137226 1607680
1770760100239 143.50785232832655 1612800
1770760111064 117.32975271343851 1617920
1770760123077 146.0158050478677 1623040
1770760133289 128.56892376544155 1628160
1770760142214 145.82289747244724 1633280
1770760152409 101.06513096069975 1638400
1770760166596 129.40589904973467 1643520
1770760176618 162.117501546073 1648640
1770760185702 175.8323132388698 1653760
1770760194822 127.02313749242883 1658880
1770760203653 129.63387420800495 1664000
1770760212998 144.65611312295223 1669120
1770760222221 103.58352267114492 1674240
1770760231229 148.3029488720741 1679360
1770760240233 167.37714992617424 1684480
1770760248922 151.85749456915278 1689600
1770760257665 145.25728138528137 1694720
1770760266436 105.44810941271118 1699840
1770760276254 137.95237468754112 1704960
1770760285304 146.1480887835813 1710080
1770760294513 136.0638422111205 1715200
1770760303674 82.37208114849074 1720320
1770760316343 117.1724214996089 1725440
1770760327967 93.36235948803561 1730560
1770760337621 145.35796222491769 1735680
1770760346939 125.54037713259503 1740800
1770760357538 142.1797966101695 1745920
1770760367780 131.14166901166246 1751040
1770760377845 169.0024981867999 1756160
1770760386786 148.5971799050521 1761280
1770760396814 112.90185733512786 1766400
1770760406119 165.99271806237138 1771520
1770760415455 162.2554738878143 1776640
1770760425236 103.06934683245687 1781760
1770760434785 152.9874525824336 1786880
1770760443471 139.57750415973376 1792000
1770760452881 141.44142442840763 1797120
1770760462306 144.37726756393928 1802240
1770760471609 139.62861613236126 1807360
1770760481022 151.67078903594415 1812480
1770760490490 138.74641085014886 1817600
1770760500491 150.27961304192047 1822720
1770760509910 147.5412973125088 1827840
1770760518748 138.88423841059603 1832960
1770760528667 109.34056308654849 1838080
1770760538519 128.6635786373815 1843200
1770760547833 129.98741748535656 1848320
1770760557431 91.7830977285658 1853440
1770760567089 142.4647260622941 1858560
1770760576348 164.41803214425715 1863680
1770760585756 156.17753946976467 1868800
1770760594531 154.24771991762282 1873920
1770760603535 134.3510041961626 1879040
1770760612970 130.920623029622 1884160
1770760622929 76.45050398264769 1889280
1770760633574 152.61448895680965 1894400
1770760643465 132.8404383353392 1899520
1770760652838 152.22676296592022 1904640
1770760662006 161.62398366151592 1909760
1770760671724 164.38581226729374 1914880
1770760680532 145.9548317500087 1920000
1770760689472 177.10936576302677 1925120
1770760697755 139.65186122394618 1930240
1770760708081 139.0684350132626 1935360
1770760717602 107.30687952516182 1940480
1770760726904 149.9197197698109 1945600
1770760736192 147.9211426556163 1950720
1770760745174 118.93336357965178 1955840
1770760753813 142.36801194799904 1960960
1770760762771 113.19131021454595 1966080
1770760772141 137.82091808234483 1971200
1770760783590 90.88416034669555 1976320
1770760794010 157.39657760432303 1981440
1770760804185 130.57012109703328 1986560
1770760813621 127.23892731464628 1991680
1770760823161 129.56179532326323 1996800
1770760833716 183.34953663227836 2001920
1770760843317 161.56795069337443 2007040
1770760852515 168.77807734095208 2012160
1770760861939 70.93000524241963 2017280
1770760871766 141.96324251142326 2022400
1770760881377 127.95314215985357 2027520
1770760890802 141.07510679089165 2032640
1770760899916 114.58281655511541 2037760
1770760910224 171.28696859558133 2042880
1770760919762 155.08038157213636 2048000
1770760928838 169.12516129032258 2053120
1770760937991 88.7364122961051 2058240
1770760949369 150.14512260604977 2063360
1770760959304 153.64876547732433 2068480
1770760968594 166.190030905777 2073600
1770760978033 161.1520344257886 2078720
1770760989484 146.3010220098364 2083840
1770761000247 156.41050119331743 2088960
1770761009469 155.36185502092826 2094080
1770761018737 150.4791016395795 2099200
1770761028458 94.73514929755613 2104320
1770761038532 166.35481695950503 2109440
1770761048402 115.81995913182747 2114560
1770761058689 120.15653020884064 2119680
1770761068745 104.59350140894242 2124800
1770761078476 162.23664565040806 2129920
1770761087468 141.36514998314797 2135040
1770761096661 88.48929302305956 2140160
1770761106181 123.66741361009554 2145280
1770761115562 150.6195999569074 2150400
1770761124924 136.65343889486203 2155520
1770761134051 155.45398613839367 2160640
1770761143559 126.99237011020952 2165760
1770761153300 99.35577401397607 2170880
1770761162604 155.60393248005937 2176000
1770761171662 124.49700207776789 2181120
1770761182304 118.83227561196736 2186240
1770761191876 153.1718219333163 2191360
1770761201086 123.470827200471 2196480
1770761211039 173.08946847144273 2201600
1770761220544 160.81220765278735 2206720
1770761230527 164.46316119672196 2211840
1770761239823 133.74693877551022 2216960
1770761249322 124.09183431952663 2222080
1770761259559 111.05443761914849 2227200
1770761269011 149.0407220524483 2232320
1770761278819 122.41853948981378 2237440
1770761288727 156.63830899652686 2242560
1770761298707 145.21704809057232 2247680
1770761307978 155.49432787128345 2252800
1770761317861 122.70504944122638 2257920
1770761327092 118.37281630118815 2263040
1770761337159 107.42230759380202 2268160
1770761346992 149.06720688061984 2273280
1770761358074 121.57050520274775 2278400
1770761367444 123.31473260224033 2283520
1770761377797 154.60022115739034 2288640
1770761388818 117.55995291215875 2293760
1770761399191 139.43366244473256 2298880
1770761409719 126.1786348184471 2304000
1770761420145 163.60992354501482 2309120
1770761433484 169.96814847834017 2314240
1770761445781 130.18915479405283 2319360
1770761455245 145.08644366806186 2324480
1770761464572 142.82371369223958 2329600
1770761474710 122.63688196251572 2334720
1770761485654 170.61806939755115 2339840
1770761494225 154.4180840880642 2344960
1770761502967 172.4773418866683 2350080
1770761513182 67.67844579985154 2355200
1770761522824 141.7473470767151 2360320
1770761531350 148.50247840249256 2365440
1770761539795 158.03707611152976 2370560
1770761549735 145.48400971210543 2375680
1770761559045 133.4023726980694 2380800
1770761568161 145.58500520652552 2385920
1770761577310 101.8207947952322 2391040
1770761587469 144.96108384599432 2396160
1770761596537 127.35869796252999 2401280
1770761605948 141.76171967418122 2406400
1770761615281 100.60212990501775 2411520
1770761626463 166.95076224973133 2416640
1770761635245 160.25308524051505 2421760
1770761644002 149.73774588554497 2426880
1770761652493 119.61170364455597 2432000
1770761663673 113.95397614584182 2437120
1770761672667 120.85241744943238 2442240
1770761681764 159.27333485228223 2447360
1770761690633 149.1255066486525 2452480
1770761700666 165.97958053027304 2457600
1770761709048 162.8286812376257 2462720
1770761717762 169.19338442920534 2467840
1770761726329 147.9211426556163 2472960
1770761735428 129.69400123685838 2478080
1770761744092 168.34453140678306 2483200
1770761752629 144.75096631695197 2488320
1770761761693 107.91982503537888 2493440
1770761770499 175.22262606007436 2498560
1770761779397 132.30408176140307 2503680
1770761788134 146.83367757745492 2508800
1770761796739 163.17074499124683 2513920
1770761805522 173.00379475334103 2519040
1770761814691 134.011885743498 2524160
1770761825784 177.7096856198627 2529280
1770761835291 136.32476354535703 2534400
1770761845676 157.14889471712252 2539520
1770761855488 110.15610883496166 2544640
1770761866718 156.39300495917072 2549760
1770761876332 154.5318694274556 2554880
1770761885776 154.42945508100146 2560000
1770761895511 105.55691455895307 2565120
1770761907293 173.93646844156922 2570240
1770761916333 137.1090843712203 2575360
1770761925869 136.71579908080446 2580480
1770761935926 125.50281268701376 2585600
1770761948879 91.32942841589548 2590720
1770761959658 143.13076713076714 2595840
1770761968959 113.83953968081642 2600960
1770761978596 133.12292506427144 2606080
1770761989679 180.61769012143657 2611200
1770761997901 176.6543402265931 2616320
1770762005670 152.1991436243559 2621440
1770762013897 132.47122733876571 2626560
1770762022619 109.99722010962209 2631680
1770762030781 147.11178141769844 2636800
1770762038430 141.70424676509342 2641920
1770762046558 181.74469191437734 2647040
1770762055457 183.88811434083038 2652160
1770762063682 181.8550121401318 2657280
1770762071336 117.21499035855015 2662400
1770762079225 168.47977505523198 2667520
1770762087671 156.55645552610952 2672640
1770762095902 124.78590979412115 2677760
1770762103610 128.71095835762728 2682880
1770762111684 121.56698162425367 2688000
1770762119731 105.27871485943776 2693120
1770762128076 124.7376654275093 2698240
1770762136039 128.33682149195275 2703360
1770762143959 169.09107034872002 2708480
1770762151808 184.64908650671362 2713600
1770762161625 103.79628300626098 2718720
1770762171959 162.53842278628173 2723840
1770762180856 127.37030063771637 2728960
1770762190645 121.23667476008787 2734080
1770762201002 146.94685211785728 2739200
1770762209947 163.82720099992187 2744320
1770762218197 86.7398200806535 2749440
1770762226921 109.34911489428266 2754560
1770762235918 171.74285480304644 2759680
1770762246287 121.20514376535183 2764800
1770762256573 98.24106431817117 2769920
1770762265968 151.46813043949297 2775040
1770762275643 124.64499257057949 2780160
1770762285045 98.56658754964397 2785280
1770762295367 160.76289766193943 2790400
1770762305126 156.70268250765898 2795520
1770762314670 55.180223914959676 2800640
1770762325347 133.00050735667173 2805760
1770762334228 115.32634936346889 2810880
1770762344607 131.76789921774372 2816000
1770762355872 72.9038448167976 2821120
1770762369315 135.0474595917316 2826240
1770762378953 163.55888316955233 2831360
1770762389443 96.95570966250578 2836480
1770762398659 165.05859667073315 2841600
1770762408438 122.00901765715449 2846720
1770762419737 120.61609248288951 2851840
1770762430062 142.7896779464833 2856960
1770762438823 103.74493556605407 2862080
1770762449202 156.35802423112767 2867200
1770762459472 113.67601702035395 2872320
1770762469059 126.99621521785205 2877440
1770762478845 102.8343344693162 2882560
1770762488502 79.90976985215669 2887680
1770762498758 119.72779173327244 2892800
1770762508404 112.01837459605267 2897920
1770762517253 167.0172420658623 2903040
1770762527172 93.58943234559086 2908160
1770762536276 82.56503937007874 2913280
1770762545661 126.40298957265988 2918400
1770762554236 106.48414531975932 2923520
1770762563544 86.40566931729224 2928640
1770762572161 162.07365045017195 2933760
1770762582473 116.10530103806228 2938880
1770762591125 105.60741262967066 2944000
1770762600143 121.29277038750723 2949120
1770762608851 152.6589262966333 2954240
1770762618518 112.83200172167972 2959360
1770762627685 88.54720486404324 2964480
1770762636825 164.01939621460974 2969600
1770762645674 133.2667365678518 2974720
1770762655796 128.08599523605938 2979840
1770762664302 154.32149821553406 2984960
1770762673085 136.24062885727278 2990080
1770762681583 79.7729848986268 2995200
1770762691287 122.49361876113431 3000320
1770762699598 170.30631801201883 3005440
1770762707963 154.3101431146757 3010560
1770762717369 115.33903478619551 3015680
1770762726500 91.91383428659084 3020800
1770762734320 159.28543217378095 3025920
1770762742380 129.44184180477117 3031040
1770762750393 173.1895284499133 3036160
1770762759562 109.70950275954068 3041280
1770762768781 160.67667790376953 3046400
1770762776977 151.85749456915278 3051520
1770762785796 173.72754007372737 3056640
1770762794999 169.05699314792423 3061760
1770762803537 151.764084379636 3066880
1770762811362 163.67376882853353 3072000
1770762819353 105.46136632219456 3077120
1770762827348 139.86607976523942 3082240
1770762835016 153.50256185038793 3087360
1770762843264 78.66876734938855 3092480
1770762851009 180.3226139294927 3097600
1770762858913 138.12955705582084 3102720
1770762866641 170.28557508830335 3107840
1770762874852 175.14214130616335 3112960
1770762882689 128.72280874048613 3118080
1770762890592 81.77465832212279 3123200
1770762898385 114.2893266846508 3128320
1770762906234 186.6042621346265 3133440
1770762914484 162.33083055964084 3138560
1770762922373 123.0614675938151 3143680
1770762929934 141.47004856988667 3148800
1770762937982 169.41891182291877 3153920
1770762946163 103.4532225045014 3159040
1770762954047 180.09807205118295 3164160
1770762961865 164.77328619131802 3169280
1770762969822 169.10470507599888 3174400
1770762978662 136.20523478599728 3179520
1770762988401 101.07000168678763 3184640
1770762997949 163.90402500976944 3189760
1770763006511 108.26524870292455 3194880
1770763015395 84.91353375847758 3200000
1770763025384 185.40818672089117 3205120
1770763034388 112.95962942016105 3210240
1770763043055 107.14241193450329 3215360
1770763051891 162.73391790176146 3220480
1770763061464 141.69945945945946 3225600
1770763070628 91.48081746602979 3230720
1770763079699 154.79421316799528 3235840
1770763089890 112.14716577540106 3240960
1770763100043 104.58567723917814 3246080
1770763108724 131.70997016800126 3251200
1770763117645 87.63144809142761 3256320
1770763126259 154.78850057201905 3261440
1770763137156 68.60275765059946 3266560
1770763148828 87.31584644849696 3271680
1770763157750 124.17633300766794 3276800
1770763166902 151.24419443242465 3281920
1770763176714 173.12519090271186 3287040
1770763185726 146.87481177994889 3292160
1770763194289 173.11804523691598 3297280
1770763202897 111.12505298855447 3302400
1770763212377 167.3704708699122 3307520
1770763221856 114.21463388067424 3312640
1770763231476 170.27174927942193 3317760
1770763240116 168.54070561761634 3322880
1770763249006 112.8775499219549 3328000
1770763257636 142.09790967916794 3333120
1770763266934 169.92683223271078 3338240
1770763275680 66.36136953357382 3343360
1770763284766 169.37102245194637 3348480
1770763292934 126.41441875885349 3353600
1770763301104 177.19166913100418 3358720
1770763309900 134.23491006848877 3363840
1770763317897 163.1517037498055 3368960
1770763326464 113.82718193660443 3374080
1770763334787 147.6191883996762 3379200
1770763343636 112.15016444289954 3384320
1770763351806 106.2010431964349 3389440
1770763359904 183.14138503187493 3394560
1770763368204 116.69320869153938 3399680
1770763376470 144.85094626329604 3404800
1770763385117 137.22571568787828 3409920
1770763393497 188.27957085783544 3415040
1770763404641 87.96409546579422 3420160
1770763415776 173.82833934269965 3425280
1770763424920 176.23126050420169 3430400
1770763433418 159.31568351882098 3435520
1770763441669 109.11584588568901 3440640
1770763450747 114.19908516663037 3445760
1770763459576 72.31807993379083 3450880
1770763467544 108.55385889538796 3456000
1770763475850 173.90762086408492 3461120
1770763484278 161.7361662746308 3466240
1770763492544 174.34134175741957 3471360
1770763501198 124.84533873080129 3476480
1770763509313 155.32158198785365 3481600
1770763517820 146.9622985283812 3486720
1770763526353 177.72474576271188 3491840
1770763534975 114.16178551986935 3496960
1770763543232 167.06380944794074 3502080
1770763551964 153.06002992373098 3507200
1770763560113 170.87525462397133 3512320
1770763568642 184.29210422250537 3517440
1770763577048 108.00319299600875 3522560
1770763585778 104.06927524005657 3527680
1770763594183 150.87967193064497 3532800
1770763602560 97.04544192503471 3537920
1770763611350 146.7874291313782 3543040
1770763620077 136.0947467471365 3548160
1770763629661 97.88797610156834 3553280
1770763638820 114.11830004897426 3558400
1770763647313 145.26734319260208 3563520
1770763656337 118.50324913827203 3568640
1770763664601 153.42395200819374 3573760
1770763672975 165.6845348607545 3578880
1770763681393 143.09658489986694 3584000
1770763690878 128.32504206822702 3589120
1770763700702 70.67900173567227 3594240
1770763709442 177.93585610045818 3599360
1770763718707 137.8254468980021 3604480
1770763727699 95.52700025052953 3609600
1770763739490 115.11112330872464 3614720
1770763750841 158.02516765880492 3619840
1770763760974 149.11490329920363 3624960
1770763771509 99.57041116703067 3630080
1770763782003 71.78217042323425 3635200
1770763792363 166.97734782435606 3640320
1770763802941 123.10842383328442 3645440
1770763814631 163.38685676444237 3650560
1770763823751 66.26491405460061 3655680
1770763834204 117.36586730839186 3660800
1770763844549 122.13336439345407 3665920
1770763853469 155.2525910571513 3671040
1770763861758 106.62490784757352 3676160
1770763870580 148.1144148598065 3681280
1770763878942 161.232567079265 3686400
1770763887881 154.98869263173452 3691520
1770763896149 128.32504206822702 3696640
1770763904448 157.01358888930483 3701760
1770763912977 86.91236867734516 3706880
1770763922281 179.9975967728092 3712000
1770763930608 162.03608267336296 3717120
1770763939049 135.65458132539862 3722240
1770763947628 113.77469144174691 3727360
1770763957060 76.7470677572231 3732480
1770763965254 136.54666796887716 3737600
1770763973385 173.01806781618677 3742720
1770763981961 97.46715311505125 3747840
1770763990578 100.71083151247389 3752960
1770763999584 187.2875195356106 3758080
1770764008142 104.09510336783065 3763200
1770764016342 108.8044826065527 3768320
1770764025240 119.71753960325388 3773440
1770764034118 121.04773448773449 3778560
1770764042304 99.46651489280971 3783680
1770764050715 150.4575097750834 3788800
1770764059645 158.79695604437208 3793920
1770764067852 104.77901573819635 3799040
1770764076472 137.96598796092235 3804160
1770764085028 158.70682609353716 3809280
1770764093491 77.0190605604319 3814400
1770764101897 84.8843195984781 3819520
1770764110385 115.96726387967264 3824640
1770764119294 135.87870934300895 3829760
1770764128250 172.2223864662889 3834880
1770764136497 81.04152255820694 3840000
1770764145259 71.39483897324165 3845120
1770764153434 132.97520765962844 3850240
1770764162369 126.09518083155459 3855360
1770764170718 102.13071004188176 3860480
1770764179033 159.3338398419693 3865600
1770764187398 124.84905491888674 3870720
1770764195859 122.425685931115 3875840
1770764204845 159.959726936425 3880960
1770764212950 115.14588480755505 3886080
1770764221422 146.710413095946 3891200
1770764230072 142.31004648322192 3896320
1770764238837 165.2732287808338 3901440
1770764247397 115.90957828994638 3906560
1770764255639 112.35445072459886 3911680
1770764264401 123.00011730205279 3916800
1770764273171 152.55897864911068 3921920
1770764281452 155.77152194904554 3927040
1770764289896 128.1016431494716 3932160
1770764298577 118.12611597713126 3937280
1770764306838 124.43790423070077 3942400
1770764315536 97.28178128261627 3947520
1770764323948 119.9332037058218 3952640
1770764332397 101.94205716507875 3957760
1770764341047 105.22061110832372 3962880
1770764350263 170.8334962528511 3968000
1770764358543 142.1797966101695 3973120
1770764367096 138.7372320719767 3978240
1770764375730 164.1285071414596 3983360
1770764383792 68.30001628399283 3988480
1770764392792 119.26139497853222 3993600
1770764401867 173.7419328113997 3998720
1770764410378 127.5795108894026 4003840
1770764418621 176.55766964135375 4008960
1770764427256 135.50995089170328 4014080
1770764436467 67.1260482683567 4019200
1770764444685 155.78887939679828 4024320
1770764453327 106.14191719809698 4029440
1770764461652 135.43556459685493 4034560
1770764470390 97.94969757829102 4039680
1770764479346 158.92331009396787 4044800
1770764487577 179.7353445320535 4049920
1770764496111 135.18674659962613 4055040
1770764504525 147.94723104056436 4060160
1770764513349 101.25543780025589 4065280
1770764522402 127.73103511283004 4070400
1770764530749 79.65784175941049 4075520
1770764539429 116.48902960617674 4080640
1770764548917 168.58135048231512 4085760
1770764557615 115.96726387967264 4090880
1770764565921 117.33303493999496 4096000
1770764574103 81.84007804878048 4101120
1770764582747 161.67382338202984 4106240
1770764591122 120.40833668255154 4111360
1770764599794 127.08471700399951 4116480
1770764608259 126.67786167321051 4121600
1770764617075 125.45401250261718 4126720
1770764625678 189.85623755205503 4131840
1770764634009 159.03177371653902 4136960
1770764642885 100.63592302893613 4142080
1770764651577 192.09966107905103 4147200
1770764659763 165.9861490363687 4152320
1770764668350 82.2928896562549 4157440
1770764676814 172.3710187810792 4162560
1770764686169 146.68988913370404 4167680
1770764694253 173.97975775676124 4172800
1770764702526 138.53560576033823 4177920
1770764710985 157.73990221887928 4183040
1770764719656 77.7140316095681 4188160
1770764728619 109.00241690272617 4193280
1770764736571 152.5978316233719 4198400
1770764744211 162.4880486576531 4203520
1770764751915 180.77338160503405 4208640
1770764759788 64.14191555412825 4213760
1770764768079 127.47481992523478 4218880
1770764776007 167.75202975642924 4224000
1770764784065 172.69749248569192 4229120
1770764792258 183.54209697181867 4234240
1770764799943 128.86122461519554 4239360
1770764807829 179.65066175525763 4244480
1770764815948 131.56537013801756 4249600
1770764823694 125.13213401354456 4254720
1770764831883 133.9134765812075 4259840
1770764840165 167.06380944794074 4264960
1770764848010 116.3307169601997 4270080
1770764855709 195.19285182427402 4275200
1770764863981 141.22711202397386 4280320
1770764872014 196.50053876786131 4285440
1770764880710 54.63894533896097 4290560
1770764890277 56.330383163888854 4295680
1770764899837 85.85736510275936 4300800
1770764908792 133.55529374303455 4305920
1770764917901 186.6623943035158 4311040
1770764926636 118.93673614064937 4316160
1770764935233 106.06139685429626 4321280
1770764944898 74.25649741519723 4326400
1770764954060 160.8307066988765 4331520
1770764963001 115.64751295908239 4336640
1770764971688 97.04319659424817 4341760
1770764980268 169.68622056800712 4346880
1770764988605 134.52767977419975 4352000
1770764997041 114.06864291542018 4357120
1770765005678 115.2344634320567 4362240
1770765014673 106.7687608186539 4367360
1770765022853 163.74405621706032 4372480
1770765031290 132.85726955970858 4377600
1770765040688 169.87865532604295 4382720
1770765048986 119.67313398767405 4387840
1770765058100 142.6731070140826 4392960
1770765066567 110.79628064243448 4398080
1770765074931 162.21154813010017 4403200
1770765083690 131.81345065996229 4408320
1770765092757 110.99272275000662 4413440
1770765101043 153.39589657316316 4418560
1770765109502 100.25345985610824 4423680
1770765117966 98.72434977050723 4428800
1770765126618 103.67825979483376 4433920
1770765135393 111.11327752463707 4439040
1770765143682 121.98417868776176 4444160
1770765152572 180.89812818079875 4449280
1770765161262 130.85935355048048 4454400
1770765169711 81.88321652382719 4459520
1770765178779 76.33363058947714 4464640
1770765187801 151.9345069912338 4469760
1770765196565 138.6088565763384 4474880
1770765204711 147.2150503667825 4480000
1770765213544 99.39580074885066 4485120
1770765222640 140.43742047813566 4490240
1770765231155 160.27145586549483 4495360
1770765239526 119.6594773479402 4500480
1770765247761 79.21254013220019 4505600
1770765256489 159.74649603900062 4510720
1770765265712 109.67794571413629 4515840
1770765274222 134.51905067350867 4520960
1770765282513 142.32936305948624 4526080
1770765291076 64.24015561103369 4531200
1770765299654 163.31051668418797 4536320
1770765308544 148.88729544567107 4541440
1770765316872 159.3580547112462 4546560
1770765325553 176.60970988252137 4551680
1770765333927 168.79845460399227 4556800
1770765342622 104.47886411757379 4561920
1770765351072 87.23412574613673 4567040
1770765359824 82.88155554677311 4572160
1770765368165 119.78249942883254 4577280
1770765376636 113.79629931086873 4582400
1770765385219 140.61633364623844 4587520
1770765394008 171.02156982670743 4592640
1770765402661 93.53725385250105 4597760
1770765410809 121.10365536755789 4602880
1770765419585 135.61072132949658 4608000
1770765428673 152.21571402649246 4613120
1770765437234 151.39158996571015 4618240
1770765445578 146.50543155541584 4623360
1770765454619 129.73411691927004 4628480
1770765463237 140.76735132232514 4633600
1770765472448 159.2007894936613 4638720
1770765480683 183.89617678007716 4643840
1770765489175 133.94341189244426 4648960
1770765497905 156.33471243803348 4654080
1770765506552 126.14448120300752 4659200
1770765515605 162.35596500735465 4664320
1770765523785 104.09510336783065 4669440
1770765532497 145.9497529403577 4674560
1770765541372 118.54008987366815 4679680
1770765550262 161.232567079265 4684800
1770765558534 133.39812988995612 4689920
1770765567674 154.56034196853005 4695040
1770765576110 127.49419417593775 4700160
1770765584306 120.47058823529412 4705280
1770765592885 187.10371592987465 4710400
1770765602200 130.23362106439794 4715520
1770765610636 109.74682086974724 4720640
1770765619088 148.4814500141603 4725760
1770765627673 153.71633804881625 4730880
1770765636258 121.95225772686302 4736000
1770765645457 139.14225053078556 4741120
1770765653750 86.91236867734516 4746240
1770765662023 164.24419469788933 4751360
1770765670637 72.81777777777778 4756480
1770765679333 94.91952566307594 4761600
1770765688265 162.60773823369775 4766720
1770765696726 99.8311039177417 4771840
1770765705264 115.39297898096181 4776960
1770765713769 116.12137320044297 4782080
1770765722545 152.53123863553714 4787200
1770765730846 175.99462907015777 4792320
1770765739230 110.13875321674281 4797440
1770765747798 97.67824871914299 4802560
1770765756087 89.65636355863366 4807680
1770765764845 180.2296321760055 4812800
1770765774094 163.2787293677982 4817920
1770765782740 126.23179944021429 4823040
1770765791054 109.2380456297531 4828160
1770765799691 91.85143658023826 4833280
1770765808348 81.17798250367733 4838400
1770765817176 189.3676463948711 4843520
1770765825644 85.52822185970636 4848640
1770765834062 175.31783982611603 4853760
1770765843153 127.54847342172485 4858880
1770765851645 175.89867896833718 4864000
1770765860481 117.33303493999496 4869120
1770765868823 148.55507544095772 4874240
1770765877028 88.47436032653405 4879360
1770765885716 111.40841478963026 4884480
1770765894615 111.98846554348117 4889600
1770765903174 97.86970319208513 4894720
1770765912050 85.71874680672784 4899840
1770765920539 181.14031526668106 4904960
1770765928843 107.17252657399837 4910080
1770765937426 125.49905747883068 4915200
1770765946886 176.20904927950258 4920320
1770765955134 126.40298957265988 4925440
1770765963569 109.86180522814186 4930560
1770765972181 99.32283501858912 4935680
1770765981121 114.42963932995035 4940800
1770765989930 150.80914713073494 4945920
1770765998134 162.80971974225605 4951040
1770766006682 122.11202981250727 4956160
1770766015450 172.50571687093856 4961280
1770766023903 99.42407433745792 4966400
1770766032744 133.68299601593625 4971520
1770766040899 89.70046408178105 4976640
1770766049363 109.35196579413912 4981760
1770766057929 154.80563962500923 4986880
1770766066118 181.20292046485505 4992000
1770766075026 156.38134297751762 4997120
1770766078650 162.77812706174564 5000192
