1770757089026 2.0269410610198975 5120
1770757098259 1.9664969444274902 10240
1770757108345 1.9230399131774902 15360
1770757117214 1.9035967588424683 20480
1770757125927 1.8415876626968384 25600
1770757134415 1.7885804176330566 30720
1770757143153 1.763269305229187 35840
1770757151927 1.7345942258834839 40960
1770757161043 1.7076913118362427 46080
1770757169506 1.682816743850708 51200
1770757178846 1.6803442239761353 56320
1770757187444 1.6790705919265747 61440
1770757196113 1.6718307733535767 66560
1770757204499 1.6764039993286133 71680
1770757213928 1.7389150857925415 76800
1770757222578 1.806421160697937 81920
1770757231012 1.869139552116394 87040
1770757240042 1.9265906810760498 92160
1770757248914 1.9761070013046265 97280
1770757257420 2.030055046081543 102400
1770757266467 2.078273296356201 107520
1770757274290 2.1155848503112793 112640
1770757282425 2.1373610496520996 117760
1770757291145 2.1626343727111816 122880
1770757299141 2.1790575981140137 128000
1770757307425 2.186779737472534 133120
1770757315837 2.199486017227173 138240
1770757325417 2.207656145095825 143360
1770757334682 2.2191073894500732 148480
1770757344027 2.2234723567962646 153600
1770757353489 2.2315239906311035 158720
1770757362933 2.242310047149658 163840
1770757371929 2.2543833255767822 168960
1770757380929 2.2594454288482666 174080
1770757391519 2.264423370361328 179200
1770757401444 2.2672677040100098 184320
1770757412437 2.274419069290161 189440
1770757424357 2.2821826934814453 194560
1770757436590 2.3018593788146973 199680
1770757447197 2.3113651275634766 204800
1770757456787 2.3211607933044434 209920
1770757468547 2.3287575244903564 215040
1770757478711 2.3337271213531494 220160
1770757488663 2.3486557006835938 225280
1770757497701 2.3549840450286865 230400
1770757507985 2.363511800765991 235520
1770757517116 2.3737800121307373 240640
1770757525927 2.3975560665130615 245760
1770757535233 2.4146664142608643 250880
1770757544690 2.432471752166748 256000
1770757553371 2.45383620262146 261120
1770757562666 2.4686174392700195 266240
1770757571965 2.484483242034912 271360
1770757582444 2.5009608268737793 276480
1770757592185 2.517578125 281600
1770757601529 2.530749559402466 286720
1770757612795 2.542370557785034 291840
1770757624049 2.5587570667266846 296960
1770757632693 2.566537380218506 302080
1770757641448 2.5738649368286133 307200
1770757650446 2.586956024169922 312320
1770757661715 2.599618911743164 317440
1770757670751 2.607057809829712 322560
1770757679840 2.6159560680389404 327680
1770757689300 2.623962163925171 332800
1770757698656 2.6277785301208496 337920
1770757707671 2.6311607360839844 343040
1770757717119 2.630330801010132 348160
1770757726199 2.635291814804077 353280
1770757735955 2.6390607357025146 358400
1770757745154 2.642319679260254 363520
1770757754305 2.658303737640381 368640
1770757763825 2.672736883163452 373760
1770757776052 2.685032844543457 378880
1770757785474 2.7020843029022217 384000
1770757795081 2.7128336429595947 389120
1770757804078 2.7231364250183105 394240
1770757814070 2.7293124198913574 399360
1770757822791 2.738814353942871 404480
1770757831421 2.742353916168213 409600
1770757840385 2.749697685241699 414720
1770757849656 2.7565088272094727 419840
1770757858497 2.7650840282440186 424960
1770757867013 2.7724735736846924 430080
1770757876123 2.781984806060791 435200
1770757884729 2.79056715965271 440320
1770757893828 2.805988073348999 445440
1770757902964 2.8195083141326904 450560
1770757911552 2.8338096141815186 455680
1770757919963 2.8523073196411133 460800
1770757928781 2.8767335414886475 465920
1770757937734 2.898151397705078 471040
1770757946085 2.914029836654663 476160
1770757954508 2.9325881004333496 481280
1770757963001 2.949310302734375 486400
1770757973597 2.9656052589416504 491520
1770757984317 2.986088991165161 496640
1770757994066 3.002962827682495 501760
1770758004053 3.0215046405792236 506880
1770758013043 3.036738872528076 512000
1770758021989 3.045572519302368 517120
1770758030661 3.0580599308013916 522240
1770758040451 3.0704729557037354 527360
1770758049949 3.082559823989868 532480
1770758060233 3.092923402786255 537600
1770758069892 3.100384473800659 542720
1770758079100 3.112773895263672 547840
1770758087983 3.1192877292633057 552960
1770758096351 3.1255316734313965 558080
1770758104967 3.1325221061706543 563200
1770758113556 3.1387436389923096 568320
1770758122669 3.1462063789367676 573440
1770758131387 3.155827283859253 578560
1770758139943 3.164571762084961 583680
1770758149377 3.1701667308807373 588800
1770758158298 3.177255392074585 593920
1770758167000 3.1854615211486816 599040
1770758176944 3.1936452388763428 604160
1770758186134 3.201127767562866 609280
1770758194998 3.2059414386749268 614400
1770758204153 3.2101428508758545 619520
1770758213368 3.2135732173919678 624640
1770758221835 3.2171144485473633 629760
1770758231377 3.2199254035949707 634880
1770758240090 3.2229204177856445 640000
1770758248552 3.226208209991455 645120
1770758256815 3.224695920944214 650240
1770758265935 3.2244482040405273 655360
1770758275689 3.2221930027008057 660480
1770758284907 3.216196060180664 665600
1770758294713 3.21132493019104 670720
1770758303391 3.2060811519622803 675840
1770758311548 3.203380823135376 680960
1770758320808 3.2020864486694336 686080
1770758330794 3.2055258750915527 691200
1770758339293 3.2081849575042725 696320
1770758348815 3.2095234394073486 701440
1770758357375 3.2142417430877686 706560
1770758365603 3.220200300216675 711680
1770758375342 3.225172996520996 716800
1770758383744 3.232020139694214 721920
1770758393655 3.238159656524658 727040
1770758403384 3.242600679397583 732160
1770758414077 3.2515146732330322 737280
1770758423467 3.2577712535858154 742400
1770758432472 3.2625341415405273 747520
1770758441596 3.270000696182251 752640
1770758451926 3.276594400405884 757760
1770758460033 3.2829508781433105 762880
1770758468512 3.289503812789917 768000
1770758476809 3.294569969177246 773120
1770758485018 3.3018696308135986 778240
1770758493602 3.3075613975524902 783360
1770758501916 3.3149707317352295 788480
1770758510958 3.3228588104248047 793600
1770758519527 3.328645944595337 798720
1770758528275 3.3371245861053467 803840
1770758536409 3.3423423767089844 808960
1770758545370 3.349635362625122 814080
1770758555243 3.3548552989959717 819200
1770758564316 3.3586299419403076 824320
1770758574248 3.3610761165618896 829440
1770758583636 3.3627121448516846 834560
1770758593206 3.3654682636260986 839680
1770758602102 3.366360664367676 844800
1770758610318 3.366819381713867 849920
1770758621122 3.3697288036346436 855040
1770758630280 3.37317156791687 860160
1770758639642 3.3762903213500977 865280
1770758648864 3.3780221939086914 870400
1770758658542 3.3822922706604004 875520
1770758667759 3.384791851043701 880640
1770758679098 3.389289617538452 885760
1770758688430 3.3940415382385254 890880
1770758697200 3.399125337600708 896000
1770758706231 3.4038915634155273 901120
1770758715898 3.409120798110962 906240
1770758724208 3.414815902709961 911360
1770758732547 3.4190690517425537 916480
1770758742138 3.425057888031006 921600
1770758753464 3.429473400115967 926720
1770758762448 3.4338502883911133 931840
1770758771401 3.4388320446014404 936960
1770758780002 3.4435408115386963 942080
1770758789449 3.4473493099212646 947200
1770758797921 3.4519941806793213 952320
1770758807268 3.455230474472046 957440
1770758816146 3.459542989730835 962560
1770758826199 3.465682029724121 967680
1770758836709 3.4706687927246094 972800
1770758848099 3.4764914512634277 977920
1770758864747 3.481740713119507 983040
1770758877600 3.4873673915863037 988160
1770758886561 3.494476318359375 993280
1770758895115 3.499985694885254 998400
1770758903730 3.505923271179199 1003520
1770758912147 3.511608600616455 1008640
1770758920585 3.5198726654052734 1013760
1770758930704 3.5259451866149902 1018880
1770758939985 3.5311412811279297 1024000
1770758948012 3.536497116088867 1029120
1770758956556 3.5421555042266846 1034240
1770758964902 3.548710823059082 1039360
1770758972928 3.5531935691833496 1044480
1770758981377 3.5574467182159424 1049600
1770758989240 3.5621328353881836 1054720
1770758999200 3.5663373470306396 1059840
1770759007822 3.571223020553589 1064960
1770759016411 3.5771162509918213 1070080
1770759025482 3.5833592414855957 1075200
1770759034398 3.5874972343444824 1080320
1770759042460 3.592000722885132 1085440
1770759051688 3.5971295833587646 1090560
1770759060794 3.6005702018737793 1095680
1770759070410 3.6064116954803467 1100800
1770759078827 3.6105239391326904 1105920
1770759087853 3.6149654388427734 1111040
1770759096855 3.618056297302246 1116160
1770759107159 3.622264862060547 1121280
1770759116500 3.6265816688537598 1126400
1770759125735 3.6292972564697266 1131520
1770759134557 3.6330220699310303 1136640
1770759143262 3.6351730823516846 1141760
1770759152111 3.639415740966797 1146880
1770759161078 3.6416547298431396 1152000
1770759171354 3.644688129425049 1157120
1770759180073 3.647920846939087 1162240
1770759188917 3.6504175662994385 1167360
1770759199632 3.653451442718506 1172480
1770759210045 3.654956817626953 1177600
1770759219839 3.6574199199676514 1182720
1770759229174 3.6593711376190186 1187840
1770759238177 3.662635326385498 1192960
1770759247578 3.6666576862335205 1198080
1770759256650 3.668982982635498 1203200
1770759267282 3.6690897941589355 1208320
1770759277411 3.6710641384124756 1213440
1770759287579 3.6729159355163574 1218560
1770759296905 3.675976276397705 1223680
1770759307661 3.678194522857666 1228800
1770759317234 3.681705951690674 1233920
1770759326263 3.6834051609039307 1239040
1770759337586 3.686105728149414 1244160
1770759349630 3.685007333755493 1249280
1770759361049 3.687917709350586 1254400
1770759371795 3.6902823448181152 1259520
1770759381935 3.6919784545898438 1264640
1770759392851 3.6933631896972656 1269760
1770759402365 3.69478178024292 1274880
1770759413190 3.698073625564575 1280000
1770759422744 3.700693368911743 1285120
1770759432499 3.702979326248169 1290240
1770759441916 3.7055020332336426 1295360
1770759451121 3.7076332569122314 1300480
1770759460680 3.7094428539276123 1305600
1770759470431 3.710883617401123 1310720
1770759479231 3.712850570678711 1315840
1770759489823 3.713900327682495 1320960
1770759498874 3.7170891761779785 1326080
1770759509391 3.7170705795288086 1331200
1770759520044 3.7198681831359863 1336320
1770759530883 3.7223215103149414 1341440
1770759540540 3.724891185760498 1346560
1770759551357 3.7265801429748535 1351680
1770759560569 3.729607105255127 1356800
1770759570115 3.732111930847168 1361920
1770759579653 3.734792709350586 1367040
1770759589270 3.7370524406433105 1372160
1770759600507 3.740405321121216 1377280
1770759615328 3.7425730228424072 1382400
1770759626677 3.745668888092041 1387520
1770759638323 3.7484350204467773 1392640
1770759648708 3.751943349838257 1397760
1770759659477 3.7561473846435547 1402880
1770759668968 3.759441375732422 1408000
1770759680003 3.7617099285125732 1413120
1770759690104 3.7646892070770264 1418240
1770759699854 3.7688562870025635 1423360
1770759709733 3.7724339962005615 1428480
1770759720187 3.7756540775299072 1433600
1770759730616 3.779012441635132 1438720
1770759742169 3.7834060192108154 1443840
1770759752582 3.786252975463867 1448960
1770759763464 3.79105544090271 1454080
1770759774394 3.794156074523926 1459200
1770759785864 3.797520875930786 1464320
1770759797348 3.7998006343841553 1469440
1770759808597 3.8020758628845215 1474560
1770759819834 3.805471897125244 1479680
1770759833289 3.8078386783599854 1484800
1770759846310 3.811302900314331 1489920
1770759856065 3.8138413429260254 1495040
1770759865746 3.81709885597229 1500160
1770759875716 3.8194124698638916 1505280
1770759885321 3.821279525756836 1510400
1770759895702 3.824195384979248 1515520
1770759907401 3.825148105621338 1520640
1770759918666 3.8279922008514404 1525760
1770759936408 3.8316707611083984 1530880
1770759950840 3.835632085800171 1536000
1770759960432 3.8392810821533203 1541120
1770759969495 3.8432343006134033 1546240
1770759978902 3.8473262786865234 1551360
1770759988077 3.849478006362915 1556480
1770759998181 3.8532819747924805 1561600
1770760008084 3.857527494430542 1566720
1770760019659 3.8606677055358887 1571840
1770760030617 3.8653595447540283 1576960
1770760041912 3.870539665222168 1582080
1770760051165 3.873342752456665 1587200
1770760060469 3.8757455348968506 1592320
1770760069864 3.8785746097564697 1597440
1770760081204 3.882396936416626 1602560
1770760090805 3.8861169815063477 1607680
1770760100277 3.890857458114624 1612800
1770760111097 3.894125461578369 1617920
1770760123107 3.8968684673309326 1623040
1770760133315 3.9007487297058105 1628160
1770760142239 3.9035227298736572 1633280
1770760152447 3.908207416534424 1638400
1770760166626 3.9109184741973877 1643520
1770760176651 3.9145753383636475 1648640
1770760185725 3.916844129562378 1653760
1770760194850 3.919661283493042 1658880
1770760203684 3.922818183898926 1664000
1770760213023 3.925072193145752 1669120
1770760222250 3.92989444732666 1674240
1770760231257 3.9340126514434814 1679360
1770760240260 3.9366557598114014 1684480
1770760248948 3.9386708736419678 1689600
1770760257694 3.9408371448516846 1694720
1770760266474 3.9424736499786377 1699840
1770760276278 3.9458820819854736 1704960
1770760285330 3.94895076751709 1710080
1770760294546 3.951240062713623 1715200
1770760303727 3.955110549926758 1720320
1770760316377 3.9574506282806396 1725440
1770760328000 3.960082530975342 1730560
1770760337650 3.963541269302368 1735680
1770760346972 3.965688467025757 1740800
1770760357567 3.9678640365600586 1745920
1770760367821 3.96954083442688 1751040
1770760377870 3.9723105430603027 1756160
1770760386813 3.973249673843384 1761280
1770760396844 3.9760897159576416 1766400
1770760406145 3.9790701866149902 1771520
1770760415492 3.9818458557128906 1776640
1770760425265 3.9835190773010254 1781760
1770760434818 3.985487937927246 1786880
1770760443508 3.9868524074554443 1792000
1770760452909 3.9893574714660645 1797120
1770760462339 3.9915945529937744 1802240
1770760471648 3.9928157329559326 1807360
1770760481050 3.995943784713745 1812480
1770760490523 3.998223304748535 1817600
1770760500521 3.9995644092559814 1822720
1770760509941 4.001832008361816 1827840
1770760518774 4.003273963928223 1832960
1770760528697 4.0055012702941895 1838080
1770760538550 4.008009910583496 1843200
1770760547874 4.009914398193359 1848320
1770760557479 4.012929439544678 1853440
1770760567114 4.015618801116943 1858560
1770760576376 4.017501354217529 1863680
1770760585782 4.0201497077941895 1868800
1770760594557 4.020237445831299 1873920
1770760603564 4.021472930908203 1879040
1770760612996 4.023259162902832 1884160
1770760622966 4.024319171905518 1889280
1770760633601 4.025052070617676 1894400
1770760643492 4.02632474899292 1899520
1770760652867 4.026238441467285 1904640
1770760662032 4.028287410736084 1909760
1770760671751 4.028599262237549 1914880
1770760680560 4.029456615447998 1920000
1770760689503 4.030378818511963 1925120
1770760697782 4.0307111740112305 1930240
1770760708110 4.032061576843262 1935360
1770760717638 4.032070159912109 1940480
1770760726937 4.032284259796143 1945600
1770760736221 4.033827781677246 1950720
1770760745212 4.0353217124938965 1955840
1770760753843 4.036766052246094 1960960
1770760762807 4.037477970123291 1966080
1770760772175 4.038504600524902 1971200
1770760783632 4.039299011230469 1976320
1770760794043 4.039589881896973 1981440
1770760804224 4.0409111976623535 1986560
1770760813655 4.043108940124512 1991680
1770760823191 4.0438761711120605 1996800
1770760833743 4.044690132141113 2001920
1770760843347 4.045557975769043 2007040
1770760852543 4.047117710113525 2012160
1770760861980 4.0492963790893555 2017280
1770760871794 4.051178455352783 2022400
1770760881411 4.051703929901123 2027520
1770760890834 4.052432060241699 2032640
1770760899945 4.053661346435547 2037760
1770760910251 4.054172992706299 2042880
1770760919795 4.055850028991699 2048000
1770760928869 4.055805206298828 2053120
1770760938030 4.057403087615967 2058240
1770760949397 4.058475971221924 2063360
1770760959335 4.060865879058838 2068480
1770760968624 4.062295436859131 2073600
1770760978080 4.063743591308594 2078720
1770760989520 4.064948081970215 2083840
1770761000276 4.066945552825928 2088960
1770761009499 4.067558288574219 2094080
1770761018770 4.06803560256958 2099200
1770761028501 4.070206642150879 2104320
1770761038561 4.071166515350342 2109440
1770761048446 4.072398662567139 2114560
1770761058722 4.074841022491455 2119680
1770761068776 4.076686382293701 2124800
1770761078506 4.077712535858154 2129920
1770761087497 4.079185485839844 2135040
1770761096694 4.081101894378662 2140160
1770761106225 4.082546710968018 2145280
1770761115596 4.084160327911377 2150400
1770761124959 4.085214138031006 2155520
1770761134084 4.08674955368042 2160640
1770761143592 4.087357997894287 2165760
1770761153336 4.089070796966553 2170880
1770761162637 4.090328216552734 2176000
1770761171693 4.093660831451416 2181120
1770761182344 4.096086025238037 2186240
1770761191905 4.097127914428711 2191360
1770761201116 4.097714424133301 2196480
1770761211081 4.099858283996582 2201600
1770761220580 4.101903915405273 2206720
1770761230555 4.103663921356201 2211840
1770761239862 4.1066389083862305 2216960
1770761249354 4.1084513664245605 2222080
1770761259603 4.110514163970947 2227200
1770761269049 4.112301349639893 2232320
1770761278860 4.114216327667236 2237440
1770761288759 4.116299629211426 2242560
1770761298739 4.11742639541626 2247680
1770761308007 4.119464874267578 2252800
1770761317896 4.121928691864014 2257920
1770761327126 4.123924732208252 2263040
1770761337192 4.125419616699219 2268160
1770761347030 4.126992225646973 2273280
1770761358109 4.1283674240112305 2278400
1770761367480 4.130138397216797 2283520
1770761377839 4.13210916519165 2288640
1770761388857 4.134089469909668 2293760
1770761399227 4.134777069091797 2298880
1770761409757 4.136860370635986 2304000
1770761420181 4.1388258934021 2309120
1770761433517 4.140934467315674 2314240
1770761445815 4.142481803894043 2319360
1770761455277 4.144300937652588 2324480
1770761464609 4.14644193649292 2329600
1770761474751 4.148067474365234 2334720
1770761485682 4.149996280670166 2339840
1770761494260 4.151792049407959 2344960
1770761502999 4.154214859008789 2350080
1770761513216 4.156109809875488 2355200
1770761522864 4.158087253570557 2360320
1770761531385 4.158721446990967 2365440
1770761539833 4.160024642944336 2370560
1770761549776 4.162145614624023 2375680
1770761559084 4.16337251663208 2380800
1770761568195 4.165440559387207 2385920
1770761577354 4.168509483337402 2391040
1770761587505 4.170393943786621 2396160
1770761596581 4.171121597290039 2401280
1770761605982 4.172811985015869 2406400
1770761615326 4.174758434295654 2411520
1770761626494 4.176516056060791 2416640
1770761635278 4.1788530349731445 2421760
1770761644035 4.180243015289307 2426880
1770761652531 4.181624412536621 2432000
1770761663712 4.183396339416504 2437120
1770761672708 4.1844048500061035 2442240
1770761681801 4.1853413581848145 2447360
1770761690667 4.187649726867676 2452480
1770761700699 4.1887946128845215 2457600
1770761709078 4.1900811195373535 2462720
1770761717797 4.191318035125732 2467840
1770761726370 4.192961692810059 2472960
1770761735462 4.194626808166504 2478080
1770761744122 4.195428371429443 2483200
1770761752672 4.19636344909668 2488320
1770761761731 4.197598457336426 2493440
1770761770535 4.197423458099365 2498560
1770761779440 4.197996616363525 2503680
1770761788189 4.1987528800964355 2508800
1770761796773 4.199446201324463 2513920
1770761805556 4.200282573699951 2519040
1770761814730 4.201052665710449 2524160
1770761825818 4.202115535736084 2529280
1770761835337 4.202438831329346 2534400
1770761845715 4.203448295593262 2539520
1770761855537 4.204344749450684 2544640
1770761866753 4.205842971801758 2549760
1770761876369 4.207047939300537 2554880
1770761885819 4.208431720733643 2560000
1770761895560 4.209561824798584 2565120
1770761907328 4.210765361785889 2570240
1770761916370 4.21120023727417 2575360
1770761925910 4.212346076965332 2580480
1770761935970 4.213048458099365 2585600
1770761948930 4.214217662811279 2590720
1770761959709 4.215488910675049 2595840
1770761968992 4.21591854095459 2600960
1770761978638 4.217350006103516 2606080
1770761989708 4.218507289886475 2611200
1770761997932 4.219593524932861 2616320
1770762005711 4.220610618591309 2621440
1770762013928 4.2208991050720215 2626560
1770762022655 4.222086429595947 2631680
1770762030819 4.222358703613281 2636800
1770762038479 4.222662448883057 2641920
1770762046609 4.222505569458008 2647040
1770762055485 4.224201202392578 2652160
1770762063712 4.225050449371338 2657280
1770762071373 4.225295066833496 2662400
1770762079261 4.22489070892334 2667520
1770762087703 4.225464820861816 2672640
1770762095934 4.22538423538208 2677760
1770762103649 4.225087642669678 2682880
1770762111714 4.225337028503418 2688000
1770762119766 4.225831031799316 2693120
1770762128109 4.226237773895264 2698240
1770762136070 4.226184368133545 2703360
1770762143990 4.2263898849487305 2708480
1770762151858 4.225667476654053 2713600
1770762161687 4.226812839508057 2718720
1770762172000 4.227090835571289 2723840
1770762180909 4.227271556854248 2728960
1770762190688 4.227992534637451 2734080
1770762201036 4.228549957275391 2739200
1770762209980 4.229997634887695 2744320
1770762218233 4.230621814727783 2749440
1770762226982 4.231267929077148 2754560
1770762235951 4.230993270874023 2759680
1770762246334 4.231684684753418 2764800
1770762256625 4.231496334075928 2769920
1770762266005 4.231588363647461 2775040
1770762275680 4.232064247131348 2780160
1770762285109 4.233071327209473 2785280
1770762295411 4.2335124015808105 2790400
1770762305171 4.234184265136719 2795520
1770762314707 4.234559059143066 2800640
1770762325390 4.235219478607178 2805760
1770762334284 4.235791206359863 2810880
1770762344661 4.236025333404541 2816000
1770762355974 4.2355780601501465 2821120
1770762369371 4.23577880859375 2826240
1770762378992 4.237001895904541 2831360
1770762389480 4.237677097320557 2836480
1770762398695 4.237983703613281 2841600
1770762408488 4.238489151000977 2846720
1770762419786 4.23931360244751 2851840
1770762430104 4.239245891571045 2856960
1770762438867 4.238527774810791 2862080
1770762449250 4.239348411560059 2867200
1770762459520 4.240053653717041 2872320
1770762469105 4.240715980529785 2877440
1770762478910 4.24129581451416 2882560
1770762488562 4.242353439331055 2887680
1770762498797 4.243092060089111 2892800
1770762508453 4.243741035461426 2897920
1770762517294 4.244535446166992 2903040
1770762527222 4.245032787322998 2908160
1770762536324 4.24507474899292 2913280
1770762545711 4.24587869644165 2918400
1770762554269 4.246579170227051 2923520
1770762563583 4.247535705566406 2928640
1770762572199 4.2476301193237305 2933760
1770762582524 4.247798919677734 2938880
1770762591172 4.248134613037109 2944000
1770762600189 4.248983860015869 2949120
1770762608891 4.249560356140137 2954240
1770762618568 4.250498294830322 2959360
1770762627746 4.250352382659912 2964480
1770762636863 4.250465393066406 2969600
1770762645721 4.251729965209961 2974720
1770762655833 4.252688407897949 2979840
1770762664345 4.253633499145508 2984960
1770762673120 4.25346565246582 2990080
1770762681621 4.253955364227295 2995200
1770762691335 4.254809856414795 3000320
1770762699637 4.255145072937012 3005440
1770762708013 4.255428791046143 3010560
1770762717416 4.255646228790283 3015680
1770762726536 4.256472110748291 3020800
1770762734356 4.256608963012695 3025920
1770762742422 4.257057189941406 3031040
1770762750428 4.258213996887207 3036160
1770762759617 4.257937908172607 3041280
1770762768819 4.258575916290283 3046400
1770762777019 4.2588653564453125 3051520
1770762785844 4.258544921875 3056640
1770762795042 4.259671211242676 3061760
1770762803580 4.259051322937012 3066880
1770762811398 4.259486675262451 3072000
1770762819393 4.2598114013671875 3077120
1770762827385 4.259970664978027 3082240
1770762835057 4.260012626647949 3087360
1770762843303 4.26141881942749 3092480
1770762851046 4.26110315322876 3097600
1770762858948 4.260983467102051 3102720
1770762866681 4.261378288269043 3107840
1770762874889 4.261786937713623 3112960
1770762882728 4.262080192565918 3118080
1770762890628 4.262112140655518 3123200
1770762898450 4.262625217437744 3128320
1770762906294 4.263436794281006 3133440
1770762914530 4.263901233673096 3138560
1770762922430 4.263889312744141 3143680
1770762929979 4.263490676879883 3148800
1770762938029 4.263524055480957 3153920
1770762946208 4.264224052429199 3159040
1770762954086 4.264112949371338 3164160
1770762961900 4.264279365539551 3169280
1770762969865 4.264186382293701 3174400
1770762978698 4.26413631439209 3179520
1770762988458 4.263786792755127 3184640
1770762997993 4.263443470001221 3189760
1770763006551 4.2632317543029785 3194880
1770763015447 4.264072895050049 3200000
1770763025421 4.2642292976379395 3205120
1770763034430 4.263757705688477 3210240
1770763043106 4.264031410217285 3215360
1770763051938 4.264103412628174 3220480
1770763061526 4.263841152191162 3225600
1770763070674 4.264036178588867 3230720
1770763079750 4.264163494110107 3235840
1770763089950 4.263880252838135 3240960
1770763100107 4.263574600219727 3246080
1770763108774 4.263841152191162 3251200
1770763117691 4.263794898986816 3256320
1770763126309 4.263953685760498 3261440
1770763137213 4.263621807098389 3266560
1770763148870 4.263190746307373 3271680
1770763157792 4.262584209442139 3276800
1770763166959 4.262551307678223 3281920
1770763176755 4.263180732727051 3287040
1770763185762 4.263385772705078 3292160
1770763194341 4.262785911560059 3297280
1770763202957 4.26362943649292 3302400
1770763212421 4.2641520500183105 3307520
1770763221896 4.263637542724609 3312640
1770763231519 4.264371871948242 3317760
1770763240157 4.265491962432861 3322880
1770763249051 4.2655534744262695 3328000
1770763257684 4.26588249206543 3333120
1770763266976 4.266206741333008 3338240
1770763275730 4.266834735870361 3343360
1770763284814 4.267839431762695 3348480
1770763292975 4.268218994140625 3353600
1770763301161 4.269228458404541 3358720
1770763309937 4.270146369934082 3363840
1770763317940 4.27014684677124 3368960
1770763326516 4.270381450653076 3374080
1770763334838 4.2700676918029785 3379200
1770763343675 4.271125316619873 3384320
1770763351843 4.271228790283203 3389440
1770763359949 4.2719244956970215 3394560
1770763368256 4.272937774658203 3399680
1770763376511 4.273187160491943 3404800
1770763385169 4.27343225479126 3409920
1770763393556 4.273754596710205 3415040
1770763404716 4.275254249572754 3420160
1770763415830 4.275602340698242 3425280
1770763424962 4.275293827056885 3430400
1770763433464 4.275236129760742 3435520
1770763441747 4.275426864624023 3440640
1770763450802 4.27492094039917 3445760
1770763459615 4.275372505187988 3450880
1770763467587 4.27530574798584 3456000
1770763475894 4.2754082679748535 3461120
1770763484333 4.275815963745117 3466240
1770763492594 4.276688575744629 3471360
1770763501267 4.276731967926025 3476480
1770763509357 4.276812553405762 3481600
1770763517867 4.276587009429932 3486720
1770763526399 4.277065753936768 3491840
1770763535018 4.278212070465088 3496960
1770763543272 4.278073310852051 3502080
1770763552003 4.278258323669434 3507200
1770763560156 4.2777791023254395 3512320
1770763568692 4.277608871459961 3517440
1770763577108 4.277777194976807 3522560
1770763585827 4.278251647949219 3527680
1770763594241 4.278193950653076 3532800
1770763602612 4.278820037841797 3537920
1770763611397 4.278665542602539 3543040
1770763620122 4.278750896453857 3548160
1770763629723 4.27897310256958 3553280
1770763638866 4.279651641845703 3558400
1770763647366 4.279743671417236 3563520
1770763656383 4.279634475708008 3568640
1770763664647 4.2798943519592285 3573760
1770763673029 4.280129432678223 3578880
1770763681436 4.280167579650879 3584000
1770763690932 4.279843330383301 3589120
1770763700768 4.280515193939209 3594240
1770763709480 4.2805609703063965 3599360
1770763718754 4.2797160148620605 3604480
1770763727742 4.280489921569824 3609600
1770763739548 4.2809600830078125 3614720
1770763750893 4.281423091888428 3619840
1770763761036 4.28072452545166 3624960
1770763771577 4.2800984382629395 3630080
1770763782065 4.279736042022705 3635200
1770763792407 4.279208183288574 3640320
1770763803019 4.278852939605713 3645440
1770763814696 4.278881072998047 3650560
1770763823814 4.278358459472656 3655680
1770763834252 4.278294563293457 3660800
1770763844608 4.278182506561279 3665920
1770763853523 4.278355121612549 3671040
1770763861804 4.278441905975342 3676160
1770763870629 4.277512073516846 3681280
1770763878993 4.2773847579956055 3686400
1770763887925 4.27687406539917 3691520
1770763896195 4.276756763458252 3696640
1770763904498 4.276811122894287 3701760
1770763913026 4.276630878448486 3706880
1770763922328 4.276640892028809 3712000
1770763930660 4.275963306427002 3717120
1770763939098 4.2757887840271 3722240
1770763947688 4.2764787673950195 3727360
1770763957103 4.277164459228516 3732480
1770763965310 4.276416301727295 3737600
1770763973430 4.275932788848877 3742720
1770763982014 4.275824069976807 3747840
1770763990642 4.275713920593262 3752960
1770763999636 4.275114059448242 3758080
1770764008189 4.275163173675537 3763200
1770764016389 4.275023937225342 3768320
1770764025306 4.2751922607421875 3773440
1770764034178 4.275041580200195 3778560
1770764042350 4.275224685668945 3783680
1770764050764 4.275223255157471 3788800
1770764059705 4.274641990661621 3793920
1770764067909 4.274658203125 3799040
1770764076527 4.274435043334961 3804160
1770764085080 4.274878025054932 3809280
1770764093544 4.274137020111084 3814400
1770764101955 4.274652481079102 3819520
1770764110435 4.274888038635254 3824640
1770764119345 4.274613857269287 3829760
1770764128296 4.274374008178711 3834880
1770764136541 4.274372577667236 3840000
1770764145321 4.274198055267334 3845120
1770764153481 4.273765563964844 3850240
1770764162413 4.273604393005371 3855360
1770764170767 4.273312091827393 3860480
1770764179104 4.273192882537842 3865600
1770764187449 4.272150039672852 3870720
1770764195911 4.271378993988037 3875840
1770764204895 4.271453380584717 3880960
1770764213000 4.271163463592529 3886080
1770764221474 4.27135705947876 3891200
1770764230120 4.2704997062683105 3896320
1770764238884 4.270920276641846 3901440
1770764247449 4.271242141723633 3906560
1770764255700 4.2711405754089355 3911680
1770764264453 4.271393299102783 3916800
1770764273222 4.270771026611328 3921920
1770764281507 4.270503997802734 3927040
1770764289955 4.270183086395264 3932160
1770764298636 4.270793437957764 3937280
1770764306899 4.270266532897949 3942400
1770764315600 4.269848346710205 3947520
1770764324009 4.270380973815918 3952640
1770764332462 4.269841194152832 3957760
1770764341106 4.269985675811768 3962880
1770764350312 4.26976203918457 3968000
1770764358601 4.269970893859863 3973120
1770764367147 4.269776344299316 3978240
1770764375782 4.269595623016357 3983360
1770764383842 4.268735885620117 3988480
1770764392852 4.2690749168396 3993600
1770764401936 4.269402503967285 3998720
1770764410441 4.269229412078857 4003840
1770764418666 4.269766807556152 4008960
1770764427310 4.269923210144043 4014080
1770764436517 4.269730091094971 4019200
1770764444749 4.27030611038208 4024320
1770764453376 4.270232200622559 4029440
1770764461706 4.270292282104492 4034560
1770764470465 4.271638870239258 4039680
1770764479412 4.272017955780029 4044800
1770764487639 4.272558212280273 4049920
1770764496159 4.2734503746032715 4055040
1770764504585 4.274041175842285 4060160
1770764513424 4.2743682861328125 4065280
1770764522449 4.275119304656982 4070400
1770764530817 4.275523662567139 4075520
1770764539495 4.276470184326172 4080640
1770764548964 4.276495933532715 4085760
1770764557675 4.276598930358887 4090880
1770764565972 4.276726245880127 4096000
1770764574164 4.276254177093506 4101120
1770764582798 4.275637149810791 4106240
1770764591186 4.2750773429870605 4111360
1770764599870 4.274267196655273 4116480
1770764608311 4.273900508880615 4121600
1770764617129 4.273146629333496 4126720
1770764625730 4.272821426391602 4131840
1770764634064 4.272362232208252 4136960
1770764642936 4.271624565124512 4142080
1770764651631 4.270525932312012 4147200
1770764659813 4.269979953765869 4152320
1770764668398 4.269126892089844 4157440
1770764676878 4.268157482147217 4162560
1770764686218 4.267547607421875 4167680
1770764694305 4.267062187194824 4172800
1770764702594 4.266865253448486 4177920
1770764711034 4.267119884490967 4183040
1770764719710 4.267021656036377 4188160
1770764728667 4.2666802406311035 4193280
1770764736626 4.266493320465088 4198400
1770764744278 4.266233921051025 4203520
1770764751971 4.266238689422607 4208640
1770764759841 4.266211986541748 4213760
1770764768130 4.266178607940674 4218880
1770764776058 4.265958309173584 4224000
1770764784122 4.265875339508057 4229120
1770764792311 4.265933036804199 4234240
1770764799998 4.265908718109131 4239360
1770764807883 4.265726566314697 4244480
1770764816011 4.265350341796875 4249600
1770764823757 4.265045166015625 4254720
1770764831953 4.264564037322998 4259840
1770764840216 4.26426362991333 4264960
1770764848076 4.263485908508301 4270080
1770764855761 4.26323127746582 4275200
1770764864055 4.262741565704346 4280320
1770764872064 4.262028694152832 4285440
1770764880776 4.262034893035889 4290560
1770764890376 4.262296676635742 4295680
1770764899906 4.2624335289001465 4300800
1770764908873 4.261693000793457 4305920
1770764917948 4.262012004852295 4311040
1770764926699 4.261810779571533 4316160
1770764935303 4.261980056762695 4321280
1770764944970 4.262240886688232 4326400
1770764954114 4.262139320373535 4331520
1770764963054 4.261885643005371 4336640
1770764971747 4.261895179748535 4341760
1770764980329 4.261963844299316 4346880
1770764988658 4.261118412017822 4352000
1770764997102 4.261092662811279 4357120
1770765005750 4.2613959312438965 4362240
1770765014726 4.2611188888549805 4367360
1770765022903 4.261131763458252 4372480
1770765031349 4.261672496795654 4377600
1770765040747 4.261629581451416 4382720
1770765049060 4.26168155670166 4387840
1770765058168 4.261459827423096 4392960
1770765066619 4.261101245880127 4398080
1770765074996 4.260510444641113 4403200
1770765083747 4.2605695724487305 4408320
1770765092811 4.261514186859131 4413440
1770765101109 4.261481285095215 4418560
1770765109556 4.261566638946533 4423680
1770765118027 4.261662483215332 4428800
1770765126678 4.261724472045898 4433920
1770765135452 4.261041164398193 4439040
1770765143744 4.261131763458252 4444160
1770765152655 4.260822772979736 4449280
1770765161336 4.261443138122559 4454400
1770765169775 4.261429309844971 4459520
1770765178857 4.261027812957764 4464640
1770765187871 4.261094570159912 4469760
1770765196618 4.261446952819824 4474880
1770765204777 4.260894775390625 4480000
1770765213603 4.2609663009643555 4485120
1770765222717 4.2612810134887695 4490240
1770765231205 4.261499404907227 4495360
1770765239582 4.261590480804443 4500480
1770765247821 4.261475563049316 4505600
1770765256547 4.261348724365234 4510720
1770765265768 4.261420726776123 4515840
1770765274284 4.2614240646362305 4520960
1770765282583 4.261577129364014 4526080
1770765291147 4.262119293212891 4531200
1770765299723 4.261847019195557 4536320
1770765308602 4.261760711669922 4541440
1770765316951 4.261868476867676 4546560
1770765325618 4.2626566886901855 4551680
1770765333994 4.262618064880371 4556800
1770765342677 4.262411117553711 4561920
1770765351137 4.262277603149414 4567040
1770765359885 4.262816905975342 4572160
1770765368218 4.263082027435303 4577280
1770765376694 4.263187885284424 4582400
1770765385284 4.263389587402344 4587520
1770765394075 4.263607025146484 4592640
1770765402740 4.263339519500732 4597760
1770765410875 4.263545513153076 4602880
1770765419659 4.2627854347229 4608000
1770765428761 4.262884140014648 4613120
1770765437308 4.263304233551025 4618240
1770765445636 4.26326847076416 4623360
1770765454688 4.263354778289795 4628480
1770765463301 4.262999534606934 4633600
1770765472506 4.262414455413818 4638720
1770765480740 4.26223087310791 4643840
1770765489236 4.261966705322266 4648960
1770765497975 4.261853218078613 4654080
1770765506610 4.262197971343994 4659200
1770765515665 4.262126922607422 4664320
1770765523865 4.261702537536621 4669440
1770765532566 4.2620697021484375 4674560
1770765541452 4.2623748779296875 4679680
1770765550319 4.262561798095703 4684800
1770765558604 4.262184143066406 4689920
1770765567755 4.26165246963501 4695040
1770765576186 4.261176586151123 4700160
1770765584373 4.261246681213379 4705280
1770765592953 4.261107444763184 4710400
1770765602274 4.261006832122803 4715520
1770765610695 4.261223316192627 4720640
1770765619141 4.261623859405518 4725760
1770765627732 4.261538982391357 4730880
1770765636330 4.261149883270264 4736000
1770765645531 4.261722087860107 4741120
1770765653808 4.261835098266602 4746240
1770765662086 4.261537551879883 4751360
1770765670717 4.261220932006836 4756480
1770765679396 4.260727405548096 4761600
1770765688326 4.260530948638916 4766720
1770765696782 4.2608513832092285 4771840
1770765705337 4.261331558227539 4776960
1770765713829 4.261595726013184 4782080
1770765722600 4.2613935470581055 4787200
1770765730911 4.261551380157471 4792320
1770765739300 4.261528491973877 4797440
1770765747869 4.2614288330078125 4802560
1770765756167 4.261687278747559 4807680
1770765764910 4.26196813583374 4812800
1770765774157 4.261778831481934 4817920
1770765782798 4.261764049530029 4823040
1770765791129 4.261628150939941 4828160
1770765799764 4.261918544769287 4833280
1770765808414 4.262429714202881 4838400
1770765817232 4.262611389160156 4843520
1770765825713 4.262806415557861 4848640
1770765834127 4.263001918792725 4853760
1770765843208 4.263604164123535 4858880
1770765851728 4.26403284072876 4864000
1770765860553 4.264297962188721 4869120
1770765868906 4.264509201049805 4874240
1770765877117 4.264729022979736 4879360
1770765885792 4.264868259429932 4884480
1770765894682 4.264672756195068 4889600
1770765903233 4.264965534210205 4894720
1770765912139 4.265392780303955 4899840
1770765920609 4.265651226043701 4904960
1770765928917 4.265987873077393 4910080
1770765937490 4.266374111175537 4915200
1770765946948 4.26664400100708 4920320
1770765955193 4.26693868637085 4925440
1770765963650 4.2673516273498535 4930560
1770765972247 4.267990589141846 4935680
1770765981186 4.268265247344971 4940800
1770765989991 4.268540859222412 4945920
1770765998193 4.26848030090332 4951040
1770766006746 4.268507957458496 4956160
1770766015508 4.268829345703125 4961280
1770766023993 4.269032001495361 4966400
1770766032802 4.26929235458374 4971520
1770766040977 4.269637107849121 4976640
1770766049460 4.269669532775879 4981760
1770766057996 4.2696027755737305 4986880
1770766066196 4.269573211669922 4992000
1770766075098 4.269976615905762 4997120
1770766078710 4.270133972167969 5000192
