1769346659996 18.587379455566406 5120
1769346668279 18.288240432739258 10240
1769346676787 18.642337799072266 15360
1769346685237 18.969890594482422 20480
1769346693644 18.902536392211914 25600
1769346702373 18.939077377319336 30720
1769346711130 18.84617805480957 35840
1769346720375 18.82738494873047 40960
1769346728920 18.823781967163086 46080
1769346737621 18.930246353149414 51200
1769346746016 18.952272415161133 56320
1769346754422 18.957473754882812 61440
1769346762645 18.96424674987793 66560
1769346771225 19.018430709838867 71680
1769346779528 18.97425651550293 76800
1769346787901 18.975475311279297 81920
1769346797339 19.00541114807129 87040
1769346805613 18.965959548950195 92160
1769346813848 18.950786590576172 97280
1769346822815 18.925111770629883 102400
1769346831462 18.91948890686035 107520
1769346840454 18.91850471496582 112640
1769346849707 18.93777847290039 117760
1769346859576 18.935909271240234 122880
1769346867961 18.952056884765625 128000
1769346876784 18.98061180114746 133120
1769346884956 19.00186538696289 138240
1769346893309 19.015193939208984 143360
1769346901968 19.056880950927734 148480
1769346909983 19.05130386352539 153600
1769346918566 19.029205322265625 158720
1769346927399 19.025691986083984 163840
1769346935613 19.048446655273438 168960
1769346943775 19.05864715576172 174080
1769346952095 19.06792640686035 179200
1769346960575 19.04805564880371 184320
1769346968783 18.998323440551758 189440
1769346978031 19.019981384277344 194560
1769346987111 19.010692596435547 199680
1769346996139 19.031291961669922 204800
1769347004992 19.021303176879883 209920
1769347013292 19.007904052734375 215040
1769347022167 19.010955810546875 220160
1769347030995 18.992511749267578 225280
1769347041112 18.985063552856445 230400
1769347050398 18.972299575805664 235520
1769347060028 18.993640899658203 240640
1769347069658 18.99334716796875 245760
1769347078151 19.00345802307129 250880
1769347086695 19.020925521850586 256000
1769347095211 19.031618118286133 261120
1769347104022 19.022741317749023 266240
1769347112271 19.021732330322266 271360
1769347120959 19.02937126159668 276480
1769347129644 19.040382385253906 281600
1769347138141 19.034921646118164 286720
1769347146677 19.04210662841797 291840
1769347155331 19.0413818359375 296960
1769347158648 19.04024314880371 300032
