1769346659996 0.0 5120
1769346668279 0.0 10240
1769346676787 0.0 15360
1769346685237 0.0 20480
1769346693644 0.0 25600
1769346702373 0.0 30720
1769346711130 0.0 35840
1769346720375 0.0 40960
1769346728920 0.0 46080
1769346737621 0.0 51200
1769346746016 0.0 56320
1769346754422 0.0 61440
1769346762645 0.0 66560
1769346771225 0.0 71680
1769346779528 0.0 76800
1769346787901 0.0 81920
1769346797339 0.0 87040
1769346805613 0.0 92160
1769346813848 0.0 97280
1769346822815 0.0 102400
1769346831462 0.0 107520
1769346840454 0.0 112640
1769346849707 0.0 117760
1769346859576 0.0 122880
1769346867961 0.0 128000
1769346876784 0.0 133120
1769346884956 0.0 138240
1769346893309 0.0 143360
1769346901968 0.0 148480
1769346909983 0.0 153600
1769346918566 0.0 158720
1769346927399 0.0 163840
1769346935613 0.0 168960
1769346943775 0.0 174080
1769346952095 0.0 179200
1769346960575 0.0 184320
1769346968783 0.0 189440
1769346978031 0.0 194560
1769346987111 0.0 199680
1769346996139 0.0 204800
1769347004992 0.0 209920
1769347013292 0.0 215040
1769347022167 0.0 220160
1769347030995 0.0 225280
1769347041112 0.0 230400
1769347050398 0.0 235520
1769347060028 0.0 240640
1769347069658 0.0 245760
1769347078151 0.0 250880
1769347086695 0.0 256000
1769347095211 0.0 261120
1769347104022 0.0 266240
1769347112271 0.0 271360
1769347120959 0.0 276480
1769347129644 0.0 281600
1769347138141 0.0 286720
1769347146677 0.0 291840
1769347155331 0.0 296960
1769347158648 0.0 300032
