1769346659996 1.1585487127304077 5120
1769346668279 1.1420388221740723 10240
1769346676787 1.1443251371383667 15360
1769346685237 1.15150785446167 20480
1769346693644 1.1539660692214966 25600
1769346702373 1.1537410020828247 30720
1769346711130 1.1435649394989014 35840
1769346720375 1.1409448385238647 40960
1769346728920 1.1405413150787354 46080
1769346737621 1.148240566253662 51200
1769346746016 1.141366958618164 56320
1769346754422 1.1385759115219116 61440
1769346762645 1.1458258628845215 66560
1769346771225 1.1477367877960205 71680
1769346779528 1.143295407295227 76800
1769346787901 1.1471279859542847 81920
1769346797339 1.1538053750991821 87040
1769346805613 1.154997706413269 92160
1769346813848 1.1517502069473267 97280
1769346822815 1.1562719345092773 102400
1769346831462 1.1541376113891602 107520
1769346840454 1.1542868614196777 112640
1769346849707 1.155023455619812 117760
1769346859576 1.1560819149017334 122880
1769346867961 1.154983401298523 128000
1769346876784 1.1531026363372803 133120
1769346884956 1.1538279056549072 138240
1769346893309 1.1530805826187134 143360
1769346901968 1.156884789466858 148480
1769346909983 1.1567420959472656 153600
1769346918566 1.154826045036316 158720
1769346927399 1.1531072854995728 163840
1769346935613 1.153638243675232 168960
1769346943775 1.1536037921905518 174080
1769346952095 1.154076337814331 179200
1769346960575 1.1528058052062988 184320
1769346968783 1.1509276628494263 189440
1769346978031 1.1516128778457642 194560
1769346987111 1.150366187095642 199680
1769346996139 1.1497575044631958 204800
1769347004992 1.1507117748260498 209920
1769347013292 1.150838851928711 215040
1769347022167 1.149855136871338 220160
1769347030995 1.1497275829315186 225280
1769347041112 1.1482552289962769 230400
1769347050398 1.1477773189544678 235520
1769347060028 1.148581862449646 240640
1769347069658 1.1487916707992554 245760
1769347078151 1.1496803760528564 250880
1769347086695 1.1507772207260132 256000
1769347095211 1.1511727571487427 261120
1769347104022 1.1501480340957642 266240
1769347112271 1.1496236324310303 271360
1769347120959 1.150320053100586 276480
1769347129644 1.15079665184021 281600
1769347138141 1.1512911319732666 286720
1769347146677 1.1521390676498413 291840
1769347155331 1.1524062156677246 296960
1769347158648 1.153889775276184 300032
