1769346659996 0.3178164064884186 5120
1769346668279 0.3156132698059082 10240
1769346676787 0.31787049770355225 15360
1769346685237 0.3193757236003876 20480
1769346693644 0.3221852481365204 25600
1769346702373 0.32215380668640137 30720
1769346711130 0.3202759921550751 35840
1769346720375 0.3189851939678192 40960
1769346728920 0.3189271092414856 46080
1769346737621 0.3209742605686188 51200
1769346746016 0.3177376687526703 56320
1769346754422 0.31692859530448914 61440
1769346762645 0.3190528452396393 66560
1769346771225 0.3195582628250122 71680
1769346779528 0.3187798857688904 76800
1769346787901 0.3193195164203644 81920
1769346797339 0.3210901618003845 87040
1769346805613 0.32161423563957214 92160
1769346813848 0.32057422399520874 97280
1769346822815 0.3210721015930176 102400
1769346831462 0.3206486999988556 107520
1769346840454 0.32103145122528076 112640
1769346849707 0.32062768936157227 117760
1769346859576 0.32080185413360596 122880
1769346867961 0.3202292025089264 128000
1769346876784 0.31985798478126526 133120
1769346884956 0.31959807872772217 138240
1769346893309 0.3195453882217407 143360
1769346901968 0.3207230567932129 148480
1769346909983 0.3209199011325836 153600
1769346918566 0.3205530643463135 158720
1769346927399 0.3203710615634918 163840
1769346935613 0.32053717970848083 168960
1769346943775 0.32072892785072327 174080
1769346952095 0.3206157982349396 179200
1769346960575 0.3201841711997986 184320
1769346968783 0.31958913803100586 189440
1769346978031 0.31975799798965454 194560
1769346987111 0.3195449113845825 199680
1769346996139 0.31944093108177185 204800
1769347004992 0.3198297619819641 209920
1769347013292 0.31979575753211975 215040
1769347022167 0.319513201713562 220160
1769347030995 0.3195854723453522 225280
1769347041112 0.3192703425884247 230400
1769347050398 0.3191601634025574 235520
1769347060028 0.31932491064071655 240640
1769347069658 0.3194269835948944 245760
1769347078151 0.31980863213539124 250880
1769347086695 0.31982383131980896 256000
1769347095211 0.31998389959335327 261120
1769347104022 0.31978464126586914 266240
1769347112271 0.3195125460624695 271360
1769347120959 0.3198431730270386 276480
1769347129644 0.3198162615299225 281600
1769347138141 0.31980279088020325 286720
1769347146677 0.3199876546859741 291840
1769347155331 0.31991147994995117 296960
1769347158648 0.3202716112136841 300032
