1769346659989 357.357416716367 5120
1769346668274 606.2008960832491 10240
1769346676780 413.92519490772725 15360
1769346685230 270.19931714230495 20480
1769346693637 336.18980442449504 25600
1769346702364 191.00614782093902 30720
1769346711123 495.01994570990206 35840
1769346720368 554.3621464446206 40960
1769346728914 522.199203187251 46080
1769346737615 535.2608473711077 51200
1769346746011 193.60709010339735 56320
1769346754416 549.8563188253802 61440
1769346762635 382.7618178499726 66560
1769346771220 536.4932207725761 71680
1769346779518 388.39744420779704 76800
1769346787893 481.6610013780432 81920
1769346797333 176.81817798575102 87040
1769346805607 230.3550087873462 92160
1769346813840 533.15164611669 97280
1769346822804 182.1867778646512 102400
1769346831456 314.4391633555739 107520
1769346840444 412.9064776530813 112640
1769346849700 110.74654767248435 117760
1769346859566 421.5380904522613 122880
1769346867954 456.3986942328618 128000
1769346876777 185.29351475525712 133120
1769346884949 494.14514608859565 138240
1769346893298 356.38575919789275 143360
1769346901958 325.4930932795282 148480
1769346909976 189.31636199503498 153600
1769346918559 144.45682796624763 158720
1769346927387 199.90963252466517 163840
1769346935605 163.88481225335053 168960
1769346943767 490.10329516242115 174080
1769346952087 437.9559360968988 179200
1769346960567 187.622634757325 184320
1769346968774 471.3230700078661 189440
1769346978020 363.39490556229424 194560
1769346987103 499.4408192426768 199680
1769346996129 395.0926902788244 204800
1769347004982 428.99703385496576 209920
1769347013280 250.1970890002386 215040
1769347022154 361.6714667586445 220160
1769347030982 330.8332544565389 225280
1769347041096 346.23609047383195 230400
1769347050388 484.3866497286061 235520
1769347060019 451.09744030974406 240640
1769347069645 219.89640348117857 245760
1769347078138 452.89968685887055 250880
1769347086688 447.0586228949051 256000
1769347095198 456.2001305199043 261120
1769347104014 112.79255633840692 266240
1769347112262 504.3655603655604 271360
1769347120949 480.17218088151117 276480
1769347129629 442.48380630868235 281600
1769347138132 477.4936247723133 286720
1769347146668 374.19073958426264 291840
1769347155319 446.01276052743515 296960
1769347158640 422.77028525350266 300032
