1769357837069 18.990819931030273 5120
1769357847143 19.149709701538086 10240
1769357854328 19.008712768554688 15360
1769357862395 19.04730796813965 20480
1769357872501 18.92865753173828 25600
1769357887102 18.863908767700195 30720
1769357897108 18.92177391052246 35840
1769357907449 18.98464012145996 40960
1769357915310 18.923076629638672 46080
1769357925403 18.918527603149414 51200
1769357934295 19.01179313659668 56320
1769357941530 19.066234588623047 61440
1769357948585 19.05854034423828 66560
1769357958620 19.135892868041992 71680
1769357968574 19.210983276367188 76800
1769357976486 19.195165634155273 81920
1769357984246 19.1351318359375 87040
1769357993637 19.159587860107422 92160
1769358003293 19.1862850189209 97280
1769358010627 19.150596618652344 102400
1769358018791 19.13719940185547 107520
1769358029057 19.13715934753418 112640
1769358037723 19.124723434448242 117760
1769358045252 19.1282958984375 122880
1769358053355 19.14337921142578 128000
1769358061827 19.142736434936523 133120
1769358070870 19.143213272094727 138240
1769358079459 19.168109893798828 143360
1769358087107 19.17856216430664 148480
1769358094262 19.17508888244629 153600
1769358102128 19.183603286743164 158720
1769358111582 19.184410095214844 163840
1769358119222 19.185754776000977 168960
1769358125963 19.195327758789062 174080
1769358132997 19.20050621032715 179200
1769358142837 19.173233032226562 184320
1769358149726 19.170265197753906 189440
1769358156632 19.18000030517578 194560
1769358163460 19.18696403503418 199680
1769358177759 19.19415283203125 204800
1769358187693 19.203781127929688 209920
1769358195271 19.196308135986328 215040
1769358202915 19.190196990966797 220160
1769358214629 19.19784164428711 225280
1769358222561 19.18896484375 230400
1769358230299 19.20002555847168 235520
1769358237715 19.189456939697266 240640
1769358250450 19.182558059692383 245760
1769358257939 19.186670303344727 250880
1769358265100 19.189613342285156 256000
1769358273218 19.1983642578125 261120
1769358283955 19.198131561279297 266240
1769358291697 19.204483032226562 271360
1769358298327 19.207815170288086 276480
1769358305422 19.212003707885742 281600
1769358317744 19.203954696655273 286720
1769358325048 19.1935977935791 291840
1769358332292 19.210866928100586 296960
1769358338152 19.199447631835938 300032
