1769357837069 0.09431351721286774 5120
1769357847143 0.09350129961967468 10240
1769357854328 0.09416917711496353 15360
1769357862395 0.09537682682275772 20480
1769357872501 0.09381655603647232 25600
1769357887102 0.09321226179599762 30720
1769357897108 0.09321572631597519 35840
1769357907449 0.09333920478820801 40960
1769357915310 0.09317675977945328 46080
1769357925403 0.09323140978813171 51200
1769357934295 0.09431985765695572 56320
1769357941530 0.09484809637069702 61440
1769357948585 0.09501314908266068 66560
1769357958620 0.09555653482675552 71680
1769357968574 0.0961737260222435 76800
1769357976486 0.09589742124080658 81920
1769357984246 0.09582672268152237 87040
1769357993637 0.09567099809646606 92160
1769358003293 0.09563960134983063 97280
1769358010627 0.09517843276262283 102400
1769358018791 0.09509027749300003 107520
1769358029057 0.09512238204479218 112640
1769358037723 0.09514877945184708 117760
1769358045252 0.09532826393842697 122880
1769358053355 0.09568435698747635 128000
1769358061827 0.09597638249397278 133120
1769358070870 0.09584257751703262 138240
1769358079459 0.0960732251405716 143360
1769358087107 0.0962071567773819 148480
1769358094262 0.09610679745674133 153600
1769358102128 0.09588158875703812 158720
1769358111582 0.09570207446813583 163840
1769358119222 0.0955791175365448 168960
1769358125963 0.09560549259185791 174080
1769358132997 0.09560576826334 179200
1769358142837 0.09555531293153763 184320
1769358149726 0.09561687707901001 189440
1769358156632 0.09568465501070023 194560
1769358163460 0.09557106345891953 199680
1769358177759 0.09575751423835754 204800
1769358187693 0.09589624404907227 209920
1769358195271 0.09576913714408875 215040
1769358202915 0.09578369557857513 220160
1769358214629 0.09586628526449203 225280
1769358222561 0.09590122103691101 230400
1769358230299 0.09612500667572021 235520
1769358237715 0.09609576314687729 240640
1769358250450 0.09605985134840012 245760
1769358257939 0.09609301388263702 250880
1769358265100 0.09605252742767334 256000
1769358273218 0.09613306075334549 261120
1769358283955 0.0961257666349411 266240
1769358291697 0.09625688940286636 271360
1769358298327 0.09611921012401581 276480
1769358305422 0.09605766832828522 281600
1769358317744 0.09616252034902573 286720
1769358325048 0.09610684216022491 291840
1769358332292 0.09622415155172348 296960
1769358338152 0.0962030366063118 300032
