1769357837069 25.465137481689453 5120
1769357847143 25.582107543945312 10240
1769357854328 25.534900665283203 15360
1769357862395 25.615577697753906 20480
1769357872501 25.46366310119629 25600
1769357887102 25.37200164794922 30720
1769357897108 25.413711547851562 35840
1769357907449 25.464038848876953 40960
1769357915310 25.40230369567871 46080
1769357925403 25.394006729125977 51200
1769357934295 25.539899826049805 56320
1769357941530 25.60101890563965 61440
1769357948585 25.595552444458008 66560
1769357958620 25.702606201171875 71680
1769357968574 25.79885482788086 76800
1769357976486 25.767797470092773 81920
1769357984246 25.702774047851562 87040
1769357993637 25.716732025146484 92160
1769358003293 25.740442276000977 97280
1769358010627 25.688411712646484 102400
1769358018791 25.673477172851562 107520
1769358029057 25.67383575439453 112640
1769358037723 25.66182518005371 117760
1769358045252 25.676746368408203 122880
1769358053355 25.710037231445312 128000
1769358061827 25.713695526123047 133120
1769358070870 25.7070369720459 138240
1769358079459 25.739887237548828 143360
1769358087107 25.754478454589844 148480
1769358094262 25.749963760375977 153600
1769358102128 25.745040893554688 158720
1769358111582 25.735424041748047 163840
1769358119222 25.725934982299805 168960
1769358125963 25.739450454711914 174080
1769358132997 25.738859176635742 179200
1769358142837 25.708473205566406 184320
1769358149726 25.705434799194336 189440
1769358156632 25.715063095092773 194560
1769358163460 25.71456527709961 199680
1769358177759 25.727685928344727 204800
1769358187693 25.748456954956055 209920
1769358195271 25.733501434326172 215040
1769358202915 25.722135543823242 220160
1769358214629 25.736873626708984 225280
1769358222561 25.73003387451172 230400
1769358230299 25.750274658203125 235520
1769358237715 25.736297607421875 240640
1769358250450 25.724950790405273 245760
1769358257939 25.733722686767578 250880
1769358265100 25.735675811767578 256000
1769358273218 25.746179580688477 261120
1769358283955 25.750179290771484 266240
1769358291697 25.760515213012695 271360
1769358298327 25.75711441040039 276480
1769358305422 25.75763702392578 281600
1769358317744 25.753786087036133 286720
1769358325048 25.737911224365234 291840
1769358332292 25.761566162109375 296960
1769358338152 25.748512268066406 300032
