1769357837069 0.0 5120
1769357847143 0.0 10240
1769357854328 0.0 15360
1769357862395 0.0 20480
1769357872501 0.0 25600
1769357887102 0.0 30720
1769357897108 0.0 35840
1769357907449 0.0 40960
1769357915310 0.0 46080
1769357925403 0.0 51200
1769357934295 0.0 56320
1769357941530 0.0 61440
1769357948585 0.0 66560
1769357958620 0.0 71680
1769357968574 0.0 76800
1769357976486 0.0 81920
1769357984246 0.0 87040
1769357993637 0.0 92160
1769358003293 0.0 97280
1769358010627 0.0 102400
1769358018791 0.0 107520
1769358029057 0.0 112640
1769358037723 0.0 117760
1769358045252 0.0 122880
1769358053355 0.0 128000
1769358061827 0.0 133120
1769358070870 0.0 138240
1769358079459 0.0 143360
1769358087107 0.0 148480
1769358094262 0.0 153600
1769358102128 0.0 158720
1769358111582 0.0 163840
1769358119222 0.0 168960
1769358125963 0.0 174080
1769358132997 0.0 179200
1769358142837 0.0 184320
1769358149726 0.0 189440
1769358156632 0.0 194560
1769358163460 0.0 199680
1769358177759 0.0 204800
1769358187693 0.0 209920
1769358195271 0.0 215040
1769358202915 0.0 220160
1769358214629 0.0 225280
1769358222561 0.0 230400
1769358230299 0.0 235520
1769358237715 0.0 240640
1769358250450 0.0 245760
1769358257939 0.0 250880
1769358265100 0.0 256000
1769358273218 0.0 261120
1769358283955 0.0 266240
1769358291697 0.0 271360
1769358298327 0.0 276480
1769358305422 0.0 281600
1769358317744 0.0 286720
1769358325048 0.0 291840
1769358332292 0.0 296960
1769358338152 0.0 300032
