1769357837069 1.1477166414260864 5120
1769357847143 1.1477737426757812 10240
1769357854328 1.1490705013275146 15360
1769357862395 1.1532106399536133 20480
1769357872501 1.149582862854004 25600
1769357887102 1.145767092704773 30720
1769357897108 1.1469764709472656 35840
1769357907449 1.1477816104888916 40960
1769357915310 1.1449997425079346 46080
1769357925403 1.1436837911605835 51200
1769357934295 1.1507506370544434 56320
1769357941530 1.1528306007385254 61440
1769357948585 1.152294397354126 66560
1769357958620 1.1560128927230835 71680
1769357968574 1.1596816778182983 76800
1769357976486 1.1580843925476074 81920
1769357984246 1.1553584337234497 87040
1769357993637 1.155590534210205 92160
1769358003293 1.1565253734588623 97280
1769358010627 1.1545771360397339 102400
1769358018791 1.1543599367141724 107520
1769358029057 1.1542766094207764 112640
1769358037723 1.1538349390029907 117760
1769358045252 1.1544984579086304 122880
1769358053355 1.1555768251419067 128000
1769358061827 1.1554278135299683 133120
1769358070870 1.1546651124954224 138240
1769358079459 1.1562329530715942 143360
1769358087107 1.1572908163070679 148480
1769358094262 1.157412052154541 153600
1769358102128 1.1571505069732666 158720
1769358111582 1.157037615776062 163840
1769358119222 1.1569489240646362 168960
1769358125963 1.1577165126800537 174080
1769358132997 1.1575164794921875 179200
1769358142837 1.1566410064697266 184320
1769358149726 1.156856894493103 189440
1769358156632 1.157130479812622 194560
1769358163460 1.156962275505066 199680
1769358177759 1.1573747396469116 204800
1769358187693 1.1582741737365723 209920
1769358195271 1.1577610969543457 215040
1769358202915 1.1574358940124512 220160
1769358214629 1.1579163074493408 225280
1769358222561 1.1575514078140259 230400
1769358230299 1.15840482711792 235520
1769358237715 1.157857894897461 240640
1769358250450 1.1571632623672485 245760
1769358257939 1.157904863357544 250880
1769358265100 1.1578013896942139 256000
1769358273218 1.1584101915359497 261120
1769358283955 1.158432960510254 266240
1769358291697 1.1590827703475952 271360
1769358298327 1.1589281558990479 276480
1769358305422 1.158995270729065 281600
1769358317744 1.158779501914978 286720
1769358325048 1.1581209897994995 291840
1769358332292 1.1591323614120483 296960
1769358338152 1.1586463451385498 300032
