1769357837069 1.080263614654541 5120
1769357847143 1.0962094068527222 10240
1769357854328 1.0925347805023193 15360
1769357862395 1.1015011072158813 20480
1769357872501 1.0955463647842407 25600
1769357887102 1.1000479459762573 30720
1769357897108 1.0963422060012817 35840
1769357907449 1.101479172706604 40960
1769357915310 1.094419002532959 46080
1769357925403 1.094677448272705 51200
1769357934295 1.102026104927063 56320
1769357941530 1.1066417694091797 61440
1769357948585 1.1105077266693115 66560
1769357958620 1.1165298223495483 71680
1769357968574 1.12328040599823 76800
1769357976486 1.1202625036239624 81920
1769357984246 1.117482304573059 87040
1769357993637 1.1167359352111816 92160
1769358003293 1.116564154624939 97280
1769358010627 1.112669825553894 102400
1769358018791 1.1135320663452148 107520
1769358029057 1.1134921312332153 112640
1769358037723 1.1139954328536987 117760
1769358045252 1.114924430847168 122880
1769358053355 1.1176562309265137 128000
1769358061827 1.1192761659622192 133120
1769358070870 1.1180787086486816 138240
1769358079459 1.1223969459533691 143360
1769358087107 1.1232212781906128 148480
1769358094262 1.1228737831115723 153600
1769358102128 1.1221816539764404 158720
1769358111582 1.1203327178955078 163840
1769358119222 1.1189721822738647 168960
1769358125963 1.1193814277648926 174080
1769358132997 1.1195456981658936 179200
1769358142837 1.1183154582977295 184320
1769358149726 1.118530035018921 189440
1769358156632 1.1198654174804688 194560
1769358163460 1.1188565492630005 199680
1769358177759 1.1198099851608276 204800
1769358187693 1.1201274394989014 209920
1769358195271 1.1178326606750488 215040
1769358202915 1.1169188022613525 220160
1769358214629 1.1186034679412842 225280
1769358222561 1.118053913116455 230400
1769358230299 1.1195915937423706 235520
1769358237715 1.1186507940292358 240640
1769358250450 1.1181539297103882 245760
1769358257939 1.118531346321106 250880
1769358265100 1.1186590194702148 256000
1769358273218 1.1191906929016113 261120
1769358283955 1.1200339794158936 266240
1769358291697 1.1210026741027832 271360
1769358298327 1.120542287826538 276480
1769358305422 1.1203173398971558 281600
1769358317744 1.1203904151916504 286720
1769358325048 1.1195471286773682 291840
1769358332292 1.1206939220428467 296960
1769358338152 1.1202510595321655 300032
