1770859993047 18.766685485839844 5120
1770860002162 19.739351272583008 10240
1770860010177 19.850603103637695 15360
1770860017914 20.28510856628418 20480
1770860026539 20.4263916015625 25600
1770860035707 20.286165237426758 30720
1770860043801 20.279884338378906 35840
1770860051886 20.122142791748047 40960
1770860059952 20.146656036376953 46080
1770860069050 20.123655319213867 51200
1770860076255 20.10567855834961 56320
1770860084110 20.026214599609375 61440
1770860091546 19.996044158935547 66560
1770860100280 20.029497146606445 71680
1770860108141 20.062612533569336 76800
1770860116357 19.999570846557617 81920
1770860123764 19.946069717407227 87040
1770860131579 19.93867301940918 92160
1770860139524 19.90941047668457 97280
1770860148286 19.828609466552734 102400
1770860156077 19.789281845092773 107520
1770860163702 19.514028549194336 112640
1770860171026 19.220375061035156 117760
1770860180398 18.881986618041992 122880
1770860187771 18.62162971496582 128000
1770860195131 18.35788917541504 133120
1770860202840 18.174030303955078 138240
1770860212147 18.00733184814453 143360
1770860219786 17.724010467529297 148480
1770860227058 17.395143508911133 153600
1770860234766 17.10915756225586 158720
1770860244378 16.817811965942383 163840
1770860251990 16.556398391723633 168960
1770860259124 16.40234375 174080
1770860266729 16.328393936157227 179200
1770860276392 16.28044891357422 184320
1770860283766 16.286426544189453 189440
1770860291407 16.304067611694336 194560
1770860298675 16.318584442138672 199680
1770860308195 16.33765411376953 204800
1770860315460 16.31914520263672 209920
1770860322896 16.262752532958984 215040
1770860330235 16.140066146850586 220160
1770860339743 15.988348007202148 225280
1770860347273 15.841464042663574 230400
1770860354487 15.637277603149414 235520
1770860362332 15.468934059143066 240640
1770860371237 15.300178527832031 245760
1770860378831 15.124911308288574 250880
1770860386542 14.94908332824707 256000
1770860394147 14.802443504333496 261120
1770860403058 14.646040916442871 266240
1770860410548 14.518545150756836 271360
1770860417945 14.405593872070312 276480
1770860425516 14.280367851257324 281600
1770860434594 14.162745475769043 286720
1770860441888 14.046685218811035 291840
1770860449463 13.933412551879883 296960
1770860453744 13.884279251098633 300032
