1770859993047 0.09254362434148788 5120
1770860002162 0.08770884573459625 10240
1770860010177 0.08477216213941574 15360
1770860017914 0.08370639383792877 20480
1770860026539 0.09026885777711868 25600
1770860035707 0.09265836328268051 30720
1770860043801 0.09548310190439224 35840
1770860051886 0.09853173047304153 40960
1770860059952 0.10193787515163422 46080
1770860069050 0.10400393605232239 51200
1770860076255 0.1044834703207016 56320
1770860084110 0.105133555829525 61440
1770860091546 0.10695596784353256 66560
1770860100280 0.10787056386470795 71680
1770860108141 0.10910390317440033 76800
1770860116357 0.10925246775150299 81920
1770860123764 0.1094130277633667 87040
1770860131579 0.1094149500131607 92160
1770860139524 0.11005708575248718 97280
1770860148286 0.1098121777176857 102400
1770860156077 0.10994569957256317 107520
1770860163702 0.10935930162668228 112640
1770860171026 0.10821065306663513 117760
1770860180398 0.10681145638227463 122880
1770860187771 0.10566866397857666 128000
1770860195131 0.10464087128639221 133120
1770860202840 0.10436519235372543 138240
1770860212147 0.10425074398517609 143360
1770860219786 0.1040182039141655 148480
1770860227058 0.10349752753973007 153600
1770860234766 0.10334601253271103 158720
1770860244378 0.1025635227560997 163840
1770860251990 0.10227426886558533 168960
1770860259124 0.10249495506286621 174080
1770860266729 0.10302861779928207 179200
1770860276392 0.10359271615743637 184320
1770860283766 0.10406909883022308 189440
1770860291407 0.10412180423736572 194560
1770860298675 0.1043466255068779 199680
1770860308195 0.10487307608127594 204800
1770860315460 0.10509467869997025 209920
1770860322896 0.10529948025941849 215040
1770860330235 0.10502611100673676 220160
1770860339743 0.10473989695310593 225280
1770860347273 0.1043504849076271 230400
1770860354487 0.10358868539333344 235520
1770860362332 0.10301006585359573 240640
1770860371237 0.10254467278718948 245760
1770860378831 0.10194595903158188 250880
1770860386542 0.10151254385709763 256000
1770860394147 0.10107969492673874 261120
1770860403058 0.10070184618234634 266240
1770860410548 0.10042557120323181 271360
1770860417945 0.10016113519668579 276480
1770860425516 0.09994591027498245 281600
1770860434594 0.09981530159711838 286720
1770860441888 0.09985368698835373 291840
1770860449463 0.09986145049333572 296960
1770860453744 0.0999114140868187 300032
