1770859993047 1.1158525943756104 5120
1770860002162 1.1231138706207275 10240
1770860010177 1.134947657585144 15360
1770860017914 1.1376953125 20480
1770860026539 1.149065613746643 25600
1770860035707 1.1587562561035156 30720
1770860043801 1.1631165742874146 35840
1770860051886 1.156904935836792 40960
1770860059952 1.1578792333602905 46080
1770860069050 1.1582638025283813 51200
1770860076255 1.156261920928955 56320
1770860084110 1.154780387878418 61440
1770860091546 1.1550391912460327 66560
1770860100280 1.1571933031082153 71680
1770860108141 1.1593624353408813 76800
1770860116357 1.1589349508285522 81920
1770860123764 1.159050464630127 87040
1770860131579 1.1585114002227783 92160
1770860139524 1.15760338306427 97280
1770860148286 1.1577179431915283 102400
1770860156077 1.1559909582138062 107520
1770860163702 1.1538993120193481 112640
1770860171026 1.153015375137329 117760
1770860180398 1.1495097875595093 122880
1770860187771 1.1512336730957031 128000
1770860195131 1.1513923406600952 133120
1770860202840 1.1531262397766113 138240
1770860212147 1.155389428138733 143360
1770860219786 1.155383825302124 148480
1770860227058 1.1577831506729126 153600
1770860234766 1.159711241722107 158720
1770860244378 1.160137414932251 163840
1770860251990 1.1583449840545654 168960
1770860259124 1.1590958833694458 174080
1770860266729 1.1597180366516113 179200
1770860276392 1.1589757204055786 184320
1770860283766 1.1586713790893555 189440
1770860291407 1.1575207710266113 194560
1770860298675 1.1567766666412354 199680
1770860308195 1.158426284790039 204800
1770860315460 1.1582187414169312 209920
1770860322896 1.1573970317840576 215040
1770860330235 1.1572177410125732 220160
1770860339743 1.1562585830688477 225280
1770860347273 1.1554069519042969 230400
1770860354487 1.1536707878112793 235520
1770860362332 1.1538457870483398 240640
1770860371237 1.1534770727157593 245760
1770860378831 1.1537500619888306 250880
1770860386542 1.1529545783996582 256000
1770860394147 1.152618169784546 261120
1770860403058 1.1517343521118164 266240
1770860410548 1.1501151323318481 271360
1770860417945 1.1506381034851074 276480
1770860425516 1.1508581638336182 281600
1770860434594 1.152065634727478 286720
1770860441888 1.1523042917251587 291840
1770860449463 1.1528537273406982 296960
1770860453744 1.1528007984161377 300032
