1770859993042 20.487911224365234 5120
1770860002154 18.611984252929688 10240
1770860010172 17.681777954101562 15360
1770860017907 14.583781242370605 20480
1770860026533 14.214457511901855 25600
1770860035702 14.961294174194336 30720
1770860043793 14.79718017578125 35840
1770860051881 14.030815124511719 40960
1770860059947 13.816085815429688 46080
1770860069044 12.94099235534668 51200
1770860076250 11.803155899047852 56320
1770860084102 11.757408142089844 61440
1770860091541 10.747602462768555 66560
1770860100274 10.416873931884766 71680
1770860108136 9.647069931030273 76800
1770860116352 9.619165420532227 81920
1770860123758 9.956274032592773 87040
1770860131573 9.297287940979004 92160
1770860139518 9.42518424987793 97280
1770860148280 9.359676361083984 102400
1770860156072 9.701658248901367 107520
1770860163697 9.063325881958008 112640
1770860171020 10.104448318481445 117760
1770860180392 9.827556610107422 122880
1770860187764 10.491212844848633 128000
1770860195125 9.966297149658203 133120
1770860202834 10.63994026184082 138240
1770860212137 10.706830978393555 143360
1770860219780 10.769627571105957 148480
1770860227052 11.292964935302734 153600
1770860234760 11.40565013885498 158720
1770860244371 11.939886093139648 163840
1770860251984 11.738443374633789 168960
1770860259118 13.008801460266113 174080
1770860266719 13.672101974487305 179200
1770860276386 13.587457656860352 184320
1770860283759 14.019866943359375 189440
1770860291395 13.919645309448242 194560
1770860298669 13.739320755004883 199680
1770860308187 14.310190200805664 204800
1770860315449 15.101449966430664 209920
1770860322886 14.128824234008789 215040
1770860330224 15.017751693725586 220160
1770860339736 15.284873962402344 225280
1770860347261 15.224227905273438 230400
1770860354480 15.841497421264648 235520
1770860362323 16.39901351928711 240640
1770860371225 16.350954055786133 245760
1770860378825 17.74257469177246 250880
1770860386535 17.21126937866211 256000
1770860394135 16.694965362548828 261120
1770860403050 18.342693328857422 266240
1770860410541 18.285974502563477 271360
1770860417937 18.60624885559082 276480
1770860425509 19.162975311279297 281600
1770860434587 20.075239181518555 286720
1770860441881 22.86536407470703 291840
1770860449453 21.71039390563965 296960
1770860453736 20.577138900756836 300032
