1770859993047 1.0708189010620117 5120
1770860002162 1.1247198581695557 10240
1770860010177 1.0920183658599854 15360
1770860017914 1.1080464124679565 20480
1770860026539 1.1614735126495361 25600
1770860035707 1.1824511289596558 30720
1770860043801 1.199107050895691 35840
1770860051886 1.2165371179580688 40960
1770860059952 1.240458369255066 46080
1770860069050 1.2580677270889282 51200
1770860076255 1.2647138833999634 56320
1770860084110 1.2712363004684448 61440
1770860091546 1.2858288288116455 66560
1770860100280 1.2935588359832764 71680
1770860108141 1.3043640851974487 76800
1770860116357 1.3033629655838013 81920
1770860123764 1.3055700063705444 87040
1770860131579 1.307672381401062 92160
1770860139524 1.311394453048706 97280
1770860148286 1.3084872961044312 102400
1770860156077 1.309311032295227 107520
1770860163702 1.300639271736145 112640
1770860171026 1.2876182794570923 117760
1770860180398 1.271254062652588 122880
1770860187771 1.2583707571029663 128000
1770860195131 1.2455826997756958 133120
1770860202840 1.2403686046600342 138240
1770860212147 1.2361373901367188 143360
1770860219786 1.2266254425048828 148480
1770860227058 1.215254783630371 153600
1770860234766 1.2088631391525269 158720
1770860244378 1.1985915899276733 163840
1770860251990 1.1907308101654053 168960
1770860259124 1.1888483762741089 174080
1770860266729 1.190702199935913 179200
1770860276392 1.1921089887619019 184320
1770860283766 1.1952967643737793 189440
1770860291407 1.197776198387146 194560
1770860298675 1.2000997066497803 199680
1770860308195 1.2042747735977173 204800
1770860315460 1.2050158977508545 209920
1770860322896 1.2043230533599854 215040
1770860330235 1.1989904642105103 220160
1770860339743 1.1941921710968018 225280
1770860347273 1.187826156616211 230400
1770860354487 1.178938627243042 235520
1770860362332 1.171433687210083 240640
1770860371237 1.164945363998413 245760
1770860378831 1.1570464372634888 250880
1770860386542 1.150206446647644 256000
1770860394147 1.1440305709838867 261120
1770860403058 1.1380919218063354 266240
1770860410548 1.1334588527679443 271360
1770860417945 1.1299675703048706 276480
1770860425516 1.1262308359146118 281600
1770860434594 1.1237387657165527 286720
1770860441888 1.1225190162658691 291840
1770860449463 1.1205517053604126 296960
1770860453744 1.119996190071106 300032
