1770859993047 0.3068821430206299 5120
1770860002162 0.2951933741569519 10240
1770860010177 0.2914729714393616 15360
1770860017914 0.28852981328964233 20480
1770860026539 0.30106598138809204 25600
1770860035707 0.30768388509750366 30720
1770860043801 0.31383129954338074 35840
1770860051886 0.31918707489967346 40960
1770860059952 0.32546764612197876 46080
1770860069050 0.3293316066265106 51200
1770860076255 0.32985052466392517 56320
1770860084110 0.3313184082508087 61440
1770860091546 0.3346670866012573 66560
1770860100280 0.33619922399520874 71680
1770860108141 0.3388499915599823 76800
1770860116357 0.3391152322292328 81920
1770860123764 0.339468389749527 87040
1770860131579 0.33911290764808655 92160
1770860139524 0.3404237926006317 97280
1770860148286 0.3402557075023651 102400
1770860156077 0.3405250608921051 107520
1770860163702 0.34074652194976807 112640
1770860171026 0.34005457162857056 117760
1770860180398 0.33855095505714417 122880
1770860187771 0.33833935856819153 128000
1770860195131 0.3381190001964569 133120
1770860202840 0.33928290009498596 138240
1770860212147 0.340815931558609 143360
1770860219786 0.34295347332954407 148480
1770860227058 0.34556272625923157 153600
1770860234766 0.3482343852519989 158720
1770860244378 0.3489472270011902 163840
1770860251990 0.3497607111930847 168960
1770860259124 0.35172221064567566 174080
1770860266729 0.35354509949684143 179200
1770860276392 0.354671448469162 184320
1770860283766 0.35538893938064575 189440
1770860291407 0.355015367269516 194560
1770860298675 0.35516005754470825 199680
1770860308195 0.3563635051250458 204800
1770860315460 0.3566952347755432 209920
1770860322896 0.357146292924881 215040
1770860330235 0.3573349714279175 220160
1770860339743 0.35772040486335754 225280
1770860347273 0.35769718885421753 230400
1770860354487 0.3572261929512024 235520
1770860362332 0.35752612352371216 240640
1770860371237 0.357991486787796 245760
1770860378831 0.35831859707832336 250880
1770860386542 0.35902321338653564 256000
1770860394147 0.35922908782958984 261120
1770860403058 0.3597888648509979 266240
1770860410548 0.3599449098110199 271360
1770860417945 0.36035457253456116 276480
1770860425516 0.3609905242919922 281600
1770860434594 0.3620760440826416 286720
1770860441888 0.3632659316062927 291840
1770860449463 0.36436280608177185 296960
1770860453744 0.36492449045181274 300032
