1770859993042 94.69451154810015 5120
1770860002154 88.79088869130784 10240
1770860010172 118.1094841180446 15360
1770860017907 135.97562082603903 20480
1770860026533 109.67507779201422 25600
1770860035702 121.96998953123183 30720
1770860043793 94.23284655133678 35840
1770860051881 136.6979760779585 40960
1770860059947 142.3438539333469 46080
1770860069044 139.79615371796154 51200
1770860076250 138.79691584764552 56320
1770860084102 124.30145511661678 61440
1770860091541 116.15996455079207 66560
1770860100274 127.60668106726703 71680
1770860108136 145.79755283648498 76800
1770860116352 104.80781628726355 81920
1770860123758 124.71541137640867 87040
1770860131573 144.01538250240353 92160
1770860139518 127.26595260490943 97280
1770860148280 142.0065005417118 102400
1770860156072 144.14406488418447 107520
1770860163697 132.53401586248302 112640
1770860171020 141.73297739330246 117760
1770860180392 100.64558237750155 122880
1770860187764 110.51310831818301 128000
1770860195125 135.5844189429449 133120
1770860202834 88.13044209110775 138240
1770860212137 93.09710785075356 143360
1770860219780 142.55672625926178 148480
1770860227052 130.59858014696724 153600
1770860234760 93.20675555555556 158720
1770860244371 130.8511886192051 163840
1770860251984 130.81445903377724 168960
1770860259118 124.38255093265325 174080
1770860266719 89.22722147765226 179200
1770860276386 138.58137844445912 184320
1770860283759 87.98439302720732 189440
1770860291395 90.06643904743498 194560
1770860298669 98.6941503129559 199680
1770860308187 95.8150542547116 204800
1770860315449 119.09884430814664 209920
1770860322886 137.93876410037163 215040
1770860330224 104.79210493441599 220160
1770860339736 115.25029538647541 225280
1770860347261 107.74517057131114 230400
1770860354480 96.78120817758088 235520
1770860362323 107.18895987733197 240640
1770860371225 87.45421184320267 245760
1770860378825 118.7011178717985 250880
1770860386535 106.21717990275526 256000
1770860394135 97.6236849455358 261120
1770860403050 141.43665486427247 266240
1770860410541 100.30380715515592 271360
1770860417937 103.66032326627453 276480
1770860425509 115.9480289710842 281600
1770860434587 156.46885025740505 286720
1770860441881 143.7094497361749 291840
1770860449453 127.04237467817659 296960
1770860453736 113.04487507748699 300032
