1770859993047 2.0935006141662598 5120
1770860002162 1.9450037479400635 10240
1770860010177 1.8952579498291016 15360
1770860017914 1.8519588708877563 20480
1770860026539 1.979253888130188 25600
1770860035707 2.0456600189208984 30720
1770860043801 2.1069958209991455 35840
1770860051886 2.1656692028045654 40960
1770860059952 2.230501174926758 46080
1770860069050 2.2714569568634033 51200
1770860076255 2.2767951488494873 56320
1770860084110 2.295473575592041 61440
1770860091546 2.3307979106903076 66560
1770860100280 2.346184730529785 71680
1770860108141 2.3709073066711426 76800
1770860116357 2.3773956298828125 81920
1770860123764 2.3835933208465576 87040
1770860131579 2.381174087524414 92160
1770860139524 2.394388198852539 97280
1770860148286 2.394503593444824 102400
1770860156077 2.397947311401367 107520
1770860163702 2.40836501121521 112640
1770860171026 2.408397674560547 117760
1770860180398 2.402817487716675 122880
1770860187771 2.4055263996124268 128000
1770860195131 2.4099044799804688 133120
1770860202840 2.425929307937622 138240
1770860212147 2.4442529678344727 143360
1770860219786 2.4742395877838135 148480
1770860227058 2.509120464324951 153600
1770860234766 2.543832302093506 158720
1770860244378 2.5596468448638916 163840
1770860251990 2.576807975769043 168960
1770860259124 2.6010665893554688 174080
1770860266729 2.6220924854278564 179200
1770860276392 2.6359260082244873 184320
1770860283766 2.64370059967041 189440
1770860291407 2.6395092010498047 194560
1770860298675 2.64074444770813 199680
1770860308195 2.6514925956726074 204800
1770860315460 2.6561405658721924 209920
1770860322896 2.6632068157196045 215040
1770860330235 2.667914390563965 220160
1770860339743 2.6773922443389893 225280
1770860347273 2.6809651851654053 230400
1770860354487 2.683377742767334 235520
1770860362332 2.691300392150879 240640
1770860371237 2.700730323791504 245760
1770860378831 2.709150791168213 250880
1770860386542 2.722233533859253 256000
1770860394147 2.7287795543670654 261120
1770860403058 2.7396411895751953 266240
1770860410548 2.7457809448242188 271360
1770860417945 2.753142833709717 276480
1770860425516 2.7634437084198 281600
1770860434594 2.7776095867156982 286720
1770860441888 2.7932581901550293 291840
1770860449463 2.8082242012023926 296960
1770860453744 2.8156588077545166 300032
