1769367607559 0.0 5120
1769367615850 0.0 10240
1769367623447 0.0 15360
1769367630040 0.0 20480
1769367637133 0.0 25600
1769367645908 0.0 30720
1769367653076 0.0 35840
1769367659797 0.0 40960
1769367666878 0.0 46080
1769367675451 0.0 51200
1769367683305 0.0 56320
1769367690284 0.0 61440
1769367697634 0.0 66560
1769367706106 0.0 71680
1769367714047 0.0 76800
1769367721186 0.0 81920
1769367728398 0.0 87040
1769367737488 0.0 92160
1769367745345 0.0 97280
1769367752302 0.0 102400
1769367759251 0.0 107520
1769367767408 0.0 112640
1769367776724 0.0 117760
1769367784137 0.0 122880
1769367791483 0.0 128000
1769367798950 0.0 133120
1769367807643 0.0 138240
1769367815185 0.0 143360
1769367821889 0.0 148480
1769367829102 0.0 153600
1769367838437 0.0 158720
1769367846029 0.0 163840
1769367852996 0.0 168960
1769367860430 0.0 174080
1769367868708 0.0 179200
1769367876463 0.0 184320
1769367883312 0.0 189440
1769367890932 0.0 194560
1769367899854 0.0 199680
1769367907419 0.0 204800
1769367915027 0.0 209920
1769367922807 0.0 215040
1769367931152 0.0 220160
1769367938739 0.0 225280
1769367945814 0.0 230400
1769367953894 0.0 235520
1769367963241 0.0 240640
1769367969789 0.0 245760
1769367977280 0.0 250880
1769367985273 0.0 256000
1769367994131 0.0 261120
1769368001713 0.0 266240
1769368009539 0.0 271360
1769368018373 0.0 276480
1769368028232 0.0 281600
1769368037108 0.0 286720
1769368044356 0.0 291840
1769368052080 0.0 296960
1769368056696 0.0 300032
