1769367607559 0.11113406717777252 5120
1769367615850 0.10194692015647888 10240
1769367623447 0.10270143300294876 15360
1769367630040 0.10053868591785431 20480
1769367637133 0.09738565981388092 25600
1769367645908 0.09629800915718079 30720
1769367653076 0.09764096885919571 35840
1769367659797 0.09748154878616333 40960
1769367666878 0.09768419712781906 46080
1769367675451 0.09789418429136276 51200
1769367683305 0.09758596122264862 56320
1769367690284 0.09807673841714859 61440
1769367697634 0.09803952276706696 66560
1769367706106 0.09697762131690979 71680
1769367714047 0.09601572901010513 76800
1769367721186 0.09593323618173599 81920
1769367728398 0.09572054445743561 87040
1769367737488 0.09564618766307831 92160
1769367745345 0.09579315781593323 97280
1769367752302 0.09604935348033905 102400
1769367759251 0.09603060781955719 107520
1769367767408 0.09600944072008133 112640
1769367776724 0.09590814262628555 117760
1769367784137 0.0958901196718216 122880
1769367791483 0.09592752903699875 128000
1769367798950 0.0959223061800003 133120
1769367807643 0.09594684839248657 138240
1769367815185 0.09593749791383743 143360
1769367821889 0.095797099173069 148480
1769367829102 0.09579233080148697 153600
1769367838437 0.09512930363416672 158720
1769367846029 0.09541682153940201 163840
1769367852996 0.09560054540634155 168960
1769367860430 0.09584210813045502 174080
1769367868708 0.0956512987613678 179200
1769367876463 0.0958566963672638 184320
1769367883312 0.09576708823442459 189440
1769367890932 0.0956714004278183 194560
1769367899854 0.09588470309972763 199680
1769367907419 0.09600558876991272 204800
1769367915027 0.09600598365068436 209920
1769367922807 0.0960731953382492 215040
1769367931152 0.09621407091617584 220160
1769367938739 0.09630440920591354 225280
1769367945814 0.09646188467741013 230400
1769367953894 0.09673422574996948 235520
1769367963241 0.09665112942457199 240640
1769367969789 0.09670514613389969 245760
1769367977280 0.09676842391490936 250880
1769367985273 0.09679385274648666 256000
1769367994131 0.09693903475999832 261120
1769368001713 0.0970059484243393 266240
1769368009539 0.0972265973687172 271360
1769368018373 0.09718137234449387 276480
1769368028232 0.09719561040401459 281600
1769368037108 0.09713765978813171 286720
1769368044356 0.09686711430549622 291840
1769368052080 0.0968964546918869 296960
1769368056696 0.09684392064809799 300032
