1769367607559 18.969911575317383 5120
1769367615850 18.380367279052734 10240
1769367623447 18.304044723510742 15360
1769367630040 18.460628509521484 20480
1769367637133 18.280109405517578 25600
1769367645908 18.123924255371094 30720
1769367653076 18.167322158813477 35840
1769367659797 18.157493591308594 40960
1769367666878 18.30217742919922 46080
1769367675451 18.303239822387695 51200
1769367683305 18.28411102294922 56320
1769367690284 18.291645050048828 61440
1769367697634 18.294809341430664 66560
1769367706106 18.247602462768555 71680
1769367714047 18.1751651763916 76800
1769367721186 18.154762268066406 81920
1769367728398 18.169723510742188 87040
1769367737488 18.16917610168457 92160
1769367745345 18.199859619140625 97280
1769367752302 18.198577880859375 102400
1769367759251 18.19339942932129 107520
1769367767408 18.169818878173828 112640
1769367776724 18.146371841430664 117760
1769367784137 18.14208984375 122880
1769367791483 18.135101318359375 128000
1769367798950 18.13330841064453 133120
1769367807643 18.111804962158203 138240
1769367815185 18.125368118286133 143360
1769367821889 18.10392189025879 148480
1769367829102 18.1419734954834 153600
1769367838437 18.110349655151367 158720
1769367846029 18.08774757385254 163840
1769367852996 18.077123641967773 168960
1769367860430 18.09457015991211 174080
1769367868708 18.08155059814453 179200
1769367876463 18.09992790222168 184320
1769367883312 18.07305908203125 189440
1769367890932 18.076894760131836 194560
1769367899854 18.08930206298828 199680
1769367907419 18.106769561767578 204800
1769367915027 18.114442825317383 209920
1769367922807 18.116819381713867 215040
1769367931152 18.11395263671875 220160
1769367938739 18.134624481201172 225280
1769367945814 18.11747169494629 230400
1769367953894 18.125581741333008 235520
1769367963241 18.123432159423828 240640
1769367969789 18.118366241455078 245760
1769367977280 18.131139755249023 250880
1769367985273 18.1219425201416 256000
1769367994131 18.126157760620117 261120
1769368001713 18.137128829956055 266240
1769368009539 18.143863677978516 271360
1769368018373 18.130422592163086 276480
1769368028232 18.143857955932617 281600
1769368037108 18.168724060058594 286720
1769368044356 18.16365623474121 291840
1769368052080 18.15321922302246 296960
1769368056696 18.14581871032715 300032
