1769367607559 1.172308325767517 5120
1769367615850 1.1547545194625854 10240
1769367623447 1.1533797979354858 15360
1769367630040 1.1598509550094604 20480
1769367637133 1.151018500328064 25600
1769367645908 1.1438723802566528 30720
1769367653076 1.146864652633667 35840
1769367659797 1.1440340280532837 40960
1769367666878 1.1497851610183716 46080
1769367675451 1.152579426765442 51200
1769367683305 1.151679515838623 56320
1769367690284 1.1529000997543335 61440
1769367697634 1.1523293256759644 66560
1769367706106 1.1490094661712646 71680
1769367714047 1.1441302299499512 76800
1769367721186 1.141402006149292 81920
1769367728398 1.141370177268982 87040
1769367737488 1.1409696340560913 92160
1769367745345 1.1425033807754517 97280
1769367752302 1.1436012983322144 102400
1769367759251 1.141657829284668 107520
1769367767408 1.1407277584075928 112640
1769367776724 1.1398065090179443 117760
1769367784137 1.139360785484314 122880
1769367791483 1.13899827003479 128000
1769367798950 1.1384150981903076 133120
1769367807643 1.1380423307418823 138240
1769367815185 1.13843834400177 143360
1769367821889 1.1373934745788574 148480
1769367829102 1.138939619064331 153600
1769367838437 1.1365686655044556 158720
1769367846029 1.1367406845092773 163840
1769367852996 1.1374626159667969 168960
1769367860430 1.1384949684143066 174080
1769367868708 1.1372822523117065 179200
1769367876463 1.1373026371002197 184320
1769367883312 1.1364037990570068 189440
1769367890932 1.1365556716918945 194560
1769367899854 1.137492299079895 199680
1769367907419 1.1386122703552246 204800
1769367915027 1.1385045051574707 209920
1769367922807 1.1390870809555054 215040
1769367931152 1.1388649940490723 220160
1769367938739 1.1398123502731323 225280
1769367945814 1.139717698097229 230400
1769367953894 1.1402060985565186 235520
1769367963241 1.139493703842163 240640
1769367969789 1.139323353767395 245760
1769367977280 1.1399719715118408 250880
1769367985273 1.1394538879394531 256000
1769367994131 1.1399097442626953 261120
1769368001713 1.1410048007965088 266240
1769368009539 1.141668677330017 271360
1769368018373 1.1409955024719238 276480
1769368028232 1.1418360471725464 281600
1769368037108 1.1426137685775757 286720
1769368044356 1.141900658607483 291840
1769368052080 1.1416518688201904 296960
1769368056696 1.1412962675094604 300032
