1769367607555 33.91352462768555 5120
1769367615844 22.640064239501953 10240
1769367623442 18.63228988647461 15360
1769367630034 18.530567169189453 20480
1769367637127 18.496427536010742 25600
1769367645900 17.645431518554688 30720
1769367653068 17.016742706298828 35840
1769367659789 16.9982967376709 40960
1769367666873 16.30416488647461 46080
1769367675445 16.167877197265625 51200
1769367683299 15.661430358886719 56320
1769367690275 15.412679672241211 61440
1769367697625 15.487564086914062 66560
1769367706100 14.884895324707031 71680
1769367714042 14.647150039672852 76800
1769367721180 13.95246696472168 81920
1769367728391 13.496423721313477 87040
1769367737478 13.965850830078125 92160
1769367745337 13.09459400177002 97280
1769367752295 13.301838874816895 102400
1769367759244 13.092145919799805 107520
1769367767398 12.35802936553955 112640
1769367776717 13.356849670410156 117760
1769367784130 13.289083480834961 122880
1769367791474 12.70312213897705 128000
1769367798944 12.471685409545898 133120
1769367807633 12.770750045776367 138240
1769367815178 12.646821975708008 143360
1769367821883 13.112378120422363 148480
1769367829095 13.024828910827637 153600
1769367838424 12.473064422607422 158720
1769367846022 13.430546760559082 163840
1769367852989 12.729981422424316 168960
1769367860419 12.763322830200195 174080
1769367868701 12.489057540893555 179200
1769367876456 12.086377143859863 184320
1769367883305 12.361551284790039 189440
1769367890925 12.101956367492676 194560
1769367899844 11.99353313446045 199680
1769367907410 11.772427558898926 204800
1769367915015 12.208072662353516 209920
1769367922798 11.735651969909668 215040
1769367931140 11.416383743286133 220160
1769367938730 11.33769702911377 225280
1769367945802 11.791625022888184 230400
1769367953887 12.065831184387207 235520
1769367963226 11.294637680053711 240640
1769367969778 11.610601425170898 245760
1769367977267 11.270341873168945 250880
1769367985261 11.205610275268555 256000
1769367994116 11.510091781616211 261120
1769368001704 11.18570327758789 266240
1769368009531 11.175043106079102 271360
1769368018366 10.993987083435059 276480
1769368028223 11.151793479919434 281600
1769368037100 11.024923324584961 286720
1769368044344 11.408014297485352 291840
1769368052069 10.641643524169922 296960
1769368056686 11.397405624389648 300032
