1769367607555 -1.2904601097106934 5120
1769367615844 -1.402862310409546 10240
1769367623442 -2.1003410816192627 15360
1769367630034 -2.869518756866455 20480
1769367637127 -3.401982069015503 25600
1769367645900 -3.7573039531707764 30720
1769367653068 -4.017141342163086 35840
1769367659789 -4.207793235778809 40960
1769367666873 -4.344147682189941 46080
1769367675445 -4.498418807983398 51200
1769367683299 -4.606815338134766 56320
1769367690275 -4.653117656707764 61440
1769367697625 -4.717601299285889 66560
1769367706100 -4.730023384094238 71680
1769367714042 -4.779611587524414 76800
1769367721180 -4.806334495544434 81920
1769367728391 -4.821508407592773 87040
1769367737478 -4.834418296813965 92160
1769367745337 -4.87206506729126 97280
1769367752295 -4.877676010131836 102400
1769367759244 -4.925501346588135 107520
1769367767398 -4.877434730529785 112640
1769367776717 -4.827118873596191 117760
1769367784130 -4.825437068939209 122880
1769367791474 -4.807326316833496 128000
1769367798944 -4.76406192779541 133120
1769367807633 -4.751354694366455 138240
1769367815178 -4.739849090576172 143360
1769367821883 -4.673366546630859 148480
1769367829095 -4.634545803070068 153600
1769367838424 -4.615103721618652 158720
1769367846022 -4.733133792877197 163840
1769367852989 -4.583096504211426 168960
1769367860419 -4.643969535827637 174080
1769367868701 -4.522619724273682 179200
1769367876456 -4.505381107330322 184320
1769367883305 -4.484665870666504 189440
1769367890925 -4.459191799163818 194560
1769367899844 -4.494208335876465 199680
1769367907410 -4.390309810638428 204800
1769367915015 -4.333099842071533 209920
1769367922798 -4.235033988952637 215040
1769367931140 -4.186068534851074 220160
1769367938730 -4.18673849105835 225280
1769367945802 -4.162165641784668 230400
1769367953887 -4.127898216247559 235520
1769367963226 -4.000953197479248 240640
1769367969778 -4.043275356292725 245760
1769367977267 -3.935208797454834 250880
1769367985261 -3.887165069580078 256000
1769367994116 -3.7912960052490234 261120
1769368001704 -3.7557430267333984 266240
1769368009531 -3.7506184577941895 271360
1769368018366 -3.7769484519958496 276480
1769368028223 -3.754185438156128 281600
1769368037100 -3.6414806842803955 286720
1769368044344 -3.7747344970703125 291840
1769368052069 -3.6320576667785645 296960
1769368056686 -3.785196304321289 300032
