1769367607559 1.2669862508773804 5120
1769367615850 1.1965728998184204 10240
1769367623447 1.2096445560455322 15360
1769367630040 1.1939510107040405 20480
1769367637133 1.1714863777160645 25600
1769367645908 1.1615959405899048 30720
1769367653076 1.169915795326233 35840
1769367659797 1.1698235273361206 40960
1769367666878 1.1731159687042236 46080
1769367675451 1.1736949682235718 51200
1769367683305 1.1695908308029175 56320
1769367690284 1.1754589080810547 61440
1769367697634 1.174686074256897 66560
1769367706106 1.1688774824142456 71680
1769367714047 1.1585075855255127 76800
1769367721186 1.1558805704116821 81920
1769367728398 1.1535545587539673 87040
1769367737488 1.1526635885238647 92160
1769367745345 1.153221607208252 97280
1769367752302 1.15693998336792 102400
1769367759251 1.1559555530548096 107520
1769367767408 1.154691219329834 112640
1769367776724 1.1544249057769775 117760
1769367784137 1.1532044410705566 122880
1769367791483 1.1549383401870728 128000
1769367798950 1.1530475616455078 133120
1769367807643 1.1534422636032104 138240
1769367815185 1.1535485982894897 143360
1769367821889 1.1530159711837769 148480
1769367829102 1.1534626483917236 153600
1769367838437 1.1492756605148315 158720
1769367846029 1.1520401239395142 163840
1769367852996 1.1524368524551392 168960
1769367860430 1.155769944190979 174080
1769367868708 1.1535708904266357 179200
1769367876463 1.1549594402313232 184320
1769367883312 1.1538842916488647 189440
1769367890932 1.1543715000152588 194560
1769367899854 1.1558892726898193 199680
1769367907419 1.1566029787063599 204800
1769367915027 1.156040906906128 209920
1769367922807 1.156129002571106 215040
1769367931152 1.156473994255066 220160
1769367938739 1.1577714681625366 225280
1769367945814 1.1584296226501465 230400
1769367953894 1.161314606666565 235520
1769367963241 1.1605541706085205 240640
1769367969789 1.160830020904541 245760
1769367977280 1.1612789630889893 250880
1769367985273 1.1613950729370117 256000
1769367994131 1.1620657444000244 261120
1769368001713 1.1628283262252808 266240
1769368009539 1.1655616760253906 271360
1769368018373 1.1648814678192139 276480
1769368028232 1.1652207374572754 281600
1769368037108 1.1653639078140259 286720
1769368044356 1.1634480953216553 291840
1769368052080 1.1636584997177124 296960
1769368056696 1.1632052659988403 300032
