1770907783426 0.07433300465345383 5120
1770907794770 0.07305509597063065 10240
1770907806786 0.07213309407234192 15360
1770907818304 0.07161808758974075 20480
1770907829554 0.07080671191215515 25600
1770907841062 0.07118985801935196 30720
1770907853379 0.07066532969474792 35840
1770907865060 0.07220567762851715 40960
1770907876609 0.07176414877176285 46080
1770907888213 0.0708715096116066 51200
1770907900712 0.0712023451924324 56320
1770907912519 0.07170315831899643 61440
1770907924443 0.07242941856384277 66560
1770907936240 0.07282166182994843 71680
1770907949155 0.07297594100236893 76800
1770907961046 0.07285004109144211 81920
1770907972857 0.07282856106758118 87040
1770907985265 0.07299216091632843 92160
1770907998627 0.07304885983467102 97280
1770908010572 0.07267113775014877 102400
1770908022476 0.07280826568603516 107520
1770908035039 0.07314597815275192 112640
1770908048556 0.0730789452791214 117760
1770908060490 0.07287146896123886 122880
1770908072887 0.07255233824253082 128000
1770908085597 0.07255293428897858 133120
1770908099554 0.07240096479654312 138240
1770908112114 0.07237888127565384 143360
1770908124638 0.07232949137687683 148480
1770908137556 0.07241206616163254 153600
1770908153158 0.0723913162946701 158720
1770908166533 0.0726211667060852 163840
1770908179825 0.07263423502445221 168960
1770908192442 0.07260328531265259 174080
1770908207261 0.07271070033311844 179200
1770908219469 0.072758749127388 184320
1770908232081 0.07253658771514893 189440
1770908244897 0.07256391644477844 194560
1770908258595 0.07271726429462433 199680
1770908270678 0.07267895340919495 204800
1770908282661 0.07274957001209259 209920
1770908295710 0.07266762852668762 215040
1770908310654 0.07267165929079056 220160
1770908323786 0.07278037816286087 225280
1770908337094 0.07285049557685852 230400
1770908349769 0.07279793173074722 235520
1770908363846 0.07279433310031891 240640
1770908375842 0.07288531213998795 245760
1770908387915 0.07284598797559738 250880
1770908399139 0.07274994999170303 256000
1770908412096 0.07276102900505066 261120
1770908423736 0.07268846780061722 266240
1770908435741 0.0726291686296463 271360
1770908447464 0.07272901386022568 276480
1770908460343 0.07254084944725037 281600
1770908472570 0.07264396548271179 286720
1770908484369 0.07261522859334946 291840
1770908496008 0.07251176238059998 296960
1770908501438 0.07246620208024979 300032
