1770907783426 0.0 5120
1770907794770 0.0 10240
1770907806786 0.0 15360
1770907818304 0.0 20480
1770907829554 0.0 25600
1770907841062 0.0 30720
1770907853379 0.0 35840
1770907865060 0.0 40960
1770907876609 0.0 46080
1770907888213 0.0 51200
1770907900712 0.0 56320
1770907912519 0.0 61440
1770907924443 0.0 66560
1770907936240 0.0 71680
1770907949155 0.0 76800
1770907961046 0.0 81920
1770907972857 0.0 87040
1770907985265 0.0 92160
1770907998627 0.0 97280
1770908010572 0.0 102400
1770908022476 0.0 107520
1770908035039 0.0 112640
1770908048556 0.0 117760
1770908060490 0.0 122880
1770908072887 0.0 128000
1770908085597 0.0 133120
1770908099554 0.0 138240
1770908112114 0.0 143360
1770908124638 0.0 148480
1770908137556 0.0 153600
1770908153158 0.0 158720
1770908166533 0.0 163840
1770908179825 0.0 168960
1770908192442 0.0 174080
1770908207261 0.0 179200
1770908219469 0.0 184320
1770908232081 0.0 189440
1770908244897 0.0 194560
1770908258595 0.0 199680
1770908270678 0.0 204800
1770908282661 0.0 209920
1770908295710 0.0 215040
1770908310654 0.0 220160
1770908323786 0.0 225280
1770908337094 0.0 230400
1770908349769 0.0 235520
1770908363846 0.0 240640
1770908375842 0.0 245760
1770908387915 0.0 250880
1770908399139 0.0 256000
1770908412096 0.0 261120
1770908423736 0.0 266240
1770908435741 0.0 271360
1770908447464 0.0 276480
1770908460343 0.0 281600
1770908472570 0.0 286720
1770908484369 0.0 291840
1770908496008 0.0 296960
1770908501438 0.0 300032
