1770907783421 140.19332843104485 5120
1770907794762 98.72202607917902 10240
1770907806778 131.84245434256437 15360
1770907818299 123.7586379864861 20480
1770907829549 122.70504944122638 25600
1770907841056 78.04082240208392 30720
1770907853373 79.94480129610217 35840
1770907865054 116.3274905702241 40960
1770907876602 74.85150352458285 46080
1770907888207 81.37643087191029 51200
1770907900704 84.01041541481392 56320
1770907912513 118.64403711246888 61440
1770907924435 115.93520924318646 66560
1770907936234 122.91360919001289 71680
1770907949149 111.47651827242525 76800
1770907961040 97.30434984340563 81920
1770907972849 107.39480220202279 87040
1770907985256 86.8403900701878 92160
1770907998621 105.25757879943787 97280
1770908010566 120.34960259389975 102400
1770908022469 108.98825485916225 107520
1770908035029 109.78703800649147 112640
1770908048550 112.4327570030827 117760
1770908060483 114.04072976426765 122880
1770908072879 112.52626495680636 128000
1770908085590 121.41566073237806 133120
1770908099547 115.38028169014085 138240
1770908112106 97.40603808639108 143360
1770908124626 94.38977405707084 148480
1770908137544 99.61061106229369 153600
1770908153149 107.57659852778988 158720
1770908166523 79.06769468584463 163840
1770908179816 109.5604837656401 168960
1770908192428 92.51596964884419 174080
1770908207252 87.29040582726327 179200
1770908219458 99.91909855397003 184320
1770908232073 121.10015879890284 189440
1770908244888 94.0785501200009 194560
1770908258585 110.09538808830092 199680
1770908270670 140.3481345156433 204800
1770908282650 80.3183393653894 209920
1770908295700 77.16216862593595 215040
1770908310645 66.38027411135378 220160
1770908323778 113.94468894322195 225280
1770908337087 86.74699592562719 230400
1770908349760 103.80398950650894 235520
1770908363839 94.79938522737547 240640
1770908375834 101.59389608816761 245760
1770908387907 138.12955705582084 250880
1770908399128 124.56355428842956 256000
1770908412086 125.19189326328986 261120
1770908423729 92.91767833407178 266240
1770908435729 93.55185796493733 271360
1770908447455 101.00428647112652 276480
1770908460331 112.92921569155381 281600
1770908472562 117.44802867383513 286720
1770908484360 87.31039363850205 291840
1770908495995 86.83679426926979 296960
1770908501429 99.77648262245165 300032
