1770907783426 1.7642393112182617 5120
1770907794770 1.6586370468139648 10240
1770907806786 1.5976738929748535 15360
1770907818304 1.5733689069747925 20480
1770907829554 1.5516984462738037 25600
1770907841062 1.5536527633666992 30720
1770907853379 1.5383477210998535 35840
1770907865060 1.565840244293213 40960
1770907876609 1.554612636566162 46080
1770907888213 1.5334625244140625 51200
1770907900712 1.5394891500473022 56320
1770907912519 1.5468969345092773 61440
1770907924443 1.5616381168365479 66560
1770907936240 1.5696521997451782 71680
1770907949155 1.5734690427780151 76800
1770907961046 1.5697041749954224 81920
1770907972857 1.5691064596176147 87040
1770907985265 1.5713577270507812 92160
1770907998627 1.5725395679473877 97280
1770908010572 1.563889741897583 102400
1770908022476 1.56620454788208 107520
1770908035039 1.5724273920059204 112640
1770908048556 1.5699087381362915 117760
1770908060490 1.5648492574691772 122880
1770908072887 1.5591442584991455 128000
1770908085597 1.5586695671081543 133120
1770908099554 1.554583191871643 138240
1770908112114 1.5539222955703735 143360
1770908124638 1.5521317720413208 148480
1770908137556 1.5536115169525146 153600
1770908153158 1.5529465675354004 158720
1770908166533 1.5577377080917358 163840
1770908179825 1.5583423376083374 168960
1770908192442 1.5581626892089844 174080
1770908207261 1.560573697090149 179200
1770908219469 1.5618691444396973 184320
1770908232081 1.5572848320007324 189440
1770908244897 1.5572330951690674 194560
1770908258595 1.5598636865615845 199680
1770908270678 1.5584816932678223 204800
1770908282661 1.5599726438522339 209920
1770908295710 1.5574827194213867 215040
1770908310654 1.557427167892456 220160
1770908323786 1.5596566200256348 225280
1770908337094 1.5608547925949097 230400
1770908349769 1.5600602626800537 235520
1770908363846 1.559875726699829 240640
1770908375842 1.5614111423492432 245760
1770908387915 1.560563564300537 250880
1770908399139 1.5588977336883545 256000
1770908412096 1.559020757675171 261120
1770908423736 1.5575913190841675 266240
1770908435741 1.5558793544769287 271360
1770908447464 1.557747721672058 276480
1770908460343 1.5537729263305664 281600
1770908472570 1.5556896924972534 286720
1770908484369 1.5551631450653076 291840
1770908496008 1.5525797605514526 296960
1770908501438 1.5514202117919922 300032
