1769350727547 18.448223114013672 5120
1769350733519 18.736167907714844 10240
1769350738962 18.58255958557129 15360
1769350748371 18.616395950317383 20480
1769350754181 18.73712158203125 25600
1769350759575 18.796720504760742 30720
1769350765322 18.777212142944336 35840
1769350774937 18.750530242919922 40960
1769350781196 18.753686904907227 46080
1769350787298 18.744693756103516 51200
1769350792773 18.73308753967285 56320
1769350802731 18.741069793701172 61440
1769350808302 18.748937606811523 66560
1769350814116 18.79336166381836 71680
1769350819885 18.853748321533203 76800
1769350829752 18.928232192993164 81920
1769350835112 18.92009162902832 87040
1769350841240 18.904739379882812 92160
1769350847280 18.942502975463867 97280
1769350857123 18.96881103515625 102400
1769350863159 18.953533172607422 107520
1769350868992 18.96826171875 112640
1769350874863 18.983016967773438 117760
1769350884501 18.99960708618164 122880
1769350890482 18.963714599609375 128000
1769350896766 18.972394943237305 133120
1769350902728 18.96823501586914 138240
1769350911885 18.964073181152344 143360
1769350918054 18.9697265625 148480
1769350923994 18.949695587158203 153600
1769350930908 18.943931579589844 158720
1769350939491 18.94410514831543 163840
1769350945392 18.914897918701172 168960
1769350951300 18.896554946899414 174080
1769350959240 18.888500213623047 179200
1769350966889 18.86840057373047 184320
1769350972826 18.87862205505371 189440
1769350978454 18.864465713500977 194560
1769350986932 18.871049880981445 199680
1769350994533 18.884010314941406 204800
1769351000176 18.919912338256836 209920
1769351006416 18.91925621032715 215040
1769351015011 18.908723831176758 220160
1769351022060 18.917503356933594 225280
1769351028243 18.91049575805664 230400
1769351033696 18.90810203552246 235520
1769351042855 18.9068603515625 240640
1769351049197 18.91849708557129 245760
1769351055694 18.92362403869629 250880
1769351061587 18.916141510009766 256000
1769351071267 18.91465187072754 261120
1769351076973 18.91102409362793 266240
1769351083260 18.9111385345459 271360
1769351089489 18.90622901916504 276480
1769351098842 18.91077995300293 281600
1769351104618 18.8972225189209 286720
1769351110443 18.899080276489258 291840
1769351117234 18.89788055419922 296960
1769351122003 18.90216636657715 300032
