1769350727547 25.124664306640625 5120
1769350733519 25.404157638549805 10240
1769350738962 25.11740493774414 15360
1769350748371 25.10527992248535 20480
1769350754181 25.269100189208984 25600
1769350759575 25.368188858032227 30720
1769350765322 25.332239151000977 35840
1769350774937 25.254751205444336 40960
1769350781196 25.23554801940918 46080
1769350787298 25.185184478759766 51200
1769350792773 25.17775535583496 56320
1769350802731 25.168899536132812 61440
1769350808302 25.184160232543945 66560
1769350814116 25.266761779785156 71680
1769350819885 25.36621856689453 76800
1769350829752 25.440629959106445 81920
1769350835112 25.439977645874023 87040
1769350841240 25.428817749023438 92160
1769350847280 25.4681339263916 97280
1769350857123 25.516672134399414 102400
1769350863159 25.504375457763672 107520
1769350868992 25.52790641784668 112640
1769350874863 25.539384841918945 117760
1769350884501 25.555566787719727 122880
1769350890482 25.51979637145996 128000
1769350896766 25.529460906982422 133120
1769350902728 25.512306213378906 138240
1769350911885 25.520715713500977 143360
1769350918054 25.53511619567871 148480
1769350923994 25.495880126953125 153600
1769350930908 25.487382888793945 158720
1769350939491 25.490976333618164 163840
1769350945392 25.465240478515625 168960
1769350951300 25.440404891967773 174080
1769350959240 25.431364059448242 179200
1769350966889 25.41208839416504 184320
1769350972826 25.42300033569336 189440
1769350978454 25.4176025390625 194560
1769350986932 25.42308807373047 199680
1769350994533 25.44593620300293 204800
1769351000176 25.49159049987793 209920
1769351006416 25.4978084564209 215040
1769351015011 25.482057571411133 220160
1769351022060 25.49163818359375 225280
1769351028243 25.48104476928711 230400
1769351033696 25.483369827270508 235520
1769351042855 25.487096786499023 240640
1769351049197 25.50419044494629 245760
1769351055694 25.511558532714844 250880
1769351061587 25.499568939208984 256000
1769351071267 25.501920700073242 261120
1769351076973 25.50029182434082 266240
1769351083260 25.498504638671875 271360
1769351089489 25.495361328125 276480
1769351098842 25.49681282043457 281600
1769351104618 25.4826717376709 286720
1769351110443 25.484302520751953 291840
1769351117234 25.48133659362793 296960
1769351122003 25.491199493408203 300032
