1769350727547 1.1699271202087402 5120
1769350733519 1.1811883449554443 10240
1769350738962 1.1626583337783813 15360
1769350748371 1.1584062576293945 20480
1769350754181 1.1636912822723389 25600
1769350759575 1.1668998003005981 30720
1769350765322 1.162568211555481 35840
1769350774937 1.1550812721252441 40960
1769350781196 1.154848337173462 46080
1769350787298 1.153145432472229 51200
1769350792773 1.1541483402252197 56320
1769350802731 1.1525639295578003 61440
1769350808302 1.1543523073196411 66560
1769350814116 1.1569994688034058 71680
1769350819885 1.16240656375885 76800
1769350829752 1.1644126176834106 81920
1769350835112 1.1638789176940918 87040
1769350841240 1.1652966737747192 92160
1769350847280 1.1672686338424683 97280
1769350857123 1.1700432300567627 102400
1769350863159 1.1692352294921875 107520
1769350868992 1.1698771715164185 112640
1769350874863 1.170857548713684 117760
1769350884501 1.1728101968765259 122880
1769350890482 1.1713945865631104 128000
1769350896766 1.1717078685760498 133120
1769350902728 1.1707323789596558 138240
1769350911885 1.1707816123962402 143360
1769350918054 1.1715116500854492 148480
1769350923994 1.1696244478225708 153600
1769350930908 1.1691617965698242 158720
1769350939491 1.1699445247650146 163840
1769350945392 1.169020652770996 168960
1769350951300 1.1677639484405518 174080
1769350959240 1.1676843166351318 179200
1769350966889 1.1673303842544556 184320
1769350972826 1.1681512594223022 189440
1769350978454 1.1682180166244507 194560
1769350986932 1.1685477495193481 199680
1769350994533 1.169785499572754 204800
1769351000176 1.1712193489074707 209920
1769351006416 1.1715651750564575 215040
1769351015011 1.1708828210830688 220160
1769351022060 1.1712642908096313 225280
1769351028243 1.1712573766708374 230400
1769351033696 1.1712394952774048 235520
1769351042855 1.1717324256896973 240640
1769351049197 1.172518014907837 245760
1769351055694 1.172763466835022 250880
1769351061587 1.1721774339675903 256000
1769351071267 1.1722922325134277 261120
1769351076973 1.1720179319381714 266240
1769351083260 1.1715975999832153 271360
1769351089489 1.1715158224105835 276480
1769351098842 1.1715266704559326 281600
1769351104618 1.1708557605743408 286720
1769351110443 1.170630931854248 291840
1769351117234 1.1706758737564087 296960
1769351122003 1.1712636947631836 300032
