1769350727542 24.204687118530273 5120
1769350733515 22.05599594116211 10240
1769350738957 24.487606048583984 15360
1769350748366 25.19122886657715 20480
1769350754176 23.60748291015625 25600
1769350759570 21.987985610961914 30720
1769350765316 23.421850204467773 35840
1769350774931 25.01738929748535 40960
1769350781191 22.420469284057617 46080
1769350787290 22.924142837524414 51200
1769350792767 23.450777053833008 56320
1769350802726 24.682872772216797 61440
1769350808296 24.607036590576172 66560
1769350814111 24.675695419311523 71680
1769350819876 23.121004104614258 76800
1769350829744 20.847911834716797 81920
1769350835103 21.294301986694336 87040
1769350841231 22.337587356567383 92160
1769350847274 19.913692474365234 97280
1769350857116 20.542682647705078 102400
1769350863153 19.039348602294922 107520
1769350868984 19.774250030517578 112640
1769350874853 17.423480987548828 117760
1769350884495 17.71664047241211 122880
1769350890475 18.084697723388672 128000
1769350896756 16.629091262817383 133120
1769350902720 18.548887252807617 138240
1769350911878 16.114063262939453 143360
1769350918048 16.714305877685547 148480
1769350923988 16.84859275817871 153600
1769350930901 15.992101669311523 158720
1769350939484 16.766979217529297 163840
1769350945385 16.283620834350586 168960
1769350951294 16.430065155029297 174080
1769350959233 17.070829391479492 179200
1769350966881 18.41932487487793 184320
1769350972819 18.641332626342773 189440
1769350978447 18.034896850585938 194560
1769350986922 16.48256492614746 199680
1769350994525 18.693614959716797 204800
1769351000169 16.097476959228516 209920
1769351006409 16.829391479492188 215040
1769351015005 15.832489013671875 220160
1769351022053 16.50152587890625 225280
1769351028236 18.483224868774414 230400
1769351033685 17.835233688354492 235520
1769351042845 16.33180809020996 240640
1769351049187 20.541091918945312 245760
1769351055682 20.214874267578125 250880
1769351061578 16.792346954345703 256000
1769351071259 16.739999771118164 261120
1769351076964 16.94019889831543 266240
1769351083250 18.32139778137207 271360
1769351089481 18.664264678955078 276480
1769351098829 16.610258102416992 281600
1769351104607 15.397741317749023 286720
1769351110436 19.52547836303711 291840
1769351117226 16.81350326538086 296960
1769351121988 18.573959350585938 300032
