1769350727547 1.1733794212341309 5120
1769350733519 1.1699559688568115 10240
1769350738962 1.1437313556671143 15360
1769350748371 1.136486291885376 20480
1769350754181 1.1489511728286743 25600
1769350759575 1.1585171222686768 30720
1769350765322 1.1597737073898315 35840
1769350774937 1.1546825170516968 40960
1769350781196 1.1444594860076904 46080
1769350787298 1.1343870162963867 51200
1769350792773 1.1312006711959839 56320
1769350802731 1.1282297372817993 61440
1769350808302 1.1293953657150269 66560
1769350814116 1.1374390125274658 71680
1769350819885 1.1392507553100586 76800
1769350829752 1.1412551403045654 81920
1769350835112 1.1401748657226562 87040
1769350841240 1.1433566808700562 92160
1769350847280 1.1431454420089722 97280
1769350857123 1.1458303928375244 102400
1769350863159 1.1439605951309204 107520
1769350868992 1.1466293334960938 112640
1769350874863 1.1448838710784912 117760
1769350884501 1.1451616287231445 122880
1769350890482 1.1442530155181885 128000
1769350896766 1.1460208892822266 133120
1769350902728 1.1447575092315674 138240
1769350911885 1.1466923952102661 143360
1769350918054 1.1466056108474731 148480
1769350923994 1.1435866355895996 153600
1769350930908 1.1417633295059204 158720
1769350939491 1.1399321556091309 163840
1769350945392 1.1411067247390747 168960
1769350951300 1.1398931741714478 174080
1769350959240 1.1386444568634033 179200
1769350966889 1.1374431848526 184320
1769350972826 1.1380031108856201 189440
1769350978454 1.1382496356964111 194560
1769350986932 1.138357162475586 199680
1769350994533 1.1402318477630615 204800
1769351000176 1.142492651939392 209920
1769351006416 1.1435896158218384 215040
1769351015011 1.1429392099380493 220160
1769351022060 1.1434051990509033 225280
1769351028243 1.1430763006210327 230400
1769351033696 1.1439865827560425 235520
1769351042855 1.143904209136963 240640
1769351049197 1.1435602903366089 245760
1769351055694 1.1438663005828857 250880
1769351061587 1.143909215927124 256000
1769351071267 1.1444224119186401 261120
1769351076973 1.1451013088226318 266240
1769351083260 1.1448369026184082 271360
1769351089489 1.1457555294036865 276480
1769351098842 1.1447794437408447 281600
1769351104618 1.1436984539031982 286720
1769351110443 1.143911600112915 291840
1769351117234 1.1440908908843994 296960
1769351122003 1.1453415155410767 300032
