1769350727547 0.32566168904304504 5120
1769350733519 0.3209111988544464 10240
1769350738962 0.3169915974140167 15360
1769350748371 0.3157866299152374 20480
1769350754181 0.3190251290798187 25600
1769350759575 0.32234904170036316 30720
1769350765322 0.32153794169425964 35840
1769350774937 0.31947121024131775 40960
1769350781196 0.31772008538246155 46080
1769350787298 0.3152902126312256 51200
1769350792773 0.3149636387825012 56320
1769350802731 0.3143020570278168 61440
1769350808302 0.3147379159927368 66560
1769350814116 0.31567129492759705 71680
1769350819885 0.3173542618751526 76800
1769350829752 0.317491739988327 81920
1769350835112 0.31720635294914246 87040
1769350841240 0.3181573748588562 92160
1769350847280 0.3182477056980133 97280
1769350857123 0.31904610991477966 102400
1769350863159 0.3186187744140625 107520
1769350868992 0.3189675509929657 112640
1769350874863 0.31896620988845825 117760
1769350884501 0.31886225938796997 122880
1769350890482 0.3186908960342407 128000
1769350896766 0.31899595260620117 133120
1769350902728 0.31865155696868896 138240
1769350911885 0.31907179951667786 143360
1769350918054 0.31947895884513855 148480
1769350923994 0.31881579756736755 153600
1769350930908 0.31863072514533997 158720
1769350939491 0.31845444440841675 163840
1769350945392 0.31893640756607056 168960
1769350951300 0.3186854124069214 174080
1769350959240 0.3188270628452301 179200
1769350966889 0.3190467655658722 184320
1769350972826 0.3193396329879761 189440
1769350978454 0.3194630444049835 194560
1769350986932 0.31950220465660095 199680
1769350994533 0.319857656955719 204800
1769351000176 0.3201594948768616 209920
1769351006416 0.320284366607666 215040
1769351015011 0.3202490508556366 220160
1769351022060 0.32018157839775085 225280
1769351028243 0.31995201110839844 230400
1769351033696 0.32011330127716064 235520
1769351042855 0.32039743661880493 240640
1769351049197 0.32040145993232727 245760
1769351055694 0.3204227387905121 250880
1769351061587 0.3202623724937439 256000
1769351071267 0.3205898404121399 261120
1769351076973 0.32084450125694275 266240
1769351083260 0.320772647857666 271360
1769351089489 0.32097092270851135 276480
1769351098842 0.3206764757633209 281600
1769351104618 0.32043904066085815 286720
1769351110443 0.32034265995025635 291840
1769351117234 0.3202868402004242 296960
1769351122003 0.3206733167171478 300032
