1769350727542 424.00970481196924 5120
1769350733515 311.9369329168526 10240
1769350738957 499.9766360710454 15360
1769350748366 237.90720363017584 20480
1769350754176 572.601228668942 25600
1769350759570 489.988785046729 30720
1769350765316 572.6794101583833 35840
1769350774931 533.6264631043257 40960
1769350781191 466.2409959982214 46080
1769350787290 394.83234491198345 51200
1769350792767 545.8490369599167 56320
1769350802726 151.3042098048411 61440
1769350808296 510.6908559600633 66560
1769350814111 165.23416325244247 71680
1769350819876 129.35002775550484 76800
1769350829744 191.24129126390662 81920
1769350835103 409.1205618415919 87040
1769350841231 589.7502812148482 92160
1769350847274 425.9041429731925 97280
1769350857116 326.96476457748673 102400
1769350863153 590.663850161949 107520
1769350868984 453.87988312953144 112640
1769350874853 393.9793349614879 117760
1769350884495 566.4916261480281 122880
1769350890475 108.54262201749391 128000
1769350896756 167.37714992617424 133120
1769350902720 576.6951739309776 138240
1769350911878 622.6698337292162 143360
1769350918048 511.25109702584103 148480
1769350923988 524.9441802252816 153600
1769350930901 511.5628735211611 158720
1769350939484 537.2491353913155 163840
1769350945385 544.2200596859998 168960
1769350951294 512.062507630326 174080
1769350959233 563.2206257553377 179200
1769350966881 434.77806571991295 184320
1769350972819 650.6832143965249 189440
1769350978447 523.2415169660678 194560
1769350986922 370.35796909492274 199680
1769350994525 397.71515266451735 204800
1769351000169 545.4231469440832 209920
1769351006409 522.394320587869 215040
1769351015005 522.8501620543506 220160
1769351022053 515.2707616707617 225280
1769351028236 400.4108830548926 230400
1769351033685 150.02696998962693 235520
1769351042845 411.3675951353472 240640
1769351049187 381.0924950027258 245760
1769351055682 404.4261884099894 250880
1769351061578 564.1296570275723 256000
1769351071259 34.21631234602144 261120
1769351076964 611.6820767099315 266240
1769351083250 517.4958667489204 271360
1769351089481 592.7507066139061 276480
1769351098829 515.9680157460942 281600
1769351104607 406.6218128938439 286720
1769351110436 574.6409097136594 291840
1769351117226 121.60222660327032 296960
1769351121988 390.93149408146144 300032
