1770860558943 17.212570190429688 5120
1770860564658 19.129369735717773 10240
1770860570518 19.800024032592773 15360
1770860578721 20.554704666137695 20480
1770860584431 20.890417098999023 25600
1770860589896 20.892080307006836 30720
1770860595690 20.97525978088379 35840
1770860604148 21.14440155029297 40960
1770860609604 21.436925888061523 46080
1770860615019 21.540103912353516 51200
1770860621321 21.604888916015625 56320
1770860629255 21.65253257751465 61440
1770860634613 21.77091407775879 66560
1770860640917 21.77255630493164 71680
1770860647196 21.759265899658203 76800
1770860654681 21.777896881103516 81920
1770860660524 21.77092170715332 87040
1770860666436 21.757957458496094 92160
1770860673180 21.768796920776367 97280
1770860680100 21.75741958618164 102400
1770860685588 21.747835159301758 107520
1770860692610 21.774368286132812 112640
1770860699450 21.816999435424805 117760
1770860706171 21.850631713867188 122880
1770860711701 21.864994049072266 128000
1770860718546 21.859867095947266 133120
1770860725824 21.844890594482422 138240
1770860731401 21.852746963500977 143360
1770860737224 21.855159759521484 148480
1770860744447 21.857261657714844 153600
1770860751996 21.865318298339844 158720
1770860757442 21.87355613708496 163840
1770860763189 21.84371566772461 168960
1770860770134 21.836292266845703 174080
1770860778028 21.850065231323242 179200
1770860784099 21.859590530395508 184320
1770860789875 21.89065933227539 189440
1770860796386 21.910734176635742 194560
1770860803771 21.89508628845215 199680
1770860810157 21.89853286743164 204800
1770860815811 21.934404373168945 209920
1770860821879 21.962907791137695 215040
1770860829652 21.946434020996094 220160
1770860835074 21.954721450805664 225280
1770860842198 21.961294174194336 230400
1770860847948 21.94033432006836 235520
1770860855402 21.919288635253906 240640
1770860860915 21.902297973632812 245760
1770860868464 21.904998779296875 250880
1770860874314 21.890666961669922 256000
1770860881379 21.91021728515625 261120
1770860887098 21.90308952331543 266240
1770860896490 21.93791389465332 271360
1770860903274 21.93528175354004 276480
1770860909976 21.946836471557617 281600
1770860915753 21.953046798706055 286720
1770860924835 21.95468521118164 291840
1770860930492 21.947593688964844 296960
1770860931755 21.94955062866211 300032
