1770860558943 23.64740562438965 5120
1770860564658 25.87188148498535 10240
1770860570518 26.527559280395508 15360
1770860578721 27.190000534057617 20480
1770860584431 27.384532928466797 25600
1770860589896 27.200790405273438 30720
1770860595690 27.196653366088867 35840
1770860604148 27.277498245239258 40960
1770860609604 27.505130767822266 46080
1770860615019 27.579971313476562 51200
1770860621321 27.595096588134766 56320
1770860629255 27.629615783691406 61440
1770860634613 27.707307815551758 66560
1770860640917 27.692333221435547 71680
1770860647196 27.6368408203125 76800
1770860654681 27.638154983520508 81920
1770860660524 27.607078552246094 87040
1770860666436 27.56551170349121 92160
1770860673180 27.557756423950195 97280
1770860680100 27.507295608520508 102400
1770860685588 27.476268768310547 107520
1770860692610 27.481739044189453 112640
1770860699450 27.5137882232666 117760
1770860706171 27.54340171813965 122880
1770860711701 27.556901931762695 128000
1770860718546 27.527992248535156 133120
1770860725824 27.496932983398438 138240
1770860731401 27.50115966796875 143360
1770860737224 27.484861373901367 148480
1770860744447 27.482606887817383 153600
1770860751996 27.478872299194336 158720
1770860757442 27.49020767211914 163840
1770860763189 27.452308654785156 168960
1770860770134 27.447948455810547 174080
1770860778028 27.458900451660156 179200
1770860784099 27.468530654907227 184320
1770860789875 27.49771499633789 189440
1770860796386 27.515491485595703 194560
1770860803771 27.48919677734375 199680
1770860810157 27.481882095336914 204800
1770860815811 27.529386520385742 209920
1770860821879 27.555749893188477 215040
1770860829652 27.53959846496582 220160
1770860835074 27.554353713989258 225280
1770860842198 27.560901641845703 230400
1770860847948 27.539953231811523 235520
1770860855402 27.517438888549805 240640
1770860860915 27.501495361328125 245760
1770860868464 27.50231170654297 250880
1770860874314 27.483566284179688 256000
1770860881379 27.503948211669922 261120
1770860887098 27.5017147064209 266240
1770860896490 27.539777755737305 271360
1770860903274 27.530683517456055 276480
1770860909976 27.546485900878906 281600
1770860915753 27.54775619506836 286720
1770860924835 27.55027961730957 291840
1770860930492 27.540985107421875 296960
1770860931755 27.540170669555664 300032
