1770860558943 0.0 5120
1770860564658 0.0 10240
1770860570518 0.0 15360
1770860578721 0.0 20480
1770860584431 0.0 25600
1770860589896 0.0 30720
1770860595690 0.0 35840
1770860604148 0.0 40960
1770860609604 0.0 46080
1770860615019 0.0 51200
1770860621321 0.0 56320
1770860629255 0.0 61440
1770860634613 0.0 66560
1770860640917 0.0 71680
1770860647196 0.0 76800
1770860654681 0.0 81920
1770860660524 0.0 87040
1770860666436 0.0 92160
1770860673180 0.0 97280
1770860680100 0.0 102400
1770860685588 0.0 107520
1770860692610 0.0 112640
1770860699450 0.0 117760
1770860706171 0.0 122880
1770860711701 0.0 128000
1770860718546 0.0 133120
1770860725824 0.0 138240
1770860731401 0.0 143360
1770860737224 0.0 148480
1770860744447 0.0 153600
1770860751996 0.0 158720
1770860757442 0.0 163840
1770860763189 0.0 168960
1770860770134 0.0 174080
1770860778028 0.0 179200
1770860784099 0.0 184320
1770860789875 0.0 189440
1770860796386 0.0 194560
1770860803771 0.0 199680
1770860810157 0.0 204800
1770860815811 0.0 209920
1770860821879 0.0 215040
1770860829652 0.0 220160
1770860835074 0.0 225280
1770860842198 0.0 230400
1770860847948 0.0 235520
1770860855402 0.0 240640
1770860860915 0.0 245760
1770860868464 0.0 250880
1770860874314 0.0 256000
1770860881379 0.0 261120
1770860887098 0.0 266240
1770860896490 0.0 271360
1770860903274 0.0 276480
1770860909976 0.0 281600
1770860915753 0.0 286720
1770860924835 0.0 291840
1770860930492 0.0 296960
1770860931755 0.0 300032
