1770860558943 1.131394863128662 5120
1770860564658 1.163717269897461 10240
1770860570518 1.1661443710327148 15360
1770860578721 1.1791470050811768 20480
1770860584431 1.1775349378585815 25600
1770860589896 1.1623255014419556 30720
1770860595690 1.1591531038284302 35840
1770860604148 1.1589967012405396 40960
1770860609604 1.1648824214935303 46080
1770860615019 1.1655244827270508 51200
1770860621321 1.163703203201294 56320
1770860629255 1.1644349098205566 61440
1770860634613 1.1659677028656006 66560
1770860640917 1.164279580116272 71680
1770860647196 1.1611055135726929 76800
1770860654681 1.1612645387649536 81920
1770860660524 1.1588525772094727 87040
1770860666436 1.1577142477035522 92160
1770860673180 1.1583569049835205 97280
1770860680100 1.1560554504394531 102400
1770860685588 1.1547588109970093 107520
1770860692610 1.1547105312347412 112640
1770860699450 1.1554818153381348 117760
1770860706171 1.1562254428863525 122880
1770860711701 1.1565920114517212 128000
1770860718546 1.1552196741104126 133120
1770860725824 1.1538352966308594 138240
1770860731401 1.1537619829177856 143360
1770860737224 1.1530914306640625 148480
1770860744447 1.153076410293579 153600
1770860751996 1.1527053117752075 158720
1770860757442 1.1530988216400146 163840
1770860763189 1.1518043279647827 168960
1770860770134 1.151774525642395 174080
1770860778028 1.1517974138259888 179200
1770860784099 1.1520497798919678 184320
1770860789875 1.1531721353530884 189440
1770860796386 1.1542342901229858 194560
1770860803771 1.1531212329864502 199680
1770860810157 1.152570128440857 204800
1770860815811 1.1544448137283325 209920
1770860821879 1.155154824256897 215040
1770860829652 1.1541945934295654 220160
1770860835074 1.154731035232544 225280
1770860842198 1.1552566289901733 230400
1770860847948 1.1545058488845825 235520
1770860855402 1.1536507606506348 240640
1770860860915 1.1533241271972656 245760
1770860868464 1.1531604528427124 250880
1770860874314 1.1524711847305298 256000
1770860881379 1.1531730890274048 261120
1770860887098 1.15323805809021 266240
1770860896490 1.1547331809997559 271360
1770860903274 1.1544747352600098 276480
1770860909976 1.1551988124847412 281600
1770860915753 1.1549465656280518 286720
1770860924835 1.155297040939331 291840
1770860930492 1.1551086902618408 296960
1770860931755 1.1550010442733765 300032
