1770860558939 -0.31624308228492737 5120
1770860564653 -0.7275977730751038 10240
1770860570511 -1.01798415184021 15360
1770860578717 -1.2125922441482544 20480
1770860584427 -1.3380495309829712 25600
1770860589892 -1.4023951292037964 30720
1770860595685 -1.4114477634429932 35840
1770860604144 -1.3676550388336182 40960
1770860609599 -1.3011925220489502 46080
1770860615014 -1.263343334197998 51200
1770860621316 -1.2498490810394287 56320
1770860629247 -1.2760976552963257 61440
1770860634607 -1.3196728229522705 66560
1770860640912 -1.3761929273605347 71680
1770860647190 -1.4260051250457764 76800
1770860654676 -1.4626290798187256 81920
1770860660516 -1.538383960723877 87040
1770860666431 -1.5589547157287598 92160
1770860673174 -1.6197795867919922 97280
1770860680095 -1.6494678258895874 102400
1770860685582 -1.6465537548065186 107520
1770860692604 -1.6692702770233154 112640
1770860699441 -1.663761854171753 117760
1770860706165 -1.6811615228652954 122880
1770860711695 -1.6637799739837646 128000
1770860718540 -1.6447633504867554 133120
1770860725817 -1.6556596755981445 138240
1770860731391 -1.6429290771484375 143360
1770860737218 -1.6255598068237305 148480
1770860744440 -1.5931406021118164 153600
1770860751990 -1.5963081121444702 158720
1770860757436 -1.5850975513458252 163840
1770860763184 -1.5731875896453857 168960
1770860770128 -1.5492197275161743 174080
1770860778022 -1.5254361629486084 179200
1770860784093 -1.5052694082260132 184320
1770860789870 -1.482757568359375 189440
1770860796376 -1.4819008111953735 194560
1770860803761 -1.4489336013793945 199680
1770860810150 -1.4194812774658203 204800
1770860815804 -1.4275115728378296 209920
1770860821873 -1.3698616027832031 215040
1770860829640 -1.3648192882537842 220160
1770860835068 -1.3386774063110352 225280
1770860842192 -1.3164386749267578 230400
1770860847941 -1.2888809442520142 235520
1770860855396 -1.2736561298370361 240640
1770860860909 -1.2335588932037354 245760
1770860868457 -1.2077205181121826 250880
1770860874305 -1.182826280593872 256000
1770860881371 -1.1572935581207275 261120
1770860887091 -1.1539182662963867 266240
1770860896480 -1.11825692653656 271360
1770860903262 -1.1189738512039185 276480
1770860909969 -1.0885260105133057 281600
1770860915744 -1.0367872714996338 286720
1770860924829 -1.0526163578033447 291840
1770860930485 -1.004297137260437 296960
1770860931749 -0.933182954788208 300032
