1770860558939 24.29535675048828 5120
1770860564653 23.010169982910156 10240
1770860570511 25.61941146850586 15360
1770860578717 25.636653900146484 20480
1770860584427 25.920345306396484 25600
1770860589892 26.345745086669922 30720
1770860595685 26.08675193786621 35840
1770860604144 23.37514877319336 40960
1770860609599 23.324668884277344 46080
1770860615014 22.390710830688477 51200
1770860621316 21.527494430541992 56320
1770860629247 22.093347549438477 61440
1770860634607 20.626556396484375 66560
1770860640912 20.137805938720703 71680
1770860647190 20.33437728881836 76800
1770860654676 20.36284637451172 81920
1770860660516 19.80500030517578 87040
1770860666431 20.113727569580078 92160
1770860673174 21.650564193725586 97280
1770860680095 20.62014389038086 102400
1770860685582 20.564617156982422 107520
1770860692604 20.751867294311523 112640
1770860699441 19.9139461517334 117760
1770860706165 20.61249351501465 122880
1770860711695 20.510021209716797 128000
1770860718540 18.805286407470703 133120
1770860725817 20.889223098754883 138240
1770860731391 20.615299224853516 143360
1770860737218 18.949848175048828 148480
1770860744440 20.01047134399414 153600
1770860751990 18.947872161865234 158720
1770860757436 20.34308624267578 163840
1770860763184 21.041507720947266 168960
1770860770128 19.807315826416016 174080
1770860778022 19.16143035888672 179200
1770860784093 20.385705947875977 184320
1770860789870 19.679515838623047 189440
1770860796376 20.3282470703125 194560
1770860803761 20.171693801879883 199680
1770860810150 20.496212005615234 204800
1770860815804 19.61288070678711 209920
1770860821873 19.304306030273438 215040
1770860829640 18.99289321899414 220160
1770860835068 20.547100067138672 225280
1770860842192 19.792381286621094 230400
1770860847941 18.83852195739746 235520
1770860855396 19.223421096801758 240640
1770860860909 18.868030548095703 245760
1770860868457 19.701396942138672 250880
1770860874305 17.99708366394043 256000
1770860881371 19.165325164794922 261120
1770860887091 18.79494285583496 266240
1770860896480 18.607030868530273 271360
1770860903262 19.895456314086914 276480
1770860909969 19.46067237854004 281600
1770860915744 18.43457794189453 286720
1770860924829 19.54938316345215 291840
1770860930485 20.515859603881836 296960
1770860931749 18.535778045654297 300032
