1770860558943 1.0669971704483032 5120
1770860564658 1.19582998752594 10240
1770860570518 1.2236461639404297 15360
1770860578721 1.2353209257125854 20480
1770860584431 1.2385821342468262 25600
1770860589896 1.2149653434753418 30720
1770860595690 1.1980680227279663 35840
1770860604148 1.1912380456924438 40960
1770860609604 1.1859328746795654 46080
1770860615019 1.1817662715911865 51200
1770860621321 1.1743342876434326 56320
1770860629255 1.173868179321289 61440
1770860634613 1.1684037446975708 66560
1770860640917 1.1670407056808472 71680
1770860647196 1.1594297885894775 76800
1770860654681 1.1564745903015137 81920
1770860660524 1.1536694765090942 87040
1770860666436 1.1503249406814575 92160
1770860673180 1.1483101844787598 97280
1770860680100 1.143887996673584 102400
1770860685588 1.1407002210617065 107520
1770860692610 1.1389628648757935 112640
1770860699450 1.140356183052063 117760
1770860706171 1.1406395435333252 122880
1770860711701 1.1400283575057983 128000
1770860718546 1.1343896389007568 133120
1770860725824 1.1327422857284546 138240
1770860731401 1.1340278387069702 143360
1770860737224 1.1312910318374634 148480
1770860744447 1.13070547580719 153600
1770860751996 1.1286758184432983 158720
1770860757442 1.130013346672058 163840
1770860763189 1.1293516159057617 168960
1770860770134 1.1290322542190552 174080
1770860778028 1.1301612854003906 179200
1770860784099 1.1295735836029053 184320
1770860789875 1.1300667524337769 189440
1770860796386 1.1301542520523071 194560
1770860803771 1.1277275085449219 199680
1770860810157 1.1252104043960571 204800
1770860815811 1.1281871795654297 209920
1770860821879 1.129282832145691 215040
1770860829652 1.1283206939697266 220160
1770860835074 1.1282503604888916 225280
1770860842198 1.128372073173523 230400
1770860847948 1.128057599067688 235520
1770860855402 1.1274672746658325 240640
1770860860915 1.1288559436798096 245760
1770860868464 1.1284517049789429 250880
1770860874314 1.1281685829162598 256000
1770860881379 1.1284180879592896 261120
1770860887098 1.1287246942520142 266240
1770860896490 1.1292486190795898 271360
1770860903274 1.1287741661071777 276480
1770860909976 1.1298514604568481 281600
1770860915753 1.128844976425171 286720
1770860924835 1.1293401718139648 291840
1770860930492 1.1281300783157349 296960
1770860931755 1.1276365518569946 300032
