1770860558943 0.30548399686813354 5120
1770860564658 0.32608920335769653 10240
1770860570518 0.32481127977371216 15360
1770860578721 0.3219493329524994 20480
1770860584431 0.3173774480819702 25600
1770860589896 0.3068469166755676 30720
1770860595690 0.30219900608062744 35840
1770860604148 0.29804983735084534 40960
1770860609604 0.29512694478034973 46080
1770860615019 0.2934125065803528 51200
1770860621321 0.29024073481559753 56320
1770860629255 0.2899291217327118 61440
1770860634613 0.287893682718277 66560
1770860640917 0.28688839077949524 71680
1770860647196 0.2846057415008545 76800
1770860654681 0.28385815024375916 81920
1770860660524 0.28267648816108704 87040
1770860666436 0.2815819978713989 92160
1770860673180 0.2811999022960663 97280
1770860680100 0.27948886156082153 102400
1770860685588 0.27842336893081665 107520
1770860692610 0.2775706350803375 112640
1770860699450 0.27742379903793335 117760
1770860706171 0.2774500548839569 122880
1770860711701 0.2772901952266693 128000
1770860718546 0.2760465145111084 133120
1770860725824 0.2754831314086914 138240
1770860731401 0.2753632366657257 143360
1770860737224 0.27453234791755676 148480
1770860744447 0.2743712067604065 153600
1770860751996 0.27348244190216064 158720
1770860757442 0.2737269103527069 163840
1770860763189 0.2735743522644043 168960
1770860770134 0.2736045718193054 174080
1770860778028 0.2736494243144989 179200
1770860784099 0.273355096578598 184320
1770860789875 0.27351173758506775 189440
1770860796386 0.2734021842479706 194560
1770860803771 0.27273720502853394 199680
1770860810157 0.27201855182647705 204800
1770860815811 0.2726013958454132 209920
1770860821879 0.27257952094078064 215040
1770860829652 0.2723221182823181 220160
1770860835074 0.27248138189315796 225280
1770860842198 0.27244409918785095 230400
1770860847948 0.27249032258987427 235520
1770860855402 0.272104412317276 240640
1770860860915 0.2723601460456848 245760
1770860868464 0.27215248346328735 250880
1770860874314 0.2719613015651703 256000
1770860881379 0.27192509174346924 261120
1770860887098 0.2720482051372528 266240
1770860896490 0.2720104157924652 271360
1770860903274 0.2718410789966583 276480
1770860909976 0.27205169200897217 281600
1770860915753 0.2718248665332794 286720
1770860924835 0.27207058668136597 291840
1770860930492 0.27199849486351013 296960
1770860931755 0.2718677520751953 300032
