1770860558939 184.67347657625925 5120
1770860564653 171.16813581456088 10240
1770860570511 168.20950471225186 15360
1770860578717 200.73242402488634 20480
1770860584427 190.24375198439697 25600
1770860589892 217.28767549085634 30720
1770860595685 149.9840514929376 35840
1770860604144 198.60334296131447 40960
1770860609599 183.39763882815916 46080
1770860615014 184.13029544756134 51200
1770860621316 188.2711194900799 56320
1770860629247 127.91412015858494 61440
1770860634607 126.55173038047249 66560
1770860640912 189.41040462427745 71680
1770860647190 192.4698972099853 76800
1770860654676 177.15424902855213 81920
1770860660516 142.62944196959907 87040
1770860666431 143.18940325003413 92160
1770860673174 168.00737031844582 97280
1770860680095 213.21187474583164 102400
1770860685582 177.34150775865714 107520
1770860692604 186.91194295900178 112640
1770860699441 124.60796197266785 117760
1770860706165 202.3691981086558 122880
1770860711695 194.3066802557213 128000
1770860718540 213.19020026430823 133120
1770860725817 184.56783278327833 138240
1770860731391 123.4671926054576 143360
1770860737218 121.49303362975408 148480
1770860744440 141.26516452797145 153600
1770860751990 156.52724287207045 158720
1770860757436 187.05365026981224 163840
1770860763184 153.19979545620572 168960
1770860770128 183.74311122793185 174080
1770860778022 177.70215650552896 179200
1770860784093 196.29821687649178 184320
1770860789870 204.6700824671839 189440
1770860796376 159.7830095238095 194560
1770860803761 133.2879115291725 199680
1770860810150 169.15926598104457 204800
1770860815804 158.37124301465036 209920
1770860821873 200.51171240080313 215040
1770860829640 145.76715090011817 220160
1770860835068 138.87963974702825 225280
1770860842192 188.36412628553464 230400
1770860847941 170.76394430420976 235520
1770860855396 196.19721208719244 240640
1770860860909 146.81311911512478 245760
1770860868457 205.6737115676948 250880
1770860874305 147.36504813435457 256000
1770860881371 151.94001086759644 261120
1770860887091 117.37243598712746 266240
1770860896480 148.015103927727 271360
1770860903262 146.09718206834094 276480
1770860909969 210.52572403754453 281600
1770860915744 175.16408435999165 286720
1770860924829 139.8474259802614 291840
1770860930485 179.6352734592488 296960
1770860931749 172.9324647480828 300032
