1758928019551 444.34897648083626 5120
1758928032771 455.94120046788356 10240
1758928041638 460.1725605666035 15360
1758928050451 462.577559228609 20480
1758928064940 464.0455467542504 25600
1758928073878 461.17708291085336 30720
1758928085452 454.89613732308015 35840
1758928096239 449.3398842192896 40960
1758928106421 445.7249440735132 46080
1758928117597 442.4449981324701 51200
1758928130001 440.0255657327586 56320
1758928142091 437.8710846293362 61440
1758928155986 436.2833283948119 66560
1758928169782 434.57150576530245 71680
1758928180651 433.1337236793653 76800
1758928194649 431.931490913232 81920
1758928208567 431.08120562130176 87040
1758928221015 430.4070184068161 92160
1758928234874 429.59553539479964 97280
1758928246023 428.9607014252619 102400
1758928257860 428.1920145389305 107520
1758928273774 427.6731911896346 112640
1758928284054 427.12474684257387 117760
1758928295523 426.65563594434843 122880
1758928307854 426.2634931969519 128000
1758928321047 425.76014164719624 133120
1758928332751 425.3955790110261 138240
1758928343154 425.16067595354303 143360
1758928356007 424.706729425737 148480
1758928369121 424.46129537072983 153600
1758928380301 424.09208566887827 158720
1758928394134 423.7330503190714 163840
1758928405422 423.5744532017908 168960
1758928416943 423.2986916275343 174080
1758928426747 422.97048407448443 179200
1758928443489 422.854685387562 184320
1758928454742 422.67266841686774 189440
1758928464399 422.7136435918144 194560
1758928475854 422.5136310197471 199680
1758928491327 422.25321859137057 204800
1758928501327 422.0763189593242 209920
1758928511474 421.94753530176587 215040
1758928527419 421.9512678425895 220160
1758928537522 421.739136677981 225280
1758928549319 421.5585725798257 230400
1758928560224 421.3835195260716 235520
1758928574174 421.26910777437706 240640
1758928586566 421.09650247664985 245760
1758928597170 421.02463174273856 250880
1758928608386 420.92962681730376 256000
1758928619995 420.84270413909263 261120
1758928634952 420.7034582889152 266240
1758928646962 420.6408903743187 271360
1758928657741 420.57781549643016 276480
1758928668747 420.4948927385489 281600
1758928681862 420.38358693677327 286720
1758928694481 420.3229503203984 291840
1758928706028 420.2648019031938 296960
1758928719021 420.13917824074076 302080
1758928729160 420.0697600287444 307200
1758928740799 420.0351894885795 312320
1758928757009 419.9389298978168 317440
1758928769567 419.8351892207394 322560
1758928779890 419.726390728411 327680
1758928795426 419.74647930925795 332800
1758928810132 419.61498896877316 337920
1758928822931 419.50316585588325 343040
1758928835192 419.45691911445226 348160
1758928847405 419.3184605737844 353280
1758928860366 419.21959243305133 358400
1758928874947 419.1867409124842 363520
1758928886055 419.08583607199995 368640
1758928900201 418.98061779020725 373760
1758928914482 418.835561302715 378880
1758928923942 418.7217690454657 384000
1758928938151 418.6886701343216 389120
1758928951592 418.6284945101351 394240
1758928961052 418.56108121762674 399360
1758928976001 418.56196616466707 404480
1758928988450 418.5381850234977 409600
1758928999474 418.5245991818737 414720
1758929013697 418.472477712449 419840
1758929025946 418.39310651823905 424960
1758929038505 418.3983625403833 430080
1758929050423 418.3556763217056 435200
1758929065977 418.2811546894285 440320
1758929077851 418.25773569480293 445440
1758929090281 418.2244856734584 450560
1758929105543 418.2597675959532 455680
1758929116557 418.2111813084006 460800
1758929131089 418.1915145767893 465920
1758929145310 418.1619821254216 471040
1758929155940 418.18834916614543 476160
1758929170484 418.15301992633647 481280
1758929182950 418.12684083688714 486400
1758929194947 418.12921878654424 491520
1758929206363 418.0514729766338 496640
1758929223527 418.0287966140084 501760
1758929234304 417.9636319265464 506880
1758929245886 417.9335553940156 512000
1758929262700 417.85723813043256 517120
1758929273514 417.8188255851633 522240
1758929289476 417.7994867045004 527360
1758929301304 417.75899084936276 532480
1758929312821 417.7535763605244 537600
1758929325671 417.7455588627365 542720
1758929341415 417.69053867502197 547840
1758929352244 417.7039355513079 552960
1758929363705 417.62843588648843 558080
1758929381751 417.6207532118249 563200
1758929392409 417.58843272828307 568320
1758929403395 417.53946556764697 573440
1758929422912 417.4936986692724 578560
1758929433144 417.46234424588056 583680
1758929444344 417.4677160212347 588800
1758929462103 417.44814960439135 593920
1758929472478 417.3722571206886 599040
1758929485116 417.35803610100487 604160
1758929500810 417.307573033159 609280
1758929512677 417.2695466231728 614400
1758929524214 417.2213684005719 619520
1758929536336 417.21041999191465 624640
1758929549426 417.1816983409994 629760
1758929559619 417.1769109659409 634880
1758929571439 417.15852732560757 640000
1758929586231 417.1494933220428 645120
1758929596581 417.12496163807674 650240
1758929608643 417.1117989364378 655360
1758929623302 417.1074060870435 660480
1758929633285 417.0752604699149 665600
1758929645043 417.0788109562783 670720
1758929660194 417.03466592649175 675840
1758929669841 417.0491055814141 680960
1758929682476 417.0218133229958 686080
1758929696858 417.0109815732432 691200
1758929706825 417.0020899535652 696320
1758929720606 417.0057893040756 701440
1758929733895 417.012677949331 706560
1758929743483 417.00457230878004 711680
1758929757668 416.98888265915264 716800
1758929768752 416.9828150828693 721920
1758929780715 416.97764243875264 727040
1758929792469 416.95020201390673 732160
1758929805051 416.94017692982084 737280
1758929816525 416.9030216728185 742400
1758929827517 416.89354609812676 747520
1758929842668 416.88459630779823 752640
1758929853168 416.91400766937915 757760
1758929864349 416.8788110972066 762880
1758929880142 416.84876050740564 768000
1758929890540 416.8364470890782 773120
1758929902037 416.8204933011087 778240
1758929918274 416.78047339781085 783360
1758929929093 416.73202836547404 788480
1758929940287 416.69824927468466 793600
1758929956472 416.68342781427 798720
1758929968028 416.66419542934756 803840
1758929978182 416.60157772204565 808960
1758929992218 416.5775553259772 814080
1758930003676 416.56145031518514 819200
1758930014766 416.5708894242986 824320
1758930026678 416.5664059046896 829440
1758930040694 416.56661891173667 834560
1758930051707 416.5582584677646 839680
1758930063395 416.55675651748743 844800
1758930077770 416.5453079936773 849920
1758930088493 416.5217979641636 855040
1758930099723 416.53717777218844 860160
1758930114793 416.52858726669166 865280
1758930125172 416.52451395637274 870400
1758930136461 416.5204644429556 875520
1758930152716 416.5128414054509 880640
1758930162240 416.483660795851 885760
1758930172817 416.4947624433475 890880
1758930188325 416.49038861954693 896000
1758930199374 416.4803570624317 901120
1758930209789 416.4918011368233 906240
1758930222635 416.44947671837645 911360
1758930236636 416.4298766474623 916480
1758930246200 416.42822490915574 921600
1758930257812 416.4584692423095 926720
1758930273145 416.42320797729906 931840
1758930282749 416.41166697758064 936960
1758930293704 416.42114396775503 942080
1758930308965 416.40769967235843 947200
1758930318802 416.37345302772616 952320
1758930333096 416.37593868109644 957440
1758930344806 416.3624455566619 962560
1758930354423 416.3903819957486 967680
1758930371422 416.38077777923587 972800
1758930381898 416.3948798250723 977920
1758930391552 416.38578637142234 983040
1758930407388 416.35743719784995 988160
1758930418362 416.33535210636234 993280
1758930428592 416.3464657570228 998400
1758930442424 416.33469435015087 1003520
1758930454234 416.3482796041697 1008640
1758930465514 416.3601063671738 1013760
1758930477708 416.35609269115184 1018880
1758930490486 416.3440086099941 1024000
1758930501232 416.3035262931627 1029120
1758930513935 416.29673793095805 1034240
1758930530757 416.30854238825196 1039360
1758930540747 416.298697023057 1044480
1758930551876 416.25198951863354 1049600
1758930569424 416.2458624634786 1054720
1758930581567 416.21316157898053 1059840
1758930594336 416.20846492849796 1064960
1758930607857 416.21575035849514 1070080
1758930622013 416.2173411023662 1075200
1758930634966 416.2126114555233 1080320
1758930653745 416.1866027630416 1085440
1758930664927 416.16511317737275 1090560
1758930677633 416.1775704277789 1095680
1758930694743 416.1502633855863 1100800
1758930707055 416.148399206336 1105920
1758930719625 416.15325235511864 1111040
1758930731795 416.1440822789455 1116160
1758930746373 416.1612337581122 1121280
1758930759582 416.1509461049207 1126400
1758930772598 416.1522043108841 1131520
1758930783060 416.13898142008765 1136640
1758930797564 416.1311646572803 1141760
1758930812518 416.15419071292916 1146880
1758930822987 416.17655339255003 1152000
1758930837411 416.140697623718 1157120
1758930849447 416.1401563543001 1162240
1758930863084 416.1324561743282 1167360
1758930874732 416.13329925294215 1172480
1758930888676 416.1507898266801 1177600
1758930903111 416.16332364539744 1182720
1758930918373 416.15656214137533 1187840
1758930928478 416.1284107404225 1192960
1758930941429 416.10145240507495 1198080
1758930955376 416.08820593730934 1203200
1758930966831 416.08669295560867 1208320
1758930978478 416.08729202135476 1213440
1758930990496 416.0840908424666 1218560
1758931005711 416.0745041616677 1223680
1758931017612 416.0688429726169 1228800
1758931029676 416.0808107501976 1233920
1758931045886 416.08185140301805 1239040
1758931058426 416.0842633223102 1244160
1758931070533 416.10279825622996 1249280
1758931086300 416.094502955008 1254400
1758931100569 416.09255961021 1259520
1758931111942 416.0750994682075 1264640
1758931124876 416.0723334245929 1269760
1758931137018 416.0719582023411 1274880
1758931151040 416.0686472561537 1280000
1758931161615 416.0560551942423 1285120
1758931176982 416.05695943711805 1290240
1758931192307 416.0414147807527 1295360
1758931203293 416.01987797181124 1300480
1758931217410 416.00622729960406 1305600
1758931232820 416.0034248514524 1310720
1758931243936 416.0018320917044 1315840
1758931258460 416.01470270475437 1320960
1758931272222 416.01259732881397 1326080
1758931284306 416.017521011403 1331200
1758931296652 415.99728285791497 1336320
1758931309183 415.97287889281387 1341440
1758931324728 415.9668290625146 1346560
1758931336681 415.96949589347923 1351680
1758931349138 415.97004888262757 1356800
1758931365637 415.95505673482 1361920
1758931378108 415.96207580140253 1367040
1758931390498 415.9605250538422 1372160
1758931406172 415.962530218789 1377280
1758931418759 415.9518186092543 1382400
1758931429786 415.9681272169906 1387520
1758931442119 415.96554172542704 1392640
1758931455726 415.9645804217941 1397760
1758931467964 415.96017284264127 1402880
1758931478866 415.94015382452403 1408000
1758931495761 415.9360015101739 1413120
1758931506972 415.94256966631167 1418240
1758931519054 415.934113241929 1423360
1758931534626 415.9289010640778 1428480
1758931545981 415.91447536754214 1433600
1758931557825 415.9027283830852 1438720
1758931569849 415.9205424403231 1443840
1758931587527 415.90850644866043 1448960
1758931598692 415.89888805209114 1454080
1758931610968 415.8968115338271 1459200
1758931623867 415.9125425602167 1464320
1758931636237 415.8889709464813 1469440
1758931647933 415.88581949661375 1474560
1758931660540 415.8894951499607 1479680
1758931675785 415.8904350273755 1484800
1758931687599 415.9054043260836 1489920
1758931698899 415.91048806581364 1495040
1758931711901 415.8970889423077 1500160
1758931725180 415.8814013017131 1505280
1758931736836 415.8802179924637 1510400
1758931750097 415.8779325672582 1515520
1758931762018 415.8585312284408 1520640
1758931775552 415.85724326090354 1525760
1758931788503 415.8623227298542 1530880
1758931799670 415.84970555454055 1536000
1758931811584 415.85381676644977 1541120
1758931824474 415.8621996554163 1546240
1758931838348 415.86331828533076 1551360
1758931848315 415.86211894263755 1556480
1758931861844 415.85203597371515 1561600
1758931876750 415.829019715817 1566720
1758931888308 415.83095241149255 1571840
1758931900416 415.8330535878521 1576960
1758931914423 415.8297271277222 1582080
1758931926573 415.824813673321 1587200
1758931939071 415.826277219077 1592320
1758931951485 415.810956480662 1597440
1758931964185 415.7884588649421 1602560
1758931978616 415.7933715807566 1607680
1758931989287 415.78890454440483 1612800
1758932003366 415.77843061224985 1617920
1758932020558 415.76512842396573 1623040
1758932030997 415.76504805361077 1628160
1758932044418 415.76065657958543 1633280
1758932070599 415.75244301319935 1638400
1758932092762 415.7432349977341 1643520
