1758928019551 -0.18812672020250912 5120
1758928032771 -0.39898295940180584 10240
1758928041638 -0.4768719408247206 15360
1758928050451 -0.5264696737548361 20480
1758928064940 -0.5502837076437713 25600
1758928073878 -0.48444779734577476 30720
1758928085452 -0.3545049268568578 35840
1758928096239 -0.24641503850168117 40960
1758928106421 -0.16604854598444463 46080
1758928117597 -0.0990484453292482 51200
1758928130001 -0.04843225799325157 56320
1758928142091 -0.00016195882233561795 61440
1758928155986 0.03285053818085441 66560
1758928169782 0.06762271169402184 71680
1758928180651 0.0967021775743702 76800
1758928194649 0.12060460932861773 81920
1758928208567 0.14098981874228936 87040
1758928221015 0.15264201900138336 92160
1758928234874 0.17062895569991418 97280
1758928246023 0.18404200704322526 102400
1758928257860 0.20083917940633456 107520
1758928273774 0.211273940529755 112640
1758928284054 0.22237733577784627 117760
1758928295523 0.23275088833862273 122880
1758928307854 0.23975232602555518 128000
1758928321047 0.2497383736004339 133120
1758928332751 0.2588204615401535 138240
1758928343154 0.2645176347924244 143360
1758928356007 0.27182691214186894 148480
1758928369121 0.27767566713229597 153600
1758928380301 0.28573196615981405 158720
1758928394134 0.29267533649394323 163840
1758928405422 0.295521163899419 168960
1758928416943 0.30077591957474437 174080
1758928426747 0.30872617462891 179200
1758928443489 0.31034917418298125 184320
1758928454742 0.31347771006264324 189440
1758928464399 0.314274709864286 194560
1758928475854 0.3180310180301609 199680
1758928491327 0.32215013414470073 204800
1758928501327 0.3264943710216397 209920
1758928511474 0.32913876952442156 215040
1758928527419 0.3293692493758625 220160
1758928537522 0.33383673874858655 225280
1758928549319 0.337257170987295 230400
1758928560224 0.33997232010024236 235520
1758928574174 0.3431076187125373 240640
1758928586566 0.34607197895206787 245760
1758928597170 0.34755017178681874 250880
1758928608386 0.3486719264592422 256000
1758928619995 0.3509910622294716 261120
1758928634952 0.35334747766219116 266240
1758928646962 0.35401175534943896 271360
1758928657741 0.35578089887344366 276480
1758928668747 0.3573688160955015 281600
1758928681862 0.3596830973185079 286720
1758928694481 0.3599047734450395 291840
1758928706028 0.36148849958889745 296960
1758928719021 0.3636096932985214 302080
1758928729160 0.3647117674342652 307200
1758928740799 0.36551621334316003 312320
1758928757009 0.36694296509203594 317440
1758928769567 0.3688603105383561 322560
1758928779890 0.3704359832953387 327680
1758928795426 0.3706917825714267 332800
1758928810132 0.3721801714598765 337920
1758928822931 0.37406986803586595 343040
1758928835192 0.3750416956387391 348160
1758928847405 0.3772235446529553 353280
1758928860366 0.37853698996967616 358400
1758928874947 0.37902966590429865 363520
1758928886055 0.3811677471064862 368640
1758928900201 0.38226931241362944 373760
1758928914482 0.3844361434237828 378880
1758928923942 0.3859981807462929 384000
1758928938151 0.3859738427727637 389120
1758928951592 0.3867331579809285 394240
1758928961052 0.38834107926319367 399360
1758928976001 0.38808910517742323 404480
1758928988450 0.38849373801608467 409600
1758928999474 0.3893017221605692 414720
1758929013697 0.390832438133657 419840
1758929025946 0.39212158633968625 424960
1758929038505 0.3919591630971529 430080
1758929050423 0.3927298991954825 435200
1758929065977 0.3932504170608466 440320
1758929077851 0.3940512835671789 445440
1758929090281 0.39468642575327517 450560
1758929105543 0.3940624796760765 455680
1758929116557 0.39532207008131853 460800
1758929131089 0.39574220017892564 465920
1758929145310 0.3960186623297427 471040
1758929155940 0.39591631442164527 476160
1758929170484 0.3966439027121951 481280
1758929182950 0.39770372798618736 486400
1758929194947 0.39775752371864914 491520
1758929206363 0.3991736109919035 496640
1758929223527 0.3998190046384631 501760
1758929234304 0.40069827305410327 506880
1758929245886 0.4010435862884425 512000
1758929262700 0.4023948000059095 517120
1758929273514 0.4027847447759773 522240
1758929289476 0.4032829266469881 527360
1758929301304 0.4039956379665292 532480
1758929312821 0.4037525287358769 537600
1758929325671 0.40452505227876423 542720
1758929341415 0.4054354717175187 547840
1758929352244 0.40529329207412845 552960
1758929363705 0.40624566597668477 558080
1758929381751 0.406630788278229 563200
1758929392409 0.4073944180231717 568320
1758929403395 0.40806557931916376 573440
1758929422912 0.408887563672088 578560
1758929433144 0.40921571953160035 583680
1758929444344 0.4087335003629172 588800
1758929462103 0.40902908143545463 593920
1758929472478 0.41064580825493596 599040
1758929485116 0.41067081069004513 604160
1758929500810 0.4118270453272722 609280
1758929512677 0.4126588505320479 614400
1758929524214 0.4136897387632033 619520
1758929536336 0.41357725316137867 624640
1758929549426 0.4145054366063634 629760
1758929559619 0.4146163342637908 634880
1758929571439 0.4149395774272797 640000
1758929586231 0.41514662331078667 645120
1758929596581 0.41583022674167863 650240
1758929608643 0.4156538381155817 655360
1758929623302 0.4157938465012176 660480
1758929633285 0.41624378987394245 665600
1758929645043 0.4157301901840691 670720
1758929660194 0.4165656424094654 675840
1758929669841 0.41640233335573584 680960
1758929682476 0.41660281197734955 686080
1758929696858 0.4168026063075016 691200
1758929706825 0.4170601493507474 696320
1758929720606 0.41675391350984003 701440
1758929733895 0.41701266133339443 706560
1758929743483 0.4171750748328306 711680
1758929757668 0.41802006396877944 716800
1758929768752 0.4180950815796154 721920
1758929780715 0.4181517913052751 727040
1758929792469 0.41889966908181286 732160
1758929805051 0.4188462414157808 737280
1758929816525 0.41946425701716084 742400
1758929827517 0.41952754094487144 747520
1758929842668 0.419371045291782 752640
1758929853168 0.4190682126529008 757760
1758929864349 0.41980594982265634 762880
1758929880142 0.4200530745541232 768000
1758929890540 0.4201816723865113 773120
1758929902037 0.4204102465239059 778240
1758929918274 0.4211025445505897 783360
1758929929093 0.42167939150112066 788480
1758929940287 0.4224402478643939 793600
1758929956472 0.42302531474399846 798720
1758929968028 0.42294295872287174 803840
1758929978182 0.4239493806266898 808960
1758929992218 0.4247687900037541 814080
1758930003676 0.42489530269587 819200
1758930014766 0.4245154999316187 824320
1758930026678 0.4247852234348658 829440
1758930040694 0.4246177599464254 834560
1758930051707 0.42488821221556616 839680
1758930063395 0.4251873881750238 844800
1758930077770 0.4251698658319884 849920
1758930088493 0.4258196435899043 855040
1758930099723 0.4258259435260075 860160
1758930114793 0.4259873125754449 865280
1758930125172 0.4261833202756265 870400
1758930136461 0.42636330095711655 875520
1758930152716 0.4263938025830007 880640
1758930162240 0.4270972782281937 885760
1758930172817 0.42729468358704126 890880
1758930188325 0.4277496511880337 896000
1758930199374 0.4278016925681105 901120
1758930209789 0.4275515934784024 906240
1758930222635 0.4285987212530564 911360
1758930236636 0.4289225516070017 916480
1758930246200 0.42908643722740103 921600
1758930257812 0.4284796149573921 926720
1758930273145 0.4289237868280466 931840
1758930282749 0.4292748805025463 936960
1758930293704 0.4289243902649289 942080
1758930308965 0.4291598639327619 947200
1758930318802 0.4298749842846817 952320
1758930333096 0.429602665046973 957440
1758930344806 0.42973998523136236 962560
1758930354423 0.42932629936511685 967680
1758930371422 0.42957343205100107 972800
1758930381898 0.42925908189353107 977920
1758930391552 0.4292550051890378 983040
1758930407388 0.4299169742551996 988160
1758930418362 0.4299558194571231 993280
1758930428592 0.4298864448902149 998400
1758930442424 0.4304089674327026 1003520
1758930454234 0.43020711664006017 1008640
1758930465514 0.4299713209767017 1013760
1758930477708 0.43016910997963115 1018880
1758930490486 0.4304415556067295 1024000
1758930501232 0.43084158372172054 1029120
1758930513935 0.4310213765011864 1034240
1758930530757 0.43084563459067143 1039360
1758930540747 0.4309403883150899 1044480
1758930551876 0.4316256984927556 1049600
1758930569424 0.4318201780091756 1054720
1758930581567 0.43241832827320015 1059840
1758930594336 0.4323082489141607 1064960
1758930607857 0.432324099358059 1070080
1758930622013 0.43236939926925144 1075200
1758930634966 0.43254230227964474 1080320
1758930653745 0.43300685437067765 1085440
1758930664927 0.43345626404700455 1090560
1758930677633 0.43329958478260655 1095680
1758930694743 0.4341338015280263 1100800
1758930707055 0.43411876156973056 1105920
1758930719625 0.43369180852684713 1111040
1758930731795 0.4340523494717771 1116160
1758930746373 0.4337656504755306 1121280
1758930759582 0.4339768048048481 1126400
1758930772598 0.4337871943796303 1131520
1758930783060 0.43403860580217357 1136640
1758930797564 0.43418662281817605 1141760
1758930812518 0.4338444354255349 1146880
1758930822987 0.4335995613221418 1152000
1758930837411 0.434381305977005 1157120
1758930849447 0.4343873691162255 1162240
1758930863084 0.4345088222057319 1167360
1758930874732 0.43446797788014163 1172480
1758930888676 0.43425080027380636 1177600
1758930903111 0.4341615106333291 1182720
1758930918373 0.43410691679744734 1187840
1758930928478 0.43464937655959873 1192960
1758930941429 0.4352163095036338 1198080
1758930955376 0.43540019723226725 1203200
1758930966831 0.43540111634463396 1208320
1758930978478 0.4354540954768427 1213440
1758930990496 0.4355804934169738 1218560
1758931005711 0.43565490356559405 1223680
1758931017612 0.4356484030086161 1228800
1758931029676 0.43547511997720834 1233920
1758931045886 0.4354947897881757 1239040
1758931058426 0.43537902017222113 1244160
1758931070533 0.4350858792417232 1249280
1758931086300 0.43530587489878486 1254400
1758931100569 0.43521220743868516 1259520
1758931111942 0.4355201008434144 1264640
1758931124876 0.43578469517417895 1269760
1758931137018 0.4357908922723866 1274880
1758931151040 0.4358341774438187 1280000
1758931161615 0.4359772715605035 1285120
1758931176982 0.4359763093415989 1290240
1758931192307 0.43626205116730876 1295360
1758931203293 0.4364794807204179 1300480
1758931217410 0.436804646812505 1305600
1758931232820 0.4369431077738773 1310720
1758931243936 0.4367763564268234 1315840
1758931258460 0.43659228105587744 1320960
1758931272222 0.4368104919477305 1326080
1758931284306 0.43684356017095455 1331200
1758931296652 0.43701793815483536 1336320
1758931309183 0.437426471592785 1341440
1758931324728 0.43760126368364693 1346560
1758931336681 0.4375152798047775 1351680
1758931349138 0.43741831180991586 1356800
1758931365637 0.4376421042910323 1361920
1758931378108 0.437481243524003 1367040
1758931390498 0.43748805760422405 1372160
1758931406172 0.43744813016501954 1377280
1758931418759 0.4378736694223897 1382400
1758931429786 0.43736993039705413 1387520
1758931442119 0.43750001015781154 1392640
1758931455726 0.43757725564324507 1397760
1758931467964 0.4376291069472472 1402880
1758931478866 0.43789657213135025 1408000
1758931495761 0.4380371425287233 1413120
1758931506972 0.43804147208129113 1418240
1758931519054 0.438051147435708 1423360
1758931534626 0.4381819225297022 1428480
1758931545981 0.4383793561620548 1433600
1758931557825 0.43879670433121915 1438720
1758931569849 0.4384072537853716 1443840
1758931587527 0.43872912461272484 1448960
1758931598692 0.4388848203421671 1454080
1758931610968 0.4388173683621733 1459200
1758931623867 0.43866918474862776 1464320
1758931636237 0.43904917985547665 1469440
1758931647933 0.43914468308198257 1474560
1758931660540 0.43901213028800373 1479680
1758931675785 0.4390304602064121 1484800
1758931687599 0.4387828396502593 1489920
1758931698899 0.4388004828688505 1495040
1758931711901 0.43888121404681174 1500160
1758931725180 0.439217244040753 1505280
1758931736836 0.43920712837487647 1510400
1758931750097 0.4394579747935518 1515520
1758931762018 0.4396638977465937 1520640
1758931775552 0.4396608806734148 1525760
1758931788503 0.4397808481150266 1530880
1758931799670 0.4400428771331072 1536000
1758931811584 0.43982943280738307 1541120
1758931824474 0.43978402028010166 1546240
1758931838348 0.439903368816004 1551360
1758931848315 0.4398202964879157 1556480
1758931861844 0.4399929464476037 1561600
1758931876750 0.4404842605238691 1566720
1758931888308 0.440384359109662 1571840
1758931900416 0.4404087567015677 1576960
1758931914423 0.4406841956050844 1582080
1758931926573 0.44078908461322863 1587200
1758931939071 0.44061414512846364 1592320
1758931951485 0.44095857753401135 1597440
1758931964185 0.4414956115358894 1602560
1758931978616 0.4413412083731921 1607680
1758931989287 0.4415335727658323 1612800
1758932003366 0.44187477312694423 1617920
1758932020558 0.44215198353327856 1623040
1758932030997 0.44222056784728025 1628160
1758932044418 0.442179259582975 1633280
1758932070599 0.4425083508607961 1638400
1758932092762 0.4427012400843598 1643520
