1758928019551 21.21602787456446 5120
1758928032771 20.77449168207024 10240
1758928041638 20.642676767676768 15360
1758928050451 20.544933078393882 20480
1758928064940 20.55177743431221 25600
1758928073878 20.571057754704736 30720
1758928085452 20.642937219730943 35840
1758928096239 20.70054267390232 40960
1758928106421 20.739647577092512 46080
1758928117597 20.792828685258964 51200
1758928130001 20.801451905626134 56320
1758928142091 20.826217478318878 61440
1758928155986 20.83040394696269 66560
1758928169782 20.838016055045873 71680
1758928180651 20.830744509908946 76800
1758928194649 20.8333752199045 81920
1758928208567 20.836449704142012 87040
1758928221015 20.836949228360545 92160
1758928234874 20.834393553859204 97280
1758928246023 20.827155519742142 102400
1758928257860 20.832757296466973 107520
1758928273774 20.866874770473743 112640
1758928284054 20.88287020752726 117760
1758928295523 20.88435603506406 122880
1758928307854 20.8877914507772 128000
1758928321047 20.888785046728973 133120
1758928332751 20.884638463846386 138240
1758928343154 20.87302964569776 143360
1758928356007 20.882911834567555 148480
1758928369121 20.87402106400216 153600
1758928380301 20.881422408157928 158720
1758928394134 20.879275399037244 163840
1758928405422 20.881680796166606 168960
1758928416943 20.878473464519978 174080
1758928426747 20.878924805932105 179200
1758928443489 20.878661559260927 184320
1758928454742 20.885391533230973 189440
1758928464399 20.881994873985477 194560
1758928475854 20.88333853678843 199680
1758928491327 20.891269035532996 204800
1758928501327 20.897146254458978 209920
1758928511474 20.90314465408805 215040
1758928527419 20.898799962203533 220160
1758928537522 20.897663249284196 225280
1758928549319 20.899196097913467 230400
1758928560224 20.90278391515687 235520
1758928574174 20.90569302647517 240640
1758928586566 20.90325313453067 245760
1758928597170 20.903319502074687 250880
1758928608386 20.900610004066692 256000
1758928619995 20.89913889331845 261120
1758928634952 20.908144902589783 266240
1758928646962 20.905503953327703 271360
1758928657741 20.90927586466732 276480
1758928668747 20.91083321000444 281600
1758928681862 20.909375 286720
1758928694481 20.908039411680708 291840
1758928706028 20.90304475936579 296960
1758928719021 20.904062349127525 302080
1758928729160 20.906389906389908 307200
1758928740799 20.907968499733048 312320
1758928757009 20.908470124753777 317440
1758928769567 20.910683125444322 322560
1758928779890 20.91555301005473 327680
1758928795426 20.912166395188574 332800
1758928810132 20.915576400888668 337920
1758928822931 20.919245971419883 343040
1758928835192 20.923768428622797 348160
1758928847405 20.931052818149592 353280
1758928860366 20.93412162162162 358400
1758928874947 20.932640404272423 363520
1758928886055 20.93345792275456 368640
1758928900201 20.9348081112787 373760
1758928914482 20.94167585446527 378880
1758928923942 20.944946142965946 384000
1758928938151 20.94534521636422 389120
1758928951592 20.94446210916799 394240
1758928961052 20.945796055041072 399360
1758928976001 20.94477735303234 404480
1758928988450 20.945314492679692 409600
1758928999474 20.940607526069215 414720
1758929013697 20.941978503184714 419840
1758929025946 20.940858364878817 424960
1758929038505 20.942625340069956 430080
1758929050423 20.94750996494261 435200
1758929065977 20.949634482103864 440320
1758929077851 20.94978883153449 445440
1758929090281 20.952487008166294 450560
1758929105543 20.94674556213018 455680
1758929116557 20.94711058695455 460800
1758929131089 20.950908682970606 465920
1758929145310 20.94873957038878 471040
1758929155940 20.94469317882539 476160
1758929170484 20.943110261866504 481280
1758929182950 20.942207708503418 486400
1758929194947 20.94327266541929 491520
1758929206363 20.941337373227285 496640
1758929223527 20.942808347565293 501760
1758929234304 20.94358762886598 506880
1758929245886 20.944596415302332 512000
1758929262700 20.947321609055994 517120
1758929273514 20.948632742122754 522240
1758929289476 20.950475812846946 527360
1758929301304 20.952240681827107 532480
1758929312821 20.951063912553 537600
1758929325671 20.95113868444376 542720
1758929341415 20.954946355618343 547840
1758929352244 20.954039945528823 552960
1758929363705 20.955545560178418 558080
1758929381751 20.956652551816358 563200
1758929392409 20.96012812016788 568320
1758929403395 20.95917101470427 573440
1758929422912 20.963142474771224 578560
1758929433144 20.96668579215377 583680
1758929444344 20.963920090999572 588800
1758929462103 20.966659617960104 593920
1758929472478 20.967710371819962 599040
1758929485116 20.968572418572418 604160
1758929500810 20.968150896722324 609280
1758929512677 20.96817500340739 614400
1758929524214 20.96853985739871 619520
1758929536336 20.967491118707688 624640
1758929549426 20.966294375747907 629760
1758929559619 20.967057970058697 634880
1758929571439 20.965624386733825 640000
1758929586231 20.967515820217425 645120
1758929596581 20.968412918182697 650240
1758929608643 20.96680935343726 655360
1758929623302 20.96801496227731 660480
1758929633285 20.969266098335904 665600
1758929645043 20.96856563134072 670720
1758929660194 20.97013353161694 675840
1758929669841 20.969190086710533 680960
1758929682476 20.966706338307546 686080
1758929696858 20.96595486899894 691200
1758929706825 20.966264770438077 696320
1758929720606 20.966571155682903 701440
1758929733895 20.967373910982044 706560
1758929743483 20.967842537291478 711680
1758929757668 20.965737819838765 716800
1758929768752 20.96459022098486 721920
1758929780715 20.964637447445718 727040
1758929792469 20.962429233144622 732160
1758929805051 20.963653917142288 737280
1758929816525 20.96604337648419 742400
1758929827517 20.966834733893556 747520
1758929842668 20.966948586690407 752640
1758929853168 20.96523997678981 757760
1758929864349 20.966295218751714 762880
1758929880142 20.96632858934511 768000
1758929890540 20.968578161822467 773120
1758929902037 20.969107397540434 778240
1758929918274 20.971764705882354 783360
1758929929093 20.970887454511647 788480
1758929940287 20.96962499670124 793600
1758929956472 20.969897209985316 798720
1758929968028 20.971207462608785 803840
1758929978182 20.97162165661169 808960
1758929992218 20.973238639287736 814080
1758930003676 20.97473404255319 819200
1758930014766 20.972428339093312 824320
1758930026678 20.973480160634455 829440
1758930040694 20.971812956502095 834560
1758930051707 20.973081528789542 839680
1758930063395 20.972922710704456 844800
1758930077770 20.974758430289885 849920
1758930088493 20.974126525211936 855040
1758930099723 20.97080096437182 860160
1758930114793 20.971143604144476 865280
1758930125172 20.973452392413595 870400
1758930136461 20.973080972434914 875520
1758930152716 20.97155022717001 880640
1758930162240 20.97343960644261 885760
1758930172817 20.971031531425616 890880
1758930188325 20.970402581007153 896000
1758930199374 20.970152723215325 901120
1758930209789 20.97062086819842 906240
1758930222635 20.971473887458625 911360
1758930236636 20.970400676555965 916480
1758930246200 20.969770666181784 921600
1758930257812 20.968424383518297 926720
1758930273145 20.96936114732725 931840
1758930282749 20.970621772083977 936960
1758930293704 20.96789398790466 942080
1758930308965 20.96923859439616 947200
1758930318802 20.97131418012231 952320
1758930333096 20.969195090467544 957440
1758930344806 20.970618960564117 962560
1758930354423 20.970795176549544 967680
1758930371422 20.969937765144174 972800
1758930381898 20.970715509854326 977920
1758930391552 20.970995034418088 983040
1758930407388 20.973219965226242 988160
1758930418362 20.974010632014178 993280
1758930428592 20.974269644056413 998400
1758930442424 20.975652028649584 1003520
1758930454234 20.975983213180147 1008640
1758930465514 20.97517517931334 1013760
1758930477708 20.975320321658476 1018880
1758930490486 20.97628110674525 1024000
1758930501232 20.979043623477658 1029120
1758930513935 20.97930894720843 1034240
1758930530757 20.97987375723476 1039360
1758930540747 20.979631970782414 1044480
1758930551876 20.982025523756267 1049600
1758930569424 20.98294675332419 1054720
1758930581567 20.98508466529514 1059840
1758930594336 20.985746347993857 1064960
1758930607857 20.98603001685019 1070080
1758930622013 20.985063567584433 1075200
1758930634966 20.9852892658218 1080320
1758930653745 20.987366468986032 1085440
1758930664927 20.98886688330417 1090560
1758930677633 20.98849782779277 1095680
1758930694743 20.987427853020172 1100800
1758930707055 20.98911600743297 1105920
1758930719625 20.98884547873846 1111040
1758930731795 20.989422263973697 1116160
1758930746373 20.98937702219978 1121280
1758930759582 20.98901549002085 1126400
1758930772598 20.989880455935502 1131520
1758930783060 20.98970479704797 1136640
1758930797564 20.988924602810176 1141760
1758930812518 20.987000877577884 1146880
1758930822987 20.984984438417996 1152000
1758930837411 20.985829739426666 1157120
1758930849447 20.98627072471089 1162240
1758930863084 20.98782065100237 1167360
1758930874732 20.988213410598988 1172480
1758930888676 20.987517139448332 1177600
1758930903111 20.98870527323664 1182720
1758930918373 20.989371468926553 1187840
1758930928478 20.99112134744541 1192960
1758930941429 20.9906694209089 1198080
1758930955376 20.992260088904384 1203200
1758930966831 20.992431475341537 1208320
1758930978478 20.990217090707965 1213440
1758930990496 20.991015181245483 1218560
1758931005711 20.99055617447939 1223680
1758931017612 20.989759344598053 1228800
1758931029676 20.988595611604943 1233920
1758931045886 20.989793154812283 1239040
1758931058426 20.988285068941106 1244160
1758931070533 20.98754427489886 1249280
1758931086300 20.98659288854712 1254400
1758931100569 20.984916591749077 1259520
1758931111942 20.98565719875972 1264640
1758931124876 20.98583059468565 1269760
1758931137018 20.986840806658552 1274880
1758931151040 20.986058322411534 1280000
1758931161615 20.9863257347062 1285120
1758931176982 20.986948607092938 1290240
1758931192307 20.98657946285474 1295360
1758931203293 20.9862775135048 1300480
1758931217410 20.986989623823444 1305600
1758931232820 20.987168205308716 1310720
1758931243936 20.98849237340814 1315840
1758931258460 20.988600279436046 1320960
1758931272222 20.988596824191813 1326080
1758931284306 20.989049944855836 1331200
1758931296652 20.98819799742616 1336320
1758931309183 20.988758599124452 1341440
1758931324728 20.98993753796788 1346560
1758931336681 20.98933958165229 1351680
1758931349138 20.991481533014856 1356800
1758931365637 20.993114708645894 1361920
1758931378108 20.992388785735113 1367040
1758931390498 20.99270764856064 1372160
1758931406172 20.992384317787188 1377280
1758931418759 20.992503679873746 1382400
1758931429786 20.992077890662795 1387520
1758931442119 20.992318004488695 1392640
1758931455726 20.99092068732648 1397760
1758931467964 20.99014697307238 1402880
1758931478866 20.990361409885885 1408000
1758931495761 20.991687201258795 1413120
1758931506972 20.99198319725476 1418240
1758931519054 20.992174028385726 1423360
1758931534626 20.99318579002247 1428480
1758931545981 20.99376591447888 1433600
1758931557825 20.992738619462834 1438720
1758931569849 20.991500675587325 1443840
1758931587527 20.991559532082466 1448960
1758931598692 20.992137457441284 1454080
1758931610968 20.993113462533785 1459200
1758931623867 20.993051575931233 1464320
1758931636237 20.993803629302835 1469440
1758931647933 20.99379659666496 1474560
1758931660540 20.992939274928755 1479680
1758931675785 20.993203814906394 1484800
1758931687599 20.99412791843862 1489920
1758931698899 20.9946953324539 1495040
1758931711901 20.99525874125874 1500160
1758931725180 20.99574865490229 1505280
1758931736836 20.99606862540807 1510400
1758931750097 20.995597458155085 1515520
1758931762018 20.99546050362194 1520640
1758931775552 20.996066944455904 1525760
1758931788503 20.995463391902636 1530880
1758931799670 20.995068777575916 1536000
1758931811584 20.995221303998584 1541120
1758931824474 20.99549488425109 1546240
1758931838348 20.995442065542285 1551360
1758931848315 20.994459721772888 1556480
1758931861844 20.995498824319785 1561600
1758931876750 20.995567043445654 1566720
1758931888308 20.994633990068877 1571840
1758931900416 20.994944051943214 1576960
1758931914423 20.995901802411172 1582080
1758931926573 20.996364357482815 1587200
1758931939071 20.996415676145798 1592320
1758931951485 20.997004965452014 1597440
1758931964185 20.997093099384575 1602560
1758931978616 20.99655424454422 1607680
1758931989287 20.996161902655444 1612800
1758932003366 20.995499760073663 1617920
1758932020558 20.995720749838398 1623040
1758932030997 20.9960435085187 1628160
1758932044418 20.9941935152356 1633280
1758932070599 20.993302685328654 1638400
1758932092762 20.993897924272986 1643520
