1758928019546 8.405608614285786 5120
1758928032767 2.4017939524217087 10240
1758928041635 1.11608929336071 15360
1758928050447 0.7650712319782803 20480
1758928064936 0.5632408041220445 25600
1758928073874 0.4411697914523463 30720
1758928085446 0.4840999364852905 35840
1758928096235 0.5216444538860786 40960
1758928106416 0.5306461116541987 46080
1758928117594 0.49328466677198224 51200
1758928129995 0.46981338007109497 56320
1758928142086 0.43662124461815005 61440
1758928155981 0.40643124002398867 66560
1758928169775 0.4086820468096666 71680
1758928180646 0.3746016665508873 76800
1758928194644 0.36512938193333005 81920
1758928208561 0.3484573330990104 87040
1758928221007 0.3228729787763659 92160
1758928234867 0.31888999144236246 97280
1758928246002 0.30683170025891593 102400
1758928257853 0.2943705203398219 107520
1758928273767 0.28294393522245387 112640
1758928284047 0.28413384618430304 117760
1758928295515 0.2737642430076915 122880
1758928307845 0.25218448828137113 128000
1758928321041 0.23688475849064253 133120
1758928332745 0.2386549136217903 138240
1758928343145 0.23515675422993107 143360
1758928356001 0.21490136891195222 148480
1758928369114 0.20871454769412415 153600
1758928380292 0.20064434699523145 158720
1758928394129 0.19766066089179948 163840
1758928405413 0.197290301322937 168960
1758928416937 0.18505156472412465 174080
1758928426741 0.17174603803591296 179200
1758928443484 0.1723253742765985 184320
1758928454737 0.16437628012831493 189440
1758928464393 0.16388393447037145 194560
1758928475846 0.16005633290933105 199680
1758928491321 0.15511412525651466 204800
1758928501321 0.14946199574516814 209920
1758928511467 0.1528136330193253 215040
1758928527414 0.1368287452945003 220160
1758928537515 0.13560972623695614 225280
1758928549314 0.1328986522370735 230400
1758928560215 0.12934062140328542 235520
1758928574167 0.12722554429102753 240640
1758928586560 0.12002360177732602 245760
1758928597162 0.11953031629081665 250880
1758928608379 0.11667920108810363 256000
1758928619989 0.11746829561889172 261120
1758928634946 0.11387192992871747 266240
1758928646954 0.11049559492813915 271360
1758928657733 0.1104849913903268 276480
1758928668736 0.10434850454330444 281600
1758928681857 0.1039497417911516 286720
1758928694474 0.10084445076388912 291840
1758928706021 0.10033325608243648 296960
1758928719015 0.09849735772287524 302080
1758928729153 0.09743477228868047 307200
1758928740793 0.0983734160466911 312320
1758928757003 0.08619424246515109 317440
1758928769557 0.08325884206385552 322560
1758928779884 0.08393313996145658 327680
1758928795419 0.08196119881846423 332800
1758928810125 0.08044118722760066 337920
1758928822921 0.08104553719361622 343040
1758928835181 0.0832679865996509 348160
1758928847394 0.08100609655325122 353280
1758928860359 0.07958095420120109 358400
1758928874936 0.07812909651338386 363520
1758928886048 0.07781125211319434 368640
1758928900190 0.07900319464219722 373760
1758928914473 0.07552644711620403 378880
1758928923930 0.0777635244612998 384000
1758928938145 0.07488448463399892 389120
1758928951585 0.07429983220569827 394240
1758928961042 0.07418930414692519 399360
1758928975994 0.07554937938247064 404480
1758928988441 0.07163139221971469 409600
1758928999466 0.07225033320816868 414720
1758929013687 0.07122195364494974 419840
1758929025937 0.07313824250147892 424960
1758929038497 0.07373495135907607 430080
1758929050414 0.07031385462049027 435200
1758929065968 0.07016048320761413 440320
1758929077837 0.06928400271529452 445440
1758929090272 0.06875238797021291 450560
1758929105530 0.06756177686255074 455680
1758929116548 0.066485470414426 460800
1758929131076 0.06457407882339075 465920
1758929145302 0.06275765983763588 471040
1758929155926 0.0637172987532718 476160
1758929170475 0.06336520695129524 481280
1758929182942 0.0627861503793412 486400
1758929194931 0.06190050674327445 491520
1758929206353 0.061268698923872336 496640
1758929223519 0.06033314949626107 501760
1758929234293 0.0609690998831103 506880
1758929245877 0.06122290017362126 512000
1758929262692 0.06090224420600257 517120
1758929273500 0.058402955695374376 522240
1758929289468 0.061799743748450466 527360
1758929301294 0.05790732332474897 532480
1758929312813 0.05892872184854949 537600
1758929325661 0.05862731987473655 542720
1758929341403 0.05793689222478155 547840
1758929352235 0.05810986340817154 552960
1758929363693 0.05738285199189797 558080
1758929381741 0.05723232028705022 563200
1758929392401 0.057628374305560434 568320
1758929403386 0.05628095548633161 573440
1758929422902 0.05568185484451455 578560
1758929433120 0.055996958136349764 583680
1758929444335 0.05381765142083169 588800
1758929462079 0.05565007524933544 593920
1758929472464 0.05461477500993644 599040
1758929485103 0.05447444286443256 604160
1758929500797 0.055308470389987 609280
1758929512668 0.05471575438678761 614400
1758929524206 0.053971892536276635 619520
1758929536326 0.05364422244057913 624640
1758929549415 0.05301812678188473 629760
1758929559607 0.052860021898328016 634880
1758929571429 0.05170599949626496 640000
1758929586221 0.052603394407100046 645120
1758929596571 0.05080683486266706 650240
1758929608618 0.05215553999319092 655360
1758929623292 0.05176041399362287 660480
1758929633274 0.050204970539989555 665600
1758929645034 0.051686315565574466 670720
1758929660184 0.05141347049765074 675840
1758929669831 0.05244650339579081 680960
1758929682459 0.05124142955205834 686080
1758929696843 0.052072132409677 691200
1758929706812 0.0505598596889367 696320
1758929720597 0.05088329468107085 701440
1758929733886 0.05061892559145363 706560
1758929743469 0.050217581069332426 711680
1758929757657 0.04984802764424584 716800
1758929768743 0.05017591110369977 721920
1758929780706 0.04921922596530405 727040
1758929792454 0.05015719483018587 732160
1758929805040 0.04886529488636286 737280
1758929816514 0.048402271388976036 742400
1758929827500 0.048028011361159965 747520
1758929842652 0.04789422867090806 752640
1758929853135 0.04742657884090696 757760
1758929864331 0.04907354330569107 762880
1758929880128 0.04770576982460073 768000
1758929890529 0.0482905595390885 773120
1758929902025 0.04851293056302566 778240
1758929918263 0.04735449829549764 783360
1758929929072 0.04764128992993544 788480
1758929940275 0.04598073897902498 793600
1758929956461 0.04673834298850632 798720
1758929968012 0.046570255556179364 803840
1758929978171 0.045840440598209346 808960
1758929992197 0.0461035193510391 814080
1758930003664 0.04660160062316056 819200
1758930014755 0.04681034803982112 824320
1758930026661 0.04524345186282909 829440
1758930040679 0.0453629872378181 834560
1758930051694 0.044953765648436464 839680
1758930063369 0.04525136918767601 844800
1758930077758 0.04419254723008359 849920
1758930088482 0.04407223873731622 855040
1758930099707 0.04388214331319584 860160
1758930114783 0.04343569791626987 865280
1758930125161 0.0447663243873139 870400
1758930136447 0.04423971917027625 875520
1758930152703 0.044185913785963246 880640
1758930162230 0.04303568532780742 885760
1758930172800 0.043006473512791875 890880
1758930188313 0.0421885819739947 896000
1758930199364 0.04215354199577272 901120
1758930209775 0.04221968220265132 906240
1758930222625 0.0416943245062523 911360
1758930236619 0.040875880526644835 916480
1758930246186 0.04098976724817274 921600
1758930257799 0.04212049464253137 926720
1758930273133 0.040368620781422185 931840
1758930282737 0.04255054418697107 936960
1758930293687 0.04070590155909039 942080
1758930308953 0.040889559245264044 947200
1758930318775 0.04092866685541565 952320
1758930333084 0.040701890603089944 957440
1758930344793 0.039044888189317825 962560
1758930354404 0.03915656248056359 967680
1758930371410 0.03956570108856939 972800
1758930381887 0.03933442945759665 977920
1758930391539 0.039033925545699386 983040
1758930407377 0.04021935097672678 988160
1758930418351 0.039099033190710536 993280
1758930428577 0.03888736728762017 998400
1758930442407 0.03843152953214966 1003520
1758930454221 0.03901988473431817 1008640
1758930465501 0.03899573610962098 1013760
1758930477691 0.037831459370961634 1018880
1758930490463 0.037741788069565935 1024000
1758930501216 0.03782717499059901 1029120
1758930513919 0.03742442362150499 1034240
1758930530744 0.03765048318960535 1039360
1758930540730 0.03756037930666991 1044480
1758930551860 0.03717971247771562 1049600
1758930569407 0.03577821960042219 1054720
1758930581547 0.03534490169245303 1059840
1758930594312 0.03530792246405375 1064960
1758930607841 0.035278396168812745 1070080
1758930621996 0.035229032908475025 1075200
1758930634952 0.035475548379348985 1080320
1758930653730 0.03363018817883635 1085440
1758930664908 0.0337862076499896 1090560
1758930677619 0.03221166425503714 1095680
1758930694728 0.03275873940230302 1100800
1758930707032 0.03316415108319899 1105920
1758930719607 0.03240395606552039 1111040
1758930731779 0.03213536863912693 1116160
1758930746358 0.031508675848480557 1121280
1758930759566 0.03129862595643919 1126400
1758930772579 0.030907337488791823 1131520
1758930783045 0.030570658255438886 1136640
1758930797521 0.030026713537058953 1141760
1758930812501 0.030976736364781484 1146880
1758930822972 0.030134110552379547 1152000
1758930837391 0.02962989119910013 1157120
1758930849433 0.029552289004057226 1162240
1758930863067 0.02942387796513978 1167360
1758930874711 0.027774111637894398 1172480
1758930888659 0.028237683331831756 1177600
1758930903085 0.02737054181346431 1182720
1758930918355 0.02748892494155661 1187840
1758930928462 0.02705991100487946 1192960
1758930941413 0.02675322761503068 1198080
1758930955360 0.027232174605739356 1203200
1758930966812 0.026964886767898547 1208320
1758930978463 0.026781862783190776 1213440
1758930990479 0.026260270680027984 1218560
1758931005684 0.026028197186447704 1223680
1758931017598 0.026793585768547977 1228800
1758931029660 0.025337004819715 1233920
1758931045867 0.025094787745708082 1239040
1758931058409 0.024782467829553706 1244160
1758931070513 0.024216491760141432 1249280
1758931086276 0.024424476102359143 1254400
1758931100550 0.024008900629224863 1259520
1758931111926 0.0233059605734248 1264640
1758931124853 0.02339572214868931 1269760
1758931137002 0.022996284720603 1274880
1758931151025 0.022647935004352478 1280000
1758931161593 0.022918261426269626 1285120
1758931176960 0.021705717817362483 1290240
1758931192282 0.021027496678380983 1295360
1758931203269 0.021008240529442283 1300480
1758931217392 0.020597635204889185 1305600
1758931232791 0.021165813048494506 1310720
1758931243917 0.020624457473517578 1315840
1758931258440 0.020669220991600033 1320960
1758931272200 0.02095157073603736 1326080
1758931284289 0.02020597391912884 1331200
1758931296630 0.020109842820335493 1336320
1758931309159 0.02073523305373552 1341440
1758931324708 0.01990814208984375 1346560
1758931336661 0.02071838707386049 1351680
1758931349113 0.019954685927516192 1356800
1758931365617 0.019813586571089403 1361920
1758931378084 0.01987670963395856 1367040
1758931390475 0.019312585458037216 1372160
1758931406154 0.019564155023129873 1377280
1758931418735 0.01915884829732244 1382400
1758931429769 0.019496410329081667 1387520
1758931442102 0.018901294193926492 1392640
1758931455712 0.019031371832941145 1397760
1758931467943 0.01963847996456444 1402880
1758931478849 0.019404052267240925 1408000
1758931495740 0.01899857320792428 1413120
1758931506955 0.01895488113551945 1418240
1758931519035 0.018835903739517837 1423360
1758931534607 0.018248223951006344 1428480
1758931545959 0.018692956933968413 1433600
1758931557804 0.01873139955241175 1438720
1758931569825 0.018130217605580007 1443840
1758931587509 0.01788364480444267 1448960
1758931598668 0.018254082241501296 1454080
1758931610952 0.018029874136872577 1459200
1758931623845 0.017954889166863292 1464320
1758931636213 0.018274860694215824 1469440
1758931647909 0.01783363132490043 1474560
1758931660524 0.018537580587722126 1479680
1758931675766 0.018358330197534755 1484800
1758931687578 0.01779276122758677 1489920
1758931698879 0.01862763937493859 1495040
1758931711878 0.017663754512635944 1500160
1758931725162 0.018114187310618823 1505280
1758931736817 0.017344722224444876 1510400
1758931750063 0.01762240894093536 1515520
1758931761999 0.016938105759036655 1520640
1758931775525 0.017229428537574733 1525760
1758931788478 0.017161800453369628 1530880
1758931799644 0.016914950268495727 1536000
1758931811561 0.01696176940543085 1541120
1758931824451 0.016948004987048914 1546240
1758931838323 0.017102779514871363 1551360
1758931848286 0.016554881929175622 1556480
1758931861825 0.0166301555746036 1561600
1758931876730 0.016312650696737638 1566720
1758931888288 0.016424188173065582 1571840
1758931900393 0.01665639608112115 1576960
1758931914401 0.016309887255610653 1582080
1758931926553 0.016449783633863596 1587200
1758931939053 0.01626466849775731 1592320
1758931951460 0.016729208874748273 1597440
1758931964166 0.01652489372292393 1602560
1758931978599 0.015886006425096303 1607680
1758931989269 0.016289455333942084 1612800
1758932003345 0.016343824445711218 1617920
1758932020540 0.016027522808666636 1623040
1758932030977 0.01582398300722363 1628160
1758932044382 0.01594067160647017 1633280
1758932070439 0.015493655070746265 1638400
1758932092734 0.01605002212049358 1643520
