1758928019546 -0.7644255918761095 5120
1758928032767 -0.3734963256527077 10240
1758928041635 0.027167227676545738 15360
1758928050447 0.017780339857563377 20480
1758928064936 0.027162743825465442 25600
1758928073874 -0.42236886255202755 30720
1758928085446 -0.4200531330373552 35840
1758928096235 -0.5047623785530649 40960
1758928106416 -0.48750881215800407 46080
1758928117594 -0.4552435987135944 51200
1758928129995 -0.4062310312475477 56320
1758928142086 -0.36948333685515355 61440
1758928155981 -0.33439090107426506 66560
1758928169775 -0.3125514943834761 71680
1758928180646 -0.2833419473547685 76800
1758928194644 -0.26517153698721047 81920
1758928208561 -0.24461072017980176 87040
1758928221007 -0.23065727333446126 92160
1758928234867 -0.2116079896688461 97280
1758928246002 -0.19468955238266747 102400
1758928257853 -0.18315068258429473 107520
1758928273767 -0.1708282911025726 112640
1758928284047 -0.1603009123226692 117760
1758928295515 -0.14712375215262422 122880
1758928307845 -0.13655045013579112 128000
1758928321041 -0.12466683951952984 133120
1758928332745 -0.11844183487050672 138240
1758928343145 -0.10831466701859278 143360
1758928356001 -0.09980351108394257 148480
1758928369114 -0.09296606960675574 153600
1758928380292 -0.08468586664933427 158720
1758928394129 -0.07924856650903357 163840
1758928405413 -0.07261225602712976 168960
1758928416937 -0.06710779590216297 174080
1758928426741 -0.06103689948266202 179200
1758928443484 -0.05569404198978487 184320
1758928454737 -0.04975838385602479 189440
1758928464393 -0.04656985767224696 194560
1758928475846 -0.041516554903010934 199680
1758928491321 -0.03802328020779055 204800
1758928501321 -0.03324854052761226 209920
1758928511467 -0.03037078165895001 215040
1758928527414 -0.02657660519083341 220160
1758928537515 -0.02346932000703941 225280
1758928549314 -0.020338874686080796 230400
1758928560215 -0.01714803283606773 235520
1758928574167 -0.015206626726914259 240640
1758928586560 -0.012757599242495303 245760
1758928597162 -0.010274790397019892 250880
1758928608379 -0.007312068521264065 256000
1758928619989 -0.0055343531708786035 261120
1758928634946 -0.004300103634881335 266240
1758928646954 -0.001741785852980793 271360
1758928657733 -0.0001436359389956587 276480
1758928668736 0.0013512681818742681 281600
1758928681857 0.002352455094973706 286720
1758928694474 0.004366415280562181 291840
1758928706021 0.005283897512198724 296960
1758928719015 0.006786006585871046 302080
1758928729153 -0.019559162983243845 307200
1758928740793 -0.04150846320040086 312320
1758928757003 -0.049344474556361755 317440
1758928769557 -0.048229467567009264 322560
1758928779884 -0.046146456103458584 327680
1758928795419 -0.04267732943493895 332800
1758928810125 -0.03971294780512231 337920
1758928822921 -0.03705579982627006 343040
1758928835181 -0.03571737455832294 348160
1758928847394 -0.033252477335792056 353280
1758928860359 -0.031562779737673595 358400
1758928874936 -0.029458480169264126 363520
1758928886048 -0.02920856416390543 368640
1758928900190 -0.026493306563851616 373760
1758928914473 -0.023981173565445563 378880
1758928923930 -0.02054448390894748 384000
1758928938145 -0.017990069189096687 389120
1758928951585 -0.016764416286982404 394240
1758928961042 -0.01463184310956989 399360
1758928975994 -0.013064136469002927 404480
1758928988441 -0.011799284191500219 409600
1758928999466 -0.009658818589202289 414720
1758929013687 -0.008340268727129103 419840
1758929025937 -0.005666395803340353 424960
1758929038497 -0.0031098729683055304 430080
1758929050414 -0.0022422249188445544 435200
1758929065968 -0.0005598047017843706 440320
1758929077837 0.0010936342730878963 445440
1758929090272 0.002196884594536693 450560
1758929105530 0.004844034950545417 455680
1758929116548 0.005393485116985051 460800
1758929131076 0.007176105470576307 465920
1758929145302 0.009661320045816666 471040
1758929155926 0.011024210311056718 476160
1758929170475 0.012043570206676572 481280
1758929182942 0.012519180962518483 486400
1758929194931 0.013836488208255253 491520
1758929206353 0.014657936554877356 496640
1758929223519 0.01570057028908351 501760
1758929234293 0.016300097204023794 506880
1758929245877 0.016119889465872637 512000
1758929262692 0.01715758280320601 517120
1758929273500 0.018698083607884535 522240
1758929289468 0.01827622021353522 527360
1758929301294 0.019148341273163196 532480
1758929312813 0.019810696654446677 537600
1758929325661 0.019748806324831284 542720
1758929341403 0.020130887293993538 547840
1758929352235 0.02107217992740286 552960
1758929363693 0.02147107347027286 558080
1758929381741 0.021554254598496397 563200
1758929392401 0.021792769817997226 568320
1758929403386 0.022938050730768156 573440
1758929422902 0.023003319379718903 578560
1758929433120 0.023118754986497445 583680
1758929444335 0.023649358997742332 588800
1758929462079 0.024292180993675985 593920
1758929472464 0.024578223659723692 599040
1758929485103 0.024638633195518837 604160
1758929500797 0.024575032283795758 609280
1758929512668 0.025210092032015227 614400
1758929524206 0.0246664555552769 619520
1758929536326 0.02559327201250142 624640
1758929549415 0.02586970669882638 629760
1758929559607 0.0261798690866541 634880
1758929571429 0.026632180648109027 640000
1758929586221 0.026044506958660722 645120
1758929596571 0.026195224088692813 650240
1758929608618 0.026421459416703392 655360
1758929623292 0.02639212918355369 660480
1758929633274 0.026749707513507425 665600
1758929645034 0.02698803649442952 670720
1758929660184 0.026575913515826756 675840
1758929669831 0.02659761261295628 680960
1758929682459 0.02685386125448031 686080
1758929696843 0.026518435555802293 691200
1758929706812 0.027163602672134374 696320
1758929720597 0.026939445160568277 701440
1758929733886 0.02699655323746236 706560
1758929743469 0.027340682861448702 711680
1758929757657 0.027160416962246754 716800
1758929768743 0.02711905649633651 721920
1758929780706 0.02735789633669096 727040
1758929792454 0.027129185865711232 732160
1758929805040 0.02756873688320843 737280
1758929816514 0.02753168121185513 742400
1758929827500 0.02783277240236546 747520
1758929842652 0.02768537525249564 752640
1758929853135 0.027958679778373192 757760
1758929864331 0.02744506648654273 762880
1758929880128 0.02760989748526826 768000
1758929890529 0.027353735733284524 773120
1758929902025 0.027407193904480705 778240
1758929918263 0.027642854386770385 783360
1758929929072 0.027628060197397275 788480
1758929940275 0.02757138440903929 793600
1758929956461 0.027367855522605126 798720
1758929968012 0.02747308352521358 803840
1758929978171 0.027166950989010664 808960
1758929992197 0.027182913066154744 814080
1758930003664 0.02715182795506738 819200
1758930014755 0.026906424598125905 824320
1758930026661 0.02690915984966311 829440
1758930040679 0.026959275556545634 834560
1758930051694 0.02665009635084294 839680
1758930063369 0.02672487214460211 844800
1758930077758 0.02655994019927244 849920
1758930088482 0.026871817248860043 855040
1758930099707 0.02680786152090102 860160
1758930114783 0.026945157789451293 865280
1758930125161 0.02670326697980475 870400
1758930136447 0.02661853421514279 875520
1758930152703 0.026557749184443424 880640
1758930162230 0.026273484868761025 885760
1758930172800 0.026325492607055388 890880
1758930188313 0.026354806499394107 896000
1758930199364 0.026044570195417806 901120
1758930209775 0.02603729298636822 906240
1758930222625 0.025885273872401176 911360
1758930236619 0.025643657147884368 916480
1758930246186 0.026049190144427737 921600
1758930257799 0.025758686602510367 926720
1758930273133 0.02586502777627218 931840
1758930282737 0.025678730427437995 936960
1758930293687 0.02551192538357713 942080
1758930308953 0.025398362172087633 947200
1758930318775 0.025390478824570403 952320
1758930333084 0.025335680012010107 957440
1758930344793 0.02530692457265986 962560
1758930354404 0.02528563110319303 967680
1758930371410 0.025247856444991598 972800
1758930381887 0.025097468707352005 977920
1758930391539 0.025051288277251914 983040
1758930407377 0.025039066192279445 988160
1758930418351 0.02484506662056449 993280
1758930428577 0.024906275946585853 998400
1758930442407 0.024731592300835006 1003520
1758930454221 0.024425035751373725 1008640
1758930465501 0.024783392895603277 1013760
1758930477691 0.02480029959276498 1018880
1758930490463 0.024933807333032566 1024000
1758930501216 0.024976777556402305 1029120
1758930513919 0.02491524806715968 1034240
1758930530744 0.024699816412813082 1039360
1758930540730 0.02448032633214459 1044480
1758930551860 0.02436634801749365 1049600
1758930569407 0.024368116025434435 1054720
1758930581547 0.0242699696290447 1059840
1758930594312 0.023808401027170082 1064960
1758930607841 0.023856443337683008 1070080
1758930621996 0.023614222247979395 1075200
1758930634952 0.023391289692936523 1080320
1758930653730 0.023056540367852735 1085440
1758930664908 0.022970084133112408 1090560
1758930677619 0.02281338525196863 1095680
1758930694728 0.022599434586705772 1100800
1758930707032 0.022555130218378818 1105920
1758930719607 0.02226167480370397 1111040
1758930731779 0.022294843797832316 1116160
1758930746358 0.02209947196236492 1121280
1758930759566 0.0220883536187223 1126400
1758930772579 0.021740083064998465 1131520
1758930783045 0.021625530430049535 1136640
1758930797521 0.021455621762087693 1141760
1758930812501 0.02121744836472061 1146880
1758930822972 0.02116470815445136 1152000
1758930837391 0.02107945799722174 1157120
1758930849433 0.02089542553458415 1162240
1758930863067 0.02066484851653277 1167360
1758930874711 0.020894503884706612 1172480
1758930888659 0.02042406883372316 1177600
1758930903085 0.02029771243824678 1182720
1758930918355 0.020247958879035466 1187840
1758930928462 0.020178128311196482 1192960
1758930941413 0.020090527457115898 1198080
1758930955360 0.01991875260865607 1203200
1758930966812 0.019723396923055494 1208320
1758930978463 0.01958822600958118 1213440
1758930990479 0.019365675443365836 1218560
1758931005684 0.019260234099168043 1223680
1758931017598 0.019139331385654577 1228800
1758931029660 0.01898643318100355 1233920
1758931045867 0.01878793466002561 1239040
1758931058409 0.018702154528153575 1244160
1758931070513 0.018620195201339538 1249280
1758931086276 0.018414728870983027 1254400
1758931100550 0.018204276141454104 1259520
1758931111926 0.01811240718588474 1264640
1758931124853 0.018052259402155973 1269760
1758931137002 0.017805615167939264 1274880
1758931151025 0.017633549944102336 1280000
1758931161593 0.01752898670305872 1285120
1758931176960 0.017505397085723757 1290240
1758931192282 0.01734679860149703 1295360
1758931203269 0.017266210789384097 1300480
1758931217392 0.017095549951152738 1305600
1758931232791 0.01690360805562099 1310720
1758931243917 0.016743107605870364 1315840
1758931258440 0.016779353727581516 1320960
1758931272200 0.01673122462299135 1326080
1758931284289 0.016730503006040086 1331200
1758931296630 0.016620946532916875 1336320
1758931309159 0.016645564076374908 1341440
1758931324708 0.0166015889144596 1346560
1758931336661 0.016479644984751376 1351680
1758931349113 0.016446963154892035 1356800
1758931365617 0.0164352763782848 1361920
1758931378084 0.016409038997695833 1367040
1758931390475 0.016411061823856998 1372160
1758931406154 0.016327232131277822 1377280
1758931418735 0.01634482677383479 1382400
1758931429769 0.016321622446223347 1387520
1758931442102 0.016251429628572595 1392640
1758931455712 0.016217122070960387 1397760
1758931467943 0.016196699789368607 1402880
1758931478849 0.016114096967286842 1408000
1758931495740 0.01605859034135668 1413120
1758931506955 0.01598406047876091 1418240
1758931519035 0.015958209109769115 1423360
1758931534607 0.015933144468291097 1428480
1758931545959 0.015894929670079275 1433600
1758931557804 0.0157827292194068 1438720
1758931569825 0.015787030989865225 1443840
1758931587509 0.015846680416225712 1448960
1758931598668 0.01580985563896979 1454080
1758931610952 0.01571645669816754 1459200
1758931623845 0.01574622300185997 1464320
1758931636213 0.01563627241713755 1469440
1758931647909 0.01563525699559886 1474560
1758931660524 0.015498003128653244 1479680
1758931675766 0.01552761608284149 1484800
1758931687578 0.015489433460183192 1489920
1758931698879 0.015394593231650265 1495040
1758931711878 0.015322302861233202 1500160
1758931725162 0.015232592452390918 1505280
1758931736817 0.015312715920652477 1510400
1758931750063 0.015224012887453725 1515520
1758931761999 0.015208712849931473 1520640
1758931775525 0.015196535237118513 1525760
1758931788478 0.015134221187887344 1530880
1758931799644 0.015139734610011783 1536000
1758931811561 0.015125669901114535 1541120
1758931824451 0.015020411508435211 1546240
1758931838323 0.01494778485914648 1551360
1758931848286 0.014880758143819374 1556480
1758931861825 0.014856184575692072 1561600
1758931876730 0.014936073989668834 1566720
1758931888288 0.014853283328314622 1571840
1758931900393 0.014875975991904466 1576960
1758931914401 0.014740107870657108 1582080
1758931926553 0.014702215385314039 1587200
1758931939053 0.014757132836663018 1592320
1758931951460 0.014669272290216966 1597440
1758931964166 0.014592326433418052 1602560
1758931978599 0.014654890554562865 1607680
1758931989269 0.014635573667923207 1612800
1758932003345 0.01452772549479012 1617920
1758932020540 0.014484951354816913 1623040
1758932030977 0.01448207093364109 1628160
1758932044382 0.014407438084595185 1633280
1758932070439 0.014464587676830398 1638400
1758932092734 0.014401840035377967 1643520
