1758928019551 2.087108013937282 5120
1758928032771 1.6395563770794825 10240
1758928041638 1.4823232323232323 15360
1758928050451 1.3862332695984703 20480
1758928064940 1.3338485316846986 25600
1758928073878 1.4406229720960415 30720
1758928085452 1.6625560538116593 35840
1758928096239 1.844597927972373 40960
1758928106421 1.982819383259912 46080
1758928117597 2.098406374501992 51200
1758928130001 2.1836660617059893 56320
1758928142091 2.2658438959306206 61440
1758928155986 2.320382362010484 66560
1758928169782 2.384461009174312 71680
1758928180651 2.434118907337975 76800
1758928194649 2.4759989947222922 81920
1758928208567 2.509585798816568 87040
1758928221015 2.527622455826437 92160
1758928234874 2.5557675996607294 97280
1758928246023 2.5775584206285256 102400
1758928257860 2.6077188940092166 107520
1758928273774 2.6261476312890193 112640
1758928284054 2.6456208230742173 117760
1758928295523 2.6646999325691167 122880
1758928307854 2.674384715025907 128000
1758928321047 2.6920560747663553 133120
1758928332751 2.707170717071707 138240
1758928343154 2.715112075198843 143360
1758928356007 2.7271203018024313 148480
1758928369121 2.7360248447204967 153600
1758928380301 2.7508171002745456 158720
1758928394134 2.763364580694198 163840
1758928405422 2.7656960314534955 168960
1758928416943 2.774716756112105 174080
1758928426747 2.7882053064534817 179200
1758928443489 2.7888688598467777 184320
1758928454742 2.795240184250932 189440
1758928464399 2.795279794959419 194560
1758928475854 2.80216463731918 199680
1758928491327 2.8086294416243653 204800
1758928501327 2.816290130796671 209920
1758928511474 2.8209966134494437 215040
1758928527419 2.820939242180856 220160
1758928537522 2.830146855084511 225280
1758928549319 2.8363291482250927 230400
1758928560224 2.840477242598321 235520
1758928574174 2.8459941166291745 240640
1758928586566 2.8519993222636395 245760
1758928597170 2.8545228215767633 250880
1758928608386 2.8554697031313543 256000
1758928619995 2.859830967947696 261120
1758928634952 2.864799311477975 266240
1758928646962 2.865049512550856 271360
1758928657741 2.868284228769497 276480
1758928668747 2.8710966405209413 281600
1758928681862 2.875 286720
1758928694481 2.8751249464515207 291840
1758928706028 2.878139469622562 296960
1758928719021 2.882612593971998 302080
1758928729160 2.885022385022385 307200
1758928740799 2.885144153764015 312320
1758928757009 2.888575180564675 317440
1758928769567 2.8907774833581077 322560
1758928779890 2.8946162657502863 327680
1758928795426 2.8938102994612205 332800
1758928810132 2.8966921747716614 337920
1758928822931 2.900760109455762 343040
1758928835192 2.9034519956850056 348160
1758928847405 2.9082476663121826 353280
1758928860366 2.9104147250698973 358400
1758928874947 2.911450557023085 363520
1758928886055 2.915222562011553 368640
1758928900201 2.9177140941846824 373760
1758928914482 2.9229878721058435 378880
1758928923942 2.927048199325427 384000
1758928938151 2.926983786105444 389120
1758928951592 2.9291467938526763 394240
1758928961052 2.931617223879035 399360
1758928976001 2.9303647070978407 404480
1758928988450 2.931184002448605 409600
1758928999474 2.9316910986852047 414720
1758929013697 2.934464570063694 419840
1758929025946 2.9361879946905267 424960
1758929038505 2.9361640108822384 430080
1758929050423 2.9376170580607983 435200
1758929065977 2.939048704072914 440320
1758929077851 2.9401220084467385 445440
1758929090281 2.9413047512991835 450560
1758929105543 2.938947754690152 455680
1758929116557 2.940850948017781 460800
1758929131089 2.9417096701817367 465920
1758929145310 2.9418160837919403 471040
1758929155940 2.9409182688087085 476160
1758929170484 2.9421982889651277 481280
1758929182950 2.943754565376187 486400
1758929194947 2.943825480523899 491520
1758929206363 2.9459664183815173 496640
1758929223527 2.9468488357562377 501760
1758929234304 2.9483711340206185 506880
1758929245886 2.949577430286204 512000
1758929262700 2.952456033959976 517120
1758929273514 2.952676462345358 522240
1758929289476 2.9532910388580493 527360
1758929301304 2.954950708927379 532480
1758929312821 2.954253705216478 537600
1758929325671 2.9553003737813572 542720
1758929341415 2.957351762055668 547840
1758929352244 2.9569148131336056 552960
1758929363705 2.958844034633982 558080
1758929381751 2.9593640888492683 563200
1758929392409 2.9607171784110156 568320
1758929403395 2.9616156456379756 573440
1758929422912 2.9632148153506708 578560
1758929433144 2.9644265939898156 583680
1758929444344 2.9634224370823263 588800
1758929462103 2.9643335447945303 593920
1758929472478 2.967186189544311 599040
1758929485116 2.966943866943867 604160
1758929500810 2.9694564694564693 609280
1758929512677 2.970866839307619 614400
1758929524214 2.9726624539587063 619520
1758929536336 2.97238420805684 624640
1758929549426 2.973640473341311 629760
1758929559619 2.9737848710677306 634880
1758929571439 2.973703146464316 640000
1758929586231 2.9741359727405485 645120
1758929596581 2.9751746788163698 650240
1758929608643 2.9749872220802454 655360
1758929623302 2.9753059024915998 660480
1758929633285 2.976658592594923 665600
1758929645043 2.975682846886218 670720
1758929660194 2.977290330575952 675840
1758929669841 2.976907939241129 680960
1758929682476 2.977112514876865 686080
1758929696858 2.9776465243071333 691200
1758929706825 2.9780811208996063 696320
1758929720606 2.97728629417383 701440
1758929733895 2.9776566111539147 706560
1758929743483 2.977551560799082 711680
1758929757668 2.978765042645169 716800
1758929768752 2.9782205208514587 721920
1758929780715 2.977999193687727 727040
1758929792469 2.9795848344484472 732160
1758929805051 2.979328165374677 737280
1758929816525 2.980850043714922 742400
1758929827517 2.9812885154061624 747520
1758929842668 2.9808591141776097 752640
1758929853168 2.979884501671686 757760
1758929864349 2.981281220837679 762880
1758929880142 2.9817329189159714 768000
1758929890540 2.9822304087547744 773120
1758929902037 2.982992922687764 778240
1758929918274 2.98451871657754 783360
1758929929093 2.9856296650463516 788480
1758929940287 2.987042461668382 793600
1758929956472 2.988042794210195 798720
1758929968028 2.987805513575486 803840
1758929978182 2.990109008052614 808960
1758929992218 2.991534146466986 814080
1758930003676 2.992200286415712 819200
1758930014766 2.9908772108152064 824320
1758930026678 2.9916146793625136 829440
1758930040694 2.9912150799427724 834560
1758930051707 2.991642550643648 839680
1758930063395 2.991842098737881 844800
1758930077770 2.9917176099388683 849920
1758930088493 2.992625079629539 855040
1758930099723 2.992231449236539 860160
1758930114793 2.9921564830057132 865280
1758930125172 2.9923943390776935 870400
1758930136461 2.9926780245022973 875520
1758930152716 2.9924831703894004 880640
1758930162240 2.9937324093564484 885760
1758930172817 2.993392743774836 890880
1758930188325 2.9941319493150043 896000
1758930199374 2.9935609846811873 901120
1758930209789 2.9931348527576165 906240
1758930222635 2.995195844060316 911360
1758930236636 2.9959772348060616 916480
1758930246200 2.996158829011069 921600
1758930257812 2.9946206179508623 926720
1758930273145 2.9959987411769995 931840
1758930282749 2.9966016052943414 936960
1758930293704 2.9957755247242974 942080
1758930308965 2.9962626329640196 947200
1758930318802 2.997580183906023 952320
1758930333096 2.9970682827575645 957440
1758930344806 2.9976712805780448 962560
1758930354423 2.996774263384642 967680
1758930371422 2.997178973663243 972800
1758930381898 2.996743787489289 977920
1758930391552 2.9966967158962556 983040
1758930407388 2.9981764980280734 988160
1758930418362 2.9981014260399967 993280
1758930428592 2.9978173270651443 998400
1758930442424 2.998705339430767 1003520
1758930454234 2.998254835559803 1008640
1758930465514 2.9971061824345275 1013760
1758930477708 2.997675996956173 1018880
1758930490486 2.998219548133595 1024000
1758930501232 2.9993279296159017 1029120
1758930513935 2.9996554868781033 1034240
1758930530757 2.9993546695706534 1039360
1758930540747 2.9992575201171916 1044480
1758930551876 3.0010584969343532 1049600
1758930569424 3.001431041679089 1054720
1758930581567 3.0026902990979587 1059840
1758930594336 3.002519982675119 1064960
1758930607857 3.002625494729417 1070080
1758930622013 3.002729896263942 1075200
1758930634966 3.0029887243581035 1080320
1758930653745 3.0035737052562443 1085440
1758930664927 3.0044032534081953 1090560
1758930677633 3.004019061836137 1095680
1758930694743 3.00542888165038 1100800
1758930707055 3.0055557662406613 1105920
1758930719625 3.0046807466545875 1111040
1758930731795 3.0053922029121654 1116160
1758930746373 3.0048626306831996 1121280
1758930759582 3.005306076854334 1126400
1758930772598 3.004837364470392 1131520
1758930783060 3.005313653136531 1136640
1758930797564 3.005601983653228 1141760
1758930812518 3.0044061722977915 1146880
1758930822987 3.0036765375025025 1152000
1758930837411 3.0053999202696335 1157120
1758930849447 3.0055927402623177 1162240
1758930863084 3.00592800172451 1167360
1758930874732 3.0055802972581422 1172480
1758930888676 3.0049860213330484 1177600
1758930903111 3.0046987481825598 1182720
1758930918373 3.004519774011299 1187840
1758930928478 3.005626076866275 1192960
1758930941429 3.0066872067782366 1198080
1758930955376 3.007495859844853 1203200
1758930966831 3.0076206016629925 1208320
1758930978478 3.0072248340707963 1213440
1758930990496 3.007504561258563 1218560
1758931005711 3.0079012768874795 1223680
1758931017612 3.007799965864482 1228800
1758931029676 3.007478287472169 1233920
1758931045886 3.0075154879989165 1239040
1758931058426 3.007079526683073 1244160
1758931070533 3.0065468096892785 1249280
1758931086300 3.006920877981912 1254400
1758931100569 3.0065760996237474 1259520
1758931111942 3.0072460163491352 1264640
1758931124876 3.0077452809935097 1269760
1758931137018 3.0078790670131923 1274880
1758931151040 3.0077326343381388 1280000
1758931161615 3.0082730936801396 1285120
1758931176982 3.008354191723824 1290240
1758931192307 3.008920043386055 1295360
1758931203293 3.0093203257276464 1300480
1758931217410 3.009878248578496 1305600
1758931232820 3.010015839746564 1310720
1758931243936 3.0097225100014344 1315840
1758931258460 3.009303950209577 1320960
1758931272222 3.009710887581451 1326080
1758931284306 3.009610839766819 1331200
1758931296652 3.0099657867478578 1336320
1758931309183 3.010897435897436 1341440
1758931324728 3.0112307045281077 1346560
1758931336681 3.0108931785736455 1351680
1758931349138 3.010945688975465 1356800
1758931365637 3.011567905608355 1361920
1758931378108 3.0110331916460784 1367040
1758931390498 3.0111754903609484 1372160
1758931406172 3.0111645901239834 1377280
1758931418759 3.0118818191474834 1382400
1758931429786 3.010779511369134 1387520
1758931442119 3.01114642485954 1392640
1758931455726 3.0112553462894875 1397760
1758931467964 3.0115126414784026 1402880
1758931478866 3.011917885767065 1408000
1758931495761 3.012187156725945 1413120
1758931506972 3.012025204117856 1418240
1758931519054 3.012055828211817 1423360
1758931534626 3.0123066981921784 1428480
1758931545981 3.0128632891386427 1433600
1758931557825 3.0136041526931265 1438720
1758931569849 3.0126836072004535 1443840
1758931587527 3.013116747741487 1448960
1758931598692 3.013445669109585 1454080
1758931610968 3.0132123756397724 1459200
1758931623867 3.0129799426934096 1464320
1758931636237 3.013906140689025 1469440
1758931647933 3.0140572534289456 1474560
1758931660540 3.013667748933093 1479680
1758931675785 3.0137054044507243 1484800
1758931687599 3.013222744810882 1489920
1758931698899 3.013373936961464 1495040
1758931711901 3.0134965034965036 1500160
1758931725180 3.0141757966044995 1505280
1758931736836 3.0142946447176495 1510400
1758931750097 3.0146889839542577 1515520
1758931762018 3.0150258709899966 1520640
1758931775552 3.015154640592984 1525760
1758931788503 3.015295633343384 1530880
1758931799670 3.0158318193615363 1536000
1758931811584 3.015425249486052 1541120
1758931824474 3.015211550465438 1546240
1758931838348 3.015459107077647 1551360
1758931848315 3.0152593551170064 1556480
1758931861844 3.015666778636211 1561600
1758931876750 3.0168077355761502 1566720
1758931888308 3.0164183885952265 1571840
1758931900416 3.0164318311845553 1576960
1758931914423 3.0168039363917294 1582080
1758931926573 3.017028027498678 1587200
1758931939071 3.016788340405345 1592320
1758931951485 3.01740535428106 1597440
1758931964185 3.0184889354458555 1602560
1758931978616 3.0180380077268456 1607680
1758931989287 3.018266741260197 1612800
1758932003366 3.0188569131207283 1617920
1758932020558 3.0193923723335487 1623040
1758932030997 3.019498930329665 1628160
1758932044418 3.019384923693541 1633280
1758932070599 3.0199638882841815 1638400
1758932092762 3.0203998263844563 1643520
