1758928019546 34.899602269890664 5120
1758928032767 159.90484178421656 10240
1758928041635 152.276503049666 15360
1758928050447 131.79688285570637 20480
1758928064936 66.27538476124262 25600
1758928073874 146.22451540928742 30720
1758928085446 40.82603955770129 35840
1758928096235 124.03678840751147 40960
1758928106416 66.9535318062096 46080
1758928117594 53.372831965387796 51200
1758928129995 63.61656883711759 56320
1758928142086 91.44292317083806 61440
1758928155981 146.69501958589817 66560
1758928169775 98.44397502699151 71680
1758928180646 100.73985829230215 76800
1758928194644 124.77848515499494 81920
1758928208561 137.09115868605983 87040
1758928221007 82.8700926639401 92160
1758928234867 98.98062536873157 97280
1758928246002 101.34596240274489 102400
1758928257853 98.60134468005077 107520
1758928273767 169.38470236652935 112640
1758928284047 104.10027053188057 117760
1758928295515 174.5444860590928 122880
1758928307845 37.33081749810867 128000
1758928321041 38.40093752288874 133120
1758928332745 54.64891205211726 138240
1758928343145 195.55688176053712 143360
1758928356001 70.69329692740726 148480
1758928369114 134.65724926158984 153600
1758928380292 105.69257131337567 158720
1758928394129 207.86519972247 163840
1758928405413 45.89054465086763 168960
1758928416937 75.03629890691808 174080
1758928426741 158.68280871670703 179200
1758928443484 120.5225137208701 184320
1758928454737 177.3640054127199 189440
1758928464393 82.71320672858862 194560
1758928475846 168.57457497689 199680
1758928491321 142.6731070140826 204800
1758928501321 110.75239629267777 209920
1758928511467 82.41902141874631 215040
1758928527414 29.67318004952246 220160
1758928537515 67.50199562250548 225280
1758928549314 49.40578361505389 230400
1758928560215 63.661951308360145 235520
1758928574167 132.22900378310214 240640
1758928586560 122.59386782801859 245760
1758928597162 94.19898486277681 250880
1758928608379 80.16636085626911 256000
1758928619989 85.57184535346323 261120
1758928634946 95.74943499600502 266240
1758928646954 88.41467990471975 271360
1758928657733 103.10988740842716 276480
1758928668736 81.09166134988303 281600
1758928681857 76.93147468818782 286720
1758928694474 38.37353387861155 291840
1758928706021 209.6313474610156 296960
1758928719015 117.54348008855757 302080
1758928729153 96.12467341981024 307200
1758928740793 148.9560338092194 312320
1758928757003 93.94369162541716 317440
1758928769557 97.93597496906158 322560
1758928779884 115.09532956478789 327680
1758928795419 93.65630582350839 332800
1758928810125 53.57804915436105 337920
1758928822921 72.71552157556215 343040
1758928835181 98.14910843824589 348160
1758928847394 106.42200345072567 353280
1758928860359 32.114175459014135 358400
1758928874936 69.45016806583544 363520
1758928886048 39.17493882278221 368640
1758928900190 49.811811930691306 373760
1758928914473 75.98376811594203 378880
1758928923930 46.16786095609198 384000
1758928938145 74.94780479959974 389120
1758928951585 76.37672080996431 394240
1758928961042 107.1862206434796 399360
1758928975994 35.69347028738224 404480
1758928988441 114.2239651416122 409600
1758928999466 94.71161792932143 414720
1758929013687 112.70163370593293 419840
1758929025937 92.6262974250254 424960
1758929038497 112.47195108870535 430080
1758929050414 109.63780844834797 435200
1758929065968 128.0 440320
1758929077837 36.919740154569304 445440
1758929090272 35.86039910398249 450560
1758929105530 32.784904716494445 455680
1758929116548 162.7591773379899 460800
1758929131076 128.04689217242642 465920
1758929145302 43.45978655061651 471040
1758929155926 49.79170673219607 476160
1758929170475 79.00365417216048 481280
1758929182942 83.07032936562952 486400
1758929194931 71.673000683527 491520
1758929206353 90.58776268331138 496640
1758929223519 41.51502014233255 501760
1758929234293 136.63563214646382 506880
1758929245877 62.814371078130385 512000
1758929262692 114.54526586011961 517120
1758929273500 46.361781383678384 522240
1758929289468 171.4339900269762 527360
1758929301294 136.4800208251985 532480
1758929312813 27.67859782493929 537600
1758929325661 67.85801650218411 542720
1758929341403 36.27663034077149 547840
1758929352235 99.87627098464102 552960
1758929363693 99.563320435825 558080
1758929381741 108.70015031358524 563200
1758929392401 112.26122798565387 568320
1758929403386 87.62595579325617 573440
1758929422902 38.91253200727353 578560
1758929433120 27.55784494086728 583680
1758929444335 87.11635442196652 588800
1758929462079 75.89714637279916 593920
1758929472464 129.75819824279174 599040
1758929485103 95.48785429709733 604160
1758929500797 117.71832725231546 609280
1758929512668 113.39634476046285 614400
1758929524206 174.75538519228365 619520
1758929536326 88.92831548817979 624640
1758929549415 39.894080048698825 629760
1758929559607 66.13743732063452 634880
1758929571429 125.76246589307667 640000
1758929586221 78.71010358804985 645120
1758929596571 147.2047169480223 650240
1758929608618 144.73598122778563 655360
1758929623292 114.8589424103842 660480
1758929633274 110.4490849242923 665600
1758929645034 56.40765496187313 670720
1758929660184 167.65145095531219 675840
1758929669831 99.3981562670332 680960
1758929682459 114.03762914627515 686080
1758929696843 154.4522020916188 691200
1758929706812 108.88922350009086 696320
1758929720597 63.592455576444905 701440
1758929733886 127.3393648673265 706560
1758929743469 120.32888659379752 711680
1758929757657 102.98836124343171 716800
1758929768743 116.14388170464929 721920
1758929780706 111.09856170370567 727040
1758929792454 50.31554702495202 732160
1758929805040 189.02627428004868 737280
1758929816514 52.47931133716202 742400
1758929827500 103.70133016861989 747520
1758929842652 96.85495901166148 752640
1758929853135 142.54703643284392 757760
1758929864331 96.09824497090226 762880
1758929880128 109.29782410423452 768000
1758929890529 114.63292246303534 773120
1758929902025 50.86039264190525 778240
1758929918263 148.3029488720741 783360
1758929929072 85.7818590857961 788480
1758929940275 119.11575599227537 793600
1758929956461 62.34380248822034 798720
1758929968012 191.68703441341805 803840
1758929978171 112.77739237987686 808960
1758929992197 73.56234105617622 814080
1758930003664 85.63124476837957 819200
1758930014755 86.43772153985657 824320
1758930026661 129.01581051984004 829440
1758930040679 91.93196563212345 834560
1758930051694 36.091211041698934 839680
1758930063369 88.08047208047208 844800
1758930077758 97.33144594249646 849920
1758930088482 87.10007268196449 855040
1758930099707 51.378117497182615 860160
1758930114783 199.56720749869154 865280
1758930125161 75.85596730146673 870400
1758930136447 78.1658994763227 875520
1758930152703 117.58961563262217 880640
1758930162230 66.01252793603828 885760
1758930172800 172.27897806621212 890880
1758930188313 55.0708227199916 896000
1758930199364 179.6352734592488 901120
1758930209775 127.79719683120048 906240
1758930222625 131.77203895695885 911360
1758930236619 251.08075426519005 916480
1758930246186 131.86732480271638 921600
1758930257799 131.69342836509782 926720
1758930273133 33.193026329326294 931840
1758930282737 66.52662299554301 936960
1758930293687 78.11494766640593 942080
1758930308953 87.96040600620753 947200
1758930318775 75.18829771977629 952320
1758930333084 93.80082746282008 957440
1758930344793 107.12599289965009 962560
1758930354404 121.29627808785679 967680
1758930371410 70.03346134580063 972800
1758930381887 205.07035642693003 977920
1758930391539 96.92210283073368 983040
1758930407377 287.3795135320315 988160
1758930418351 47.64955012269381 993280
1758930428577 91.85143658023826 998400
1758930442407 80.12960415711447 1003520
1758930454221 127.23506749582891 1008640
1758930465501 26.116625881854805 1013760
1758930477691 61.271861395973936 1018880
1758930490463 113.57136281172998 1024000
1758930501216 108.92315682862856 1029120
1758930513919 37.60291190762224 1034240
1758930530744 129.48180162380763 1039360
1758930540730 75.46290998722586 1044480
1758930551860 76.66009906238006 1049600
1758930569407 87.06752745313764 1054720
1758930581547 80.18781784116545 1059840
1758930594312 102.10087633885102 1064960
1758930607841 46.633948922071134 1070080
1758930621996 191.73961142857144 1075200
1758930634952 55.21436469906798 1080320
1758930653730 93.8113173786625 1085440
1758930664908 95.03135762189596 1090560
1758930677619 45.52543660657108 1095680
1758930694728 37.78924607178896 1100800
1758930707032 147.91070987763163 1105920
1758930719607 102.71345659360843 1111040
1758930731779 40.97200351665527 1116160
1758930746358 100.75921877627502 1121280
1758930759566 194.893545838948 1126400
1758930772579 132.53820388042723 1131520
1758930783045 142.4695652173913 1136640
1758930797521 56.98472909081028 1141760
1758930812501 114.49211115357318 1146880
1758930822972 57.54213826123939 1152000
1758930837391 148.3659002476123 1157120
1758930849433 90.82905279570357 1162240
1758930863067 129.689991033054 1167360
1758930874711 90.78973115719295 1172480
1758930888659 134.1447532542297 1177600
1758930903085 69.35026455026455 1182720
1758930918355 181.03086020113082 1187840
1758930928462 208.99417011310976 1192960
1758930941413 47.181083938896265 1198080
1758930955360 74.34073023750443 1203200
1758930966812 140.4515286474902 1208320
1758930978463 77.45856802526363 1213440
1758930990479 107.54349888464398 1218560
1758931005684 118.90301913536499 1223680
1758931017598 66.1979797979798 1228800
1758931029660 54.34866664938969 1233920
1758931045867 38.582858824936295 1239040
1758931058409 30.842511636799493 1244160
1758931070513 78.7056726276482 1249280
1758931086276 95.03351081907783 1254400
1758931100550 116.95351755290969 1259520
1758931111926 133.48728557334266 1264640
1758931124853 119.84410537745013 1269760
1758931137002 77.5215599297662 1274880
1758931151025 72.84307051059396 1280000
1758931161593 100.96781492982836 1285120
1758931176960 84.7847988680008 1290240
1758931192282 85.41152992445069 1295360
1758931203269 198.7445034116755 1300480
1758931217392 62.712000239227294 1305600
1758931232791 49.831933372144135 1310720
1758931243917 111.16039436022474 1315840
1758931258440 112.45988845988846 1320960
1758931272200 80.9711196911197 1326080
1758931284289 48.714897966294615 1331200
1758931296630 76.62928656252855 1336320
1758931309159 60.2370242711475 1341440
1758931324708 89.65061451319868 1346560
1758931336661 82.83081541165551 1351680
1758931349113 71.98050454779475 1356800
1758931365617 124.20575083656608 1361920
1758931378084 46.711332858161086 1367040
1758931390475 97.8674195580652 1372160
1758931406154 89.25760251963142 1377280
1758931418735 147.35987070934195 1382400
1758931429769 173.61248396042882 1387520
1758931442102 55.39082433110589 1392640
1758931455712 44.63640040014473 1397760
1758931467943 38.447754626871145 1402880
1758931478849 84.03061265376448 1408000
1758931495740 88.4818260447651 1413120
1758931506955 115.8423509266164 1418240
1758931519035 93.87220518788747 1423360
1758931534607 59.876714871018855 1428480
1758931545959 116.09565987599646 1433600
1758931557804 97.66687623704739 1438720
1758931569825 126.01183716388763 1443840
1758931587509 106.41930327556898 1448960
1758931598668 165.60603308721917 1454080
1758931610952 106.37611910015471 1459200
1758931623845 80.73887851546709 1464320
1758931636213 97.36533729513906 1469440
1758931647909 100.2702366722448 1474560
1758931660524 66.79678939992355 1479680
1758931675766 128.31719032031083 1484800
1758931687578 77.5172617727508 1489920
1758931698879 72.41171900626694 1495040
1758931711878 98.5573231195808 1500160
1758931725162 119.48222424794895 1505280
1758931736817 108.7875502528855 1510400
1758931750063 32.77491345830761 1515520
1758931761999 77.92338275182998 1520640
1758931775525 101.72448583624369 1525760
1758931788478 82.77850362154375 1530880
1758931799644 122.99651036626491 1536000
1758931811561 50.86039264190525 1541120
1758931824451 152.5978316233719 1546240
1758931838323 72.63367159630104 1551360
1758931848286 192.99240785901625 1556480
1758931861825 143.20406978729216 1561600
1758931876730 165.6518167456556 1566720
1758931888288 65.33896219213933 1571840
1758931900393 79.3009018547579 1576960
1758931914401 81.28968738492549 1582080
1758931926553 121.77168737661131 1587200
1758931939053 143.28234208998052 1592320
1758931951460 157.2608451126692 1597440
1758931964166 92.20682377769961 1602560
1758931978599 34.498021894868444 1607680
1758931989269 128.80186709249477 1612800
1758932003345 126.23179944021429 1617920
1758932020540 59.47680090754396 1623040
1758932030977 120.99186522817746 1628160
1758932044382 104.70054917623564 1633280
1758932070439 111.77359093937375 1638400
1758932092734 131.32644498716263 1643520
