1758928019551 -1.4215642417349466 5120
1758928032771 -5.9358696787723115 10240
1758928041638 -7.734174959587328 15360
1758928050451 -8.763081464895098 20480
1758928064940 -9.345036867781436 25600
1758928073878 -8.089148430449866 30720
1758928085452 -5.5675510526238 35840
1758928096239 -3.456980783832326 40960
1758928106421 -1.9088864834823271 46080
1758928117597 -0.5876760110437158 51200
1758928130001 0.3808448694578749 56320
1758928142091 1.3330571668954434 61440
1758928155986 1.9617911499663336 66560
1758928169782 2.6486923016539405 71680
1758928180651 3.2287939160535473 76800
1758928194649 3.7116653622619826 81920
1758928208567 4.1145153989171135 87040
1758928221015 4.325563438038409 92160
1758928234874 4.66525532898001 97280
1758928246023 4.917667124561492 102400
1758928257860 5.256785423524918 107520
1758928273774 5.450995552771852 112640
1758928284054 5.649015052948374 117760
1758928295523 5.845685291354591 122880
1758928307854 5.988428251730963 128000
1758928321047 6.178683728369597 133120
1758928332751 6.350041604349644 138240
1758928343154 6.463843424390902 143360
1758928356007 6.613272864808246 148480
1758928369121 6.725615794743006 153600
1758928380301 6.8866118277610715 158720
1758928394134 7.0272301798806724 163840
1758928405422 7.067635189946445 168960
1758928416943 7.168743724515911 174080
1758928426747 7.321629333849675 179200
1758928443489 7.347946957781166 184320
1758928454742 7.415364537591551 189440
1758928464399 7.427529126036529 194560
1758928475854 7.497419016085079 199680
1758928491327 7.57598131363767 204800
1758928501327 7.654512304849583 209920
1758928511474 7.706513923161492 215040
1758928527419 7.711108935371549 220160
1758928537522 7.8075089285971995 225280
1758928549319 7.8758663011753685 230400
1758928560224 7.932360602499793 235520
1758928574174 7.997642239849343 240640
1758928586566 8.061288460680123 245760
1758928597170 8.090143299656784 250880
1758928608386 8.111518156804802 256000
1758928619995 8.153272481269575 261120
1758928634952 8.201924655855509 266240
1758928646962 8.209186824822888 271360
1758928657741 8.240898204185745 276480
1758928668747 8.275732906714724 281600
1758928681862 8.324154072029646 286720
1758928694481 8.32691933232751 291840
1758928706028 8.36187494180807 296960
1758928719021 8.399921361722077 302080
1758928729160 8.418728714703446 307200
1758928740799 8.436206683206228 312320
1758928757009 8.465722540030727 317440
1758928769567 8.503634211026743 322560
1758928779890 8.535650728373062 327680
1758928795426 8.53768561272047 332800
1758928810132 8.566587394915873 337920
1758928822931 8.607030429764698 343040
1758928835192 8.625814983574132 348160
1758928847405 8.669575006646578 353280
1758928860366 8.697649953083134 358400
1758928874947 8.70876746255987 363520
1758928886055 8.751830392764722 368640
1758928900201 8.77396694017345 373760
1758928914482 8.82130215275774 378880
1758928923942 8.853775065918766 384000
1758928938151 8.852866897902503 389120
1758928951592 8.869959898252745 394240
1758928961052 8.905272964879106 399360
1758928976001 8.895646012608998 404480
1758928988450 8.903563169559058 409600
1758928999474 8.915204884513404 414720
1758929013697 8.949813890609013 419840
1758929025946 8.975367154175363 424960
1758929038505 8.97200841195751 430080
1758929050423 8.98730271704023 435200
1758929065977 8.999972787551206 440320
1758929077851 9.015044012476949 445440
1758929090281 9.025756780005599 450560
1758929105543 9.009625402460797 455680
1758929116557 9.033962526955579 460800
1758929131089 9.041901583090635 465920
1758929145310 9.047019506122975 471040
1758929155940 9.045467139274136 476160
1758929170484 9.057760656032693 481280
1758929182950 9.07871587764196 486400
1758929194947 9.08238949283367 491520
1758929206363 9.112708794018669 496640
1758929223527 9.123757151387078 501760
1758929234304 9.141056091937822 506880
1758929245886 9.151545989383447 512000
1758929262700 9.178220217064556 517120
1758929273514 9.185462153501534 522240
1758929289476 9.19563505216594 527360
1758929301304 9.207997393062168 532480
1758929312821 9.20358157891508 537600
1758929325671 9.220206865386592 542720
1758929341415 9.239005956547462 547840
1758929352244 9.23603144267771 552960
1758929363705 9.25489813420247 558080
1758929381751 9.259448677529447 563200
1758929392409 9.274537322921645 568320
1758929403395 9.285688550242513 573440
1758929422912 9.302026320440314 578560
1758929433144 9.312606066531638 583680
1758929444344 9.302514711518588 588800
1758929462103 9.31036079644972 593920
1758929472478 9.340839603275835 599040
1758929485116 9.33930389737389 604160
1758929500810 9.361087801693511 609280
1758929512677 9.377908370272898 614400
1758929524214 9.400184140991545 619520
1758929536336 9.397625298816163 624640
1758929549426 9.41646387424578 629760
1758929559619 9.419746686984105 634880
1758929571439 9.424420141211483 640000
1758929586231 9.427963627473732 645120
1758929596581 9.441553851774104 650240
1758929608643 9.438049243046688 655360
1758929623302 9.44034229337334 660480
1758929633285 9.450441072412328 665600
1758929645043 9.441931536969072 670720
1758929660194 9.45897075403585 675840
1758929669841 9.455104377230011 680960
1758929682476 9.457849190288906 686080
1758929696858 9.462671313935042 691200
1758929706825 9.467829062183915 696320
1758929720606 9.461983447999417 701440
1758929733895 9.467025689463224 706560
1758929743483 9.469652074163843 711680
1758929757668 9.485311558319317 716800
1758929768752 9.484915604620962 721920
1758929780715 9.484910247966193 727040
1758929792469 9.499537401804147 732160
1758929805051 9.497700731382698 737280
1758929816525 9.511818978946302 742400
1758929827517 9.514750982118922 747520
1758929842668 9.511126073993927 752640
1758929853168 9.50371973911998 757760
1758929864349 9.51904277484268 762880
1758929880142 9.522436521690215 768000
1758929890540 9.524999293293671 773120
1758929902037 9.52885937733721 778240
1758929918274 9.543971745904116 783360
1758929929093 9.553910859980634 788480
1758929940287 9.56916871115031 793600
1758929956472 9.581280998796544 798720
1758929968028 9.578419898622224 803840
1758929978182 9.600177911569915 808960
1758929992218 9.617986833090324 814080
1758930003676 9.622520965562124 819200
1758930014766 9.612974176757776 824320
1758930026678 9.620231797604653 829440
1758930040694 9.617657096979414 834560
1758930051707 9.624640582124341 839680
1758930063395 9.631076169063045 844800
1758930077770 9.63020083646148 849920
1758930088493 9.64227195212975 855040
1758930099723 9.641644647035905 860160
1758930114793 9.643352207122149 865280
1758930125172 9.646530216371657 870400
1758930136461 9.650474804648944 875520
1758930152716 9.649594788354081 880640
1758930162240 9.664379816480922 885760
1758930172817 9.666532475981578 890880
1758930188325 9.676111104038336 896000
1758930199374 9.675545915482907 901120
1758930209789 9.66972782963341 906240
1758930222635 9.691577117642133 911360
1758930236636 9.698151887178405 916480
1758930246200 9.700194808925627 921600
1758930257812 9.687426231999382 926720
1758930273145 9.696617261607651 931840
1758930282749 9.701891201342615 936960
1758930293704 9.69334333929376 942080
1758930308965 9.697665904080178 947200
1758930318802 9.711886161788422 952320
1758930333096 9.705917499278586 957440
1758930344806 9.709130465584801 962560
1758930354423 9.700529058498168 967680
1758930371422 9.705511864384244 972800
1758930381898 9.699422881413241 977920
1758930391552 9.700024131994567 983040
1758930407388 9.714345331274115 988160
1758930418362 9.714211390618182 993280
1758930428592 9.713157230131253 998400
1758930442424 9.724727532876013 1003520
1758930454234 9.721125472291112 1008640
1758930465514 9.715304830114277 1013760
1758930477708 9.719131870158762 1018880
1758930490486 9.724000947961015 1024000
1758930501232 9.733411043978268 1029120
1758930513935 9.73676763904265 1034240
1758930530757 9.732431197610229 1039360
1758930540747 9.733487497778714 1044480
1758930551876 9.750802842507584 1049600
1758930569424 9.754718225141085 1054720
1758930581567 9.767563526644361 1059840
1758930594336 9.765841421623064 1064960
1758930607857 9.765919058911221 1070080
1758930622013 9.767115241046927 1075200
1758930634966 9.770623152622521 1080320
1758930653745 9.780049588379198 1085440
1758930664927 9.788313632244574 1090560
1758930677633 9.78414553328908 1095680
1758930694743 9.800115548885625 1100800
1758930707055 9.800274089550085 1105920
1758930719625 9.792430474997857 1111040
1758930731795 9.798786899464519 1116160
1758930746373 9.792688690478343 1121280
1758930759582 9.797223346234079 1126400
1758930772598 9.794048628543264 1131520
1758930783060 9.799805644974937 1136640
1758930797564 9.80223873999178 1141760
1758930812518 9.79415160130736 1146880
1758930822987 9.787736370065216 1152000
1758930837411 9.803324101234153 1157120
1758930849447 9.805105519837998 1162240
1758930863084 9.808544196693292 1167360
1758930874732 9.807059125283999 1172480
1758930888676 9.801772500344558 1177600
1758930903111 9.798849732847332 1182720
1758930918373 9.797293911613313 1187840
1758930928478 9.809150958640519 1192960
1758930941429 9.821297027593767 1198080
1758930955376 9.82501698236857 1203200
1758930966831 9.825260322604308 1208320
1758930978478 9.824657181920731 1213440
1758930990496 9.82705943807439 1218560
1758931005711 9.828998568942914 1223680
1758931017612 9.82932002745832 1228800
1758931029676 9.824547938009347 1233920
1758931045886 9.823690702025813 1239040
1758931058426 9.820232919458231 1244160
1758931070533 9.814633973514777 1249280
1758931086300 9.81960031912462 1254400
1758931100569 9.816801598795015 1259520
1758931111942 9.823783429024099 1264640
1758931124876 9.829052222670212 1269760
1758931137018 9.82910044803413 1274880
1758931151040 9.829628920586362 1280000
1758931161615 9.832843609213189 1285120
1758931176982 9.83335553505825 1290240
1758931192307 9.838168925726135 1295360
1758931203293 9.842510403128177 1300480
1758931217410 9.850357462941725 1305600
1758931232820 9.85210493510766 1310720
1758931243936 9.849435234899754 1315840
1758931258460 9.846433563637003 1320960
1758931272222 9.85062717294877 1326080
1758931284306 9.850456460832854 1331200
1758931296652 9.854978001870926 1336320
1758931309183 9.862995788199667 1341440
1758931324728 9.866258121346029 1346560
1758931336681 9.864149227939086 1351680
1758931349138 9.86256417295898 1356800
1758931365637 9.86833612449626 1361920
1758931378108 9.864718246114592 1367040
1758931390498 9.864324376462488 1372160
1758931406172 9.863076287269969 1377280
1758931418759 9.871202218886939 1382400
1758931429786 9.861094304715946 1387520
1758931442119 9.864351097014653 1392640
1758931455726 9.865533287830916 1397760
1758931467964 9.86734479165538 1402880
1758931478866 9.872837806392283 1408000
1758931495761 9.876122881559748 1413120
1758931506972 9.875357939158512 1418240
1758931519054 9.87523576263879 1423360
1758931534626 9.877567682628557 1428480
1758931545981 9.881463913634652 1433600
1758931557825 9.890425242456022 1438720
1758931569849 9.881660904863763 1443840
1758931587527 9.887726167796357 1448960
1758931598692 9.891170223404927 1454080
1758931610968 9.88971347859294 1459200
1758931623867 9.88697961927485 1464320
1758931636237 9.894512971466932 1469440
1758931647933 9.896779727734971 1474560
1758931660540 9.894941778459225 1479680
1758931675785 9.895974249534916 1484800
1758931687599 9.891298348859271 1489920
1758931698899 9.892050947895815 1495040
1758931711901 9.89276596554843 1500160
1758931725180 9.899040851463809 1505280
1758931736836 9.899353644340628 1510400
1758931750097 9.904116343135554 1515520
1758931762018 9.90876685082974 1520640
1758931775552 9.909628419692359 1525760
1758931788503 9.912608613949859 1530880
1758931799670 9.918497090443422 1536000
1758931811584 9.914613442759123 1541120
1758931824474 9.913880894186507 1546240
1758931838348 9.916027229239225 1551360
1758931848315 9.915026296603054 1556480
1758931861844 9.919116780028313 1561600
1758931876750 9.929561817455083 1566720
1758931888308 9.927926308868521 1571840
1758931900416 9.92871171887368 1576960
1758931914423 9.933573679923443 1582080
1758931926573 9.936137840547365 1587200
1758931939071 9.932669027690578 1592320
1758931951485 9.940060989688162 1597440
1758931964185 9.951284676352392 1602560
1758931978616 9.948110558138493 1607680
1758931989287 9.952596603109466 1612800
1758932003366 9.959377080191667 1617920
1758932020558 9.965539030187271 1623040
1758932030997 9.96765750185234 1628160
1758932044418 9.96691387884725 1633280
1758932070599 9.97353535700143 1638400
1758932092762 9.977846636747685 1643520
