1770997072790 19.538246154785156 5120
1770997090195 20.78680419921875 10240
1770997107677 20.894689559936523 15360
1770997125112 21.208160400390625 20480
1770997142551 21.204622268676758 25600
1770997160022 21.186790466308594 30720
1770997177493 21.438451766967773 35840
1770997194968 22.041913986206055 40960
1770997212406 22.111469268798828 46080
1770997229881 22.05349349975586 51200
1770997247345 21.909263610839844 56320
1770997264790 21.880088806152344 61440
1770997282260 21.912033081054688 66560
1770997299752 21.94612693786621 71680
1770997317255 21.99090003967285 76800
1770997334751 22.032817840576172 81920
1770997352227 22.058597564697266 87040
1770997369622 22.05552864074707 92160
1770997387106 22.082073211669922 97280
1770997404529 22.101177215576172 102400
1770997422014 22.05014991760254 107520
1770997439492 21.91645622253418 112640
1770997456975 21.709918975830078 117760
1770997474438 21.477296829223633 122880
1770997491890 21.351171493530273 128000
1770997509299 21.208337783813477 133120
1770997526757 21.10511589050293 138240
1770997544233 20.98304557800293 143360
1770997561702 20.88210678100586 148480
1770997579158 20.79105567932129 153600
1770997596647 20.6431827545166 158720
1770997614127 20.420490264892578 163840
1770997631589 20.24456787109375 168960
1770997648996 20.030597686767578 174080
1770997666480 19.843280792236328 179200
1770997683945 19.698699951171875 184320
1770997701421 19.585254669189453 189440
1770997718894 19.46040916442871 194560
1770997736361 19.324007034301758 199680
1770997753848 19.184452056884766 204800
1770997771367 19.048301696777344 209920
1770997788831 18.897592544555664 215040
1770997806326 18.753948211669922 220160
1770997823711 18.613082885742188 225280
1770997841243 18.517559051513672 230400
1770997858741 18.392419815063477 235520
1770997876227 18.286252975463867 240640
1770997893723 18.194787979125977 245760
1770997911197 18.074180603027344 250880
1770997928689 17.95691680908203 256000
1770997946178 17.851831436157227 261120
1770997963643 17.76358985900879 266240
1770997981137 17.649198532104492 271360
1770997998630 17.54574203491211 276480
1770998016118 17.4531192779541 281600
1770998033592 17.343839645385742 286720
1770998051042 17.256465911865234 291840
1770998068536 17.178810119628906 296960
1770998075541 17.147865295410156 300032
