1770997072790 0.08012373000383377 5120
1770997090195 0.07835917919874191 10240
1770997107677 0.07781009376049042 15360
1770997125112 0.0777432844042778 20480
1770997142551 0.07589001208543777 25600
1770997160022 0.07475139945745468 30720
1770997177493 0.07260037958621979 35840
1770997194968 0.06086595728993416 40960
1770997212406 0.057406459003686905 46080
1770997229881 0.05922817438840866 51200
1770997247345 0.059472616761922836 56320
1770997264790 0.06049159914255142 61440
1770997282260 0.06189233809709549 66560
1770997299752 0.06231158599257469 71680
1770997317255 0.06276687979698181 76800
1770997334751 0.06319788843393326 81920
1770997352227 0.06371854990720749 87040
1770997369622 0.06431077420711517 92160
1770997387106 0.06484658271074295 97280
1770997404529 0.0650554746389389 102400
1770997422014 0.06532889604568481 107520
1770997439492 0.06759621202945709 112640
1770997456975 0.071253202855587 117760
1770997474438 0.07451409101486206 122880
1770997491890 0.0765031948685646 128000
1770997509299 0.07852640748023987 133120
1770997526757 0.080973319709301 138240
1770997544233 0.08337990194559097 143360
1770997561702 0.08581323176622391 148480
1770997579158 0.08699417859315872 153600
1770997596647 0.08893822878599167 158720
1770997614127 0.09098176658153534 163840
1770997631589 0.09283987432718277 168960
1770997648996 0.09437459707260132 174080
1770997666480 0.09625649452209473 179200
1770997683945 0.0976223424077034 184320
1770997701421 0.09962356090545654 189440
1770997718894 0.10112375766038895 194560
1770997736361 0.10294390469789505 199680
1770997753848 0.10462675243616104 204800
1770997771367 0.10617997497320175 209920
1770997788831 0.10711303353309631 215040
1770997806326 0.10838744044303894 220160
1770997823711 0.1096525490283966 225280
1770997841243 0.1109423041343689 230400
1770997858741 0.11275726556777954 235520
1770997876227 0.11427004635334015 240640
1770997893723 0.11523023247718811 245760
1770997911197 0.11647556722164154 250880
1770997928689 0.11718771606683731 256000
1770997946178 0.11808893829584122 261120
1770997963643 0.11888115108013153 266240
1770997981137 0.12015043944120407 271360
1770997998630 0.1210380271077156 276480
1770998016118 0.12200044095516205 281600
1770998033592 0.12280650436878204 286720
1770998051042 0.12374421209096909 291840
1770998068536 0.12447469681501389 296960
1770998075541 0.12477626651525497 300032
