1770997072790 25.46916961669922 5120
1770997090195 26.58241081237793 10240
1770997107677 26.702648162841797 15360
1770997125112 26.986019134521484 20480
1770997142551 26.860309600830078 25600
1770997160022 26.783781051635742 30720
1770997177493 26.958797454833984 35840
1770997194968 27.125917434692383 40960
1770997212406 27.086870193481445 46080
1770997229881 27.0911922454834 51200
1770997247345 26.96108055114746 56320
1770997264790 26.9635066986084 61440
1770997282260 27.044843673706055 66560
1770997299752 27.09073257446289 71680
1770997317255 27.15329360961914 76800
1770997334751 27.219388961791992 81920
1770997352227 27.26518440246582 87040
1770997369622 27.282005310058594 92160
1770997387106 27.3244686126709 97280
1770997404529 27.350725173950195 102400
1770997422014 27.30233383178711 107520
1770997439492 27.2574405670166 112640
1770997456975 27.21058464050293 117760
1770997474438 27.124155044555664 122880
1770997491890 27.091554641723633 128000
1770997509299 27.047773361206055 133120
1770997526757 27.03889274597168 138240
1770997544233 27.019498825073242 143360
1770997561702 27.023014068603516 148480
1770997579158 26.981067657470703 153600
1770997596647 26.92473793029785 158720
1770997614127 26.792543411254883 163840
1770997631589 26.710891723632812 168960
1770997648996 26.5721435546875 174080
1770997666480 26.47392463684082 179200
1770997683945 26.39957046508789 184320
1770997701421 26.367420196533203 189440
1770997718894 26.315317153930664 194560
1770997736361 26.261262893676758 199680
1770997753848 26.19736671447754 204800
1770997771367 26.13745880126953 209920
1770997788831 26.037784576416016 215040
1770997806326 25.960529327392578 220160
1770997823711 25.886816024780273 225280
1770997841243 25.852903366088867 230400
1770997858741 25.80837631225586 235520
1770997876227 25.773893356323242 240640
1770997893723 25.729854583740234 245760
1770997911197 25.666723251342773 250880
1770997928689 25.5849666595459 256000
1770997946178 25.527793884277344 261120
1770997963643 25.485288619995117 266240
1770997981137 25.432931900024414 271360
1770997998630 25.372520446777344 276480
1770998016118 25.330801010131836 281600
1770998033592 25.256282806396484 286720
1770998051042 25.214256286621094 291840
1770998068536 25.169008255004883 296960
1770998075541 25.14988899230957 300032
