1770997072790 0.0 5120
1770997090195 0.0 10240
1770997107677 0.0 15360
1770997125112 0.0 20480
1770997142551 0.0 25600
1770997160022 0.0 30720
1770997177493 0.0 35840
1770997194968 0.0 40960
1770997212406 0.0 46080
1770997229881 0.0 51200
1770997247345 0.0 56320
1770997264790 0.0 61440
1770997282260 0.0 66560
1770997299752 0.0 71680
1770997317255 0.0 76800
1770997334751 0.0 81920
1770997352227 0.0 87040
1770997369622 0.0 92160
1770997387106 0.0 97280
1770997404529 0.0 102400
1770997422014 0.0 107520
1770997439492 0.0 112640
1770997456975 0.0 117760
1770997474438 0.0 122880
1770997491890 0.0 128000
1770997509299 0.0 133120
1770997526757 0.0 138240
1770997544233 0.0 143360
1770997561702 0.0 148480
1770997579158 0.0 153600
1770997596647 0.0 158720
1770997614127 0.0 163840
1770997631589 0.0 168960
1770997648996 0.0 174080
1770997666480 0.0 179200
1770997683945 0.0 184320
1770997701421 0.0 189440
1770997718894 0.0 194560
1770997736361 0.0 199680
1770997753848 0.0 204800
1770997771367 0.0 209920
1770997788831 0.0 215040
1770997806326 0.0 220160
1770997823711 0.0 225280
1770997841243 0.0 230400
1770997858741 0.0 235520
1770997876227 0.0 240640
1770997893723 0.0 245760
1770997911197 0.0 250880
1770997928689 0.0 256000
1770997946178 0.0 261120
1770997963643 0.0 266240
1770997981137 0.0 271360
1770997998630 0.0 276480
1770998016118 0.0 281600
1770998033592 0.0 286720
1770998051042 0.0 291840
1770998068536 0.0 296960
1770998075541 0.0 300032
