1770997072781 -1.2017520666122437 5120
1770997090183 -2.157175064086914 10240
1770997107666 -2.915940999984741 15360
1770997125100 -3.2839207649230957 20480
1770997142541 -3.9339118003845215 25600
1770997160012 -4.674424648284912 30720
1770997177482 -5.318905830383301 35840
1770997194958 -4.686659812927246 40960
1770997212394 -6.9916229248046875 46080
1770997229873 -8.137007713317871 51200
1770997247335 -8.683097839355469 56320
1770997264779 -9.058480262756348 61440
1770997282250 -9.44020938873291 66560
1770997299742 -9.541452407836914 71680
1770997317244 -9.699481010437012 76800
1770997334741 -9.731369018554688 81920
1770997352216 -9.709753036499023 87040
1770997369613 -9.791433334350586 92160
1770997387095 -9.516729354858398 97280
1770997404518 -9.300104141235352 102400
1770997422002 -9.422152519226074 107520
1770997439480 -9.435636520385742 112640
1770997456964 -10.014663696289062 117760
1770997474427 -10.608644485473633 122880
1770997491881 -11.331794738769531 128000
1770997509287 -11.448142051696777 133120
1770997526745 -11.80639362335205 138240
1770997544221 -11.998979568481445 143360
1770997561690 -12.447786331176758 148480
1770997579149 -13.131808280944824 153600
1770997596636 -13.743578910827637 158720
1770997614115 -13.895747184753418 163840
1770997631577 -14.367403984069824 168960
1770997648984 -14.436169624328613 174080
1770997666467 -14.733816146850586 179200
1770997683933 -14.938158988952637 184320
1770997701409 -15.2048978805542 189440
1770997718882 -15.523333549499512 194560
1770997736348 -15.83708381652832 199680
1770997753836 -16.181774139404297 204800
1770997771354 -16.414030075073242 209920
1770997788818 -16.445568084716797 215040
1770997806313 -16.825815200805664 220160
1770997823698 -16.7581844329834 225280
1770997841230 -16.91016387939453 230400
1770997858728 -17.299724578857422 235520
1770997876214 -17.0792179107666 240640
1770997893710 -17.519485473632812 245760
1770997911184 -17.323116302490234 250880
1770997928675 -17.612485885620117 256000
1770997946164 -17.434131622314453 261120
1770997963628 -17.344926834106445 266240
1770997981123 -17.68990707397461 271360
1770997998616 -17.52806282043457 276480
1770998016104 -17.614566802978516 281600
1770998033578 -17.570873260498047 286720
1770998051029 -17.55666160583496 291840
1770998068521 -17.653139114379883 296960
1770998075527 -17.597017288208008 300032
