1770997072781 17.112974166870117 5120
1770997090183 14.36253833770752 10240
1770997107666 13.408061027526855 15360
1770997125100 13.606801986694336 20480
1770997142541 13.908953666687012 25600
1770997160012 13.251235961914062 30720
1770997177482 12.887667655944824 35840
1770997194958 12.513578414916992 40960
1770997212394 11.812127113342285 46080
1770997229873 11.911625862121582 51200
1770997247335 12.947908401489258 56320
1770997264779 12.684804916381836 61440
1770997282250 13.404864311218262 66560
1770997299742 13.499382019042969 71680
1770997317244 13.243165969848633 76800
1770997334741 13.519514083862305 81920
1770997352216 13.038922309875488 87040
1770997369613 13.577766418457031 92160
1770997387095 12.885061264038086 97280
1770997404518 12.89201545715332 102400
1770997422002 11.955268859863281 107520
1770997439480 12.0985746383667 112640
1770997456964 13.706644058227539 117760
1770997474427 14.794118881225586 122880
1770997491881 16.37285041809082 128000
1770997509287 16.148357391357422 133120
1770997526745 17.02731704711914 138240
1770997544221 17.70252799987793 143360
1770997561690 18.922704696655273 148480
1770997579149 20.336917877197266 153600
1770997596636 21.854280471801758 158720
1770997614115 22.918460845947266 163840
1770997631577 24.005178451538086 168960
1770997648984 24.507816314697266 174080
1770997666467 25.552181243896484 179200
1770997683933 25.98514747619629 184320
1770997701409 24.9073543548584 189440
1770997718882 25.960994720458984 194560
1770997736348 26.096139907836914 199680
1770997753836 26.596155166625977 204800
1770997771354 28.153539657592773 209920
1770997788818 29.389806747436523 215040
1770997806313 30.241174697875977 220160
1770997823698 30.47372817993164 225280
1770997841230 29.936199188232422 230400
1770997858728 30.4654541015625 235520
1770997876214 31.97342872619629 240640
1770997893710 31.8115234375 245760
1770997911184 33.24474334716797 250880
1770997928675 33.24498748779297 256000
1770997946164 33.4354133605957 261120
1770997963628 34.30247116088867 266240
1770997981123 32.80904006958008 271360
1770997998616 33.558448791503906 276480
1770998016104 32.095916748046875 281600
1770998033578 34.27089309692383 286720
1770998051029 35.311248779296875 291840
1770998068521 33.23093795776367 296960
1770998075527 34.486732482910156 300032
