1770997072790 1.0913443565368652 5120
1770997090195 1.1108403205871582 10240
1770997107677 1.107898473739624 15360
1770997125112 1.115829586982727 20480
1770997142551 1.1012910604476929 25600
1770997160022 1.0967460870742798 30720
1770997177493 1.0789711475372314 35840
1770997194968 0.9936079978942871 40960
1770997212406 0.9691411256790161 46080
1770997229881 0.9853054881095886 51200
1770997247345 0.9841467142105103 56320
1770997264790 0.9937458038330078 61440
1770997282260 1.010262370109558 66560
1770997299752 1.01426100730896 71680
1770997317255 1.0191105604171753 76800
1770997334751 1.0244849920272827 81920
1770997352227 1.0290708541870117 87040
1770997369622 1.034913182258606 92160
1770997387106 1.0395610332489014 97280
1770997404529 1.0419139862060547 102400
1770997422014 1.042522668838501 107520
1770997439492 1.0556937456130981 112640
1770997456975 1.0798659324645996 117760
1770997474438 1.0985790491104126 122880
1770997491890 1.1121389865875244 128000
1770997509299 1.125527024269104 133120
1770997526757 1.1410671472549438 138240
1770997544233 1.1566417217254639 143360
1770997561702 1.1709128618240356 148480
1770997579158 1.1773030757904053 153600
1770997596647 1.187630295753479 158720
1770997614127 1.1976532936096191 163840
1770997631589 1.207808494567871 168960
1770997648996 1.214104175567627 174080
1770997666480 1.224865436553955 179200
1770997683945 1.232277512550354 184320
1770997701421 1.2446051836013794 189440
1770997718894 1.2526357173919678 194560
1770997736361 1.263321876525879 199680
1770997753848 1.272573471069336 204800
1770997771367 1.2822970151901245 209920
1770997788831 1.2864482402801514 215040
1770997806326 1.2932260036468506 220160
1770997823711 1.3007264137268066 225280
1770997841243 1.3093180656433105 230400
1770997858741 1.319928526878357 235520
1770997876227 1.3290199041366577 240640
1770997893723 1.334876298904419 245760
1770997911197 1.3419010639190674 250880
1770997928689 1.3448641300201416 256000
1770997946178 1.349010705947876 261120
1770997963643 1.3535593748092651 266240
1770997981137 1.3600552082061768 271360
1770997998630 1.364514708518982 276480
1770998016118 1.369297742843628 281600
1770998033592 1.372849702835083 286720
1770998051042 1.3772929906845093 291840
1770998068536 1.3804535865783691 296960
1770998075541 1.3818597793579102 300032
