1770997072790 0.2912677228450775 5120
1770997090195 0.2851472795009613 10240
1770997107677 0.2813720703125 15360
1770997125112 0.28075215220451355 20480
1770997142551 0.2753993272781372 25600
1770997160022 0.2716975808143616 30720
1770997177493 0.26821666955947876 35840
1770997194968 0.2472970336675644 40960
1770997212406 0.24105100333690643 46080
1770997229881 0.24424229562282562 51200
1770997247345 0.24428312480449677 56320
1770997264790 0.24603967368602753 61440
1770997282260 0.24842901527881622 66560
1770997299752 0.24902451038360596 71680
1770997317255 0.2495424896478653 76800
1770997334751 0.2501641511917114 81920
1770997352227 0.2514587640762329 87040
1770997369622 0.2524581253528595 92160
1770997387106 0.2534421384334564 97280
1770997404529 0.25374239683151245 102400
1770997422014 0.2537398040294647 107520
1770997439492 0.2584080696105957 112640
1770997456975 0.26637372374534607 117760
1770997474438 0.27393099665641785 122880
1770997491890 0.27837541699409485 128000
1770997509299 0.28278517723083496 133120
1770997526757 0.28792425990104675 138240
1770997544233 0.2931008040904999 143360
1770997561702 0.29855820536613464 148480
1770997579158 0.3010391891002655 153600
1770997596647 0.3054032623767853 158720
1770997614127 0.3100512623786926 163840
1770997631589 0.31462550163269043 168960
1770997648996 0.3187389373779297 174080
1770997666480 0.32320356369018555 179200
1770997683945 0.32646575570106506 184320
1770997701421 0.330517053604126 189440
1770997718894 0.3338907063007355 194560
1770997736361 0.3380206227302551 199680
1770997753848 0.3419305384159088 204800
1770997771367 0.3456334173679352 209920
1770997788831 0.34796980023384094 215040
1770997806326 0.35140880942344666 220160
1770997823711 0.35455092787742615 225280
1770997841243 0.3574361801147461 230400
1770997858741 0.36181533336639404 235520
1770997876227 0.3652222454547882 240640
1770997893723 0.36748698353767395 245760
1770997911197 0.3705368638038635 250880
1770997928689 0.37229040265083313 256000
1770997946178 0.37457793951034546 261120
1770997963643 0.3768639862537384 266240
1770997981137 0.3797665238380432 271360
1770997998630 0.38210055232048035 276480
1770998016118 0.38452789187431335 281600
1770998033592 0.38667935132980347 286720
1770998051042 0.38886505365371704 291840
1770998068536 0.3905487358570099 296960
1770998075541 0.39125534892082214 300032
