1770997072781 131.33878190073588 5120
1770997090183 125.10227577773138 10240
1770997107666 115.04481869548522 15360
1770997125100 137.77112074628826 20480
1770997142541 145.70638504828736 25600
1770997160012 137.41904200249002 30720
1770997177482 146.55150244584206 35840
1770997194958 144.84594398591014 40960
1770997212394 114.32047752732427 46080
1770997229873 171.1541663266139 51200
1770997247335 138.17961388943797 56320
1770997264779 118.2426702751466 61440
1770997282250 141.86240952445377 66560
1770997299742 140.72484482469383 71680
1770997317244 139.69837463362643 76800
1770997334741 133.79386902293535 81920
1770997352216 137.5768032276052 87040
1770997369613 163.7760249902382 92160
1770997387095 135.97121275974973 97280
1770997404518 127.15406536106227 102400
1770997422002 135.45743443999484 107520
1770997439480 137.95237468754112 112640
1770997456964 141.50823211875843 117760
1770997474427 138.54018166804295 122880
1770997491881 167.59785822744345 128000
1770997509287 113.12719818750675 133120
1770997526745 133.8750079795723 138240
1770997544221 135.15625302097766 143360
1770997561690 143.93136817542293 148480
1770997579149 167.51753334930905 153600
1770997596636 139.4197580109028 158720
1770997614115 138.64092817241266 163840
1770997631577 135.83470432022798 168960
1770997648984 131.65209203050944 174080
1770997666467 138.50358286827594 179200
1770997683933 138.04318062137966 184320
1770997701409 144.40212077394477 189440
1770997718882 144.0599003949854 194560
1770997736348 139.26699206428262 199680
1770997753836 145.00117541312315 204800
1770997771354 141.3794451747733 209920
1770997788818 136.28489732258902 215040
1770997806313 139.01773225945445 220160
1770997823698 123.54356406480117 225280
1770997841230 142.68281398829774 230400
1770997858728 147.7075644456966 235520
1770997876214 140.81933859325164 240640
1770997893710 146.56174435669857 245760
1770997911184 140.47034394989785 250880
1770997928675 140.58334171275348 256000
1770997946164 138.32087854104145 261120
1770997963628 139.29474278502872 266240
1770997981123 138.7739544732663 271360
1770997998616 137.92062082798986 276480
1770998016104 139.4846691054207 281600
1770998033578 140.19801450680214 286720
1770998051029 146.30612529649784 291840
1770998068521 140.6210480437188 296960
1770998075527 138.2342627381188 300032
