1770997072790 1.8817942142486572 5120
1770997090195 1.7758804559707642 10240
1770997107677 1.734649658203125 15360
1770997125112 1.7268650531768799 20480
1770997142551 1.6749173402786255 25600
1770997160022 1.6415082216262817 30720
1770997177493 1.596795678138733 35840
1770997194968 1.3574814796447754 40960
1770997212406 1.2878237962722778 46080
1770997229881 1.3248969316482544 51200
1770997247345 1.3316495418548584 56320
1770997264790 1.351072072982788 61440
1770997282260 1.3758047819137573 66560
1770997299752 1.382446527481079 71680
1770997317255 1.387801170349121 76800
1770997334751 1.393362283706665 81920
1770997352227 1.4040652513504028 87040
1770997369622 1.4145879745483398 92160
1770997387106 1.4248356819152832 97280
1770997404529 1.4279835224151611 102400
1770997422014 1.432011604309082 107520
1770997439492 1.4839497804641724 112640
1770997456975 1.5712220668792725 117760
1770997474438 1.6541391611099243 122880
1770997491890 1.7027853727340698 128000
1770997509299 1.7514549493789673 133120
1770997526757 1.8072197437286377 138240
1770997544233 1.8637619018554688 143360
1770997561702 1.92177414894104 148480
1770997579158 1.9496248960494995 153600
1770997596647 1.9989243745803833 158720
1770997614127 2.0530927181243896 163840
1770997631589 2.1047627925872803 168960
1770997648996 2.153553009033203 174080
1770997666480 2.2057738304138184 179200
1770997683945 2.2433016300201416 184320
1770997701421 2.2883365154266357 189440
1770997718894 2.326174736022949 194560
1770997736361 2.373732805252075 199680
1770997753848 2.4175913333892822 204800
1770997771367 2.459803581237793 209920
1770997788831 2.488919258117676 215040
1770997806326 2.52765154838562 220160
1770997823711 2.56524920463562 225280
1770997841243 2.5980212688446045 230400
1770997858741 2.6465694904327393 235520
1770997876227 2.6846954822540283 240640
1770997893723 2.7107787132263184 245760
1770997911197 2.7455058097839355 250880
1770997928689 2.7676808834075928 256000
1770997946178 2.79411244392395 261120
1770997963643 2.819924831390381 266240
1770997981137 2.8534903526306152 271360
1770997998630 2.8807568550109863 276480
1770998016118 2.9087305068969727 281600
1770998033592 2.9346704483032227 286720
1770998051042 2.959609270095825 291840
1770998068536 2.979149341583252 296960
1770998075541 2.9872887134552 300032
