1761835011614 0.0 5120
1761835054051 0.0 10240
1761835101499 0.0 15360
1761835144993 0.0 20480
1761835201689 0.0 25600
1761835253233 0.0 30720
1761835296989 0.0 35840
1761835350379 0.0 40960
1761835394099 0.0 46080
1761835445453 0.0 51200
1761835486723 0.0 56320
1761835547422 0.0 61440
1761835591609 0.0 66560
1761835636378 0.0 71680
1761835692962 0.0 76800
1761835737079 0.0 81920
1761835785609 0.0 87040
1761835828720 0.0 92160
1761835883899 0.0 97280
1761835933437 0.0 102400
1761835980374 0.0 107520
1761836020977 0.0 112640
1761836083724 0.0 117760
1761836129169 0.0 122880
1761836173217 0.0 128000
1761836222867 0.0 133120
1761836272578 0.0 138240
1761836336440 0.0 143360
1761836387678 0.0 148480
1761836440970 0.0 153600
1761836504990 0.0 158720
1761836552967 0.0 163840
1761836609399 0.0 168960
1761836654419 0.0 174080
1761836721300 0.0 179200
1761836775525 0.0 184320
1761836827347 0.0 189440
1761836878584 0.0 194560
1761836937150 0.0 199680
1761836992670 0.0 204800
1761837040173 0.0 209920
1761837101746 0.0 215040
1761837150834 0.0 220160
1761837214236 0.0 225280
1761837260764 0.0 230400
1761837318643 0.0 235520
1761837365444 0.0 240640
1761837427860 0.0 245760
1761837474651 0.0 250880
1761837525375 0.0 256000
1761837572861 0.0 261120
1761837628940 1.4719086239126276e-05 266240
1761837679379 4.346251358203549e-05 271360
1761837721010 7.120579900027058e-05 276480
1761837769836 7.014787171357221e-05 281600
1761837824481 6.90817651772638e-05 286720
1761837865377 6.819421713038734e-05 291840
1761837910842 6.719888181060667e-05 296960
1761837957601 6.617783307303386e-05 302080
1761838013396 6.52613717940351e-05 307200
1761838062524 6.430206538234008e-05 312320
1761838102792 6.337697894616759e-05 317440
1761838152433 8.773029201654342e-05 322560
1761838199559 9.890463120935638e-05 327680
1761838247457 0.00010984450899504479 332800
1761838291072 0.00010837106251806185 337920
1761838346323 0.00010700909577314071 343040
1761838397409 0.00010565612453335212 348160
1761838439632 0.00010422094841063054 353280
1761838483746 0.00010287477853346288 358400
1761838533082 0.00010135021002015743 363520
1761838586751 9.987571022727273e-05 368640
1761838641239 9.860312243221036e-05 373760
1761838681297 9.739311106061098e-05 378880
1761838729773 9.609327453848536e-05 384000
1761838776604 9.480070784528525e-05 389120
1761838833077 9.342204967976997e-05 394240
1761838873648 9.217439395335975e-05 399360
1761838928905 9.103414792037546e-05 404480
1761838982521 8.993884158772035e-05 409600
1761839029356 8.871977366599962e-05 414720
1761839073663 8.772528340140166e-05 419840
1761839116414 8.670937906450214e-05 424960
1761839173508 8.574531735294678e-05 430080
1761839227085 8.477290281257654e-05 435200
1761839273198 8.371547899206564e-05 440320
1761839323404 8.265449502695455e-05 445440
1761839366847 8.162969143976635e-05 450560
1761839422788 8.068420203324189e-05 455680
1761839472147 7.974834965220859e-05 460800
1761839517943 7.889961339189438e-05 465920
1761839561814 7.810059356451109e-05 471040
1761839624585 7.719954366491967e-05 476160
1761839668869 7.637474541751528e-05 481280
1761839711336 7.553884375209831e-05 486400
1761839756573 7.47688396706848e-05 491520
1761839821584 7.397604819950518e-05 496640
1761839832628 7.357088554822572e-05 500736
