1761835011614 55.561537145930814 5120
1761835054051 55.566097733117175 10240
1761835101499 58.997449106404304 15360
1761835144993 58.14073473242487 20480
1761835201689 55.72549894318011 25600
1761835253233 55.216704241490426 30720
1761835296989 55.79180087046082 35840
1761835350379 56.424448146885766 40960
1761835394099 55.98453037539225 46080
1761835445453 55.125795572818326 51200
1761835486723 54.803595594945335 56320
1761835547422 54.49684010090125 61440
1761835591609 54.35922279818468 66560
1761835636378 54.65433342489266 71680
1761835692962 54.79697938351627 76800
1761835737079 55.046919036959494 81920
1761835785609 55.075988728533204 87040
1761835828720 55.22048273507376 92160
1761835883899 55.14993683303718 97280
1761835933437 54.932506946624244 102400
1761835980374 55.075150971628645 107520
1761836020977 54.790121055181075 112640
1761836083724 54.797498323348286 117760
1761836129169 54.663325293475 122880
1761836173217 54.647409007506376 128000
1761836222867 54.84110954260998 133120
1761836272578 54.96540978251475 138240
1761836336440 54.97294809962538 143360
1761836387678 55.11799851332672 148480
1761836440970 55.055215711750286 153600
1761836504990 54.743397911286316 158720
1761836552967 54.892460091246576 163840
1761836609399 54.79779504090812 168960
1761836654419 54.86479795668771 174080
1761836721300 54.778002761409844 179200
1761836775525 54.72402302906906 184320
1761836827347 54.804942602451106 189440
1761836878584 54.84575124416538 194560
1761836937150 54.826081823247435 199680
1761836992670 54.959881568385875 204800
1761837040173 55.09449776546357 209920
1761837101746 54.99269457188108 215040
1761837150834 54.81369259074812 220160
1761837214236 54.74909245717334 225280
1761837260764 54.69341371191794 230400
1761837318643 54.728752895648604 235520
1761837365444 54.56778582077049 240640
1761837427860 54.64093041173692 245760
1761837474651 54.446957623227405 250880
1761837525375 54.10828517216153 256000
1761837572861 53.94913187993919 261120
1761837628940 53.759143793915776 266240
1761837679379 53.62979108424258 271360
1761837721010 53.65412622446159 276480
1761837769836 53.80583093086007 281600
1761837824481 53.8261106661274 286720
1761837865377 53.91655194188361 291840
1761837910842 53.95138014559688 296960
1761837957601 53.97103881593587 302080
1761838013396 54.08075433860659 307200
1761838062524 54.12740078417374 312320
1761838102792 53.935244769814815 317440
1761838152433 53.92716092144222 322560
1761838199559 53.779623977438156 327680
1761838247457 53.71834517483203 332800
1761838291072 53.636187042715505 337920
1761838346323 53.55293783858347 343040
1761838397409 53.44919451420928 348160
1761838439632 53.29869568885343 353280
1761838483746 53.19866853290921 358400
1761838533082 52.91852035863546 363520
1761838586751 52.68618439544331 368640
1761838641239 52.525439070631336 373760
1761838681297 52.39111667880699 378880
1761838729773 52.22686624274963 384000
1761838776604 52.128818948176274 389120
1761838833077 52.01258568148141 394240
1761838873648 51.99070813898298 399360
1761838928905 51.965650137120186 404480
1761838982521 51.93765812489694 409600
1761839029356 51.79578140556766 414720
1761839073663 51.73804118580215 419840
1761839116414 51.65778535627619 424960
1761839173508 51.65706988377341 430080
1761839227085 51.61269456374628 435200
1761839273198 51.5004754050899 440320
1761839323404 51.392732205319504 445440
1761839366847 51.30512378838013 450560
1761839422788 51.242168326996264 455680
1761839472147 51.176982070120395 460800
1761839517943 51.13724420806979 465920
1761839561814 51.17894121391373 471040
1761839624585 51.12014766188584 476160
1761839668869 51.07196204035928 481280
1761839711336 51.005040406396354 486400
1761839756573 50.99271381876137 491520
1761839821584 50.95170706955444 496640
1761839832628 50.97846023927909 500736
