1761835011614 3.231951871657754 5120
1761835054051 3.15742397137746 10240
1761835101499 3.317383558157292 15360
1761835144993 3.2595712098009186 20480
1761835201689 3.1325734853029394 25600
1761835253233 3.109998748592166 30720
1761835296989 3.12923476566728 35840
1761835350379 3.158916953693073 40960
1761835394099 3.135527096938343 46080
1761835445453 3.0817914054829694 51200
1761835486723 3.07177131889224 56320
1761835547422 3.0552351097178683 61440
1761835591609 3.0438449540754435 66560
1761835636378 3.0658349535536833 71680
1761835692962 3.067171334847338 76800
1761835737079 3.081967213114754 81920
1761835785609 3.0843222426223633 87040
1761835828720 3.090161502267814 92160
1761835883899 3.088262458338353 97280
1761835933437 3.074687060076856 102400
1761835980374 3.080937862950058 107520
1761836020977 3.0643858316647106 112640
1761836083724 3.0652590536611157 117760
1761836129169 3.0568972057150083 122880
1761836173217 3.055786566303457 128000
1761836222867 3.0667915471521394 133120
1761836272578 3.0716019417475726 138240
1761836336440 3.0708549963252305 143360
1761836387678 3.082428300295234 148480
1761836440970 3.078823379600153 153600
1761836504990 3.0600186484762233 158720
1761836552967 3.0652065230329724 163840
1761836609399 3.0602301288998546 168960
1761836654419 3.0609663263478417 174080
1761836721300 3.0586419081994305 179200
1761836775525 3.054370326559926 184320
1761836827347 3.0607102418939784 189440
1761836878584 3.0624699181774426 194560
1761836937150 3.06256961406937 199680
1761836992670 3.068812854225903 204800
1761837040173 3.0753608593487747 209920
1761837101746 3.068568104560906 215040
1761837150834 3.0566622399291723 220160
1761837214236 3.0552643869026 225280
1761837260764 3.0517535705231134 230400
1761837318643 3.0534334728448775 235520
1761837365444 3.0427634766318916 240640
1761837427860 3.050367577159516 245760
1761837474651 3.052172157246478 250880
1761837525375 3.0608714224690305 256000
1761837572861 3.065842080831374 261120
1761837628940 3.0743019473351096 266240
1761837679379 3.0861861644331765 271360
1761837721010 3.0920690981073498 276480
1761837769836 3.1049692752321896 281600
1761837824481 3.115615242200669 286720
1761837865377 3.134124386252046 291840
1761837910842 3.1452839824745316 296960
1761837957601 3.15247372740027 302080
1761838013396 3.1631142726620114 307200
1761838062524 3.170246148306284 312320
1761838102792 3.1769738760092783 317440
1761838152433 3.196428123825041 322560
1761838199559 3.2044976881042455 327680
1761838247457 3.215038933775966 332800
1761838291072 3.2221606781620267 337920
1761838346323 3.2319243802389868 343040
1761838397409 3.2403324646051983 348160
1761838439632 3.244027560650802 353280
1761838483746 3.2499171286506257 358400
1761838533082 3.2458418261055617 363520
1761838586751 3.2428533380681817 368640
1761838641239 3.2464968501780334 373760
1761838681297 3.2517611920916796 378880
1761838729773 3.2516042238332674 384000
1761838776604 3.2500316002359484 389120
1761838833077 3.2433021580493477 394240
1761838873648 3.2409028993967697 399360
1761838928905 3.242282327237417 404480
1761838982521 3.244223927729144 409600
1761839029356 3.2384097473458002 414720
1761839073663 3.2429210569921922 419840
1761839116414 3.2444144708319285 424960
1761839173508 3.24791829423982 430080
1761839227085 3.2499858711828646 435200
1761839273198 3.245918870399137 440320
1761839323404 3.240588867357903 445440
1761839366847 3.236118417472382 450560
1761839422788 3.2346117296899934 455680
1761839472147 3.232475300163927 460800
1761839517943 3.233726954737922 465920
1761839561814 3.237234891874067 471040
1761839624585 3.233520041859308 476160
1761839668869 3.2330023761031907 481280
1761839711336 3.231308332773786 486400
1761839756573 3.2322403236659993 491520
1761839821584 3.231027198527055 496640
1761839832628 3.233824623357939 500736
