1761835011289 36.40841197967529 5120
1761835054044 15.375488003817473 10240
1761835101491 8.249910235404968 15360
1761835144986 5.290285982404437 20480
1761835201684 4.218600449195275 25600
1761835253228 3.2280676257225775 30720
1761835296983 2.915840143627591 35840
1761835350375 2.64965451403362 40960
1761835394094 2.115797838957413 46080
1761835445448 2.019225898443484 51200
1761835486717 1.9032441411699565 56320
1761835547417 1.6726416040639407 61440
1761835591600 1.6025200121330494 66560
1761835636369 1.4757810028505993 71680
1761835692956 1.3618208634225946 76800
1761835737074 1.2963318718804253 81920
1761835785604 1.2180778370347134 87040
1761835828715 1.10429317348606 92160
1761835883894 1.0308321555455524 97280
1761835933430 0.9418517443213131 102400
1761835980369 0.9295425091149672 107520
1761836020971 0.8457559705854537 112640
1761836083719 0.855633436400315 117760
1761836129160 0.7903380007783243 122880
1761836173209 0.7556395470149934 128000
1761836222861 0.7240614184896456 133120
1761836272572 0.6705938549602732 138240
1761836336432 0.6950384545833506 143360
1761836387670 0.6552525938373722 148480
1761836440962 0.6154245363955466 153600
1761836504984 0.6185350161332351 158720
1761836552961 0.5811933493762282 163840
1761836609393 0.5599164813397879 168960
1761836654413 0.5128723713389614 174080
1761836721289 0.501477261023088 179200
1761836775519 0.48727885293697126 184320
1761836827340 0.47051547163276264 189440
1761836878577 0.4691828273353777 194560
1761836937143 0.4600820726277877 199680
1761836992663 0.4464977549083197 204800
1761837040160 0.4372965571949783 209920
1761837101734 0.41418552127494634 215040
1761837150827 0.4151581490481341 220160
1761837214229 0.3974211507253517 225280
1761837260753 0.3811728587192771 230400
1761837318635 0.3675742004856919 235520
1761837365436 0.3714327965752553 240640
1761837427850 0.3684256066919857 245760
1761837474639 0.3489589063132682 250880
1761837525367 0.3812776808719711 256000
1761837572854 0.35353738144040114 261120
1761837628932 0.35685701187543023 266240
1761837679368 0.33403769041362563 271360
1761837721000 0.360250793259962 276480
1761837769824 0.3398068041041277 281600
1761837824474 0.3292352520274098 286720
1761837865368 0.31231000673520815 291840
1761837910835 0.30918862975340117 296960
1761837957593 0.30466946073480555 302080
1761838013386 0.28652364154194676 307200
1761838062512 0.3033040214987362 312320
1761838102785 0.28956431729233917 317440
1761838152425 0.2940648579899269 322560
1761838199551 0.2752089016162718 327680
1761838247450 0.2724621872229078 332800
1761838291065 0.28300846883537545 337920
1761838346313 0.2867282084056309 343040
1761838397402 0.27682445559683433 348160
1761838439623 0.2734251948450342 353280
1761838483737 0.2828525467136307 358400
1761838533075 0.28530583649538876 363520
1761838586743 0.2937897394238417 368640
1761838641232 0.2928523527468489 373760
1761838681290 0.3192589340826893 378880
1761838729766 0.32026496745170435 384000
1761838776596 0.32940270731768273 389120
1761838833070 0.3345097092149171 394240
1761838873639 0.3351559875566331 399360
1761838928896 0.3447996332187845 404480
1761838982507 0.33444878728015165 409600
1761839029343 0.35281951227798836 414720
1761839073652 0.3672988009858886 419840
1761839116400 0.37972381390058074 424960
1761839173501 0.380571135206064 430080
1761839227076 0.3571613141628498 435200
1761839273190 0.360843614193237 440320
1761839323396 0.3612976502934727 445440
1761839366834 0.36223831176757815 450560
1761839422774 0.38284200061062523 455680
1761839472139 0.3748980613082581 460800
1761839517934 0.36343526254620473 465920
1761839561804 0.37735687636501614 471040
1761839624577 0.3677495538932571 476160
1761839668854 0.37517935961421633 481280
1761839711325 0.35331610110627504 486400
1761839756564 0.3622750074105055 491520
1761839821575 0.3743098090214984 496640
1761839832618 0.1999550926660955 500736
