1761835011289 -1.346402994791667 5120
1761835054044 -0.7860795454545454 10240
1761835101491 -0.5271484375000001 15360
1761835144986 -0.44419642857142855 20480
1761835201684 -0.4227764423076923 25600
1761835253228 -0.4011088709677419 30720
1761835296983 -0.39140624999999996 35840
1761835350375 -0.38147865853658536 40960
1761835394094 -0.360054347826087 46080
1761835445448 -0.3436274509803921 51200
1761835486717 -0.3243303571428572 56320
1761835547417 -0.3016905737704918 61440
1761835591600 -0.2865530303030303 66560
1761835636369 -0.26848591549295775 71680
1761835692956 -0.2553453947368421 76800
1761835737074 -0.243016975308642 81920
1761835785604 -0.23343023255813952 87040
1761835828715 -0.22252747252747251 92160
1761835883894 -0.21419270833333334 97280
1761835933430 -0.20838490099009901 102400
1761835980369 -0.20005896226415096 107520
1761836020971 -0.19228603603603603 112640
1761836083719 -0.18758081896551723 117760
1761836129160 -0.18217975206611572 122880
1761836173209 -0.1753472222222222 128000
1761836222861 -0.1715648854961832 133120
1761836272572 -0.16493566176470587 138240
1761836336432 -0.1580008865248227 143360
1761836387670 -0.1564640410958904 148480
1761836440962 -0.1496274834437086 153600
1761836504984 -0.14591346153846155 158720
1761836552961 -0.14444875776397517 163840
1761836609393 -0.14054969879518073 168960
1761836654413 -0.13315058479532166 174080
1761836721289 -0.12922585227272726 179200
1761836775519 -0.1280732044198895 184320
1761836827340 -0.126377688172043 189440
1761836878577 -0.12254581151832461 194560
1761836937143 -0.1199936224489796 199680
1761836992663 -0.11620024875621891 204800
1761837040160 -0.11486650485436894 209920
1761837101734 -0.11027843601895733 215040
1761837150827 -0.11134259259259259 220160
1761837214229 -0.10800339366515836 225280
1761837260753 -0.10439712389380532 230400
1761837318635 -0.10451839826839827 235520
1761837365436 -0.1011917372881356 240640
1761837427850 -0.1002723029045643 245760
1761837474639 -0.09771341463414634 250880
1761837525367 -0.09825697211155379 256000
1761837572854 -0.09560546875 261120
1761837628932 -0.09549808429118774 266240
1761837679368 -0.09532424812030076 271360
1761837721000 -0.09573339483394834 276480
1761837769824 -0.09755434782608695 281600
1761837824474 -0.09784252669039145 286720
1761837865368 -0.10336538461538461 291840
1761837910835 -0.10244845360824742 296960
1761837957593 -0.10563766891891892 302080
1761838013386 -0.10406976744186047 307200
1761838062512 -0.10492238562091505 312320
1761838102785 -0.10807877813504825 317440
1761838152425 -0.1081487341772152 322560
1761838199551 -0.10667834890965731 327680
1761838247450 -0.10793711656441718 332800
1761838291065 -0.11091389728096676 337920
1761838346313 -0.11212797619047618 343040
1761838397402 -0.11422287390029326 348160
1761838439623 -0.11501083815028902 353280
1761838483737 -0.12008547008547008 358400
1761838533075 -0.12542134831460675 363520
1761838586743 -0.1300207756232687 368640
1761838641232 -0.1334016393442623 373760
1761838681290 -0.13611859838274934 378880
1761838729766 -0.13929521276595744 384000
1761838776596 -0.14442257217847768 389120
1761838833070 -0.14783031088082904 394240
1761838873639 -0.14990409207161123 399360
1761838928896 -0.15344065656565659 404480
1761838982507 -0.15654613466334164 409600
1761839029343 -0.15979064039408866 414720
1761839073652 -0.1626520681265207 419840
1761839116400 -0.16424278846153847 424960
1761839173501 -0.16395486935866982 430080
1761839227076 -0.16625586854460095 435200
1761839273190 -0.16586426914153132 440320
1761839323396 -0.1669151376146789 445440
1761839366834 -0.1679421768707483 450560
1761839422774 -0.16818946188340808 455680
1761839472139 -0.16901330376940132 460800
1761839517934 -0.1709703947368421 465920
1761839561804 -0.17212581344902386 471040
1761839624577 -0.17317596566523605 476160
1761839668854 -0.17441613588110405 481280
1761839711325 -0.17494747899159663 486400
1761839756564 -0.17500000000000002 491520
1761839821575 -0.17474279835390946 496640
1761839832618 -0.10577709611451944 500736
