1761835011614 1.0594919786096257 5120
1761835054051 0.924865831842576 10240
1761835101499 0.909900738101298 15360
1761835144993 0.8669601837672282 20480
1761835201689 0.8129874025194961 25600
1761835253233 0.8022775622575398 30720
1761835296989 0.7975971425478948 35840
1761835350379 0.803291236127057 40960
1761835394099 0.8000169620897295 46080
1761835445453 0.7858923042066309 51200
1761835486723 0.7860570331779545 56320
1761835547422 0.7815047021943574 61440
1761835591609 0.7784645601062908 66560
1761835636378 0.7828364657593433 71680
1761835692962 0.7826898814029776 76800
1761835737079 0.7882632454264671 81920
1761835785609 0.788724195065156 87040
1761835828720 0.7900470518418041 92160
1761835883899 0.7890615588483315 97280
1761835933437 0.7798196552904919 102400
1761835980374 0.7808507549361208 107520
1761836020977 0.7756335013464062 112640
1761836083724 0.7753766851704996 117760
1761836129169 0.7723795675812366 122880
1761836173217 0.7710565453607309 128000
1761836222867 0.7725223906807938 133120
1761836272578 0.772691352449763 138240
1761836336440 0.7727087132863326 143360
1761836387678 0.7762020244622522 148480
1761836440970 0.7739462625748121 153600
1761836504990 0.768857044707268 158720
1761836552967 0.7694798238304964 163840
1761836609399 0.7678188484331404 168960
1761836654419 0.7682473580512269 174080
1761836721300 0.766258615816138 179200
1761836775525 0.7640995310717756 184320
1761836827347 0.7657025218733917 189440
1761836878584 0.7662241296326007 194560
1761836937150 0.766057645334636 199680
1761836992670 0.7666736637215427 204800
1761837040173 0.768360001491925 209920
1761837101746 0.7665921361182308 215040
1761837150834 0.7636299247454625 220160
1761837214236 0.7647587912753187 225280
1761837260764 0.7630355784669991 230400
1761837318643 0.7638174328773015 235520
1761837365444 0.7612157230063629 240640
1761837427860 0.7667627859813676 245760
1761837474651 0.7752356988646071 250880
1761837525375 0.7910081161896625 256000
1761837572861 0.7972327458408829 261120
1761837628940 0.8035737941388599 266240
1761837679379 0.8084027526258601 271360
1761837721010 0.808926358962674 276480
1761837769836 0.8080193046942956 281600
1761837824481 0.8058802398518887 286720
1761837865377 0.8044735406437534 291840
1761837910842 0.8017095395532619 296960
1761837957601 0.8002752997855839 302080
1761838013396 0.8005351432487111 307200
1761838062524 0.8021296844054631 312320
1761838102792 0.8059143396752564 317440
1761838152433 0.8130592806116055 322560
1761838199559 0.8182380139950053 327680
1761838247457 0.8227231674274416 332800
1761838291072 0.8269193719294866 337920
1761838346323 0.8332679388859164 343040
1761838397409 0.8409405742997347 348160
1761838439632 0.848254299114122 353280
1761838483746 0.8568097388123679 358400
1761838533082 0.8637064897917817 363520
1761838586751 0.8705388849431818 368640
1761838641239 0.8781922760887428 373760
1761838681297 0.8853574868248764 378880
1761838729773 0.8892364855486392 384000
1761838776604 0.8924433302435325 389120
1761838833077 0.8936649470089374 394240
1761838873648 0.8955664116508434 399360
1761838928905 0.8982642822463182 404480
1761838982521 0.9019166966462805 409600
1761839029356 0.9036108947882062 414720
1761839073663 0.9095844745742887 419840
1761839116414 0.913386964690014 424960
1761839173508 0.9164554791257788 430080
1761839227085 0.9202757945104836 435200
1761839273198 0.9223585440948031 440320
1761839323404 0.9230945842938092 445440
1761839366847 0.924456255555354 450560
1761839422788 0.9266849550857942 455680
1761839472147 0.9286163661335342 460800
1761839517943 0.9309277717872516 465920
1761839561814 0.9337186295949182 471040
1761839624585 0.9349636733258421 476160
1761839668869 0.9365835030549898 481280
1761839711336 0.9381504733767542 486400
1761839756573 0.9411320002326141 491520
1761839821584 0.9429891255209146 496640
1761839832628 0.9454676247230873 500736
