1761835011289 52.961727381779156 5120
1761835054044 84.99096251266464 10240
1761835101491 46.54597108011231 15360
1761835144986 67.07130406972095 20480
1761835201684 69.21636384639504 25600
1761835253228 89.90041796163327 30720
1761835296983 81.43330874072923 35840
1761835350375 110.39966308696567 40960
1761835394094 72.54698607627778 46080
1761835445448 30.294938930580937 51200
1761835486717 59.535897799858056 56320
1761835547417 92.23723968068964 61440
1761835591600 82.4400809796175 66560
1761835636369 87.56010187466076 71680
1761835692956 29.783379607603656 76800
1761835737074 56.576569771363054 81920
1761835785604 172.4702495990789 87040
1761835828715 91.23010331702012 92160
1761835883894 80.95236624720143 97280
1761835933430 26.730976113391286 102400
1761835980369 125.12093550504146 107520
1761836020971 32.74446491584174 112640
1761836083719 31.941999847688674 117760
1761836129160 72.79881975180075 122880
1761836173209 63.57703268053113 128000
1761836222861 112.50815450643776 133120
1761836272572 70.23517197494893 138240
1761836336432 24.80970548743338 143360
1761836387670 69.61384873280112 148480
1761836440962 53.01059123884634 153600
1761836504984 49.471633129673755 158720
1761836552961 27.625729453453296 163840
1761836609393 49.51660468685438 168960
1761836654413 119.28513736419998 174080
1761836721289 33.68648301341258 179200
1761836775519 41.916632521511445 184320
1761836827340 27.695595042359173 189440
1761836878577 94.13767253955785 194560
1761836937143 34.66567487375303 199680
1761836992663 115.07638279192274 204800
1761837040160 127.21577191386109 209920
1761837101734 28.116668342550696 215040
1761837150827 116.70294936004451 220160
1761837214229 89.82725462060694 225280
1761837260753 86.41991181439815 230400
1761837318635 48.57723266506839 235520
1761837365436 109.15560182173064 240640
1761837427850 47.45170888438868 245760
1761837474639 28.74937625092534 250880
1761837525367 47.787444457103796 256000
1761837572854 49.54292463973541 261120
1761837628932 56.25558625499611 266240
1761837679368 108.04770859630594 271360
1761837721000 41.797584406266196 276480
1761837769824 27.495339110825586 281600
1761837824474 56.22089968366308 286720
1761837865368 113.13940440224428 291840
1761837910835 58.66979997202406 296960
1761837957593 31.693156315880945 302080
1761838013386 43.4665423078916 307200
1761838062512 106.4301047983963 312320
1761838102785 35.900915860652226 317440
1761838152425 30.953816179834984 322560
1761838199551 33.05985654607078 327680
1761838247450 45.66769739993903 332800
1761838291065 33.89939221518169 337920
1761838346313 26.65588814744201 343040
1761838397402 135.9447703626876 348160
1761838439623 40.06365399126955 353280
1761838483737 95.15424578597518 358400
1761838533075 31.683819308052577 363520
1761838586743 113.65753461778175 368640
1761838641232 157.1842302503373 373760
1761838681290 82.16714336089018 378880
1761838729766 129.9229935260044 384000
1761838776596 111.44393665639282 389120
1761838833070 118.91987524808619 394240
1761838873639 57.80542730743257 399360
1761838928896 120.1462045259238 404480
1761838982507 72.524406480729 409600
1761839029343 121.13513357400723 414720
1761839073652 126.65491001328662 419840
1761839116400 93.04754087450362 424960
1761839173501 45.119449225473325 430080
1761839227076 108.97692787362294 435200
1761839273190 33.78579713880655 440320
1761839323396 85.68022388821932 445440
1761839366834 112.11119426921843 450560
1761839422774 124.06247042120208 455680
1761839472139 122.4328332068422 460800
1761839517934 160.265331855871 465920
1761839561804 101.31903278015315 471040
1761839624577 80.0409144689134 476160
1761839668854 172.80421885299933 481280
1761839711325 111.21344858673172 486400
1761839756564 117.71171980242478 491520
1761839821575 55.96210756647854 496640
1761839832618 171.78505897771953 500736
