1761835011614 7.790668507948279 5120
1761835054051 6.44861481859347 10240
1761835101499 6.132435445962713 15360
1761835144993 5.736172884930878 20480
1761835201689 5.302367413480194 25600
1761835253233 5.208587489905636 30720
1761835296989 5.124015642123403 35840
1761835350379 5.146946693534281 40960
1761835394099 5.146287660725739 46080
1761835445453 5.051668465439084 51200
1761835486723 5.0598957426815385 56320
1761835547422 5.024030574212627 61440
1761835591609 5.004334307028181 66560
1761835636378 5.033697824237104 71680
1761835692962 5.029475175278553 76800
1761835737079 5.0749044058073105 81920
1761835785609 5.07944111104221 87040
1761835828720 5.086597642651561 92160
1761835883899 5.077183316482797 97280
1761835933437 4.996032875077581 102400
1761835980374 4.996571708085506 107520
1761836020977 4.9603610058182435 112640
1761836083724 4.954315516295145 117760
1761836129169 4.929505827996957 122880
1761836173217 4.916725944393766 128000
1761836222867 4.920615375931687 133120
1761836272578 4.920450005151262 138240
1761836336440 4.92006696412432 143360
1761836387678 4.946362207831838 148480
1761836440970 4.929021575589643 153600
1761836504990 4.893536582430463 158720
1761836552967 4.89394621193487 163840
1761836609399 4.881132701089412 168960
1761836654419 4.884336319530008 174080
1761836721300 4.866534156680705 179200
1761836775525 4.845469391112807 184320
1761836827347 4.855763540694963 189440
1761836878584 4.859865567742697 194560
1761836937150 4.859146981959117 199680
1761836992670 4.860783387133131 204800
1761837040173 4.871547724442918 209920
1761837101746 4.860216850450932 215040
1761837150834 4.842041815377379 220160
1761837214236 4.856092475602238 225280
1761837260764 4.843605170326101 230400
1761837318643 4.851577382929463 235520
1761837365444 4.834059885824101 240640
1761837427860 4.886434077219302 245760
1761837474651 4.981101062956497 250880
1761837525375 5.151248130395617 256000
1761837572861 5.216812924135888 261120
1761837628940 5.2831883843525995 266240
1761837679379 5.330636417398588 271360
1761837721010 5.330536293289788 276480
1761837769836 5.308021319561753 281600
1761837824481 5.276334709288281 286720
1761837865377 5.244943921369604 291840
1761837910842 5.2063921291213 296960
1761837957601 5.185228102751904 302080
1761838013396 5.178332573105801 307200
1761838062524 5.1910242274813285 312320
1761838102792 5.2321604869320755 317440
1761838152433 5.296510695502758 322560
1761838199559 5.350280206534711 327680
1761838247457 5.394703236818575 332800
1761838291072 5.436417446351444 337920
1761838346323 5.499480445534797 343040
1761838397409 5.577532869884311 348160
1761838439632 5.65571804049944 353280
1761838483746 5.7434449576470366 358400
1761838533082 5.824495421893838 363520
1761838586751 5.903817571191625 368640
1761838641239 5.985669346696806 373760
1761838681297 6.06134992316158 378880
1761838729773 6.1067436895269775 384000
1761838776604 6.14321061206103 389120
1761838833077 6.162488191382216 394240
1761838873648 6.184973375598584 399360
1761838928905 6.212780584812859 404480
1761838982521 6.249448291574083 409600
1761839029356 6.272885461189807 414720
1761839073663 6.332607504170997 419840
1761839116414 6.373212042589444 424960
1761839173508 6.402721430542506 430080
1761839227085 6.443147718840154 435200
1761839273198 6.4691471059154235 440320
1761839323404 6.483461245773867 445440
1761839366847 6.502192778389001 450560
1761839422788 6.528391028408972 455680
1761839472147 6.552137082408229 460800
1761839517943 6.576452606139371 465920
1761839561814 6.60330676155232 471040
1761839624585 6.619406591212811 476160
1761839668869 6.637570321082421 481280
1761839711336 6.656441906577015 486400
1761839756573 6.687663386591839 491520
1761839821584 6.709213649903929 496640
1761839832628 6.732363278261382 500736
