1759977545007 407.5945881226054 5120
1759977566554 410.393585812998 10240
1759977589014 411.76126558259836 15360
1759977614588 413.17797826573695 20480
1759977639207 413.33663998199586 25600
1759977660765 413.3867674091695 30720
1759977682094 414.0294229950385 35840
1759977704870 413.78794700804775 40960
1759977730378 413.6836109382237 46080
1759977751437 414.0016841219741 51200
1759977772587 413.92140657663435 56320
1759977794837 413.9383801665504 61440
1759977819550 414.1721471928307 66560
1759977842788 414.0783618484916 71680
1759977864111 413.83678855502507 76800
1759977884901 413.8956333011646 81920
1759977909087 413.93675969096796 87040
1759977932414 413.9767162392292 92160
1759977955738 413.85735079744705 97280
1759977978311 413.79097138475254 102400
1759978001325 413.76933105956545 107520
1759978023184 413.81913794285236 112640
1759978053468 413.93259241250684 117760
1759978078717 413.90023888615485 122880
1759978105301 413.9989500845446 128000
1759978130636 413.96351347940225 133120
1759978158998 413.93640588549766 138240
1759978184738 414.05841883016427 143360
1759978208065 414.0435379043798 148480
1759978232384 414.00699698752976 153600
1759978259386 413.93533571919085 158720
1759978288037 413.8435395173479 163840
1759978310707 413.9797339330647 168960
1759978333457 414.1761351995454 174080
1759978359510 414.23506768078266 179200
1759978388882 414.28176784983634 184320
1759978413062 414.2595982523899 189440
1759978435899 414.34714703081715 194560
1759978459157 414.43063201640757 199680
1759978487654 414.44932377440017 204800
1759978514022 414.4915577765731 209920
1759978537906 414.5061238504811 215040
1759978565769 414.40702046200175 220160
1759978588630 414.4305929531265 225280
1759978614279 414.44440279531426 230400
1759978639805 414.45354203355134 235520
1759978664910 414.4335540509156 240640
1759978690257 414.57043524437944 245760
1759978716512 414.53277748261206 250880
1759978743770 414.58436780150834 256000
1759978766845 414.5991698332577 261120
1759978791881 414.53116592665265 266240
1759978820525 414.5629949487933 271360
1759978843804 414.61707126791555 276480
1759978875872 414.6497332601235 281600
1759978898963 414.69782200525725 286720
1759978922094 414.62177665176597 291840
1759978945916 414.61752612667755 296960
1759978977529 414.6429029493831 302080
1759979000466 414.66385862416695 307200
1759979022710 414.62228441360156 312320
1759979048407 414.6541211627088 317440
1759979077432 414.63829641458136 322560
1759979099883 414.5993854375658 327680
1759979124402 414.6551217132958 332800
1759979151704 414.6278453947368 337920
1759979175716 414.63774312484287 343040
1759979200238 414.65341245472695 348160
1759979223419 414.6642755032022 353280
1759979255371 414.6935313918405 358400
1759979278034 414.7481910965094 363520
1759979301137 414.74096031728635 368640
1759979323844 414.7369055148331 373760
1759979355993 414.7972477168179 378880
1759979380138 414.8468824985266 384000
1759979403165 414.85641512292244 389120
1759979426486 414.8442371064701 394240
1759979458847 414.87959552621993 399360
1759979480967 414.92486515673295 404480
1759979504126 414.92113227390536 409600
1759979532245 414.8892055883863 414720
1759979557905 414.8347678517551 419840
1759979581106 414.85807182647665 424960
1759979605777 414.8649233678344 430080
1759979634594 414.93232393319124 435200
1759979657265 414.8834952422357 440320
1759979680202 414.86923719822994 445440
1759979709404 414.91733055025253 450560
1759979735330 414.939938586487 455680
1759979758042 414.9508841855839 460800
1759979780489 414.96358268642075 465920
1759979812488 414.9291310615211 471040
1759979835978 414.9637142553794 476160
1759979858501 414.907680768455 481280
1759979883896 414.89730434963406 486400
1759979911526 414.8782637532373 491520
1759979935931 414.8201853860733 496640
1759979959225 414.7765563513354 501760
1759979985500 414.77845844332796 506880
1759980013159 414.7995830633009 512000
1759980035825 414.80470266641964 517120
1759980059450 414.75639124521916 522240
1759980088191 414.72961015880935 527360
1759980112364 414.75490780179143 532480
1759980135346 414.7918973043941 537600
1759980159614 414.75798003948836 542720
1759980190984 414.7352075224182 547840
1759980212923 414.7399265770241 552960
1759980236834 414.69380222946495 558080
1759980260629 414.681097932165 563200
1759980293068 414.6745515651129 568320
1759980315411 414.68089246784007 573440
1759980337664 414.6647926156517 578560
1759980360600 414.6639553665612 583680
1759980392996 414.6732417001862 588800
1759980416382 414.70062047628574 593920
1759980439467 414.69439122791204 599040
1759980462194 414.6938784018888 604160
1759980494668 414.6997108399961 609280
1759980518589 414.66707308698136 614400
1759980541180 414.6499875775856 619520
1759980563880 414.6435444541112 624640
1759980596486 414.65727948727016 629760
1759980619337 414.64175077524163 634880
1759980641957 414.62704113626967 640000
1759980665151 414.64007305548114 645120
1759980696468 414.63718162933526 650240
1759980720173 414.6531394342099 655360
1759980744048 414.64850803022375 660480
