1759977545007 23.28365749782986 5120
1759977566554 21.867346045505478 10240
1759977589014 21.743966960518783 15360
1759977614588 20.75202321859807 20480
1759977639207 20.597366044158306 25600
1759977660765 20.856802526559797 30720
1759977682094 20.68040148115836 35840
1759977704870 21.03433275074231 40960
1759977730378 21.03074710310582 46080
1759977751437 20.846408340887155 51200
1759977772587 20.752585352713144 56320
1759977794837 20.803137373084343 61440
1759977819550 20.647721166890037 66560
1759977842788 20.669177694559952 71680
1759977864111 20.81388289635315 76800
1759977884901 20.668610697359167 81920
1759977909087 20.59374813357352 87040
1759977932414 20.572369927742564 92160
1759977955738 20.638958891004943 97280
1759977978311 20.653979551072087 102400
1759978001325 20.63738149057973 107520
1759978023184 20.592184354529998 112640
1759978053468 20.592773136724453 117760
1759978078717 20.526104859146024 122880
1759978105301 20.497385580466386 128000
1759978130636 20.534367940036855 133120
1759978158998 20.51726313423406 138240
1759978184738 20.44529590898543 143360
1759978208065 20.494051075520645 148480
1759978232384 20.572206137743887 153600
1759978259386 20.588027043376226 158720
1759978288037 20.598420468873208 163840
1759978310707 20.530113831616188 168960
1759978333457 20.420433403064212 174080
1759978359510 20.376669067177357 179200
1759978388882 20.373953768659035 184320
1759978413062 20.397638847305057 189440
1759978435899 20.388188496851196 194560
1759978459157 20.34616007829577 199680
1759978487654 20.345552634129106 204800
1759978514022 20.310954298138057 209920
1759978537906 20.31993123980076 215040
1759978565769 20.365498695302552 220160
1759978588630 20.341608910546462 225280
1759978614279 20.359914674769616 230400
1759978639805 20.372014118390357 235520
1759978664910 20.400646526697372 240640
1759978690257 20.344931152514942 245760
1759978716512 20.38634749734686 250880
1759978743770 20.371653066023317 256000
1759978766845 20.357250863776862 261120
1759978791881 20.355708011368232 266240
1759978820525 20.33089175910259 271360
1759978843804 20.288132134618966 276480
1759978875872 20.288948864264384 281600
1759978898963 20.28080613712507 286720
1759978922094 20.290604007113885 291840
1759978945916 20.304329002028926 296960
1759978977529 20.273128245632144 302080
1759979000466 20.284105426275868 307200
1759979022710 20.295478305365183 312320
1759979048407 20.307009169098347 317440
1759979077432 20.28787893753837 322560
1759979099883 20.31933894469195 327680
1759979124402 20.285362001049357 332800
1759979151704 20.279034939755284 337920
1759979175716 20.284278684060702 343040
1759979200238 20.269661546757224 348160
1759979223419 20.25964238573117 353280
1759979255371 20.2487978672084 358400
1759979278034 20.2234587534296 363520
1759979301137 20.224911874739675 368640
1759979323844 20.22942308963586 373760
1759979355993 20.191641576094444 378880
1759979380138 20.16602323726522 384000
1759979403165 20.158041484970134 389120
1759979426486 20.163492798492353 394240
1759979458847 20.149840913245658 399360
1759979480967 20.12618378475888 404480
1759979504126 20.12728692325664 409600
1759979532245 20.150511074095906 414720
1759979557905 20.195452810019475 419840
1759979581106 20.189979507152835 424960
1759979605777 20.18416252578176 430080
1759979634594 20.149195649386716 435200
1759979657265 20.170500501077882 440320
1759979680202 20.16341952482282 445440
1759979709404 20.1385726063021 450560
1759979735330 20.125346669055606 455680
1759979758042 20.123999560512594 460800
1759979780489 20.130218902852082 465920
1759979812488 20.138959620151354 471040
1759979835978 20.123016259267942 476160
1759979858501 20.13711192900573 481280
1759979883896 20.15136040581597 486400
1759979911526 20.166654555729863 491520
1759979935931 20.19225230964647 496640
1759979959225 20.210942374517682 501760
1759979985500 20.198244929222295 506880
1759980013159 20.18796314579744 512000
1759980035825 20.18204440034586 517120
1759980059450 20.193372846394006 522240
1759980088191 20.217339682989095 527360
1759980112364 20.22369801583838 532480
1759980135346 20.203137919439026 537600
1759980159614 20.22821198396128 542720
1759980190984 20.233858299029826 547840
1759980212923 20.235731949975314 552960
1759980236834 20.26524376411556 558080
1759980260629 20.263694608126492 563200
1759980293068 20.265421562623963 568320
1759980315411 20.251826925439726 573440
1759980337664 20.272766824290798 578560
1759980360600 20.276924778825833 583680
1759980392996 20.268524499127423 588800
1759980416382 20.259552268346475 593920
1759980439467 20.267829322195897 599040
1759980462194 20.2698365545428 604160
1759980494668 20.261006962439808 609280
1759980518589 20.278736300139823 614400
1759980541180 20.28423803249524 619520
1759980563880 20.29940741333029 624640
1759980596486 20.29665145565226 629760
1759980619337 20.309913940055825 634880
1759980641957 20.313285323405488 640000
1759980665151 20.309627814214036 645120
1759980696468 20.30287833945964 650240
1759980720173 20.292165571444702 655360
1759980744048 20.29681215806577 660480
