1761857518018 51.92594931904927 5120
1761857556293 53.38860316851411 10240
1761857600768 54.2429015223468 15360
1761857666784 53.59602405507747 20480
1761857706442 53.75003721345639 25600
1761857748153 54.39520924949409 30720
1761857790194 53.74739545389822 35840
1761857855290 55.061067874227305 40960
1761857897629 54.77966350451096 46080
1761857940990 55.36635672851488 51200
1761857991918 55.64488957123353 56320
1761858046196 55.25508068173734 61440
1761858086501 55.7525255451905 66560
1761858123986 55.762521809379614 71680
1761858190258 56.13841931054567 76800
1761858233662 55.88756409262157 81920
1761858273723 55.87408659650449 87040
1761858317305 55.81485637842921 92160
1761858386215 55.91011949086228 97280
1761858426482 55.967577765004606 102400
1761858466845 55.962670372453275 107520
1761858513363 56.01494823805632 112640
1761858559058 56.273172001883324 117760
1761858602362 56.37958118541143 122880
1761858648830 56.37771451424615 128000
1761858707573 56.72343315907481 133120
1761858746935 56.49957692274965 138240
1761858795545 56.47147161632626 143360
1761858835252 56.371053726519555 148480
1761858896213 56.273782339353126 153600
1761858939822 56.223906502217176 158720
1761858984711 56.21024386043562 163840
1761859040471 56.16491618135466 168960
1761859084563 56.13441523239708 174080
1761859134499 56.04300848806868 179200
1761859178422 56.06631609513719 184320
1761859218016 56.02946642883004 189440
1761859283409 56.109611064575084 194560
1761859327110 56.09204480194898 199680
1761859367902 55.97919689561663 204800
1761859410074 56.08705133246119 209920
1761859476302 56.07001524164455 215040
1761859515533 56.098742969828976 220160
1761859561741 56.18811402391332 225280
1761859615228 56.18049725709701 230400
1761859661094 56.141247764485605 235520
1761859701961 55.940789674931395 240640
1761859752120 55.97865805081133 245760
1761859809336 56.01646745584234 250880
1761859848354 56.101115884211595 256000
1761859886440 56.16245658211784 261120
1761859937810 56.09202194813573 266240
1761859989752 56.07517356913611 271360
1761860030954 55.988836224920114 276480
1761860084524 55.98746847839219 281600
1761860133805 55.974499705038596 286720
1761860178937 55.94407352600795 291840
1761860221482 55.95982624325011 296960
1761860254157 56.00380646630331 300032
