1761857518018 71.82512144344206 5120
1761857556293 71.63796262367167 10240
1761857600768 71.41092167037311 15360
1761857666784 70.42122842827983 20480
1761857706442 70.11015183090205 25600
1761857748153 70.61021170610212 30720
1761857790194 69.61958249443678 35840
1761857855290 71.20611551528879 40960
1761857897629 70.75353349502383 46080
1761857940990 71.3797554863695 51200
1761857991918 71.70596393897365 56320
1761858046196 71.14399544678429 61440
1761858086501 71.73491569238 66560
1761858123986 71.79963908787663 71680
1761858190258 72.31977818853974 76800
1761858233662 71.9320961012804 81920
1761858273723 71.91858103533872 87040
1761858317305 71.80862384540076 92160
1761858386215 71.93053311793214 97280
1761858426482 71.96067890331004 102400
1761858466845 71.94849848202202 107520
1761858513363 72.00293675488585 112640
1761858559058 72.32978759102043 117760
1761858602362 72.467967291224 122880
1761858648830 72.44160177975529 128000
1761858707573 72.82219570405728 133120
1761858746935 72.55868611883402 138240
1761858795545 72.51507273632392 143360
1761858835252 72.40247611932334 148480
1761858896213 72.29552131113745 153600
1761858939822 72.23344053050134 158720
1761858984711 72.19902994618856 163840
1761859040471 72.13022733651417 168960
1761859084563 72.11462046729184 174080
1761859134499 72.00925313945802 179200
1761859178422 72.05352547606793 184320
1761859218016 71.98524661901686 189440
1761859283409 72.0682302771855 194560
1761859327110 72.0347365089413 199680
1761859367902 71.90600019262256 204800
1761859410074 72.03198494825965 209920
1761859476302 72.02432348024176 215040
1761859515533 72.04096640539522 220160
1761859561741 72.16449608593393 225280
1761859615228 72.15433200604147 230400
1761859661094 72.10707392800201 235520
1761859701961 71.83813892529488 240640
1761859752120 71.87098844672657 245760
1761859809336 71.91840072980072 250880
1761859848354 72.00370198981953 256000
1761859886440 72.08243179858074 261120
1761859937810 72.01228012932697 266240
1761859989752 71.98016346237748 271360
1761860030954 71.88199883025919 276480
1761860084524 71.88480502017033 281600
1761860133805 71.87082926292327 286720
1761860178937 71.83694432805763 291840
1761860221482 71.84606596793262 296960
1761860254157 71.90388170055454 300032
