1761857518018 0.0 5120
1761857556293 0.0 10240
1761857600768 0.0 15360
1761857666784 0.0 20480
1761857706442 0.0 25600
1761857748153 0.0 30720
1761857790194 0.0 35840
1761857855290 0.0 40960
1761857897629 0.0 46080
1761857940990 0.0 51200
1761857991918 0.0 56320
1761858046196 0.0 61440
1761858086501 0.0 66560
1761858123986 0.0 71680
1761858190258 0.0 76800
1761858233662 0.0 81920
1761858273723 0.0 87040
1761858317305 0.0 92160
1761858386215 0.0 97280
1761858426482 0.0 102400
1761858466845 0.0 107520
1761858513363 0.0 112640
1761858559058 0.0 117760
1761858602362 0.0 122880
1761858648830 0.0 128000
1761858707573 0.0 133120
1761858746935 0.0 138240
1761858795545 0.0 143360
1761858835252 0.0 148480
1761858896213 0.0 153600
1761858939822 0.0 158720
1761858984711 0.0 163840
1761859040471 0.0 168960
1761859084563 0.0 174080
1761859134499 0.0 179200
1761859178422 0.0 184320
1761859218016 0.0 189440
1761859283409 0.0 194560
1761859327110 0.0 199680
1761859367902 0.0 204800
1761859410074 0.0 209920
1761859476302 0.0 215040
1761859515533 0.0 220160
1761859561741 0.0 225280
1761859615228 0.0 230400
1761859661094 0.0 235520
1761859701961 0.0 240640
1761859752120 0.0 245760
1761859809336 0.0 250880
1761859848354 0.0 256000
1761859886440 0.0 261120
1761859937810 0.0 266240
1761859989752 0.0 271360
1761860030954 0.0 276480
1761860084524 0.0 281600
1761860133805 0.0 286720
1761860178937 0.0 291840
1761860221482 0.0 296960
1761860254157 0.0 300032
