1761857518010 0.09263102213541667 5120
1761857556286 -1.9758522727272727 10240
1761857600760 -1.3603515625 15360
1761857666777 -0.38169642857142855 20480
1761857706437 -0.12252103365384616 25600
1761857748144 0.30367943548387094 30720
1761857790189 0.20203993055555555 35840
1761857855282 0.2223704268292683 40960
1761857897619 0.2274116847826087 46080
1761857940982 0.11174938725490197 51200
1761857991908 0.19866071428571427 56320
1761858046187 0.13537397540983606 61440
1761858086491 0.12097537878787878 66560
1761858123981 0.10431338028169014 71680
1761858190252 0.10063733552631579 76800
1761858233657 0.11255787037037036 81920
1761858273716 0.0807594476744186 87040
1761858317298 0.0967548076923077 92160
1761858386205 0.06803385416666667 97280
1761858426473 0.08261138613861387 102400
1761858466839 0.07635613207547169 107520
1761858513357 0.06327421171171171 112640
1761858559044 0.06728178879310345 117760
1761858602356 0.061466942148760334 122880
1761858648824 0.052455357142857144 128000
1761858707567 0.052361641221374045 133120
1761858746926 0.05221737132352941 138240
1761858795532 0.04476950354609929 143360
1761858835246 0.04393193493150685 148480
1761858896204 0.02956850165562914 153600
1761858939816 0.06004607371794872 158720
1761858984703 0.03265722049689441 163840
1761859040463 0.03713290662650602 168960
1761859084556 0.046052631578947366 174080
1761859134493 0.019631125710227272 179200
1761859178416 0.03824240331491713 184320
1761859218009 0.028960853494623656 189440
1761859283403 0.02464414267015707 194560
1761859327096 0.02375637755102041 199680
1761859367896 0.01916200248756219 204800
1761859410055 0.021332675970873786 209920
1761859476290 0.016004517180094786 215040
1761859515526 0.025354456018518517 220160
1761859561733 0.014476102941176471 225280
1761859615220 0.01971273506637168 230400
1761859661087 0.015472808441558442 235520
1761859701952 0.015724311440677968 240640
1761859752112 0.006629279045643153 245760
1761859809328 0.013322535569105691 250880
1761859848347 0.006618059013944223 256000
1761859886434 0.0140533447265625 261120
1761859937800 0.011284722222222222 266240
1761859989742 0.012350211466165413 271360
1761860030946 0.00939445917896679 276480
1761860084516 0.006142878877943841 281600
1761860133798 0.008066197731316727 286720
1761860178927 0.004575502622377622 291840
1761860221475 0.0028969676224226805 296960
1761860254150 0.0029530183447098977 300032
