1761857518018 3.6149086141487032 5120
1761857556293 3.4064326581608992 10240
1761857600768 3.3286973158165 15360
1761857666784 3.2975174264488425 20480
1761857706442 3.2179797650377253 25600
1761857748153 3.1709281645854412 30720
1761857790194 3.0972293272884492 35840
1761857855290 3.158137015101144 40960
1761857897629 3.1423116009042165 46080
1761857940990 3.1490450707064177 51200
1761857991918 3.1634412027430434 56320
1761858046196 3.1419627286674237 61440
1761858086501 3.166141725834539 66560
1761858123986 3.1819842468885855 71680
1761858190258 3.2078973312205568 76800
1761858233662 3.1795933935240135 81920
1761858273723 3.1832433783976284 87040
1761858317305 3.1816368682709344 92160
1761858386215 3.185589456635261 97280
1761858426482 3.1860558466101634 102400
1761858466845 3.1894460791331753 107520
1761858513363 3.1872274361927726 112640
1761858559058 3.195270841831545 117760
1761858602362 3.1958749068772736 122880
1761858648830 3.1904391282981766 128000
1761858707573 3.2005493855988494 133120
1761858746935 3.186609455976678 138240
1761858795545 3.179732093914426 143360
1761858835252 3.178686815275378 148480
1761858896213 3.1747644136709288 153600
1761858939822 3.172487503077244 158720
1761858984711 3.1688209563700127 163840
1761859040471 3.1681193108085344 168960
1761859084563 3.1688724406173012 174080
1761859134499 3.1691420745681524 179200
1761859178422 3.174524834397768 184320
1761859218016 3.1691313025409307 189440
1761859283409 3.1734885181772103 194560
1761859327110 3.172091864845311 199680
1761859367902 3.166747015808217 204800
1761859410074 3.1764953934821114 209920
1761859476302 3.1805840237277794 215040
1761859515533 3.1796656117264708 220160
1761859561741 3.18534735536577 225280
1761859615228 3.1848479373988976 230400
1761859661094 3.1828477003374904 235520
1761859701961 3.1731484309405205 240640
1761859752120 3.1700581786874324 245760
1761859809336 3.1711418187735068 250880
1761859848354 3.1708318015702726 256000
1761859886440 3.1759280960182976 261120
1761859937810 3.1764492005153104 266240
1761859989752 3.1737061381246408 271360
1761860030954 3.1696900230755225 276480
1761860084524 3.172575522730138 281600
1761860133805 3.1734684258004378 286720
1761860178937 3.1739841013494665 291840
1761860221482 3.172341449216467 296960
1761860254157 3.173999101605049 300032
