1761857518018 0.9951422623178349 5120
1761857556293 0.8966654452180286 10240
1761857600768 0.8514949345193971 15360
1761857666784 0.8315086286880683 20480
1761857706442 0.8073831497469485 25600
1761857748153 0.7962640099626401 30720
1761857790194 0.7734449507258663 35840
1761857855290 0.7835032087580219 40960
1761857897629 0.7768671071338965 46080
1761857940990 0.777128103880325 51200
1761857991918 0.7788488210818308 56320
1761858046196 0.7721494972490989 61440
1761858086501 0.7770401269020621 66560
1761858123986 0.7790233499207087 71680
1761858190258 0.7836824810022592 76800
1761858233662 0.7781614156236513 81920
1761858273723 0.779166854718599 87040
1761858317305 0.7771676669646278 92160
1761858386215 0.7768174474959613 97280
1761858426482 0.7766300591352431 102400
1761858466845 0.7770218369362449 107520
1761858513363 0.7773310491906443 112640
1761858559058 0.7799067145397806 117760
1761858602362 0.7797308608589273 122880
1761858648830 0.778642936596218 128000
1761858707573 0.7795346062052506 133120
1761858746935 0.7771790535698931 138240
1761858795545 0.7761491232922175 143360
1761858835252 0.7754149100805806 148480
1761858896213 0.7749317115909911 153600
1761858939822 0.7745867923117193 158720
1761858984711 0.7729543206003716 163840
1761859040471 0.7726167087660212 168960
1761859084563 0.773415680842851 174080
1761859134499 0.7725269883234193 179200
1761859178422 0.7742322868416538 184320
1761859218016 0.7724061764154285 189440
1761859283409 0.7732358615087827 194560
1761859327110 0.7725312549454028 199680
1761859367902 0.7716652219974959 204800
1761859410074 0.7730009407337723 209920
1761859476302 0.7740892473315819 215040
1761859515533 0.7735009775258731 220160
1761859561741 0.7748271141222312 225280
1761859615228 0.7753501304407524 230400
1761859661094 0.7749265754804061 235520
1761859701961 0.7719692005242464 240640
1761859752120 0.7708761232349166 245760
1761859809336 0.7714968778999355 250880
1761859848354 0.7712941539410767 256000
1761859886440 0.7721172323009184 261120
1761859937810 0.7721057158959452 266240
1761859989752 0.7709926994560949 271360
1761860030954 0.770531090854624 276480
1761860084524 0.7711368220528911 281600
1761860133805 0.7717910262937024 286720
1761860178937 0.7715409463824726 291840
1761860221482 0.7709188485500604 296960
1761860254157 0.7714549775547928 300032
