1761857518010 35.211041059780555 5120
1761857556286 40.677955581417905 10240
1761857600760 32.08592345529792 15360
1761857666777 40.33721545282311 20480
1761857706437 97.37890044576523 25600
1761857748144 27.444783971418662 30720
1761857790189 48.67984354870533 35840
1761857855282 67.96137144338583 40960
1761857897619 86.20853801409984 46080
1761857940982 88.69512994565332 51200
1761857991908 93.61449870547273 56320
1761858046187 95.28827498466502 61440
1761858086491 54.161284074327554 66560
1761858123981 55.18748437520559 71680
1761858190252 41.20181927130915 76800
1761858233657 47.118540487103445 81920
1761858273716 97.48301027285827 87040
1761858317298 29.077437155969662 92160
1761858386205 102.72100313479623 97280
1761858426473 78.94566056202827 102400
1761858466839 72.66261282331133 107520
1761858513357 48.908032976130784 112640
1761858559044 46.09530508176543 117760
1761858602356 39.93814511521615 122880
1761858648824 36.58706025000218 128000
1761858707567 47.063554757630165 133120
1761858746926 111.23704450220124 138240
1761858795532 75.64255441937637 143360
1761858835246 89.38885810494011 148480
1761858896204 72.0868967413722 153600
1761858939816 29.817892282318148 158720
1761858984703 77.97553448596393 163840
1761859040463 89.73692768506632 168960
1761859084556 71.7195718340686 174080
1761859134493 28.490042113843227 179200
1761859178416 41.63866138527365 184320
1761859218009 92.16022500054932 189440
1761859283403 35.021993620681016 194560
1761859327096 107.3425807442289 199680
1761859367896 69.69366255691071 204800
1761859410055 49.37089047142605 209920
1761859476290 38.31359330611201 215040
1761859515526 99.1866058126611 220160
1761859561733 100.91922716007795 225280
1761859615220 90.22919221254168 230400
1761859661087 35.334142067664104 235520
1761859701952 29.87970621130844 240640
1761859752112 60.670948330729615 245760
1761859809328 29.096600092958077 250880
1761859848347 17.64262188889403 256000
1761859886434 29.322595078299777 261120
1761859937800 72.18117987196256 266240
1761859989742 61.81274777098224 271360
1761860030946 39.45166721535061 276480
1761860084516 64.79390728067601 281600
1761860133798 90.94525033066633 286720
1761860178927 84.83967798050082 291840
1761860221475 45.289968685887054 296960
1761860254150 76.93994203323916 300032
