1761857518018 7.16905442184247 5120
1761857556293 6.17411131560038 10240
1761857600768 5.743074477911879 15360
1761857666784 5.577828850943473 20480
1761857706442 5.33205967795533 25600
1761857748153 5.200470274738772 30720
1761857790194 5.0118121233761554 35840
1761857855290 5.059176642654436 40960
1761857897629 5.014252768179401 46080
1761857940990 4.986771435172386 51200
1761857991918 4.986215929515484 56320
1761858046196 4.9446063055256655 61440
1761858086501 4.965901249255285 66560
1761858123986 4.982342456202878 71680
1761858190258 5.011233286094705 76800
1761858233662 4.964994401730079 81920
1761858273723 4.970087112596858 87040
1761858317305 4.954668737658392 92160
1761858386215 4.9476239896167264 97280
1761858426482 4.9420799405955105 102400
1761858466845 4.9435386092605516 107520
1761858513363 4.938190553161901 112640
1761858559058 4.9525769493139125 117760
1761858602362 4.944743209916482 122880
1761858648830 4.935692200302975 128000
1761858707573 4.926812866138103 133120
1761858746935 4.913003692500121 138240
1761858795545 4.89991172741153 143360
1761858835252 4.893996654143868 148480
1761858896213 4.8960374402476425 153600
1761858939822 4.893731063018457 158720
1761858984711 4.88099242224403 163840
1761859040471 4.878907618994172 168960
1761859084563 4.886263367947889 174080
1761859134499 4.882896831787271 179200
1761859178422 4.89861916702226 184320
1761859218016 4.882310885870736 189440
1761859283409 4.885190074965971 194560
1761859327110 4.878099523931577 199680
1761859367902 4.8738863444151495 204800
1761859410074 4.883603948555459 209920
1761859476302 4.892936014847453 215040
1761859515533 4.88801984770053 220160
1761859561741 4.895999062269289 225280
1761859615228 4.900961415381054 230400
1761859661094 4.899321430625957 235520
1761859701961 4.879538296840763 240640
1761859752120 4.868256362503698 245760
1761859809336 4.8716164958239085 250880
1761859848354 4.865243932749595 256000
1761859886440 4.870563528840089 261120
1761859937810 4.873284479958816 266240
1761859989752 4.8648356981383705 271360
1761860030954 4.863457504130759 276480
1761860084524 4.869316819215345 281600
1761860133805 4.875613579718372 286720
1761860178937 4.875333159542861 291840
1761860221482 4.867645271374341 296960
1761860254157 4.870583855825645 300032
