1770999224985 0.07704003900289536 5120
1770999242399 0.07518308609724045 10240
1770999259877 0.07212336361408234 15360
1770999277346 0.07160910964012146 20480
1770999294840 0.07481551170349121 25600
1770999312319 0.07349628210067749 30720
1770999329806 0.07429013401269913 35840
1770999347284 0.07420571893453598 40960
1770999364773 0.07365497946739197 46080
1770999382245 0.07396285235881805 51200
1770999399738 0.07469002902507782 56320
1770999417162 0.07675593346357346 61440
1770999434653 0.08016890287399292 66560
1770999452150 0.0826539546251297 71680
1770999469589 0.08446208387613297 76800
1770999487089 0.08567407727241516 81920
1770999504559 0.08700408041477203 87040
1770999521980 0.08771586418151855 92160
1770999539432 0.08859974890947342 97280
1770999556932 0.08948810398578644 102400
1770999574365 0.09012862294912338 107520
1770999591812 0.0907784253358841 112640
1770999609316 0.09123783558607101 117760
1770999626797 0.0920875072479248 122880
1770999644281 0.09278178215026855 128000
1770999661729 0.09383051842451096 133120
1770999679171 0.0945667251944542 138240
1770999696640 0.09495828300714493 143360
1770999714108 0.0955902561545372 148480
1770999731518 0.09630854427814484 153600
1770999748957 0.09689892828464508 158720
1770999766441 0.09721048921346664 163840
1770999783882 0.09815498441457748 168960
1770999801340 0.09850746393203735 174080
1770999818769 0.0994265228509903 179200
1770999836250 0.10043135285377502 184320
1770999853715 0.10192045569419861 189440
1770999871188 0.10375923663377762 194560
1770999888662 0.10537126660346985 199680
1770999906160 0.10654675215482712 204800
1770999923640 0.1082078143954277 209920
1770999941083 0.10982231050729752 215040
1770999958521 0.11168710887432098 220160
1770999975994 0.11363346874713898 225280
1770999993480 0.11514698714017868 230400
1771000010941 0.11639849096536636 235520
1771000028414 0.1174204871058464 240640
1771000045831 0.11898311227560043 245760
1771000063310 0.12061581760644913 250880
1771000080794 0.12206549197435379 256000
1771000098270 0.12361091375350952 261120
1771000115750 0.12451497465372086 266240
1771000133214 0.12561912834644318 271360
1771000150600 0.12660300731658936 276480
1771000168094 0.1276663839817047 281600
1771000185591 0.128889262676239 286720
1771000203086 0.12948337197303772 291840
1771000220583 0.13072632253170013 296960
1771000227613 0.13094529509544373 300032
