1770999224985 25.168703079223633 5120
1770999242399 26.138534545898438 10240
1770999259877 26.428226470947266 15360
1770999277346 26.69057846069336 20480
1770999294840 26.84693145751953 25600
1770999312319 26.773881912231445 30720
1770999329806 26.828365325927734 35840
1770999347284 26.93224334716797 40960
1770999364773 26.993406295776367 46080
1770999382245 26.99584197998047 51200
1770999399738 27.03803062438965 56320
1770999417162 27.013492584228516 61440
1770999434653 26.95317840576172 66560
1770999452150 26.900218963623047 71680
1770999469589 26.877620697021484 76800
1770999487089 26.886531829833984 81920
1770999504559 26.842548370361328 87040
1770999521980 26.718210220336914 92160
1770999539432 26.68368148803711 97280
1770999556932 26.60957908630371 102400
1770999574365 26.561317443847656 107520
1770999591812 26.522563934326172 112640
1770999609316 26.47519874572754 117760
1770999626797 26.451148986816406 122880
1770999644281 26.413576126098633 128000
1770999661729 26.444169998168945 133120
1770999679171 26.4420108795166 138240
1770999696640 26.467464447021484 143360
1770999714108 26.444826126098633 148480
1770999731518 26.423095703125 153600
1770999748957 26.439516067504883 158720
1770999766441 26.381900787353516 163840
1770999783882 26.411773681640625 168960
1770999801340 26.360538482666016 174080
1770999818769 26.287059783935547 179200
1770999836250 26.234729766845703 184320
1770999853715 26.18572998046875 189440
1770999871188 26.188425064086914 194560
1770999888662 26.144107818603516 199680
1770999906160 26.06336784362793 204800
1770999923640 25.98686981201172 209920
1770999941083 25.901485443115234 215040
1770999958521 25.85500717163086 220160
1770999975994 25.834508895874023 225280
1770999993480 25.773298263549805 230400
1771000010941 25.68944549560547 235520
1771000028414 25.627132415771484 240640
1771000045831 25.585172653198242 245760
1771000063310 25.517738342285156 250880
1771000080794 25.454877853393555 256000
1771000098270 25.401784896850586 261120
1771000115750 25.33904266357422 266240
1771000133214 25.295326232910156 271360
1771000150600 25.24696159362793 276480
1771000168094 25.20844268798828 281600
1771000185591 25.168188095092773 286720
1771000203086 25.084726333618164 291840
1771000220583 25.071964263916016 296960
1771000227613 25.048372268676758 300032
