1770999224985 0.0 5120
1770999242399 0.0 10240
1770999259877 0.0 15360
1770999277346 0.0 20480
1770999294840 0.0 25600
1770999312319 0.0 30720
1770999329806 0.0 35840
1770999347284 0.0 40960
1770999364773 0.0 46080
1770999382245 0.0 51200
1770999399738 0.0 56320
1770999417162 0.0 61440
1770999434653 0.0 66560
1770999452150 0.0 71680
1770999469589 0.0 76800
1770999487089 0.0 81920
1770999504559 0.0 87040
1770999521980 0.0 92160
1770999539432 0.0 97280
1770999556932 0.0 102400
1770999574365 0.0 107520
1770999591812 0.0 112640
1770999609316 0.0 117760
1770999626797 0.0 122880
1770999644281 0.0 128000
1770999661729 0.0 133120
1770999679171 0.0 138240
1770999696640 0.0 143360
1770999714108 0.0 148480
1770999731518 0.0 153600
1770999748957 0.0 158720
1770999766441 0.0 163840
1770999783882 0.0 168960
1770999801340 0.0 174080
1770999818769 0.0 179200
1770999836250 0.0 184320
1770999853715 0.0 189440
1770999871188 0.0 194560
1770999888662 0.0 199680
1770999906160 0.0 204800
1770999923640 0.0 209920
1770999941083 0.0 215040
1770999958521 0.0 220160
1770999975994 0.0 225280
1770999993480 0.0 230400
1771000010941 0.0 235520
1771000028414 0.0 240640
1771000045831 0.0 245760
1771000063310 0.0 250880
1771000080794 0.0 256000
1771000098270 0.0 261120
1771000115750 0.0 266240
1771000133214 0.0 271360
1771000150600 0.0 276480
1771000168094 0.0 281600
1771000185591 0.0 286720
1771000203086 0.0 291840
1771000220583 0.0 296960
1771000227613 0.0 300032
