1770999224985 1.1149005889892578 5120
1770999242399 1.128682017326355 10240
1770999259877 1.1280407905578613 15360
1770999277346 1.133241891860962 20480
1770999294840 1.1390126943588257 25600
1770999312319 1.1358214616775513 30720
1770999329806 1.1352051496505737 35840
1770999347284 1.1358662843704224 40960
1770999364773 1.1371772289276123 46080
1770999382245 1.1366990804672241 51200
1770999399738 1.13845694065094 56320
1770999417162 1.13667893409729 61440
1770999434653 1.1392861604690552 66560
1770999452150 1.1369096040725708 71680
1770999469589 1.1405760049819946 76800
1770999487089 1.1417239904403687 81920
1770999504559 1.1411809921264648 87040
1770999521980 1.1394020318984985 92160
1770999539432 1.1397528648376465 97280
1770999556932 1.1391037702560425 102400
1770999574365 1.1397305727005005 107520
1770999591812 1.1399083137512207 112640
1770999609316 1.1416882276535034 117760
1770999626797 1.1421236991882324 122880
1770999644281 1.1414239406585693 128000
1770999661729 1.1419777870178223 133120
1770999679171 1.1437042951583862 138240
1770999696640 1.1446058750152588 143360
1770999714108 1.143675684928894 148480
1770999731518 1.1441004276275635 153600
1770999748957 1.1448546648025513 158720
1770999766441 1.143946647644043 163840
1770999783882 1.1457080841064453 168960
1770999801340 1.1449519395828247 174080
1770999818769 1.1434855461120605 179200
1770999836250 1.1435009241104126 184320
1770999853715 1.143404483795166 189440
1770999871188 1.145693063735962 194560
1770999888662 1.1463932991027832 199680
1770999906160 1.1464427709579468 204800
1770999923640 1.1463514566421509 209920
1770999941083 1.1460254192352295 215040
1770999958521 1.1469273567199707 220160
1770999975994 1.1484304666519165 225280
1770999993480 1.1484613418579102 230400
1771000010941 1.1482677459716797 235520
1771000028414 1.1484111547470093 240640
1771000045831 1.148437738418579 245760
1771000063310 1.1480976343154907 250880
1771000080794 1.1478968858718872 256000
1771000098270 1.1486338376998901 261120
1771000115750 1.149290919303894 266240
1771000133214 1.149632215499878 271360
1771000150600 1.1494605541229248 276480
1771000168094 1.1495628356933594 281600
1771000185591 1.1496788263320923 286720
1771000203086 1.1490020751953125 291840
1771000220583 1.1500844955444336 296960
1771000227613 1.1497538089752197 300032
