1770999224977 18.380672454833984 5120
1770999242389 14.797956466674805 10240
1770999259867 13.04138469696045 15360
1770999277336 11.827775955200195 20480
1770999294830 11.766754150390625 25600
1770999312309 14.091140747070312 30720
1770999329795 14.736111640930176 35840
1770999347274 14.669382095336914 40960
1770999364762 14.490488052368164 46080
1770999382235 13.750116348266602 51200
1770999399727 12.957453727722168 56320
1770999417151 12.674840927124023 61440
1770999434642 14.509638786315918 66560
1770999452138 16.181640625 71680
1770999469578 16.684795379638672 76800
1770999487077 18.237287521362305 81920
1770999504545 18.699478149414062 87040
1770999521969 19.563135147094727 92160
1770999539420 19.64978790283203 97280
1770999556921 19.601436614990234 102400
1770999574354 20.04110336303711 107520
1770999591800 19.700654983520508 112640
1770999609303 20.773662567138672 117760
1770999626785 19.369251251220703 122880
1770999644269 19.478567123413086 128000
1770999661717 18.977094650268555 133120
1770999679158 18.48101234436035 138240
1770999696628 18.4511775970459 143360
1770999714097 17.900104522705078 148480
1770999731506 17.85464096069336 153600
1770999748948 17.536230087280273 158720
1770999766429 17.892398834228516 163840
1770999783872 16.863250732421875 168960
1770999801328 16.611480712890625 174080
1770999818754 16.7712345123291 179200
1770999836237 16.55203628540039 184320
1770999853702 17.03615951538086 189440
1770999871176 17.367088317871094 194560
1770999888649 18.2935791015625 199680
1770999906147 17.834270477294922 204800
1770999923626 18.3610897064209 209920
1770999941070 19.231449127197266 215040
1770999958507 20.620128631591797 220160
1770999975980 22.783798217773438 225280
1770999993467 22.972267150878906 230400
1771000010928 25.341236114501953 235520
1771000028401 25.17449188232422 240640
1771000045817 25.951873779296875 245760
1771000063296 26.441192626953125 250880
1771000080779 27.89424705505371 256000
1771000098257 28.529193878173828 261120
1771000115740 29.05462074279785 266240
1771000133201 31.6099796295166 271360
1771000150587 30.2369327545166 276480
1771000168078 30.691375732421875 281600
1771000185577 33.10857009887695 286720
1771000203072 32.10182189941406 291840
1771000220569 31.665502548217773 296960
1771000227598 32.36394119262695 300032
