1770999224985 0.2733904719352722 5120
1770999242399 0.26922690868377686 10240
1770999259877 0.2624216079711914 15360
1770999277346 0.2617364823818207 20480
1770999294840 0.2687692940235138 25600
1770999312319 0.26591211557388306 30720
1770999329806 0.26708170771598816 35840
1770999347284 0.26707470417022705 40960
1770999364773 0.2662624716758728 46080
1770999382245 0.266823410987854 51200
1770999399738 0.2682553827762604 56320
1770999417162 0.27166450023651123 61440
1770999434653 0.27899405360221863 66560
1770999452150 0.2834063172340393 71680
1770999469589 0.28775036334991455 76800
1770999487089 0.290223091840744 81920
1770999504559 0.2930316925048828 87040
1770999521980 0.2945609390735626 92160
1770999539432 0.2965485155582428 97280
1770999556932 0.2984747290611267 102400
1770999574365 0.3000861704349518 107520
1770999591812 0.30159255862236023 112640
1770999609316 0.30293357372283936 117760
1770999626797 0.30471134185791016 122880
1770999644281 0.30601879954338074 128000
1770999661729 0.30804136395454407 133120
1770999679171 0.30978918075561523 138240
1770999696640 0.3105854094028473 143360
1770999714108 0.3118378221988678 148480
1770999731518 0.31346574425697327 153600
1770999748957 0.31469404697418213 158720
1770999766441 0.3153475224971771 163840
1770999783882 0.31750088930130005 168960
1770999801340 0.31824931502342224 174080
1770999818769 0.3201797604560852 179200
1770999836250 0.3225513696670532 184320
1770999853715 0.3258308172225952 189440
1770999871188 0.3302571773529053 194560
1770999888662 0.3341350257396698 199680
1770999906160 0.3373197913169861 204800
1770999923640 0.34145399928092957 209920
1770999941083 0.3454132676124573 215040
1770999958521 0.3499408960342407 220160
1770999975994 0.3546447455883026 225280
1770999993480 0.3583845794200897 230400
1771000010941 0.36180758476257324 235520
1771000028414 0.36451175808906555 240640
1771000045831 0.36819934844970703 245760
1771000063310 0.3722791373729706 250880
1771000080794 0.37594348192214966 256000
1771000098270 0.38013511896133423 261120
1771000115750 0.38301384449005127 266240
1771000133214 0.38589775562286377 271360
1771000150600 0.3883861005306244 276480
1771000168094 0.39101964235305786 281600
1771000185591 0.39411383867263794 286720
1771000203086 0.39598172903060913 291840
1771000220583 0.3990291357040405 296960
1771000227613 0.3995823562145233 300032
