1770999224977 141.62768867128145 5120
1770999242389 144.6760718843779 10240
1770999259867 145.48905615872906 15360
1770999277336 138.70511590991765 20480
1770999294830 117.04816654573868 25600
1770999312309 134.36822040685567 30720
1770999329795 137.54071159206427 35840
1770999347274 136.23177861504482 40960
1770999364762 137.45056529575618 46080
1770999382235 139.88473852721452 51200
1770999399727 139.62861613236126 56320
1770999417151 139.30862229307826 61440
1770999434642 142.13161640121993 66560
1770999452138 127.60668106726703 71680
1770999469578 137.8843485979158 76800
1770999487077 134.67454405342923 81920
1770999504545 101.5397874452272 87040
1770999521969 118.84237667526138 92160
1770999539420 136.53333333333333 97280
1770999556921 135.8259067357513 102400
1770999574354 137.34704302835812 107520
1770999591800 143.23341187719836 112640
1770999609303 147.30294303575192 117760
1770999626785 144.56138415937133 122880
1770999644269 134.17049998400563 128000
1770999661717 134.54925737016006 133120
1770999679158 133.08068661357362 138240
1770999696628 136.93003819659822 143360
1770999714097 132.41267836848087 148480
1770999731506 135.7336008543413 153600
1770999748948 180.16769759450173 158720
1770999766429 145.1165622945715 163840
1770999783872 164.68917857703786 168960
1770999801328 140.16053467000836 174080
1770999818754 80.18475185440086 179200
1770999836237 137.77112074628826 184320
1770999853702 133.06802030456853 189440
1770999871176 142.24730380519568 194560
1770999888649 140.10435247352774 199680
1770999906147 143.23830339457686 204800
1770999923626 140.03418803418805 209920
1770999941070 129.44583667674834 215040
1770999958507 125.70216081757425 220160
1770999975980 134.7307828209823 225280
1770999993467 136.98370292955354 230400
1771000010928 137.4956236682511 235520
1771000028401 140.98026957077073 240640
1771000045817 135.61072132949658 245760
1771000063296 137.95691214682762 250880
1771000080779 136.4356255285928 256000
1771000098257 140.8855597729334 261120
1771000115740 180.24512247529006 266240
1771000133201 141.92961559285328 271360
1771000150587 134.5017957927142 276480
1771000168078 137.37403380060266 281600
1771000185577 137.95691214682762 286720
1771000203072 138.20237899107053 291840
1771000220569 145.37307638985166 296960
1771000227598 132.3708893517642 300032
