1770999224985 1.7151981592178345 5120
1770999242399 1.6442773342132568 10240
1770999259877 1.566218376159668 15360
1770999277346 1.5515092611312866 20480
1770999294840 1.6266436576843262 25600
1770999312319 1.5987629890441895 30720
1770999329806 1.609911561012268 35840
1770999347284 1.6031745672225952 40960
1770999364773 1.5910528898239136 46080
1770999382245 1.5958523750305176 51200
1770999399738 1.6094437837600708 56320
1770999417162 1.6504930257797241 61440
1770999434653 1.7303552627563477 66560
1770999452150 1.7814120054244995 71680
1770999469589 1.8260565996170044 76800
1770999487089 1.853141188621521 81920
1770999504559 1.8840988874435425 87040
1770999521980 1.9051674604415894 92160
1770999539432 1.9275484085083008 97280
1770999556932 1.9507701396942139 102400
1770999574365 1.9690803289413452 107520
1770999591812 1.985720157623291 112640
1770999609316 2.000718116760254 117760
1770999626797 2.0205495357513428 122880
1770999644281 2.035994529724121 128000
1770999661729 2.056650400161743 133120
1770999679171 2.0751500129699707 138240
1770999696640 2.083449363708496 143360
1770999714108 2.097876787185669 148480
1770999731518 2.1159210205078125 153600
1770999748957 2.1290791034698486 158720
1770999766441 2.138484239578247 163840
1770999783882 2.159234046936035 168960
1770999801340 2.1692254543304443 174080
1770999818769 2.1931400299072266 179200
1770999836250 2.2207982540130615 184320
1770999853715 2.258493661880493 189440
1770999871188 2.305720567703247 194560
1770999888662 2.348910093307495 199680
1770999906160 2.3857033252716064 204800
1770999923640 2.4325311183929443 209920
1770999941083 2.4786810874938965 215040
1770999958521 2.529503345489502 220160
1770999975994 2.580345392227173 225280
1770999993480 2.623051881790161 230400
1771000010941 2.66239070892334 235520
1771000028414 2.6942193508148193 240640
1771000045831 2.735783100128174 245760
1771000063310 2.7818539142608643 250880
1771000080794 2.8237123489379883 256000
1771000098270 2.8700010776519775 261120
1771000115750 2.902843713760376 266240
1771000133214 2.9353866577148438 271360
1771000150600 2.9637515544891357 276480
1771000168094 2.993006467819214 281600
1771000185591 3.027618408203125 286720
1771000203086 3.050363063812256 291840
1771000220583 3.083739757537842 296960
1771000227613 3.0907199382781982 300032
