1769362116368 20.11675262451172 5120
1769362126532 20.28053855895996 10240
1769362135244 20.253225326538086 15360
1769362143165 19.89557647705078 20480
1769362151534 19.972976684570312 25600
1769362160849 19.974994659423828 30720
1769362169790 20.118682861328125 35840
1769362177498 20.123722076416016 40960
1769362185182 20.195175170898438 46080
1769362193902 20.18745231628418 51200
1769362202720 20.21453094482422 56320
1769362210431 20.154529571533203 61440
1769362219033 20.11562728881836 66560
1769362227372 20.097991943359375 71680
1769362235801 20.091777801513672 76800
1769362244162 20.102384567260742 81920
1769362252183 20.136802673339844 87040
1769362261658 20.12372398376465 92160
1769362270324 20.124540328979492 97280
1769362279747 20.098037719726562 102400
1769362288280 20.1011905670166 107520
1769362298139 20.107254028320312 112640
1769362306192 20.079875946044922 117760
1769362316161 20.10347557067871 122880
1769362324519 20.10652732849121 128000
1769362335595 20.084789276123047 133120
1769362343999 20.117738723754883 138240
1769362353125 20.131702423095703 143360
1769362361078 20.132104873657227 148480
1769362371117 20.137041091918945 153600
1769362379175 20.134145736694336 158720
1769362388370 20.14450454711914 163840
1769362396393 20.135066986083984 168960
1769362404572 20.115659713745117 174080
1769362413206 20.129281997680664 179200
1769362422309 20.127532958984375 184320
1769362430559 20.138275146484375 189440
1769362438404 20.126474380493164 194560
1769362447465 20.120933532714844 199680
1769362456671 20.10879898071289 204800
1769362464353 20.102819442749023 209920
1769362472153 20.09626579284668 215040
1769362481438 20.08927345275879 220160
1769362491424 20.07986068725586 225280
1769362499584 20.064559936523438 230400
1769362507073 20.042835235595703 235520
1769362516422 20.04159927368164 240640
1769362525753 20.04767417907715 245760
1769362533332 20.049907684326172 250880
1769362541795 20.03665542602539 256000
1769362551215 20.036670684814453 261120
1769362559998 20.050479888916016 266240
1769362567678 20.037391662597656 271360
1769362575768 20.035627365112305 276480
1769362585222 20.04808235168457 281600
1769362593939 20.046884536743164 286720
1769362601663 20.05752182006836 291840
1769362611068 20.063764572143555 296960
1769362614548 20.069194793701172 300032
