1769362116368 1.1512001752853394 5120
1769362126532 1.1605778932571411 10240
1769362135244 1.1647788286209106 15360
1769362143165 1.1431463956832886 20480
1769362151534 1.1480202674865723 25600
1769362160849 1.1464887857437134 30720
1769362169790 1.1558204889297485 35840
1769362177498 1.1551696062088013 40960
1769362185182 1.1576488018035889 46080
1769362193902 1.1578480005264282 51200
1769362202720 1.159913420677185 56320
1769362210431 1.1570342779159546 61440
1769362219033 1.154449462890625 66560
1769362227372 1.1531603336334229 71680
1769362235801 1.1537160873413086 76800
1769362244162 1.1555378437042236 81920
1769362252183 1.1570848226547241 87040
1769362261658 1.1568018198013306 92160
1769362270324 1.1573542356491089 97280
1769362279747 1.157423496246338 102400
1769362288280 1.157535433769226 107520
1769362298139 1.157891035079956 112640
1769362306192 1.1567853689193726 117760
1769362316161 1.1573578119277954 122880
1769362324519 1.1571530103683472 128000
1769362335595 1.1563564538955688 133120
1769362343999 1.1583036184310913 138240
1769362353125 1.1588551998138428 143360
1769362361078 1.1588324308395386 148480
1769362371117 1.1589641571044922 153600
1769362379175 1.1592257022857666 158720
1769362388370 1.1593270301818848 163840
1769362396393 1.1584453582763672 168960
1769362404572 1.1570730209350586 174080
1769362413206 1.1581822633743286 179200
1769362422309 1.1582164764404297 184320
1769362430559 1.1584607362747192 189440
1769362438404 1.1582404375076294 194560
1769362447465 1.1577796936035156 199680
1769362456671 1.1574680805206299 204800
1769362464353 1.1571658849716187 209920
1769362472153 1.1570932865142822 215040
1769362481438 1.1569490432739258 220160
1769362491424 1.1566530466079712 225280
1769362499584 1.1562203168869019 230400
1769362507073 1.155308485031128 235520
1769362516422 1.1551262140274048 240640
1769362525753 1.1556626558303833 245760
1769362533332 1.1555380821228027 250880
1769362541795 1.1550264358520508 256000
1769362551215 1.1552473306655884 261120
1769362559998 1.1564245223999023 266240
1769362567678 1.1560460329055786 271360
1769362575768 1.155504584312439 276480
1769362585222 1.1561418771743774 281600
1769362593939 1.15605628490448 286720
1769362601663 1.1565911769866943 291840
1769362611068 1.1569260358810425 296960
1769362614548 1.1572409868240356 300032
