1769362116362 -1.9230040311813354 5120
1769362126524 -3.550408124923706 10240
1769362135239 -3.6306915283203125 15360
1769362143158 -3.3429439067840576 20480
1769362151524 -3.2744994163513184 25600
1769362160843 -3.3083443641662598 30720
1769362169782 -3.2204158306121826 35840
1769362177490 -3.264209032058716 40960
1769362185176 -3.310800075531006 46080
1769362193896 -3.292170286178589 51200
1769362202714 -3.2770633697509766 56320
1769362210425 -3.3384013175964355 61440
1769362219027 -3.461747646331787 66560
1769362227367 -3.4564433097839355 71680
1769362235793 -3.408831834793091 76800
1769362244152 -3.607945203781128 81920
1769362252177 -3.507711410522461 87040
1769362261651 -3.511106014251709 92160
1769362270312 -3.3927528858184814 97280
1769362279735 -3.4864108562469482 102400
1769362288267 -3.49580717086792 107520
1769362298132 -3.465806484222412 112640
1769362306183 -3.496725559234619 117760
1769362316148 -3.516526699066162 122880
1769362324512 -3.496814250946045 128000
1769362335583 -3.2584228515625 133120
1769362343989 -3.4757819175720215 138240
1769362353118 -3.210413694381714 143360
1769362361070 -3.296994686126709 148480
1769362371106 -3.1926887035369873 153600
1769362379167 -3.1989588737487793 158720
1769362388363 -3.0808258056640625 163840
1769362396386 -2.971842050552368 168960
1769362404564 -2.895097255706787 174080
1769362413197 -2.8289389610290527 179200
1769362422301 -2.8971362113952637 184320
1769362430550 -2.866642475128174 189440
1769362438395 -2.8528733253479004 194560
1769362447458 -2.6951751708984375 199680
1769362456664 -2.776383876800537 204800
1769362464346 -2.6905698776245117 209920
1769362472140 -2.427220582962036 215040
1769362481429 -2.643507480621338 220160
1769362491408 -2.5002989768981934 225280
1769362499576 -2.551126718521118 230400
1769362507063 -2.2615230083465576 235520
1769362516413 -2.315500259399414 240640
1769362525738 -2.3610122203826904 245760
1769362533321 -2.2915966510772705 250880
1769362541786 -2.2605648040771484 256000
1769362551202 -2.2242019176483154 261120
1769362559989 -2.1669631004333496 266240
1769362567664 -2.1267106533050537 271360
1769362575750 -2.0257911682128906 276480
1769362585213 -2.1244304180145264 281600
1769362593931 -2.131118059158325 286720
1769362601654 -1.8832765817642212 291840
1769362611054 -1.851139783859253 296960
1769362614537 -2.0348000526428223 300032
