1769362116368 1.3471933603286743 5120
1769362126532 1.3318949937820435 10240
1769362135244 1.3267935514450073 15360
1769362143165 1.2957890033721924 20480
1769362151534 1.2872427701950073 25600
1769362160849 1.2844889163970947 30720
1769362169790 1.3015456199645996 35840
1769362177498 1.2963913679122925 40960
1769362185182 1.2966428995132446 46080
1769362193902 1.2971398830413818 51200
1769362202720 1.2942758798599243 56320
1769362210431 1.2901880741119385 61440
1769362219033 1.2870385646820068 66560
1769362227372 1.2862813472747803 71680
1769362235801 1.2854689359664917 76800
1769362244162 1.2909222841262817 81920
1769362252183 1.2903327941894531 87040
1769362261658 1.2904809713363647 92160
1769362270324 1.2939214706420898 97280
1769362279747 1.2951724529266357 102400
1769362288280 1.2959822416305542 107520
1769362298139 1.2980014085769653 112640
1769362306192 1.2974926233291626 117760
1769362316161 1.2974270582199097 122880
1769362324519 1.295280933380127 128000
1769362335595 1.2951477766036987 133120
1769362343999 1.2970690727233887 138240
1769362353125 1.297442078590393 143360
1769362361078 1.2977123260498047 148480
1769362371117 1.2978678941726685 153600
1769362379175 1.2990456819534302 158720
1769362388370 1.2975704669952393 163840
1769362396393 1.2950222492218018 168960
1769362404572 1.2927263975143433 174080
1769362413206 1.2935407161712646 179200
1769362422309 1.2939238548278809 184320
1769362430559 1.291608214378357 189440
1769362438404 1.291312575340271 194560
1769362447465 1.290246605873108 199680
1769362456671 1.288987398147583 204800
1769362464353 1.2884186506271362 209920
1769362472153 1.2881922721862793 215040
1769362481438 1.2883180379867554 220160
1769362491424 1.2890394926071167 225280
1769362499584 1.2880176305770874 230400
1769362507073 1.286952018737793 235520
1769362516422 1.2861696481704712 240640
1769362525753 1.287158727645874 245760
1769362533332 1.2859842777252197 250880
1769362541795 1.286130666732788 256000
1769362551215 1.2853831052780151 261120
1769362559998 1.2873625755310059 266240
1769362567678 1.286628246307373 271360
1769362575768 1.2859711647033691 276480
1769362585222 1.2867555618286133 281600
1769362593939 1.287390947341919 286720
1769362601663 1.2881299257278442 291840
1769362611068 1.2875620126724243 296960
1769362614548 1.2879544496536255 300032
