1769362116368 0.35645434260368347 5120
1769362126532 0.3562435507774353 10240
1769362135244 0.35484790802001953 15360
1769362143165 0.34793031215667725 20480
1769362151534 0.34699252247810364 25600
1769362160849 0.34334996342658997 30720
1769362169790 0.34716033935546875 35840
1769362177498 0.3462618291378021 40960
1769362185182 0.34488439559936523 46080
1769362193902 0.3449140191078186 51200
1769362202720 0.3443571925163269 56320
1769362210431 0.34376275539398193 61440
1769362219033 0.3432779610157013 66560
1769362227372 0.3430321216583252 71680
1769362235801 0.34244319796562195 76800
1769362244162 0.34356316924095154 81920
1769362252183 0.3433816432952881 87040
1769362261658 0.3431857228279114 92160
1769362270324 0.34437718987464905 97280
1769362279747 0.3451676070690155 102400
1769362288280 0.3451788127422333 107520
1769362298139 0.34578266739845276 112640
1769362306192 0.3453233242034912 117760
1769362316161 0.34526243805885315 122880
1769362324519 0.34497761726379395 128000
1769362335595 0.3447086215019226 133120
1769362343999 0.3452567160129547 138240
1769362353125 0.3449903726577759 143360
1769362361078 0.34493157267570496 148480
1769362371117 0.3450845777988434 153600
1769362379175 0.34548860788345337 158720
1769362388370 0.3450303375720978 163840
1769362396393 0.3445025384426117 168960
1769362404572 0.34401771426200867 174080
1769362413206 0.34425029158592224 179200
1769362422309 0.3440586030483246 184320
1769362430559 0.3436439335346222 189440
1769362438404 0.34366080164909363 194560
1769362447465 0.34314924478530884 199680
1769362456671 0.3430212140083313 204800
1769362464353 0.3428395986557007 209920
1769362472153 0.3426978290081024 215040
1769362481438 0.34266912937164307 220160
1769362491424 0.34301722049713135 225280
1769362499584 0.34312009811401367 230400
1769362507073 0.3429379463195801 235520
1769362516422 0.34270116686820984 240640
1769362525753 0.3429158926010132 245760
1769362533332 0.34254175424575806 250880
1769362541795 0.34265002608299255 256000
1769362551215 0.3425798714160919 261120
1769362559998 0.3430366516113281 266240
1769362567678 0.34295234084129333 271360
1769362575768 0.3426797389984131 276480
1769362585222 0.34314632415771484 281600
1769362593939 0.3433310091495514 286720
1769362601663 0.34348782896995544 291840
1769362611068 0.3433961868286133 296960
1769362614548 0.3435555696487427 300032
