1769362116362 355.1485182049111 5120
1769362126524 487.19990707399234 10240
1769362135239 111.9555840273329 15360
1769362143158 360.61422061731577 20480
1769362151524 413.3540948063467 25600
1769362160843 412.3381832481321 30720
1769362169782 481.6056952577793 35840
1769362177490 350.1673067290032 40960
1769362185176 505.9474065138721 46080
1769362193896 474.468778280543 51200
1769362202714 528.8493254318497 56320
1769362210425 157.4142991180334 61440
1769362219027 385.3996140770008 66560
1769362227367 440.6707291447783 71680
1769362235793 386.50055289347586 76800
1769362244152 400.90843051041867 81920
1769362252177 520.8374518812865 87040
1769362261651 489.47415100945267 92160
1769362270312 332.56454170631145 97280
1769362279735 345.4092069505065 102400
1769362288267 218.8066148468882 107520
1769362298132 390.3493718008376 112640
1769362306183 423.45320545179203 117760
1769362316148 202.25209759861124 122880
1769362324512 405.9920627238409 128000
1769362335583 359.0706275147676 133120
1769362343989 369.8028566390407 138240
1769362353118 200.45421525520933 143360
1769362361070 472.81073159733967 148480
1769362371106 362.7349303813889 153600
1769362379167 536.424606727203 158720
1769362388363 457.24452196664123 163840
1769362396386 494.2616073532878 168960
1769362404564 502.55260004792717 174080
1769362413197 490.5045023973804 179200
1769362422301 207.525802780664 184320
1769362430550 359.9334077061701 189440
1769362438395 422.81290322580645 194560
1769362447458 425.2995335631718 199680
1769362456664 252.4256138661531 204800
1769362464346 559.3151086811575 209920
1769362472140 116.65101791077984 215040
1769362481429 483.66051660516604 220160
1769362491408 360.6452278589854 225280
1769362499576 411.52904238618527 230400
1769362507063 510.7530443253775 235520
1769362516413 427.9465360677482 240640
1769362525738 367.95368014738136 245760
1769362533321 403.76434347323834 250880
1769362541786 515.777668470241 256000
1769362551202 362.32757429163786 261120
1769362559989 243.7981864682632 266240
1769362567664 367.8246075594142 271360
1769362575750 362.13987221550684 276480
1769362585213 437.5904016692749 281600
1769362593931 496.19117473086476 286720
1769362601654 140.3058807787516 291840
1769362611054 321.1811011562907 296960
1769362614537 380.056542225444 300032
