1769362116368 2.553847312927246 5120
1769362126532 2.553645133972168 10240
1769362135244 2.5367588996887207 15360
1769362143165 2.4778997898101807 20480
1769362151534 2.4647533893585205 25600
1769362160849 2.43548321723938 30720
1769362169790 2.464137315750122 35840
1769362177498 2.4541893005371094 40960
1769362185182 2.4411141872406006 46080
1769362193902 2.441416025161743 51200
1769362202720 2.434722661972046 56320
1769362210431 2.4320876598358154 61440
1769362219033 2.4284472465515137 66560
1769362227372 2.423387050628662 71680
1769362235801 2.4192593097686768 76800
1769362244162 2.4294097423553467 81920
1769362252183 2.4252543449401855 87040
1769362261658 2.4243762493133545 92160
1769362270324 2.4346630573272705 97280
1769362279747 2.4426050186157227 102400
1769362288280 2.4427080154418945 107520
1769362298139 2.448781728744507 112640
1769362306192 2.445422887802124 117760
1769362316161 2.444035053253174 122880
1769362324519 2.44215726852417 128000
1769362335595 2.439765453338623 133120
1769362343999 2.4431281089782715 138240
1769362353125 2.44028639793396 143360
1769362361078 2.439491033554077 148480
1769362371117 2.4419920444488525 153600
1769362379175 2.4459545612335205 158720
1769362388370 2.441429376602173 163840
1769362396393 2.436551570892334 168960
1769362404572 2.432739019393921 174080
1769362413206 2.43408203125 179200
1769362422309 2.432373523712158 184320
1769362430559 2.4284191131591797 189440
1769362438404 2.4291152954101562 194560
1769362447465 2.424083709716797 199680
1769362456671 2.4231061935424805 204800
1769362464353 2.421851634979248 209920
1769362472153 2.4217381477355957 215040
1769362481438 2.421560049057007 220160
1769362491424 2.4249179363250732 225280
1769362499584 2.426081657409668 230400
1769362507073 2.424899101257324 235520
1769362516422 2.4231061935424805 240640
1769362525753 2.4252517223358154 245760
1769362533332 2.422266721725464 250880
1769362541795 2.4237022399902344 256000
1769362551215 2.422649383544922 261120
1769362559998 2.4265952110290527 266240
1769362567678 2.426295757293701 271360
1769362575768 2.424103260040283 276480
1769362585222 2.428532600402832 281600
1769362593939 2.4303810596466064 286720
1769362601663 2.4315898418426514 291840
1769362611068 2.4307096004486084 296960
1769362614548 2.4322521686553955 300032
