1770859517277 15.893661499023438 5120
1770859524823 15.55713939666748 10240
1770859530324 15.37111759185791 15360
1770859535599 15.977465629577637 20480
1770859541800 16.899690628051758 25600
1770859549915 17.15205192565918 30720
1770859555391 17.389036178588867 35840
1770859561702 17.49196434020996 40960
1770859567611 17.66432762145996 46080
1770859575869 17.99785804748535 51200
1770859581385 18.331836700439453 56320
1770859587388 18.70432472229004 61440
1770859592790 18.952791213989258 66560
1770859600329 19.184410095214844 71680
1770859605983 19.36793327331543 76800
1770859612625 19.519386291503906 81920
1770859618608 19.569673538208008 87040
1770859625043 19.50101661682129 92160
1770859630632 19.42857551574707 97280
1770859637546 19.367156982421875 102400
1770859643542 19.271339416503906 107520
1770859649121 19.179580688476562 112640
1770859654626 19.161727905273438 117760
1770859661458 19.175533294677734 122880
1770859667424 19.152790069580078 128000
1770859672862 19.183486938476562 133120
1770859677871 19.164268493652344 138240
1770859684537 19.158323287963867 143360
1770859691246 19.147907257080078 148480
1770859696272 19.133209228515625 153600
1770859701349 19.113744735717773 158720
1770859707791 19.109621047973633 163840
1770859713951 19.063385009765625 168960
1770859719966 19.037147521972656 174080
1770859725567 19.011133193969727 179200
1770859730678 19.009754180908203 184320
1770859737125 18.99934959411621 189440
1770859743040 18.943584442138672 194560
1770859749396 18.9105167388916 199680
1770859754448 18.83396339416504 204800
1770859760887 18.795398712158203 209920
1770859768029 18.74280548095703 215040
1770859773490 18.717849731445312 220160
1770859778902 18.690113067626953 225280
1770859784127 18.63958168029785 230400
1770859791430 18.621267318725586 235520
1770859796762 18.60032844543457 240640
1770859801886 18.594350814819336 245760
1770859807418 18.58676528930664 250880
1770859815560 18.598373413085938 256000
1770859820754 18.602876663208008 261120
1770859825859 18.613208770751953 266240
1770859830957 18.572080612182617 271360
1770859838964 18.55078125 276480
1770859844140 18.535991668701172 281600
1770859849548 18.520931243896484 286720
1770859855166 18.539106369018555 291840
1770859863101 18.57259750366211 296960
1770859864084 18.582406997680664 300032
