1770859517277 21.61278533935547 5120
1770859524823 20.497583389282227 10240
1770859530324 20.037900924682617 15360
1770859535599 20.61606216430664 20480
1770859541800 21.843505859375 25600
1770859549915 22.378400802612305 30720
1770859555391 22.910255432128906 35840
1770859561702 23.15130043029785 40960
1770859567611 23.502763748168945 46080
1770859575869 23.965213775634766 51200
1770859581385 24.31732940673828 56320
1770859587388 24.678924560546875 61440
1770859592790 24.908964157104492 66560
1770859600329 25.13882064819336 71680
1770859605983 25.28807258605957 76800
1770859612625 25.44569969177246 81920
1770859618608 25.496957778930664 87040
1770859625043 25.458890914916992 92160
1770859630632 25.418354034423828 97280
1770859637546 25.38226890563965 102400
1770859643542 25.307498931884766 107520
1770859649121 25.22098731994629 112640
1770859654626 25.231225967407227 117760
1770859661458 25.255859375 122880
1770859667424 25.249820709228516 128000
1770859672862 25.299755096435547 133120
1770859677871 25.284988403320312 138240
1770859684537 25.289669036865234 143360
1770859691246 25.29065704345703 148480
1770859696272 25.29828643798828 153600
1770859701349 25.278541564941406 158720
1770859707791 25.294902801513672 163840
1770859713951 25.247777938842773 168960
1770859719966 25.221284866333008 174080
1770859725567 25.194982528686523 179200
1770859730678 25.204113006591797 184320
1770859737125 25.200273513793945 189440
1770859743040 25.14577865600586 194560
1770859749396 25.11884307861328 199680
1770859754448 25.036739349365234 204800
1770859760887 25.00054931640625 209920
1770859768029 24.9494686126709 215040
1770859773490 24.93161964416504 220160
1770859778902 24.91891860961914 225280
1770859784127 24.875099182128906 230400
1770859791430 24.877023696899414 235520
1770859796762 24.864116668701172 240640
1770859801886 24.869386672973633 245760
1770859807418 24.881250381469727 250880
1770859815560 24.91790199279785 256000
1770859820754 24.94557762145996 261120
1770859825859 24.98468017578125 266240
1770859830957 24.960153579711914 271360
1770859838964 24.958580017089844 276480
1770859844140 24.96445083618164 281600
1770859849548 24.954303741455078 286720
1770859855166 24.97481918334961 291840
1770859863101 25.003021240234375 296960
1770859864084 25.016159057617188 300032
