1770859517277 0.0 5120
1770859524823 0.0 10240
1770859530324 0.0 15360
1770859535599 0.0 20480
1770859541800 0.0 25600
1770859549915 0.0 30720
1770859555391 0.0 35840
1770859561702 0.0 40960
1770859567611 0.0 46080
1770859575869 0.0 51200
1770859581385 0.0 56320
1770859587388 0.0 61440
1770859592790 0.0 66560
1770859600329 0.0 71680
1770859605983 0.0 76800
1770859612625 0.0 81920
1770859618608 0.0 87040
1770859625043 0.0 92160
1770859630632 0.0 97280
1770859637546 0.0 102400
1770859643542 0.0 107520
1770859649121 0.0 112640
1770859654626 0.0 117760
1770859661458 0.0 122880
1770859667424 0.0 128000
1770859672862 0.0 133120
1770859677871 0.0 138240
1770859684537 0.0 143360
1770859691246 0.0 148480
1770859696272 0.0 153600
1770859701349 0.0 158720
1770859707791 0.0 163840
1770859713951 0.0 168960
1770859719966 0.0 174080
1770859725567 0.0 179200
1770859730678 0.0 184320
1770859737125 0.0 189440
1770859743040 0.0 194560
1770859749396 0.0 199680
1770859754448 0.0 204800
1770859760887 0.0 209920
1770859768029 0.0 215040
1770859773490 0.0 220160
1770859778902 0.0 225280
1770859784127 0.0 230400
1770859791430 0.0 235520
1770859796762 0.0 240640
1770859801886 0.0 245760
1770859807418 0.0 250880
1770859815560 0.0 256000
1770859820754 0.0 261120
1770859825859 0.0 266240
1770859830957 0.0 271360
1770859838964 0.0 276480
1770859844140 0.0 281600
1770859849548 0.0 286720
1770859855166 0.0 291840
1770859863101 0.0 296960
1770859864084 0.0 300032
