1770859517277 1.1086088418960571 5120
1770859524823 1.1308420896530151 10240
1770859530324 1.147950530052185 15360
1770859535599 1.1531555652618408 20480
1770859541800 1.1501362323760986 25600
1770859549915 1.139878511428833 30720
1770859555391 1.144984245300293 35840
1770859561702 1.1424213647842407 40960
1770859567611 1.1464720964431763 46080
1770859575869 1.1499559879302979 51200
1770859581385 1.1504584550857544 56320
1770859587388 1.1539499759674072 61440
1770859592790 1.154565453529358 66560
1770859600329 1.1564494371414185 71680
1770859605983 1.155173420906067 76800
1770859612625 1.1559637784957886 81920
1770859618608 1.1545683145523071 87040
1770859625043 1.1536822319030762 92160
1770859630632 1.1541424989700317 97280
1770859637546 1.1548960208892822 102400
1770859643542 1.1542283296585083 107520
1770859649121 1.1518936157226562 112640
1770859654626 1.1512807607650757 117760
1770859661458 1.1514793634414673 122880
1770859667424 1.150945782661438 128000
1770859672862 1.1527869701385498 133120
1770859677871 1.1516189575195312 138240
1770859684537 1.1527202129364014 143360
1770859691246 1.1538668870925903 148480
1770859696272 1.1555275917053223 153600
1770859701349 1.1554261445999146 158720
1770859707791 1.157063603401184 163840
1770859713951 1.1578829288482666 168960
1770859719966 1.158240795135498 174080
1770859725567 1.1586347818374634 179200
1770859730678 1.1602094173431396 184320
1770859737125 1.1609623432159424 189440
1770859743040 1.1597726345062256 194560
1770859749396 1.1604112386703491 199680
1770859754448 1.1587339639663696 204800
1770859760887 1.1587507724761963 209920
1770859768029 1.1583609580993652 215040
1770859773490 1.1587910652160645 220160
1770859778902 1.1593867540359497 225280
1770859784127 1.1582765579223633 230400
1770859791430 1.1587817668914795 235520
1770859796762 1.1582005023956299 240640
1770859801886 1.1581727266311646 245760
1770859807418 1.1582403182983398 250880
1770859815560 1.159241795539856 256000
1770859820754 1.1596375703811646 261120
1770859825859 1.1612465381622314 266240
1770859830957 1.1606024503707886 271360
1770859838964 1.1608177423477173 276480
1770859844140 1.1614911556243896 281600
1770859849548 1.1608058214187622 286720
1770859855166 1.161293387413025 291840
1770859863101 1.161176085472107 296960
1770859864084 1.161081075668335 300032
