1770859517271 -0.6720208525657654 5120
1770859524816 -1.23333740234375 10240
1770859530320 -1.1204512119293213 15360
1770859535593 -1.002934217453003 20480
1770859541792 -1.0955568552017212 25600
1770859549910 -1.2308571338653564 30720
1770859555383 -1.3551299571990967 35840
1770859561696 -1.5215938091278076 40960
1770859567602 -1.66535222530365 46080
1770859575861 -1.7649116516113281 51200
1770859581378 -1.8378340005874634 56320
1770859587381 -1.9117915630340576 61440
1770859592784 -1.9647777080535889 66560
1770859600323 -1.9886739253997803 71680
1770859605973 -2.0368709564208984 76800
1770859612620 -2.0852761268615723 81920
1770859618602 -2.1256606578826904 87040
1770859625036 -2.1113243103027344 92160
1770859630625 -2.1867876052856445 97280
1770859637538 -2.215864658355713 102400
1770859643535 -2.2291600704193115 107520
1770859649113 -2.2800490856170654 112640
1770859654620 -2.296990156173706 117760
1770859661453 -2.357177972793579 122880
1770859667416 -2.3589861392974854 128000
1770859672856 -2.4184672832489014 133120
1770859677865 -2.4590070247650146 138240
1770859684531 -2.5238616466522217 143360
1770859691239 -2.5464160442352295 148480
1770859696266 -2.6018788814544678 153600
1770859701342 -2.700188636779785 158720
1770859707785 -2.7490363121032715 163840
1770859713942 -2.79429030418396 168960
1770859719960 -2.819756269454956 174080
1770859725562 -2.893571138381958 179200
1770859730670 -2.9213438034057617 184320
1770859737120 -3.012035608291626 189440
1770859743033 -3.0632717609405518 194560
1770859749390 -3.133598804473877 199680
1770859754441 -3.1271896362304688 204800
1770859760881 -3.167600154876709 209920
1770859768022 -3.1979176998138428 215040
1770859773481 -3.2785327434539795 220160
1770859778891 -3.2807765007019043 225280
1770859784121 -3.3039450645446777 230400
1770859791420 -3.3263068199157715 235520
1770859796755 -3.3468921184539795 240640
1770859801878 -3.3801493644714355 245760
1770859807411 -3.4276320934295654 250880
1770859815553 -3.4634175300598145 256000
1770859820748 -3.4928297996520996 261120
1770859825853 -3.463520050048828 266240
1770859830949 -3.5269031524658203 271360
1770859838956 -3.5037262439727783 276480
1770859844133 -3.5406970977783203 281600
1770859849541 -3.5768043994903564 286720
1770859855155 -3.6559054851531982 291840
1770859863091 -3.7126624584198 296960
1770859864075 -3.825033664703369 300032
