1770859517277 0.2756992280483246 5120
1770859524823 0.239121675491333 10240
1770859530324 0.22817237675189972 15360
1770859535599 0.2272873818874359 20480
1770859541800 0.24101388454437256 25600
1770859549915 0.25613832473754883 30720
1770859555391 0.27097517251968384 35840
1770859561702 0.2792591452598572 40960
1770859567611 0.28802454471588135 46080
1770859575869 0.29434171319007874 51200
1770859581385 0.29513853788375854 56320
1770859587388 0.29339370131492615 61440
1770859592790 0.29237687587738037 66560
1770859600329 0.2930263578891754 71680
1770859605983 0.2903302311897278 76800
1770859612625 0.29008516669273376 81920
1770859618608 0.2904384732246399 87040
1770859625043 0.2914736568927765 92160
1770859630632 0.29325348138809204 97280
1770859637546 0.2935854494571686 102400
1770859643542 0.2945607900619507 107520
1770859649121 0.2943698763847351 112640
1770859654626 0.2954937517642975 117760
1770859661458 0.29646119475364685 122880
1770859667424 0.29754638671875 128000
1770859672862 0.29889553785324097 133120
1770859677871 0.2992505133152008 138240
1770859684537 0.29964303970336914 143360
1770859691246 0.3000138998031616 148480
1770859696272 0.3010750412940979 153600
1770859701349 0.30104905366897583 158720
1770859707791 0.3018677234649658 163840
1770859713951 0.3021763563156128 168960
1770859719966 0.3022055923938751 174080
1770859725567 0.3023397922515869 179200
1770859730678 0.30256205797195435 184320
1770859737125 0.3029458820819855 189440
1770859743040 0.30300694704055786 194560
1770859749396 0.30310899019241333 199680
1770859754448 0.3029014766216278 204800
1770859760887 0.3032319247722626 209920
1770859768029 0.3033771812915802 215040
1770859773490 0.3037172257900238 220160
1770859778902 0.3046015501022339 225280
1770859784127 0.3047337234020233 230400
1770859791430 0.305897980928421 235520
1770859796762 0.3061150014400482 240640
1770859801886 0.30660977959632874 245760
1770859807418 0.3077761232852936 250880
1770859815560 0.3091191351413727 256000
1770859820754 0.3101516664028168 261120
1770859825859 0.3117066025733948 266240
1770859830957 0.31236204504966736 271360
1770859838964 0.31330958008766174 276480
1770859844140 0.3144834637641907 281600
1770859849548 0.31458279490470886 286720
1770859855166 0.3147112727165222 291840
1770859863101 0.3143119812011719 296960
1770859864084 0.3143981695175171 300032
