1770859517271 127.6455156882437 5120
1770859524816 141.37467978967237 10240
1770859530320 177.41652214373335 15360
1770859535593 145.347887860831 20480
1770859541792 141.5130065116907 25600
1770859549910 171.69364280158828 30720
1770859555383 134.29508196721312 35840
1770859561696 157.8705209274315 40960
1770859567602 139.07765766960674 46080
1770859575861 135.70286010094475 51200
1770859581378 185.11360225968753 56320
1770859587381 148.37114860801586 61440
1770859592784 103.374180509686 66560
1770859600323 117.83076750196652 71680
1770859605973 116.73543000278319 76800
1770859612620 166.1636954282545 81920
1770859618602 118.74480493743276 87040
1770859625036 114.81492431085927 92160
1770859630625 125.63815001198179 97280
1770859637538 117.35929936483953 102400
1770859643535 138.1932720503443 107520
1770859649113 138.08408230452676 112640
1770859654620 194.5951563514893 117760
1770859661453 139.12378930608995 122880
1770859667416 157.745834743691 128000
1770859672856 150.04307075910424 133120
1770859677865 177.89812105017603 138240
1770859684531 158.74887400174103 143360
1770859691239 141.47959252512987 148480
1770859696266 170.84045456396888 153600
1770859701342 210.82201558180446 158720
1770859707785 139.87074398906194 163840
1770859713942 85.31250508502156 168960
1770859719960 137.99776271632558 174080
1770859725562 168.9276249546901 179200
1770859730670 200.78046912398275 184320
1770859737120 118.68768216418121 189440
1770859743033 126.92703888636707 194560
1770859749390 164.23776333307228 199680
1770859754441 163.9552810569932 204800
1770859760881 173.80672965357203 209920
1770859768022 144.1985766837419 215040
1770859773481 127.74270573186331 220160
1770859778891 118.87942860382064 225280
1770859784121 199.5007610350076 230400
1770859791420 142.5228176288695 235520
1770859796755 126.93472142359956 240640
1770859801878 147.2615687100625 245760
1770859807411 120.66814350240226 250880
1770859815553 175.67765445026177 256000
1770859820748 193.99213727394664 261120
1770859825853 167.43060157279152 266240
1770859830949 193.65178447758439 271360
1770859838956 129.8063877197326 276480
1770859844133 137.71683740478068 281600
1770859849541 193.0812502877135 286720
1770859855155 132.96677656606644 291840
1770859863091 144.22832777414806 296960
1770859864075 181.13249265849024 300032
