1770859517277 1.8517029285430908 5120
1770859524823 1.417799711227417 10240
1770859530324 1.285045862197876 15360
1770859535599 1.2561571598052979 20480
1770859541800 1.3901793956756592 25600
1770859549915 1.5507348775863647 30720
1770859555391 1.7018009424209595 35840
1770859561702 1.788617730140686 40960
1770859567611 1.876605749130249 46080
1770859575869 1.9338581562042236 51200
1770859581385 1.9355363845825195 56320
1770859587388 1.9091871976852417 61440
1770859592790 1.8931208848953247 66560
1770859600329 1.8934611082077026 71680
1770859605983 1.8637105226516724 76800
1770859612625 1.8602190017700195 81920
1770859618608 1.865683674812317 87040
1770859625043 1.8774527311325073 92160
1770859630632 1.8979873657226562 97280
1770859637546 1.9039052724838257 102400
1770859643542 1.9166253805160522 107520
1770859649121 1.9182454347610474 112640
1770859654626 1.9321880340576172 117760
1770859661458 1.9425134658813477 122880
1770859667424 1.9551161527633667 128000
1770859672862 1.967053771018982 133120
1770859677871 1.9729559421539307 138240
1770859684537 1.976223349571228 143360
1770859691246 1.9790558815002441 148480
1770859696272 1.9894777536392212 153600
1770859701349 1.9898924827575684 158720
1770859707791 1.9972164630889893 163840
1770859713951 2.001014232635498 168960
1770859719966 2.001803398132324 174080
1770859725567 2.0034608840942383 179200
1770859730678 2.0051887035369873 184320
1770859737125 2.0086331367492676 189440
1770859743040 2.011000394821167 194560
1770859749396 2.012749433517456 199680
1770859754448 2.013127326965332 204800
1770859760887 2.0170528888702393 209920
1770859768029 2.0200083255767822 215040
1770859773490 2.022777557373047 220160
1770859778902 2.032249689102173 225280
1770859784127 2.0350100994110107 230400
1770859791430 2.0472700595855713 235520
1770859796762 2.0498874187469482 240640
1770859801886 2.05618953704834 245760
1770859807418 2.0690600872039795 250880
1770859815560 2.0819737911224365 256000
1770859820754 2.0924012660980225 261120
1770859825859 2.1068313121795654 266240
1770859830957 2.1160073280334473 271360
1770859838964 2.1267402172088623 276480
1770859844140 2.138948917388916 281600
1770859849548 2.1406311988830566 286720
1770859855166 2.1417627334594727 291840
1770859863101 2.137533187866211 296960
1770859864084 2.1384124755859375 300032
