1759286240875 -1.318806962839638 5120
1759286250231 -0.2791770970618183 10240
1759286260486 0.08236121332738548 15360
1759286277000 0.002213604894599744 20480
1759286286752 -0.022499028679270013 25600
1759286296838 -0.025744084076535313 30720
1759286307427 -0.02247606992928518 35840
1759286323366 -0.015034557676805957 40960
1759286333857 -0.011138802700999961 46080
1759286344158 -0.12519245752060384 51200
1759286356241 -0.38735708977494926 56320
1759286371493 -0.3251881063961592 61440
1759286383570 -0.32877811048970074 66560
1759286396889 -0.3707814330786047 71680
1759286410449 -0.36726167954896627 76800
1759286423679 -0.34646839683438524 81920
1759286435765 -0.32431307559789607 87040
1759286447858 -0.31140490207043325 92160
1759286461339 -0.29249977121750514 97280
1759286473363 -0.28052926488442 102400
1759286486465 -0.26658436127428736 107520
1759286497922 -0.2530832947911443 112640
1759286512457 -0.24055538506343446 117760
1759286522704 -0.22756319991813218 122880
1759286537564 -0.2187364839372181 128000
1759286549040 -0.20738417028470804 133120
1759286561617 -0.2011091039461248 138240
1759286572598 -0.19028521903017737 143360
1759286587371 -0.18268851907285924 148480
1759286600819 -0.17226508342667132 153600
1759286611239 -0.16391140467081314 158720
1759286622315 -0.155241810905267 163840
1759286636887 -0.14639639366103943 168960
1759286650494 -0.1399505857835736 174080
1759286662532 -0.13157701966437427 179200
1759286673747 -0.12604644074624416 184320
1759286686658 -0.12049041307100684 189440
1759286698856 -0.11342248679455662 194560
1759286714734 -0.10662046427629433 199680
1759286726185 -0.1015813864285673 204800
1759286738171 -0.09564287211131123 209920
1759286749447 -0.0897409642477171 215040
1759286765877 -0.08581354331087183 220160
1759286777602 -0.07988015720747176 225280
1759286788576 -0.07730130242035452 230400
1759286799137 -0.07243641289797695 235520
1759286818400 -0.06851717971139036 240640
1759286832208 -0.0646287087088304 245760
1759286843502 -0.062043917663698274 250880
1759286855392 -0.05734680192878997 256000
1759286872946 -0.05251240702345967 261120
1759286884646 -0.05127304011377795 266240
1759286895810 -0.04829486635394562 271360
1759286910786 -0.044931219248754074 276480
1759286925669 -0.04140360191248465 281600
1759286936091 -0.040329470541129335 286720
1759286948937 -0.045921899305356964 291840
1759286966939 -0.046371573803760745 296960
1759286978814 -0.04512298469607894 302080
1759286989980 -0.047637695569136614 307200
1759287004462 -0.043427329203661755 312320
