1759286240875 11.23794026374817 5120
1759286250231 5.0953949061307044 10240
1759286260486 2.439713975787163 15360
1759286277000 1.482024808157058 20480
1759286286752 1.0279204276891856 25600
1759286296838 0.7930048042728055 30720
1759286307427 0.6819262146949768 35840
1759286323366 0.5530689344173525 40960
1759286333857 0.46540018320083615 46080
1759286344158 0.417553926449196 51200
1759286356241 0.5055395462683269 56320
1759286371493 0.6137166726784627 61440
1759286383570 0.4577795917337591 66560
1759286396889 0.44101121660689235 71680
1759286410449 0.433753103958933 76800
1759286423679 0.43160869928053863 81920
1759286435765 0.4246182807656222 87040
1759286447858 0.4256872454842368 92160
1759286461339 0.42088639388481774 97280
1759286473363 0.41774974341439725 102400
1759286486465 0.403255210732514 107520
1759286497922 0.41534406644803984 112640
1759286512457 0.3883244448694689 117760
1759286522704 0.38814009910772657 122880
1759286537564 0.40511365239582364 128000
1759286549040 0.3915050936109237 133120
1759286561617 0.37573921540204214 138240
1759286572598 0.3772347544947415 143360
1759286587371 0.37796093143828924 148480
1759286600819 0.36293710367569065 153600
1759286611239 0.35118557184170457 158720
1759286622315 0.3739114678424338 163840
1759286636887 0.345244879894946 168960
1759286650494 0.34246327974642926 174080
1759286662532 0.3374200495806608 179200
1759286673747 0.33689257374125947 184320
1759286686658 0.3245512208630962 189440
1759286698856 0.32713095330443054 194560
1759286714734 0.3513047393487424 199680
1759286726185 0.31267853067882023 204800
1759286738171 0.305152264845024 209920
1759286749447 0.2937246037885476 215040
1759286765877 0.29383804709823047 220160
1759286777602 0.2879524796257191 225280
1759286788576 0.2776229638968949 230400
1759286799137 0.2704829909584739 235520
1759286818400 0.2599086232104544 240640
1759286832208 0.2682924270629883 245760
1759286843502 0.25961859555748423 250880
1759286855392 0.246862881117133 256000
1759286872946 0.23864067085087298 261120
1759286884646 0.23576098548041452 266240
1759286895810 0.23236808597593378 271360
1759286910786 0.22770298327906985 276480
1759286925669 0.21690562738888505 281600
1759286936091 0.22222474461348454 286720
1759286948937 0.22712230248884718 291840
1759286966939 0.21224040854018167 296960
1759286978814 0.2166119424072472 302080
1759286989980 0.19190276326531192 307200
1759287004462 0.18306046186708932 312320
