1759286240878 16.890541612056264 5120
1759286250237 12.618647357217627 10240
1759286260489 10.326714363372583 15360
1759286277006 9.235853005281259 20480
1759286286757 8.576306076442398 25600
1759286296841 8.154562277153765 30720
1759286307433 7.80327015719777 35840
1759286323370 7.5569333800780205 40960
1759286333861 7.359121093169542 46080
1759286344162 7.2805443236465 51200
1759286356247 7.948546582460404 56320
1759286371500 8.723293721633267 61440
1759286383574 9.303864386246095 66560
1759286396895 9.838259234882884 71680
1759286410456 10.304052679506066 76800
1759286423683 10.752309901082617 81920
1759286435769 11.1283072419661 87040
1759286447862 11.431799421265227 92160
1759286461346 11.784468570578278 97280
1759286473367 12.067653270231705 102400
1759286486471 12.286194519290575 107520
1759286497927 12.480783012542222 112640
1759286512461 12.668108329518825 117760
1759286522712 12.872867807349767 122880
1759286537570 13.106132882370149 128000
1759286549045 13.244880729883514 133120
1759286561625 13.421635559744935 138240
1759286572602 13.594826561733356 143360
1759286587376 13.713686388488536 148480
1759286600824 13.839952778040605 153600
1759286611245 13.960447175758413 158720
1759286622320 14.086638229921931 163840
1759286636892 14.1812824259074 168960
1759286650501 14.267316067910388 174080
1759286662537 14.387032537048903 179200
1759286673755 14.488309273595043 184320
1759286686664 14.55742761077916 189440
1759286698862 14.626120107829957 194560
1759286714741 14.695156238390052 199680
1759286726191 14.750241555458258 204800
1759286738177 14.827915203485025 209920
1759286749455 14.892843463011463 215040
1759286765882 14.931474656880907 220160
1759286777607 14.98790810324929 225280
1759286788584 15.029744810757887 230400
1759286799143 15.055937178090314 235520
1759286818406 15.10723067508075 240640
1759286832217 15.169598146913794 245760
1759286843509 15.227865135614012 250880
1759286855399 15.24876082461989 256000
1759286872956 15.30145876738028 261120
1759286884652 15.341304588364531 266240
1759286895816 15.368327216515926 271360
1759286910795 15.396504225926005 276480
1759286925678 15.436419887397125 281600
1759286936097 15.471549992995223 286720
1759286948943 15.502815910526214 291840
1759286966944 15.526874130409736 296960
1759286978820 15.557498423295039 302080
1759286989989 15.580304442850245 307200
1759287004469 15.63143934801904 312320
