1759286240878 5.026315789473684 5120
1759286250237 3.627450980392157 10240
1759286260489 2.9294964028776977 15360
1759286277006 2.6147186147186146 20480
1759286286757 2.3756432246998287 25600
1759286296841 2.2670495333811918 30720
1759286307433 2.1597051597051595 35840
1759286323370 2.089257081774452 40960
1759286333861 2.029957203994294 46080
1759286344162 1.9961306964746346 51200
1759286356247 2.15390625 56320
1759286371500 2.3141529664045746 61440
1759286383574 2.439458924447377 66560
1759286396895 2.554397793441618 71680
1759286410456 2.6478310502283104 76800
1759286423683 2.7382478632478633 81920
1759286435769 2.815967863419533 87040
1759286447862 2.8696682464454977 92160
1759286461346 2.932690150325331 97280
1759286473367 3.0029806259314458 102400
1759286486471 3.054158215010142 107520
1759286497927 3.1019934197793693 112640
1759286512461 3.136380458919319 117760
1759286522712 3.17564693371145 122880
1759286537570 3.2277598230991664 128000
1759286549045 3.255924170616114 133120
1759286561625 3.2918306311978593 138240
1759286572602 3.3290351941747574 143360
1759286587376 3.3545507755340944 148480
1759286600824 3.3834512022630836 153600
1759286611245 3.407412472647702 158720
1759286622320 3.433302424162141 163840
1759286636892 3.460025706940874 168960
1759286650501 3.478727386150967 174080
1759286662537 3.503029568589433 179200
1759286673755 3.527339146830073 184320
1759286686664 3.5416188947489107 189440
1759286698862 3.55779959830395 194560
1759286714741 3.575108695652174 199680
1759286726191 3.5884721339266794 204800
1759286738177 3.6073422957600827 209920
1759286749455 3.6216161616161617 215040
1759286765882 3.63312617145112 220160
1759286777607 3.647450110864745 225280
1759286788584 3.657745947983415 230400
1759286799143 3.6614136945903604 235520
1759286818406 3.674301172227232 240640
1759286832217 3.6896582177868056 245760
1759286843509 3.704101055545942 250880
1759286855399 3.708520559559135 256000
1759286872956 3.7186798570122206 261120
1759286884652 3.72836989317459 266240
1759286895816 3.7390364916773366 271360
1759286910795 3.747192334877876 276480
1759286925678 3.753180661577608 281600
1759286936097 3.7630881127358133 286720
1759286948943 3.773766098414353 291840
1759286966944 3.7761849034523114 296960
1759286978820 3.78426578455343 302080
1759286989989 3.7887035204298036 307200
1759287004469 3.799262711274953 312320
