1759286240875 116.05068894914504 5120
1759286250231 48.37832475951002 10240
1759286260486 103.86311071490479 15360
1759286277000 106.99755102040817 20480
1759286286752 90.11481608800275 25600
1759286296838 161.3131802622976 30720
1759286307427 83.62016786618553 35840
1759286323366 186.71225071225072 40960
1759286333857 94.78653107344633 46080
1759286344158 140.3058807787516 51200
1759286356241 104.87595329182606 56320
1759286371493 63.929764662846 61440
1759286383570 93.26478697856444 66560
1759286396889 92.942386101755 71680
1759286410449 117.2051640306265 76800
1759286423679 172.321446179129 81920
1759286435765 152.64225926195502 87040
1759286447858 113.96636143792625 92160
1759286461339 109.16412472021239 97280
1759286473363 89.09643979947319 102400
1759286486465 33.770835513973545 107520
1759286497922 53.66167702975871 112640
1759286512457 89.32603556596742 117760
1759286522704 40.58349298500242 122880
1759286537564 82.71810042204078 128000
1759286549040 55.061424351821465 133120
1759286561617 70.96600849364668 138240
1759286572598 90.04516960068699 143360
1759286587371 136.70688699846812 148480
1759286600819 104.87857571514303 153600
1759286611239 78.26800276176081 158720
1759286622315 79.58227079538555 163840
1759286636887 109.85029595097166 168960
1759286650494 101.082180556225 174080
1759286662532 51.60187987500308 179200
1759286673747 95.98828268033687 184320
1759286686658 84.59669221460267 189440
1759286698856 49.73443688192188 194560
1759286714734 82.83899510191183 199680
1759286726185 90.66021096316791 204800
1759286738171 90.70726643598616 209920
1759286749447 70.86768606910535 215040
1759286765877 65.78371680860741 220160
1759286777602 157.2490533498294 225280
1759286788576 111.529874757359 230400
1759286799137 184.6165764338219 235520
1759286818400 101.57667344764118 240640
1759286832208 114.55465122630687 245760
1759286843502 77.19056996153634 250880
1759286855392 255.90628431970714 256000
1759286872946 91.47283710989467 261120
1759286884646 108.74806191500946 266240
1759286895810 67.06701418314971 271360
1759286910786 102.09590574947666 276480
1759286925669 107.74240283593208 281600
1759286936091 88.85107825276448 286720
1759286948937 101.65791706052013 291840
1759286966939 88.22684055532183 296960
1759286978814 92.12176586865803 302080
1759286989980 83.83410285622914 307200
1759287004462 74.23152752951171 312320
