1759286240878 25.922800030624657 5120
1759286250237 11.992837477873094 10240
1759286260489 4.780756581258431 15360
1759286277006 1.403370085216704 20480
1759286286757 -0.8564614611669839 25600
1759286296841 -2.148972203897557 30720
1759286307433 -3.1792724384429705 35840
1759286323370 -3.8561416699375335 40960
1759286333861 -4.452007850578044 46080
1759286344162 -4.871262042766384 51200
1759286356247 -3.043427753448486 56320
1759286371500 -1.1624498237789826 61440
1759286383574 0.3125123036887063 66560
1759286396895 1.6394248165092036 71680
1759286410456 2.789415472718679 76800
1759286423683 3.8677808158418054 81920
1759286435769 4.791184325987988 87040
1759286447862 5.474848757196941 92160
1759286461346 6.212451738815872 97280
1759286473367 7.010901032241324 102400
1759286486471 7.601751065205851 107520
1759286497927 8.145100009771294 112640
1759286512461 8.581010865071013 117760
1759286522712 9.034814065840598 122880
1759286537570 9.635342017386433 128000
1759286549045 9.977441649632548 133120
1759286561625 10.383650544495465 138240
1759286572602 10.812216471699836 143360
1759286587376 11.109114015315198 148480
1759286600824 11.437163089390692 153600
1759286611245 11.744348939190287 158720
1759286622320 12.04043058010581 163840
1759286636892 12.334816430099213 168960
1759286650501 12.562129676899758 174080
1759286662537 12.836224132987173 179200
1759286673755 13.109391226173992 184320
1759286686664 13.270541402129671 189440
1759286698862 13.471761310614 194560
1759286714741 13.667940979003907 199680
1759286726191 13.82377972110749 204800
1759286738177 14.016793794839064 209920
1759286749455 14.183351871991398 215040
1759286765882 14.327747662203592 220160
1759286777607 14.487094744920707 225280
1759286788584 14.59756118883693 230400
1759286799143 14.658605469919967 235520
1759286818406 14.81231256318157 240640
1759286832217 14.976761787358626 245760
1759286843509 15.137907826584874 250880
1759286855399 15.205215263932677 256000
1759286872956 15.32166248359271 261120
1759286884652 15.430672259915179 266240
1759286895816 15.547127302416461 271360
1759286910795 15.641404378632293 276480
1759286925678 15.712755358405742 281600
1759286936097 15.817910311808955 286720
1759286948943 15.936021361659487 291840
1759286966944 15.977433978639338 296960
1759286978820 16.068530559608377 302080
1759286989989 16.12306424149964 307200
1759287004469 16.2306227961626 312320
