1770947838103 0.04614223912358284 5120
1770947923968 0.05088663846254349 10240
1770948009705 0.03707561269402504 15360
1770948095465 0.046283937990665436 20480
1770948181221 0.05026191100478172 25600
1770948266914 0.05511261150240898 30720
1770948352600 0.05770253762602806 35840
1770948438386 0.059674493968486786 40960
1770948524167 0.06546691805124283 46080
1770948609843 0.07164786756038666 51200
1770948695600 0.07640113681554794 56320
1770948781447 0.08045543730258942 61440
1770948867229 0.0834466740489006 66560
1770948953107 0.08518633246421814 71680
1770949039390 0.08486134558916092 76800
1770949125098 0.08449011296033859 81920
1770949210929 0.08664555102586746 87040
1770949296739 0.08830671012401581 92160
1770949382496 0.089241623878479 97280
1770949468282 0.08896827697753906 102400
1770949554022 0.08978980034589767 107520
1770949639808 0.0905793085694313 112640
1770949725672 0.09175173938274384 117760
1770949811516 0.09213017672300339 122880
1770949897349 0.0917128399014473 128000
1770949983168 0.09136567264795303 133120
1770950068831 0.0915072038769722 138240
