1770947838103 21.26201820373535 5120
1770947923968 21.27039909362793 10240
1770948009705 21.290695190429688 15360
1770948095465 21.654212951660156 20480
1770948181221 21.689495086669922 25600
1770948266914 21.907194137573242 30720
1770948352600 22.049129486083984 35840
1770948438386 22.14291000366211 40960
1770948524167 21.880237579345703 46080
1770948609843 21.7003173828125 51200
1770948695600 21.544994354248047 56320
1770948781447 21.407855987548828 61440
1770948867229 21.22292709350586 66560
1770948953107 20.648847579956055 71680
1770949039390 19.86777687072754 76800
1770949125098 19.334945678710938 81920
1770949210929 18.694040298461914 87040
1770949296739 17.89615249633789 92160
1770949382496 17.225372314453125 97280
1770949468282 16.529804229736328 102400
1770949554022 15.998797416687012 107520
1770949639808 15.470436096191406 112640
1770949725672 15.031373977661133 117760
1770949811516 14.640521049499512 122880
1770949897349 14.253059387207031 128000
1770949983168 13.879157066345215 133120
1770950068831 13.556607246398926 138240
