1770947838103 25.9062442779541 5120
1770947923968 25.952089309692383 10240
1770948009705 25.477706909179688 15360
1770948095465 26.194311141967773 20480
1770948181221 26.35782814025879 25600
1770948266914 26.791913986206055 30720
1770948352600 27.03087043762207 35840
1770948438386 27.196012496948242 40960
1770948524167 27.155675888061523 46080
1770948609843 27.20448112487793 51200
1770948695600 27.24604034423828 56320
1770948781447 27.260488510131836 61440
1770948867229 27.198604583740234 66560
1770948953107 26.732864379882812 71680
1770949039390 25.990209579467773 76800
1770949125098 25.507482528686523 81920
1770949210929 25.041372299194336 87040
1770949296739 24.419170379638672 92160
1770949382496 23.867874145507812 97280
1770949468282 23.210983276367188 102400
1770949554022 22.780723571777344 107520
1770949639808 22.3336181640625 112640
1770949725672 21.99079704284668 117760
1770949811516 21.657400131225586 122880
1770949897349 21.277833938598633 128000
1770949983168 20.91643714904785 133120
1770950068831 20.64290428161621 138240
