1770947838103 0.0 5120
1770947923968 0.0 10240
1770948009705 0.0 15360
1770948095465 0.0 20480
1770948181221 0.0 25600
1770948266914 0.0 30720
1770948352600 0.0 35840
1770948438386 0.0 40960
1770948524167 0.0 46080
1770948609843 0.0 51200
1770948695600 0.0 56320
1770948781447 0.0 61440
1770948867229 0.0 66560
1770948953107 0.0 71680
1770949039390 0.0 76800
1770949125098 0.0 81920
1770949210929 0.0 87040
1770949296739 0.0 92160
1770949382496 0.0 97280
1770949468282 0.0 102400
1770949554022 0.0 107520
1770949639808 0.0 112640
1770949725672 0.0 117760
1770949811516 0.0 122880
1770949897349 0.0 128000
1770949983168 0.0 133120
1770950068831 0.0 138240
