1770947838103 1.160372018814087 5120
1770947923968 1.1521294116973877 10240
1770948009705 1.1499265432357788 15360
1770948095465 1.1588298082351685 20480
1770948181221 1.1516708135604858 25600
1770948266914 1.1617748737335205 30720
1770948352600 1.1661348342895508 35840
1770948438386 1.1702779531478882 40960
1770948524167 1.1713852882385254 46080
1770948609843 1.1716078519821167 51200
1770948695600 1.1702240705490112 56320
1770948781447 1.1690973043441772 61440
1770948867229 1.1689612865447998 66560
1770948953107 1.1671345233917236 71680
1770949039390 1.1620750427246094 76800
1770949125098 1.1649212837219238 81920
1770949210929 1.1657112836837769 87040
1770949296739 1.1617457866668701 92160
1770949382496 1.156479001045227 97280
1770949468282 1.1465284824371338 102400
1770949554022 1.145738959312439 107520
1770949639808 1.1407465934753418 112640
1770949725672 1.1362640857696533 117760
1770949811516 1.1327617168426514 122880
1770949897349 1.126100778579712 128000
1770949983168 1.1194978952407837 133120
1770950068831 1.1188355684280396 138240
