1770947838094 -2.400421619415283 5120
1770947923957 -5.670968055725098 10240
1770948009692 -7.666040897369385 15360
1770948095454 -9.859773635864258 20480
1770948181210 -10.80406665802002 25600
1770948266903 -11.058222770690918 30720
1770948352590 -10.807207107543945 35840
1770948438374 -10.28296947479248 40960
1770948524156 -10.5075044631958 46080
1770948609831 -13.590021133422852 51200
1770948695589 -16.003496170043945 56320
1770948781435 -17.197879791259766 61440
1770948867220 -18.346302032470703 66560
1770948953096 -19.493587493896484 71680
1770949039379 -20.791255950927734 76800
1770949125086 -22.28351593017578 81920
1770949210918 -24.313640594482422 87040
1770949296727 -26.929515838623047 92160
1770949382488 -29.67580795288086 97280
1770949468271 -32.161067962646484 102400
1770949554010 -34.38433074951172 107520
1770949639796 -36.446807861328125 112640
1770949725661 -37.9805793762207 117760
1770949811504 -39.44671630859375 122880
1770949897337 -40.628440856933594 128000
1770949983157 -41.82579803466797 133120
1770950068819 -42.96524429321289 138240
