1770947838094 16.149938583374023 5120
1770947923957 13.013336181640625 10240
1770948009692 14.648691177368164 15360
1770948095454 15.380803108215332 20480
1770948181210 16.50827407836914 25600
1770948266903 16.502389907836914 30720
1770948352590 16.31999397277832 35840
1770948438374 15.416529655456543 40960
1770948524156 16.208248138427734 46080
1770948609831 23.015625 51200
1770948695589 28.091938018798828 56320
1770948781435 31.462005615234375 61440
1770948867220 33.806373596191406 66560
1770948953096 36.288597106933594 71680
1770949039379 42.663063049316406 76800
1770949125086 47.592437744140625 81920
1770949210918 52.83588790893555 87040
1770949296727 58.12489700317383 92160
1770949382488 62.11463165283203 97280
1770949468271 66.21712493896484 102400
1770949554010 73.20122528076172 107520
1770949639796 79.79045867919922 112640
1770949725661 84.856689453125 117760
1770949811504 90.73471069335938 122880
1770949897337 93.75159454345703 128000
1770949983157 96.15643310546875 133120
1770950068819 102.13407135009766 138240
