1770947838103 0.8241357207298279 5120
1770947923968 0.8674952387809753 10240
1770948009705 0.7685807943344116 15360
1770948095465 0.8595194816589355 20480
1770948181221 0.8978914022445679 25600
1770948266914 0.9463416337966919 30720
1770948352600 0.9705232381820679 35840
1770948438386 0.9886165261268616 40960
1770948524167 1.0248886346817017 46080
1770948609843 1.0687350034713745 51200
1770948695600 1.0985747575759888 56320
1770948781447 1.1228690147399902 61440
1770948867229 1.1392767429351807 66560
1770948953107 1.1421366930007935 71680
1770949039390 1.125565767288208 76800
1770949125098 1.1109675168991089 81920
1770949210929 1.1125789880752563 87040
1770949296739 1.108696699142456 92160
1770949382496 1.099600076675415 97280
1770949468282 1.0828547477722168 102400
1770949554022 1.0747638940811157 107520
1770949639808 1.0670387744903564 112640
1770949725672 1.0625897645950317 117760
1770949811516 1.0552546977996826 122880
1770949897349 1.0431010723114014 128000
1770949983168 1.031395673751831 133120
1770950068831 1.0250345468521118 138240
