1770947838103 0.21654963493347168 5120
1770947923968 0.22624897956848145 10240
1770948009705 0.2004619538784027 15360
1770948095465 0.2186795473098755 20480
1770948181221 0.22498057782649994 25600
1770948266914 0.2351694107055664 30720
1770948352600 0.24041834473609924 35840
1770948438386 0.24455523490905762 40960
1770948524167 0.25646889209747314 46080
1770948609843 0.26828011870384216 51200
1770948695600 0.2769045829772949 56320
1770948781447 0.28442150354385376 61440
1770948867229 0.29050424695014954 66560
1770948953107 0.2971173822879791 71680
1770949039390 0.30052533745765686 76800
1770949125098 0.3038296401500702 81920
1770949210929 0.3129410147666931 87040
1770949296739 0.3221682608127594 92160
1770949382496 0.32886993885040283 97280
1770949468282 0.3319249153137207 102400
1770949554022 0.33848243951797485 107520
1770949639808 0.3436850607395172 112640
1770949725672 0.3487786054611206 117760
1770949811516 0.3525542914867401 122880
1770949897349 0.35351184010505676 128000
1770949983168 0.3541523516178131 133120
1770950068831 0.35707005858421326 138240
