1770947838103 1.0714170932769775 5120
1770947923968 1.1593506336212158 10240
1770948009705 0.8781168460845947 15360
1770948095465 1.0568442344665527 20480
1770948181221 1.1266510486602783 25600
1770948266914 1.2205402851104736 30720
1770948352600 1.2704427242279053 35840
1770948438386 1.3098224401474 40960
1770948524167 1.4395710229873657 46080
1770948609843 1.567477822303772 51200
1770948695600 1.6648166179656982 56320
1770948781447 1.7493360042572021 61440
1770948867229 1.8177679777145386 66560
1770948953107 1.9038798809051514 71680
1770949039390 1.963845133781433 76800
1770949125098 2.009756565093994 81920
1770949210929 2.122403144836426 87040
1770949296739 2.2453160285949707 92160
1770949382496 2.3389134407043457 97280
1770949468282 2.3978469371795654 102400
1770949554022 2.4844861030578613 107520
1770949639808 2.556361675262451 112640
1770949725672 2.625200033187866 117760
1770949811516 2.6781935691833496 122880
1770949897349 2.703144073486328 128000
1770949983168 2.7242960929870605 133120
1770950068831 2.7656426429748535 138240
