1770908690495 20.69768714904785 5120
1770908701958 19.749635696411133 10240
1770908713588 19.85642433166504 15360
1770908725559 20.020811080932617 20480
1770908743652 20.182239532470703 25600
1770908758500 20.345863342285156 30720
1770908775123 20.50681495666504 35840
1770908789459 20.71240234375 40960
1770908804516 20.883291244506836 46080
1770908819047 21.05714988708496 51200
1770908833749 21.090932846069336 56320
1770908847419 21.08832359313965 61440
1770908862942 21.10392189025879 66560
1770908877179 20.992290496826172 71680
1770908891960 20.956209182739258 76800
1770908906611 20.852319717407227 81920
1770908922156 20.73871612548828 87040
1770908936809 20.68280792236328 92160
1770908951818 20.708707809448242 97280
1770908966007 20.72639274597168 102400
1770908981534 20.740116119384766 107520
1770908996249 20.761581420898438 112640
1770909010770 20.78350257873535 117760
1770909025309 20.77709197998047 122880
1770909041811 20.76214599609375 128000
1770909056362 20.76424217224121 133120
1770909071123 20.704193115234375 138240
1770909086098 20.60727882385254 143360
1770909101793 20.545679092407227 148480
1770909117824 20.497594833374023 153600
1770909132677 20.450910568237305 158720
1770909148149 20.46614646911621 163840
1770909162941 20.498313903808594 168960
1770909178367 20.4930477142334 174080
1770909193430 20.47903823852539 179200
1770909208207 20.473175048828125 184320
1770909225588 20.47892951965332 189440
1770909240258 20.459516525268555 194560
1770909255972 20.445934295654297 199680
1770909271543 20.402311325073242 204800
1770909286162 20.36296272277832 209920
1770909302451 20.31850814819336 215040
1770909317628 20.255056381225586 220160
1770909332400 20.199411392211914 225280
1770909349338 20.102319717407227 230400
1770909364670 20.035797119140625 235520
1770909383294 19.959537506103516 240640
1770909399693 19.88694190979004 245760
1770909415524 19.843088150024414 250880
1770909430311 19.76594352722168 256000
1770909447095 19.73447608947754 261120
1770909462134 19.720476150512695 266240
1770909477802 19.71306800842285 271360
1770909492662 19.690576553344727 276480
1770909507692 19.688467025756836 281600
1770909521913 19.683462142944336 286720
1770909539453 19.701824188232422 291840
1770909554782 19.707651138305664 296960
1770909560605 19.70783805847168 300032
