1770908690495 27.601900100708008 5120
1770908701958 26.14276695251465 10240
1770908713588 26.13277816772461 15360
1770908725559 26.179861068725586 20480
1770908743652 26.237796783447266 25600
1770908758500 26.363636016845703 30720
1770908775123 26.471965789794922 35840
1770908789459 26.675655364990234 40960
1770908804516 26.85428237915039 46080
1770908819047 27.077455520629883 51200
1770908833749 27.083459854125977 56320
1770908847419 27.083179473876953 61440
1770908862942 27.209428787231445 66560
1770908877179 27.147809982299805 71680
1770908891960 27.18596839904785 76800
1770908906611 27.130645751953125 81920
1770908922156 27.04266929626465 87040
1770908936809 27.027698516845703 92160
1770908951818 27.094146728515625 97280
1770908966007 27.141929626464844 102400
1770908981534 27.169919967651367 107520
1770908996249 27.209569931030273 112640
1770909010770 27.273967742919922 117760
1770909025309 27.287574768066406 122880
1770909041811 27.3083438873291 128000
1770909056362 27.332550048828125 133120
1770909071123 27.29527473449707 138240
1770909086098 27.20086669921875 143360
1770909101793 27.146625518798828 148480
1770909117824 27.100645065307617 153600
1770909132677 27.066598892211914 158720
1770909148149 27.096426010131836 163840
1770909162941 27.15578842163086 168960
1770909178367 27.17007064819336 174080
1770909193430 27.171470642089844 179200
1770909208207 27.185697555541992 184320
1770909225588 27.204633712768555 189440
1770909240258 27.200023651123047 194560
1770909255972 27.21035385131836 199680
1770909271543 27.181406021118164 204800
1770909286162 27.16202735900879 209920
1770909302451 27.147329330444336 215040
1770909317628 27.092266082763672 220160
1770909332400 27.051895141601562 225280
1770909349338 26.955076217651367 230400
1770909364670 26.8941593170166 235520
1770909383294 26.818443298339844 240640
1770909399693 26.749300003051758 245760
1770909415524 26.71127700805664 250880
1770909430311 26.633081436157227 256000
1770909447095 26.598499298095703 261120
1770909462134 26.602127075195312 266240
1770909477802 26.608186721801758 271360
1770909492662 26.58311653137207 276480
1770909507692 26.593273162841797 281600
1770909521913 26.5898380279541 286720
1770909539453 26.61789321899414 291840
1770909554782 26.62773895263672 296960
1770909560605 26.63233184814453 300032
