1770908690495 1.2105263471603394 5120
1770908701958 1.1715717315673828 10240
1770908713588 1.1727129220962524 15360
1770908725559 1.1668117046356201 20480
1770908743652 1.1587343215942383 25600
1770908758500 1.1529818773269653 30720
1770908775123 1.1505231857299805 35840
1770908789459 1.1540006399154663 40960
1770908804516 1.1554088592529297 46080
1770908819047 1.1599546670913696 51200
1770908833749 1.1565897464752197 56320
1770908847419 1.1531543731689453 61440
1770908862942 1.1558661460876465 66560
1770908877179 1.1557937860488892 71680
1770908891960 1.1582920551300049 76800
1770908906611 1.1582306623458862 81920
1770908922156 1.1577708721160889 87040
1770908936809 1.1558374166488647 92160
1770908951818 1.1565622091293335 97280
1770908966007 1.1567094326019287 102400
1770908981534 1.1557997465133667 107520
1770908996249 1.1558116674423218 112640
1770909010770 1.1568934917449951 117760
1770909025309 1.1561570167541504 122880
1770909041811 1.1564178466796875 128000
1770909056362 1.1580970287322998 133120
1770909071123 1.1590275764465332 138240
1770909086098 1.1585185527801514 143360
1770909101793 1.1565592288970947 148480
1770909117824 1.1553850173950195 153600
1770909132677 1.1547644138336182 158720
1770909148149 1.1549627780914307 163840
1770909162941 1.1567072868347168 168960
1770909178367 1.1567168235778809 174080
1770909193430 1.1569044589996338 179200
1770909208207 1.157940149307251 184320
1770909225588 1.1586947441101074 189440
1770909240258 1.1583542823791504 194560
1770909255972 1.1589999198913574 199680
1770909271543 1.1582486629486084 204800
1770909286162 1.1589882373809814 209920
1770909302451 1.1599200963974 215040
1770909317628 1.159261703491211 220160
1770909332400 1.1599329710006714 225280
1770909349338 1.1591057777404785 230400
1770909364670 1.159252405166626 235520
1770909383294 1.1592937707901 240640
1770909399693 1.1594197750091553 245760
1770909415524 1.1607285737991333 250880
1770909430311 1.1600332260131836 256000
1770909447095 1.1601929664611816 261120
1770909462134 1.161721110343933 266240
1770909477802 1.162611484527588 271360
1770909492662 1.1619398593902588 276480
1770909507692 1.162232756614685 281600
1770909521913 1.1617720127105713 286720
1770909539453 1.162363052368164 291840
1770909554782 1.1622471809387207 296960
1770909560605 1.162603497505188 300032
