1770908690495 0.3322121202945709 5120
1770908701958 0.31350448727607727 10240
1770908713588 0.3061370849609375 15360
1770908725559 0.30230534076690674 20480
1770908743652 0.29646095633506775 25600
1770908758500 0.2922181785106659 30720
1770908775123 0.2894268333911896 35840
1770908789459 0.29030928015708923 40960
1770908804516 0.2896434962749481 46080
1770908819047 0.29172128438949585 51200
1770908833749 0.2915330231189728 56320
1770908847419 0.2916451096534729 61440
1770908862942 0.2975502014160156 66560
1770908877179 0.3001367747783661 71680
1770908891960 0.30336326360702515 76800
1770908906611 0.3053716719150543 81920
1770908922156 0.3064923584461212 87040
1770908936809 0.3090936243534088 92160
1770908951818 0.3109588921070099 97280
1770908966007 0.3126468360424042 102400
1770908981534 0.3131755292415619 107520
1770908996249 0.31402385234832764 112640
1770909010770 0.3159591555595398 117760
1770909025309 0.31728804111480713 122880
1770909041811 0.31942513585090637 128000
1770909056362 0.3205551207065582 133120
1770909071123 0.3214758336544037 138240
1770909086098 0.3215552568435669 143360
1770909101793 0.32180628180503845 148480
1770909117824 0.32177019119262695 153600
1770909132677 0.32224687933921814 158720
1770909148149 0.3232934772968292 163840
1770909162941 0.3246852159500122 168960
1770909178367 0.3256444036960602 174080
1770909193430 0.3263722062110901 179200
1770909208207 0.3275218904018402 184320
1770909225588 0.32809847593307495 189440
1770909240258 0.32884690165519714 194560
1770909255972 0.329313725233078 199680
1770909271543 0.3296491205692291 204800
1770909286162 0.3302799165248871 209920
1770909302451 0.33150237798690796 215040
1770909317628 0.3318638801574707 220160
1770909332400 0.33221930265426636 225280
1770909349338 0.33247682452201843 230400
1770909364670 0.33279743790626526 235520
1770909383294 0.33305823802948 240640
1770909399693 0.3332832157611847 245760
1770909415524 0.33371585607528687 250880
1770909430311 0.33393821120262146 256000
1770909447095 0.3340061604976654 261120
1770909462134 0.3351924419403076 266240
1770909477802 0.33589449524879456 271360
1770909492662 0.335616797208786 276480
1770909507692 0.3360420763492584 281600
1770909521913 0.336215078830719 286720
1770909539453 0.33672598004341125 291840
1770909554782 0.33673468232154846 296960
1770909560605 0.337049663066864 300032
