1770908690490 73.92667794698252 5120
1770908701952 84.0659811997675 10240
1770908713581 69.31702721909137 15360
1770908725552 101.48328090975079 20480
1770908743647 99.27816701382314 25600
1770908758496 110.98097531288863 30720
1770908775117 72.17993770328177 35840
1770908789454 80.18475185440086 40960
1770908804508 72.44423717981934 46080
1770908819041 67.71340931839462 51200
1770908833743 94.39189827838416 56320
1770908847413 87.33402740182402 61440
1770908862937 93.31250973325324 66560
1770908877174 92.19668960059789 71680
1770908891954 96.8840432412455 76800
1770908906606 102.3725073832711 81920
1770908922151 83.49199777052313 87040
1770908936799 62.71762665231174 92160
1770908951812 73.27319101359141 97280
1770908966001 92.34893654498217 102400
1770908981529 90.53496805387671 107520
1770908996243 101.05052159876648 112640
1770909010764 91.23208770174446 117760
1770909025300 86.4769287864418 122880
1770909041802 65.09962904903071 128000
1770909056352 78.26800276176081 133120
1770909071117 65.99798590130916 138240
1770909086092 60.06966086159487 143360
1770909101786 66.08533434171551 148480
1770909117817 95.2212132219397 153600
1770909132671 98.27559221162633 158720
1770909148143 84.25173251913304 163840
1770909162934 99.99532721420908 168960
1770909178360 81.60759592186163 174080
1770909193422 101.79855346827824 179200
1770909208198 86.2368978349816 184320
1770909225582 104.5569986289418 189440
1770909240251 95.73413676618279 194560
1770909255964 65.10872399875815 199680
1770909271534 62.127712520922515 204800
1770909286155 103.69620253164557 209920
1770909302444 87.80572768380506 215040
1770909317621 98.38624475147193 220160
1770909332388 64.15565106994815 225280
1770909349332 92.40794024984027 230400
1770909364661 85.62949654975297 235520
1770909383284 70.15059374477337 240640
1770909399686 85.91540179028657 245760
1770909415516 70.19990627301333 250880
1770909430302 66.0738827013658 256000
1770909447088 98.61989184105337 261120
1770909462127 85.89428846429523 266240
1770909477796 93.59569767701336 271360
1770909492654 77.30011057869517 276480
1770909507680 69.99606154667735 281600
1770909521902 98.65468658120663 286720
1770909539446 103.0212462849704 291840
1770909554775 84.52168305658552 296960
1770909560597 80.1954838339611 300032
