1759692011886 0.012392194467633429 5120
1759692083596 -0.25936407114958715 10240
1759692154629 -0.18041558265686036 15360
1759692226041 0.09267825792782271 20480
1759692304548 0.2666220045708991 25600
1759692392090 0.3442805869957474 30720
1759692476403 0.4167952975590652 35840
1759692559799 0.4815377474320743 40960
1759692644189 0.5295810734380028 46080
1759692729600 0.5664575210105468 51200
1759692815913 0.5927278409767294 56320
1759692901062 0.620398095411529 61440
1759692982489 0.6403041639787935 66560
1759693066719 0.6598652501369755 71680
1759693148289 0.6764812406027518 76800
1759693230031 0.6837257860973769 81920
1759693307807 0.6983275442781361 87040
1759693377747 0.7036137130273199 92160
1759693447313 0.7111574486947395 97280
1759693521985 0.7176829229982664 102400
1759693602277 0.725706822564157 107520
1759693683562 0.7374248584459234 112640
1759693766070 0.7426967551478865 117760
1759693849720 0.7521402298125343 122880
1759693930275 0.7586876087297274 128000
1759694011635 0.7672670309094415 133120
1759694093518 0.7697892444038775 138240
1759694171783 0.7717757775123719 143360
1759694251196 0.7753497549728554 148480
1759694329771 0.778412354380013 153600
1759694409414 0.7856069650099952 158720
1759694489658 0.786610238494034 163840
1759694566960 0.7910800097056209 168960
1759694648605 0.7916295854984472 174080
1759694727760 0.7956970714420087 179200
1759694805161 0.799115424276176 184320
1759694882787 0.8048018888069812 189440
1759694960024 0.8099394347757167 194560
1759695037866 0.8119805641580529 199680
1759695116701 0.811957467345039 204800
1759695196407 0.8148084421287648 209920
1759695274061 0.8141774291794002 215040
1759695352036 0.8200809245275269 220160
1759695429166 0.823950429057811 225280
1759695505815 0.8268327793108523 230400
1759695580919 0.8276393322790121 235520
1759695655978 0.827690001605439 240640
1759695724591 0.8272516389830442 245760
1759695792153 0.8291973480792609 250880
1759695860715 0.8299364700952258 256000
1759695928494 0.8307899878862498 261120
1759695996496 0.8310796768822615 266240
1759696064486 0.831587629760839 271360
1759696132639 0.8325655439745109 276480
1759696200426 0.832773019079771 281600
1759696268758 0.8332593951816892 286720
1759696336787 0.8361842655704311 291840
1759696405117 0.8372423774099143 296960
1759696475342 0.8399101966813822 302080
1759696544307 0.8393075100323246 307200
1759696614556 0.8409145255738231 312320
1759696694962 0.8430702677730695 317440
1759696775113 0.8446254921392787 322560
1759696854055 0.8460722089449083 327680
1759696933827 0.8469607115224348 332800
1759697011400 0.8469308015337521 337920
1759697089687 0.8493534727515056 343040
1759697167382 0.8499901425973575 348160
1759697245525 0.8511728072124229 353280
1759697323940 0.8505121055680166 358400
1759697402255 0.8515250534597143 363520
1759697481235 0.852890388730271 368640
1759697561865 0.8548456676614817 373760
1759697640031 0.8534860322693535 378880
1759697721073 0.8529534090291085 384000
1759697802326 0.8523950934614911 389120
1759697882149 0.8526972659104607 394240
1759697961723 0.852566740994114 399360
1759698042831 0.852520561340293 404480
1759698124263 0.853967531326666 409600
1759698204777 0.8549809190080487 414720
1759698282116 0.8560977113374257 419840
1759698372858 0.8561757621741909 424960
1759698453348 0.858252890715087 430080
1759698532982 0.8586563456609572 435200
1759698609561 0.8586709417081346 440320
1759698681973 0.8641912964228412 445440
1759698755890 0.8691558232005406 450560
1759698833082 0.8741275302703068 455680
1759698908283 0.8796388859743013 460800
1759698985474 0.8846598198469295 465920
1759699061478 0.8887717353949041 471040
1759699136912 0.8918620779992107 476160
1759699212521 0.8963837347715066 481280
1759699286388 0.9011743928605556 486400
1759699360780 0.9048141565671395 491520
1759699438587 0.9077306187219834 496640
1759699511700 0.9120484842078642 501760
1759699583979 0.9151659605755136 506880
1759699659935 0.919445815533953 512000
1759699735998 0.9219926162561621 517120
1759699813707 0.9246301730953552 522240
1759699887780 0.9272860495697165 527360
1759699962232 0.9307852526428034 532480
1759700036610 0.9351581191300197 537600
1759700110008 0.9377110389917642 542720
1759700183373 0.9394167115352756 547840
1759700257333 0.9439866601633414 552960
1759700330502 0.9475936945341844 558080
1759700406703 0.951454675414074 563200
1759700480673 0.9533418605046242 568320
1759700553877 0.9564570896896647 573440
1759700628203 0.9627054914938523 578560
1759700702614 0.9691265626991785 583680
1759700776600 0.9744257547724248 588800
1759700850528 0.9804146031483748 593920
1759700924155 0.9860958495734135 599040
1759700999062 0.991761321151638 604160
1759701073885 0.9969131345207088 609280
1759701148246 1.0025516783515318 614400
1759701223488 1.0072174003621392 619520
1759701298166 1.0122598983635984 624640
1759701375063 1.0183427831242107 629760
1759701448804 1.023712154171812 634880
1759701522650 1.0275627858759542 640000
1759701596953 1.0314050023986066 645120
1759701671956 1.0366791976735428 650240
1759701745518 1.0414094816376336 655360
1759701822756 1.046297136881929 660480
1759701897460 1.0517558442483395 665600
1759701970163 1.0566009391794664 670720
1759702047523 1.0614908574209134 675840
1759702127840 1.0663933361478783 680960
1759702208048 1.0708827874360838 686080
1759702287734 1.0754788605900283 691200
1759702357985 1.0797159677989032 696320
1759702428864 1.0846731445529567 701440
1759702500571 1.0893769375740547 706560
1759702572001 1.0935693242910196 711680
1759702649883 1.0952244958701596 716800
1759702730691 1.0981223167147187 721920
1759702811132 1.0992562332045914 727040
1759702891380 1.0996427841314573 732160
1759702968010 1.1011973366407715 737280
1759703037803 1.1029611076807182 742400
1759703107360 1.104221813302138 747520
1759703180827 1.1053766337898834 752640
1759703261273 1.107229211088881 757760
1759703342208 1.1087851804442805 762880
1759703421102 1.1104855805268747 768000
1759703497815 1.1119924381459818 773120
1759703574624 1.1136564803348834 778240
1759703651539 1.1149532568407097 783360
1759703726219 1.1167182246539797 788480
1759703803372 1.1177121054703965 793600
1759703878814 1.1196384988249308 798720
1759703952099 1.1209656360758495 803840
1759704025424 1.1214932889134182 808960
1759704099657 1.122811442923075 814080
1759704179049 1.1239134228892722 819200
