1759692011886 447.3501834117383 5120
1759692083596 458.5917818220135 10240
1759692154629 454.93039679276313 15360
1759692226041 444.4963293027638 20480
1759692304548 437.5164493709416 25600
1759692392090 434.54511200221236 30720
1759692476403 431.9431468055149 35840
1759692559799 429.20593136389886 40960
1759692644189 427.4917879362128 46080
1759692729600 426.53249406971946 51200
1759692815913 425.3757637878005 56320
1759692901062 424.246842930752 61440
1759692982489 423.35861271358993 66560
1759693066719 422.7578037962344 71680
1759693148289 422.3656014996881 76800
1759693230031 421.8791691413369 81920
1759693307807 421.31982050239384 87040
1759693377747 421.0805982630021 92160
1759693447313 420.88901143678476 97280
1759693521985 420.6768930037118 102400
1759693602277 420.24636281088016 107520
1759693683562 419.87848233605195 112640
1759693766070 419.74508575422806 117760
1759693849720 419.48793068910254 122880
1759693930275 419.3271281673711 128000
1759694011635 419.083409130938 133120
1759694093518 419.0706152631375 138240
1759694171783 418.9671742495704 143360
1759694251196 418.78647495447495 148480
1759694329771 418.72089388647623 153600
1759694409414 418.5231744626334 158720
1759694489658 418.49393528860634 163840
1759694566960 418.34759596683284 168960
1759694648605 418.3344498404944 174080
1759694727760 418.11795414719626 179200
1759694805161 418.09685192836963 184320
1759694882787 417.8989755448645 189440
1759694960024 417.7876256812224 194560
1759695037866 417.69786939839463 199680
1759695116701 417.68055630670494 204800
1759695196407 417.60022603559 209920
1759695274061 417.60418162716053 215040
1759695352036 417.3807556557497 220160
1759695429166 417.29219022121623 225280
1759695505815 417.2335316713909 230400
1759695580919 417.18759948368324 235520
1759695655978 417.19062266092817 240640
1759695724591 417.26856836245184 245760
1759695792153 417.26404008571706 250880
1759695860715 417.28562922244055 256000
1759695928494 417.2452280379297 261120
1759695996496 417.2094968176443 266240
1759696064486 417.1989173752975 271360
1759696132639 417.17312728795076 276480
1759696200426 417.12368202909846 281600
1759696268758 417.07797470316376 286720
1759696336787 416.9543753172296 291840
1759696405117 416.90216331980224 296960
1759696475342 416.84420494421954 302080
1759696544307 416.8195373068389 307200
1759696614556 416.7553845017766 312320
1759696694962 416.7023479402879 317440
1759696775113 416.6757599778247 322560
1759696854055 416.61110337234356 327680
1759696933827 416.55813988504957 332800
1759697011400 416.5748668006636 337920
1759697089687 416.4369981502656 343040
1759697167382 416.41427514592493 348160
1759697245525 416.36886659842634 353280
1759697323940 416.39199768859834 358400
1759697402255 416.3585059659765 363520
1759697481235 416.2995615610921 368640
1759697561865 416.2546316545582 373760
1759697640031 416.3116139948127 378880
1759697721073 416.3474648209321 384000
1759697802326 416.36567981696504 389120
1759697882149 416.37918755726577 394240
1759697961723 416.3696786361581 399360
1759698042831 416.3597449857712 404480
1759698124263 416.32060532989493 409600
1759698204777 416.31407482889847 414720
1759698282116 416.2622829615923 419840
1759698372858 416.2890992672709 424960
1759698453348 416.2671803713777 430080
1759698532982 416.2384087939107 435200
1759698609561 416.1980535768995 440320
1759698681973 415.8904865265263 445440
1759698755890 415.7021623549214 450560
1759698833082 415.4393648146224 455680
1759698908283 415.189052290942 460800
1759698985474 414.9846656976744 465920
1759699061478 414.78865361645177 471040
1759699136912 414.5889449080857 476160
1759699212521 414.34451092571476 481280
1759699286388 414.1240916103931 486400
1759699360780 413.89389037410024 491520
1759699438587 413.71367392379244 496640
1759699511700 413.4970339924801 501760
1759699583979 413.3126887215554 506880
1759699659935 413.1470293691574 512000
1759699735998 412.9858444901142 517120
1759699813707 412.78336674506676 522240
1759699887780 412.62866999076874 527360
1759699962232 412.40764997425333 532480
1759700036610 412.20844454254103 537600
1759700110008 412.0193686477183 542720
1759700183373 411.87836119824067 547840
1759700257333 411.6402914875085 552960
1759700330502 411.41745474742777 558080
1759700406703 411.1821780554115 563200
1759700480673 411.03210923094184 568320
1759700553877 410.86567535958244 573440
1759700628203 410.5107635557481 578560
1759700702614 410.16814152872007 583680
1759700776600 409.86029362709024 588800
1759700850528 409.538457973464 593920
1759700924155 409.2152509707001 599040
1759700999062 408.88673024319604 604160
1759701073885 408.5360362544728 609280
1759701148246 408.2063295536669 614400
1759701223488 407.90386647895974 619520
1759701298166 407.58462161099175 624640
1759701375063 407.2614206600487 629760
1759701448804 406.97202936897855 634880
1759701522650 406.68625934471646 640000
1759701596953 406.404559357137 645120
1759701671956 406.1085934601288 650240
1759701745518 405.8454544979729 655360
1759701822756 405.5351017822332 660480
1759701897460 405.2229905023318 665600
1759701970163 404.9226561318952 670720
1759702047523 404.6089590017816 675840
1759702127840 404.3268358170247 680960
1759702208048 404.0520250429422 686080
1759702287734 403.79357067313595 691200
1759702357985 403.5320452362966 696320
1759702428864 403.28077425335437 701440
1759702500571 403.03638147076185 706560
1759702572001 402.7846867044348 711680
1759702649883 402.6886360101214 716800
1759702730691 402.5340419580781 721920
1759702811132 402.44480361210503 727040
1759702891380 402.4035241904857 732160
1759702968010 402.32125348205875 737280
1759703037803 402.2137309013664 742400
1759703107360 402.12865941538894 747520
1759703180827 402.0471640023984 752640
1759703261273 401.9639556559622 757760
1759703342208 401.8943018296615 762880
1759703421102 401.8123529032054 768000
1759703497815 401.7044225739622 773120
1759703574624 401.61432354542467 778240
1759703651539 401.53155712558714 783360
1759703726219 401.4250207952766 788480
1759703803372 401.363970210777 793600
1759703878814 401.2812145893302 798720
1759703952099 401.21576954659656 803840
1759704025424 401.157542356395 808960
1759704099657 401.10253774408295 814080
1759704179049 401.0418299640061 819200
