1759692011886 500.0 5120
1759692083596 500.0 10240
1759692154629 500.0 15360
1759692226041 500.0 20480
1759692304548 500.0 25600
1759692392090 500.0 30720
1759692476403 500.0 35840
1759692559799 500.0 40960
1759692644189 500.0 46080
1759692729600 500.0 51200
1759692815913 500.0 56320
1759692901062 500.0 61440
1759692982489 500.0 66560
1759693066719 500.0 71680
1759693148289 500.0 76800
1759693230031 500.0 81920
1759693307807 500.0 87040
1759693377747 500.0 92160
1759693447313 500.0 97280
1759693521985 500.0 102400
1759693602277 500.0 107520
1759693683562 500.0 112640
1759693766070 500.0 117760
1759693849720 500.0 122880
1759693930275 500.0 128000
1759694011635 500.0 133120
1759694093518 500.0 138240
1759694171783 500.0 143360
1759694251196 500.0 148480
1759694329771 500.0 153600
1759694409414 500.0 158720
1759694489658 500.0 163840
1759694566960 500.0 168960
1759694648605 500.0 174080
1759694727760 500.0 179200
1759694805161 500.0 184320
1759694882787 500.0 189440
1759694960024 500.0 194560
1759695037866 500.0 199680
1759695116701 500.0 204800
1759695196407 500.0 209920
1759695274061 500.0 215040
1759695352036 500.0 220160
1759695429166 500.0 225280
1759695505815 500.0 230400
1759695580919 500.0 235520
1759695655978 500.0 240640
1759695724591 500.0 245760
1759695792153 500.0 250880
1759695860715 500.0 256000
1759695928494 500.0 261120
1759695996496 500.0 266240
1759696064486 500.0 271360
1759696132639 500.0 276480
1759696200426 500.0 281600
1759696268758 500.0 286720
1759696336787 500.0 291840
1759696405117 500.0 296960
1759696475342 500.0 302080
1759696544307 500.0 307200
1759696614556 500.0 312320
1759696694962 500.0 317440
1759696775113 500.0 322560
1759696854055 500.0 327680
1759696933827 500.0 332800
1759697011400 500.0 337920
1759697089687 500.0 343040
1759697167382 500.0 348160
1759697245525 500.0 353280
1759697323940 500.0 358400
1759697402255 500.0 363520
1759697481235 500.0 368640
1759697561865 500.0 373760
1759697640031 500.0 378880
1759697721073 500.0 384000
1759697802326 500.0 389120
1759697882149 500.0 394240
1759697961723 500.0 399360
1759698042831 500.0 404480
1759698124263 500.0 409600
1759698204777 500.0 414720
1759698282116 500.0 419840
1759698372858 500.0 424960
1759698453348 500.0 430080
1759698532982 500.0 435200
1759698609561 500.0 440320
1759698681973 500.0 445440
1759698755890 500.0 450560
1759698833082 500.0 455680
1759698908283 500.0 460800
1759698985474 500.0 465920
1759699061478 500.0 471040
1759699136912 500.0 476160
1759699212521 500.0 481280
1759699286388 500.0 486400
1759699360780 500.0 491520
1759699438587 500.0 496640
1759699511700 500.0 501760
1759699583979 500.0 506880
1759699659935 500.0 512000
1759699735998 500.0 517120
1759699813707 500.0 522240
1759699887780 500.0 527360
1759699962232 500.0 532480
1759700036610 500.0 537600
1759700110008 500.0 542720
1759700183373 500.0 547840
1759700257333 500.0 552960
1759700330502 500.0 558080
1759700406703 500.0 563200
1759700480673 500.0 568320
1759700553877 500.0 573440
1759700628203 500.0 578560
1759700702614 500.0 583680
1759700776600 500.0 588800
1759700850528 500.0 593920
1759700924155 500.0 599040
1759700999062 500.0 604160
1759701073885 500.0 609280
1759701148246 500.0 614400
1759701223488 500.0 619520
1759701298166 500.0 624640
1759701375063 500.0 629760
1759701448804 500.0 634880
1759701522650 500.0 640000
1759701596953 500.0 645120
1759701671956 500.0 650240
1759701745518 500.0 655360
1759701822756 500.0 660480
1759701897460 500.0 665600
1759701970163 500.0 670720
1759702047523 500.0 675840
1759702127840 500.0 680960
1759702208048 500.0 686080
1759702287734 500.0 691200
1759702357985 500.0 696320
1759702428864 500.0 701440
1759702500571 500.0 706560
1759702572001 500.0 711680
1759702649883 500.0 716800
1759702730691 500.0 721920
1759702811132 500.0 727040
1759702891380 500.0 732160
1759702968010 500.0 737280
1759703037803 500.0 742400
1759703107360 500.0 747520
1759703180827 500.0 752640
1759703261273 500.0 757760
1759703342208 500.0 762880
1759703421102 500.0 768000
1759703497815 500.0 773120
1759703574624 500.0 778240
1759703651539 500.0 783360
1759703726219 500.0 788480
1759703803372 500.0 793600
1759703878814 500.0 798720
1759703952099 500.0 803840
1759704025424 500.0 808960
1759704099657 500.0 814080
1759704179049 500.0 819200
