1759692011884 -1.2733352298537888 5120
1759692083593 -0.6402624336155978 10240
1759692154626 -1.044903627038002 15360
1759692226037 -1.2432903721219017 20480
1759692304545 -1.032477620931772 25600
1759692392087 -0.8460235072720436 30720
1759692476399 -0.6941499008072748 35840
1759692559794 -0.5923792525035579 40960
1759692644185 -0.5235612133274907 46080
1759692729596 -0.48716183176227645 51200
1759692815909 -0.5815235980919429 56320
1759692901058 -0.5315760245088672 61440
1759692982486 -0.5060240174784805 66560
1759693066715 -0.48736685497660026 71680
1759693148285 -0.46055386631112355 76800
1759693230027 -0.44636448400991935 81920
1759693307803 -0.42883793420569843 87040
1759693377744 -0.40521803059420747 92160
1759693447309 -0.381279615064462 97280
1759693521981 -0.3659485968032686 102400
1759693602273 -0.34224059896649056 107520
1759693683558 -0.32713947339100885 112640
1759693766066 -0.3066837454664296 117760
1759693849716 -0.29229072184602084 122880
1759693930271 -0.2750484156230139 128000
1759694011631 -0.26249237679343185 133120
1759694093514 -0.2456473929040572 138240
1759694171779 -0.23269155448210155 143360
1759694251192 -0.21983689837259787 148480
1759694329767 -0.2068533673191702 153600
1759694409409 -0.19827251128661325 158720
1759694489654 -0.1858162231326844 163840
1759694566956 -0.17535483923303075 168960
1759694648601 -0.1689551227971127 174080
1759694727756 -0.1569519519805908 179200
1759694805157 -0.1482905651324362 184320
1759694882783 -0.1427657683690389 189440
1759694960019 -0.13320000059317544 194560
1759695037862 -0.12792358276795368 199680
1759695116696 -0.12026703677960295 204800
1759695196403 -0.11516357486687819 209920
1759695274056 -0.10735353779453802 215040
1759695352031 -0.10356861341882635 220160
1759695429161 -0.09808550614577073 225280
1759695505811 -0.09174929857254029 230400
1759695580914 -0.08645852551315769 235520
1759695655973 -0.08313650913157707 240640
1759695724587 -0.07796886194791043 245760
1759695792148 -0.07464215997757952 250880
1759695860710 -0.06962256650050798 256000
1759695928489 -0.06502197179943323 261120
1759695996491 -0.061877729518203445 266240
1759696064481 -0.05926916832314399 271360
1759696132634 -0.05631860323057843 276480
1759696200421 -0.05197848383931146 281600
1759696268753 -0.04925828141249797 286720
1759696336782 -0.04623147874445348 291840
1759696405112 -0.04345058673845534 296960
1759696475337 -0.04117256217711681 302080
1759696544302 -0.0385655219768765 307200
1759696614551 -0.035926669407514183 312320
1759696694957 -0.03420140796918961 317440
1759696775107 -0.03112879606741893 322560
1759696854050 -0.02930053624780007 327680
1759696933821 -0.027103781590432478 332800
1759697011395 -0.025717959195105333 337920
1759697089681 -0.024294198481809522 343040
1759697167377 -0.022012583496283926 348160
1759697245520 -0.02092045897004232 353280
1759697323934 -0.018832873924505337 358400
1759697402249 -0.017949400189217556 363520
1759697481230 -0.01584632535390246 368640
1759697561859 -0.014707352636290378 373760
1759697640025 -0.013351796467027895 378880
1759697721068 -0.012498358359679261 384000
1759697802320 -0.011019289603070635 389120
1759697882143 -0.00967478897287438 394240
1759697961718 -0.0086961992675691 399360
1759698042825 -0.007550481533763384 404480
1759698124257 -0.006205964092155941 409600
1759698204767 -0.005322799314125418 414720
1759698282107 -0.003686343491023039 419840
1759698372852 -0.0036301354465719596 424960
1759698453342 -0.0018228935582160668 430080
1759698532976 -0.001034832908006761 435200
1759698609555 -0.009555235926900274 440320
1759698681967 -0.03130879306465115 445440
1759698755884 -0.031707609348556626 450560
1759698833076 -0.028590227937484534 455680
1759698908277 -0.029615983069603828 460800
1759698985467 -0.0350269779824374 465920
1759699061472 -0.0327039341088748 471040
1759699136906 -0.0371503915397906 476160
1759699212514 -0.03810315071397526 481280
1759699286381 -0.04410397119882728 486400
1759699360774 -0.04888634483432572 491520
1759699438580 -0.05997219330979963 496640
1759699511693 -0.06593909933707864 501760
1759699583972 -0.07412439152117699 506880
1759699659929 -0.08012586686901467 512000
1759699735991 -0.08412218583902353 517120
1759699813700 -0.08541808688244008 522240
1759699887773 -0.09031084840611894 527360
1759699962226 -0.09319841253093933 532480
1759700036604 -0.09586753355686203 537600
1759700110001 -0.10089843430312564 542720
1759700183366 -0.10112568869519589 547840
1759700257326 -0.10387709383162466 552960
1759700330496 -0.10716182355915671 558080
1759700406697 -0.10727250208222933 563200
1759700480666 -0.11030218498312312 568320
1759700553871 -0.11254911779719878 573440
1759700628196 -0.11939256165979606 578560
1759700702607 -0.1203485470519592 583680
1759700776593 -0.1204316915737258 588800
1759700850521 -0.12234166058328598 593920
1759700924147 -0.12164271097541264 599040
1759700999055 -0.12209261508560826 604160
1759701073878 -0.12262722229797568 609280
1759701148238 -0.12228225051067435 614400
1759701223480 -0.1228091521625078 619520
1759701298159 -0.12153774080416965 624640
1759701375056 -0.12246346040205522 629760
1759701448797 -0.1213705116615971 634880
1759701522642 -0.12143569434412753 640000
1759701596946 -0.12019686253059494 645120
1759701671948 -0.11853789023633272 650240
1759701745509 -0.11860551030699065 655360
1759701822749 -0.11921705299117616 660480
1759701897452 -0.11796511812693512 665600
1759701970155 -0.11680981967507341 670720
1759702047515 -0.11623255849425623 675840
1759702127832 -0.11585666653630253 680960
1759702208040 -0.1148343930478956 686080
1759702287727 -0.11354545192605646 691200
1759702357978 -0.1120658510406987 696320
1759702428857 -0.11197121386625329 701440
1759702500563 -0.11098656371429928 706560
1759702571994 -0.10951363752628193 711680
1759702649875 -0.11173833243006817 716800
1759702730683 -0.10970246069154387 721920
1759702811124 -0.10914431744989966 727040
1759702891371 -0.10738456062764427 732160
1759702968002 -0.10523555956667241 737280
1759703037795 -0.10449989741827173 742400
1759703107352 -0.10192390812405483 747520
1759703180819 -0.10100197170091713 752640
1759703261265 -0.09966573650859469 757760
1759703342200 -0.09672927971499853 762880
1759703421094 -0.09664071015765602 768000
1759703497807 -0.09516981959973694 773120
1759703574616 -0.09379348378927102 778240
1759703651531 -0.09233544750562224 783360
1759703726210 -0.09147891825120583 788480
1759703803364 -0.08997483683615615 793600
1759703878805 -0.08879284681645001 798720
1759703952090 -0.0867445530782219 803840
1759704025415 -0.08582216822242013 808960
1759704099648 -0.08475349296876533 814080
1759704179040 -0.08323500129613984 819200
