1758569521827 -0.31481480598449707 1400
1758569524228 -0.31481480598449707 1500
1758569526122 -0.31481480598449707 1600
1758569527968 -0.31481480598449707 1700
1758569530132 -0.31481480598449707 1800
1758569532548 -0.31481480598449707 1900
1758569534494 -0.31481480598449707 2000
1758569536895 -0.31481480598449707 2100
1758569538808 -0.31481480598449707 2200
1758569541109 -0.31481480598449707 2300
1758569543494 -0.293372318148613 2400
1758569545862 -0.293372318148613 2500
1758569547753 -0.293372318148613 2600
1758569550052 -0.293372318148613 2700
1758569551935 -0.5011371076107025 2800
1758569554288 -0.5011371076107025 2900
1758569556480 -0.5011371076107025 3000
1758569558589 -0.5011371076107025 3100
1758569560468 -0.5011371076107025 3200
1758569562796 -0.5011371076107025 3300
1758569564651 -0.5011371076107025 3400
1758569567044 -0.5011371076107025 3500
1758569569112 -0.5011371076107025 3600
1758569571053 -0.5011371076107025 3700
1758569572911 -0.5011371076107025 3800
1758569575105 -0.5011371076107025 3900
1758569577312 -0.5011371076107025 4000
1758569579714 -0.5011371076107025 4100
1758569581658 -0.5011371076107025 4200
1758569583635 -0.5011371076107025 4300
1758569585548 -0.5011371076107025 4400
1758569587476 -0.5011371076107025 4500
1758569589598 -0.5011371076107025 4600
1758569591453 -0.5011371076107025 4700
1758569593849 -0.5011371076107025 4800
1758569596025 -0.5011371076107025 4900
1758569597861 -0.5011371076107025 5000
1758569599709 -0.5011371076107025 5100
1758569601519 -0.5011371076107025 5200
1758569603341 -0.5011371076107025 5300
1758569605178 -0.5011371076107025 5400
1758569607033 -0.5011371076107025 5500
1758569608842 -0.5011371076107025 5600
1758569610665 -0.6050195023417473 5700
1758569612493 -0.6050195023417473 5800
1758569614299 -0.6050195023417473 5900
1758569616136 -0.6050195023417473 6000
1758569617961 -0.6050195023417473 6100
