1758569521845 0.0 1400
1758569524250 0.0 1500
1758569526142 0.0 1600
1758569527989 0.0 1700
1758569530162 0.0 1800
1758569532570 0.0 1900
1758569534516 0.0 2000
1758569536917 0.0 2100
1758569538831 0.0 2200
1758569541133 0.0 2300
1758569543518 0.0 2400
1758569545886 0.0 2500
1758569547777 0.0 2600
1758569550078 0.0 2700
1758569551960 0.0 2800
1758569554314 0.0 2900
1758569556505 0.0 3000
1758569558618 0.0 3100
1758569560494 0.0 3200
1758569562822 0.0 3300
1758569564678 0.0 3400
1758569567072 0.0 3500
1758569569144 0.0 3600
1758569571081 0.0 3700
1758569572938 0.0 3800
1758569575133 0.0 3900
1758569577340 0.0 4000
1758569579742 0.0 4100
1758569581690 0.0 4200
1758569583665 0.0 4300
1758569585580 0.0 4400
1758569587505 0.0 4500
1758569589630 0.0 4600
1758569591483 0.0 4700
1758569593881 0.0 4800
1758569596057 0.0 4900
1758569597892 0.0 5000
1758569599741 0.0 5100
1758569601551 0.0 5200
1758569603373 0.0 5300
1758569605210 0.0 5400
1758569607066 0.0 5500
1758569608874 0.0 5600
1758569610698 0.0 5700
1758569612527 0.0 5800
1758569614333 0.0 5900
1758569616171 0.0 6000
1758569617995 0.0 6100
