1758569521843 0.0 1400
1758569524248 0.0 1500
1758569526140 0.0 1600
1758569527987 0.0 1700
1758569530158 0.0 1800
1758569532567 0.0 1900
1758569534513 0.0 2000
1758569536915 0.0 2100
1758569538828 0.0 2200
1758569541130 0.0 2300
1758569543516 0.0 2400
1758569545883 0.0 2500
1758569547775 0.0 2600
1758569550076 0.0 2700
1758569551957 0.0 2800
1758569554311 0.0 2900
1758569556502 0.0 3000
1758569558615 0.0 3100
1758569560490 0.0 3200
1758569562819 0.0 3300
1758569564675 0.0 3400
1758569567069 0.0 3500
1758569569140 0.0 3600
1758569571078 0.0 3700
1758569572935 0.0 3800
1758569575130 0.0 3900
1758569577337 0.0 4000
1758569579739 0.0 4100
1758569581686 0.0 4200
1758569583662 0.0 4300
1758569585577 0.0 4400
1758569587502 0.0 4500
1758569589627 0.0 4600
1758569591480 0.0 4700
1758569593877 0.0 4800
1758569596053 0.0 4900
1758569597889 0.0 5000
1758569599738 0.0 5100
1758569601547 0.0 5200
1758569603370 0.0 5300
1758569605206 0.0 5400
1758569607063 0.0 5500
1758569608871 0.0 5600
1758569610694 0.0 5700
1758569612523 0.0 5800
1758569614330 0.0 5900
1758569616167 0.0 6000
1758569617991 0.0 6100
