1758569494771 97.92267608642578 0
1758569496545 7.326301574707031 100
1758569498273 13.341233253479004 200
1758569500030 10.639371871948242 300
1758569501995 21.165817260742188 400
1758569503978 13.11028003692627 500
1758569506079 19.153820037841797 600
1758569508324 18.609912872314453 700
1758569510706 11.932751655578613 800
1758569512780 14.284425735473633 900
1758569514574 11.582700729370117 1000
1758569516405 8.756689071655273 1100
1758569518257 11.01922607421875 1200
1758569520053 11.259169578552246 1300
1758569521854 9.378450393676758 1400
1758569524260 10.816313743591309 1500
1758569526152 7.885770797729492 1600
1758569527999 7.474193572998047 1700
1758569530178 10.84657096862793 1800
1758569532580 9.709878921508789 1900
1758569534526 9.454322814941406 2000
1758569536929 3.611975908279419 2100
1758569538841 5.956543922424316 2200
1758569541143 9.217703819274902 2300
1758569543529 7.2603302001953125 2400
1758569545896 7.483474254608154 2500
1758569547787 9.878608703613281 2600
1758569550089 6.34149169921875 2700
1758569551971 6.9868974685668945 2800
1758569554326 12.501480102539062 2900
1758569556516 7.406009674072266 3000
1758569558630 7.976382255554199 3100
1758569560505 7.795599460601807 3200
1758569562834 5.614409446716309 3300
1758569564690 5.721559047698975 3400
1758569567084 6.091394901275635 3500
1758569569157 7.6216230392456055 3600
1758569571094 7.687068462371826 3700
1758569572949 5.132138252258301 3800
1758569575145 6.191699028015137 3900
1758569577352 6.4385480880737305 4000
1758569579754 7.457147598266602 4100
1758569581704 6.382284164428711 4200
1758569583678 11.357192993164062 4300
1758569585595 5.126161575317383 4400
1758569587518 5.905255317687988 4500
1758569589644 9.776721954345703 4600
1758569591497 6.2327680587768555 4700
1758569593895 7.627484321594238 4800
1758569596071 6.4905242919921875 4900
1758569597906 6.723918914794922 5000
1758569599755 10.049347877502441 5100
1758569601565 6.494137287139893 5200
1758569603388 9.698486328125 5300
1758569605224 8.67928409576416 5400
1758569607080 8.231466293334961 5500
1758569608889 8.616375923156738 5600
1758569610713 11.239706993103027 5700
1758569612542 8.953256607055664 5800
1758569614348 9.742437362670898 5900
1758569616188 7.438418388366699 6000
1758569618010 8.527870178222656 6100
