1758569521841 1.0 1400
1758569524245 1.0 1500
1758569526138 1.0 1600
1758569527985 1.0 1700
1758569530155 1.0 1800
1758569532565 1.0 1900
1758569534511 1.0 2000
1758569536913 1.0 2100
1758569538825 1.0 2200
1758569541128 1.0 2300
1758569543513 1.5 2400
1758569545881 1.5 2500
1758569547772 1.5 2600
1758569550073 1.5 2700
1758569551954 1.3333333333333333 2800
1758569554309 1.3333333333333333 2900
1758569556500 1.3333333333333333 3000
1758569558612 1.3333333333333333 3100
1758569560488 1.3333333333333333 3200
1758569562817 1.3333333333333333 3300
1758569564672 1.3333333333333333 3400
1758569567065 1.3333333333333333 3500
1758569569137 1.3333333333333333 3600
1758569571075 1.3333333333333333 3700
1758569572932 1.3333333333333333 3800
1758569575127 1.3333333333333333 3900
1758569577334 1.3333333333333333 4000
1758569579736 1.3333333333333333 4100
1758569581683 1.3333333333333333 4200
1758569583658 1.3333333333333333 4300
1758569585573 1.3333333333333333 4400
1758569587499 1.3333333333333333 4500
1758569589623 1.3333333333333333 4600
1758569591476 1.3333333333333333 4700
1758569593874 1.3333333333333333 4800
1758569596050 1.3333333333333333 4900
1758569597886 1.3333333333333333 5000
1758569599734 1.3333333333333333 5100
1758569601544 1.3333333333333333 5200
1758569603366 1.3333333333333333 5300
1758569605203 1.3333333333333333 5400
1758569607059 1.3333333333333333 5500
1758569608868 1.3333333333333333 5600
1758569610691 1.25 5700
1758569612519 1.25 5800
1758569614326 1.25 5900
1758569616163 1.25 6000
1758569617987 1.25 6100
