1758569494778 67.81851696148497 0
1758569496547 0.560044682825246 100
1758569498274 0.28464383179651054 200
1758569500031 0.18974771580711466 300
1758569501997 0.13820655947878355 400
1758569503980 0.10847830759207767 500
1758569506081 0.08834295560751232 600
1758569508326 0.07372256872013257 700
1758569510708 0.06270880863633567 800
1758569512782 0.055491453063540586 900
1758569514576 0.05046758607676396 1000
1758569516407 0.04619880203535362 1100
1758569518259 0.04255731310855515 1200
1758569520055 0.03953583728930123 1300
1758569521856 0.03690828619493611 1400
1758569524263 0.033896994483902404 1500
1758569526155 0.03185420126575958 1600
1758569528002 0.0300840787622709 1700
1758569530181 0.028233305060789023 1800
1758569532583 0.026440463483994703 1900
1758569534528 0.025146682546419125 2000
1758569536932 0.023713525909089993 2100
1758569538845 0.022684772959512486 2200
1758569541146 0.02155908305718907 2300
1758569543532 0.020504333577944917 2400
1758569545899 0.019555223456853975 2500
1758569547790 0.018857975525623585 2600
1758569550092 0.01807320107843084 2700
1758569551973 0.017478925648230902 2800
1758569554329 0.016787828257754857 2900
1758569556519 0.01619250328156249 3000
1758569558633 0.01565643839684868 3100
1758569560508 0.015210118578033723 3200
1758569562837 0.01468974644522957 3300
1758569564693 0.014299777149318842 3400
1758569567087 0.01382640486109599 3500
1758569569160 0.013441215981294772 3600
1758569571098 0.013100008341045922 3700
1758569572952 0.01278929532702622 3800
1758569575148 0.01243994292063849 3900
1758569577355 0.012107531485043711 4000
1758569579757 0.011765415571049678 4100
1758569581709 0.011501360810712472 4200
1758569583681 0.011246207793636824 4300
1758569585598 0.011008812372275438 4400
1758569587521 0.010780586260228783 4500
1758569589647 0.010539035774352572 4600
1758569591501 0.010337152832451851 4700
1758569593898 0.010087132705333223 4800
1758569596074 0.009870512567818231 4900
1758569597909 0.009694860502848679 5000
1758569599758 0.009524143948695824 5100
1758569601569 0.009362714769049573 5200
1758569603392 0.009205584393678778 5300
1758569605228 0.009052611963763696 5400
1758569607084 0.008902975107684865 5500
1758569608893 0.008761901780802038 5600
1758569610716 0.008624113852225446 5700
1758569612546 0.0084901320653226 5800
1758569614351 0.008361980477295241 5900
1758569616192 0.008235244846968767 6000
1758569618014 0.008113481167977821 6100
