1758569521831 -5.666666507720947 1400
1758569524233 -5.666666507720947 1500
1758569526127 -5.666666507720947 1600
1758569527973 -5.666666507720947 1700
1758569530138 -5.666666507720947 1800
1758569532553 -5.666666507720947 1900
1758569534499 -5.666666507720947 2000
1758569536901 -5.666666507720947 2100
1758569538813 -5.666666507720947 2200
1758569541114 -5.666666507720947 2300
1758569543500 -5.416666507720947 2400
1758569545868 -5.416666507720947 2500
1758569547759 -5.416666507720947 2600
1758569550058 -5.416666507720947 2700
1758569551940 -8.5 2800
1758569554294 -8.5 2900
1758569556486 -8.5 3000
1758569558596 -8.5 3100
1758569560473 -8.5 3200
1758569562802 -8.5 3300
1758569564657 -8.5 3400
1758569567050 -8.5 3500
1758569569119 -8.5 3600
1758569571059 -8.5 3700
1758569572917 -8.5 3800
1758569575112 -8.5 3900
1758569577319 -8.5 4000
1758569579720 -8.5 4100
1758569581665 -8.5 4200
1758569583641 -8.5 4300
1758569585555 -8.5 4400
1758569587483 -8.5 4500
1758569589605 -8.5 4600
1758569591460 -8.5 4700
1758569593856 -8.5 4800
1758569596032 -8.5 4900
1758569597869 -8.5 5000
1758569599716 -8.5 5100
1758569601527 -8.5 5200
1758569603348 -8.5 5300
1758569605185 -8.5 5400
1758569607040 -8.5 5500
1758569608850 -8.5 5600
1758569610673 -10.041666746139526 5700
1758569612501 -10.041666746139526 5800
1758569614307 -10.041666746139526 5900
1758569616144 -10.041666746139526 6000
1758569617969 -10.041666746139526 6100
