1770670200964 0.0 5120
1770670212183 0.0 10240
1770670224750 0.0 15360
1770670236323 0.0 20480
1770670247051 0.0 25600
1770670258026 0.0 30720
1770670268922 0.0 35840
1770670281119 0.0 40960
1770670290260 0.0 46080
1770670300314 0.0 51200
1770670310316 0.0 56320
1770670320556 0.0 61440
1770670330318 0.0 66560
1770670340203 0.0 71680
1770670349989 0.0 76800
1770670360312 0.0 81920
1770670370730 0.0 87040
1770670380594 0.0 92160
1770670390156 0.0 97280
1770670401406 0.0 102400
1770670412235 0.0 107520
1770670422200 0.0 112640
1770670432738 0.0 117760
1770670444442 0.0 122880
1770670454477 0.0 128000
1770670464542 0.0 133120
1770670474756 0.0 138240
1770670486268 0.0 143360
1770670496509 0.0 148480
1770670506300 0.0 153600
1770670516197 0.0 158720
1770670527783 0.0 163840
1770670537666 0.0 168960
1770670548014 0.0 174080
1770670558389 0.0 179200
1770670570195 0.0 184320
1770670580852 0.0 189440
1770670590785 0.0 194560
1770670601472 0.0 199680
1770670613536 0.0 204800
1770670627488 0.0 209920
1770670640641 0.0 215040
1770670655986 0.0 220160
1770670670976 0.0 225280
1770670684861 0.0 230400
1770670697528 0.0 235520
1770670710771 0.0 240640
1770670724268 0.0 245760
1770670739566 0.0 250880
1770670749878 0.0 256000
1770670760199 0.0 261120
1770670770028 0.0 266240
1770670782798 0.0 271360
1770670792214 0.0 276480
1770670801762 0.0 281600
1770670810904 0.0 286720
1770670821183 0.0 291840
1770670830413 0.0 296960
1770670839196 0.0 302080
1770670847963 0.0 307200
1770670857602 0.0 312320
1770670866390 0.0 317440
1770670875275 0.0 322560
1770670884059 0.0 327680
1770670892888 0.0 332800
1770670901622 0.0 337920
1770670910835 0.0 343040
1770670919410 0.0 348160
1770670928692 0.0 353280
1770670937940 0.0 358400
1770670947530 0.0 363520
1770670956404 0.0 368640
1770670965871 0.0 373760
1770670975305 0.0 378880
1770670984845 0.0 384000
1770670993488 0.0 389120
1770671002892 0.0 394240
1770671011795 0.0 399360
1770671022145 0.0 404480
1770671031703 0.0 409600
1770671040279 0.0 414720
1770671049078 0.0 419840
1770671058199 0.0 424960
1770671067305 0.0 430080
1770671076358 0.0 435200
1770671085630 0.0 440320
1770671095844 0.0 445440
1770671104648 0.0 450560
1770671114109 0.0 455680
1770671123181 0.0 460800
1770671132649 0.0 465920
1770671141564 0.0 471040
1770671150412 0.0 476160
1770671159749 0.0 481280
1770671171258 0.0 486400
1770671181617 0.0 491520
1770671193595 0.0 496640
1770671204269 0.0 501760
1770671215702 0.0 506880
1770671225954 0.0 512000
1770671235909 0.0 517120
1770671246889 0.0 522240
1770671257584 0.0 527360
1770671268477 0.0 532480
1770671278816 0.0 537600
1770671289641 0.0 542720
1770671301192 0.0 547840
1770671311252 0.0 552960
1770671321096 0.0 558080
1770671331204 0.0 563200
1770671342464 0.0 568320
1770671352111 0.0 573440
1770671362476 0.0 578560
1770671372360 0.0 583680
1770671383699 0.0 588800
1770671393811 0.0 593920
1770671404745 0.0 599040
1770671414763 0.0 604160
1770671426400 0.0 609280
1770671437265 0.0 614400
1770671447693 0.0 619520
1770671459256 0.0 624640
1770671470576 0.0 629760
1770671481294 0.0 634880
1770671490183 0.0 640000
1770671499105 0.0 645120
1770671508078 0.0 650240
1770671516936 0.0 655360
1770671526739 0.0 660480
1770671536123 0.0 665600
1770671544652 0.0 670720
1770671555069 0.0 675840
1770671565618 0.0 680960
1770671577539 0.0 686080
1770671590816 0.0 691200
1770671601477 0.0 696320
1770671611488 0.0 701440
1770671621568 0.0 706560
1770671631316 0.0 711680
1770671641079 0.0 716800
1770671650919 0.0 721920
1770671662351 0.0 727040
1770671671584 0.0 732160
1770671681958 0.0 737280
1770671692853 0.0 742400
