1770670200964 18.874500274658203 5120
1770670212183 19.69639015197754 10240
1770670224750 20.180349349975586 15360
1770670236323 20.514392852783203 20480
1770670247051 20.68663787841797 25600
1770670258026 21.10520362854004 30720
1770670268922 21.14258575439453 35840
1770670281119 21.242460250854492 40960
1770670290260 21.34466552734375 46080
1770670300314 21.469106674194336 51200
1770670310316 21.541418075561523 56320
1770670320556 21.5961971282959 61440
1770670330318 21.595808029174805 66560
1770670340203 21.645751953125 71680
1770670349989 21.67204475402832 76800
1770670360312 21.719608306884766 81920
1770670370730 21.738245010375977 87040
1770670380594 21.799510955810547 92160
1770670390156 21.7932186126709 97280
1770670401406 21.82215690612793 102400
1770670412235 21.81376838684082 107520
1770670422200 21.8187198638916 112640
1770670432738 21.857568740844727 117760
1770670444442 21.825023651123047 122880
1770670454477 21.84157943725586 128000
1770670464542 21.844181060791016 133120
1770670474756 21.86177635192871 138240
1770670486268 21.878692626953125 143360
1770670496509 21.90298843383789 148480
1770670506300 21.91892433166504 153600
1770670516197 21.907958984375 158720
1770670527783 21.911638259887695 163840
1770670537666 21.913673400878906 168960
1770670548014 21.926225662231445 174080
1770670558389 21.951622009277344 179200
1770670570195 21.97361183166504 184320
1770670580852 21.975116729736328 189440
1770670590785 21.955345153808594 194560
1770670601472 21.960350036621094 199680
1770670613536 21.961318969726562 204800
1770670627488 21.97188377380371 209920
1770670640641 21.956350326538086 215040
1770670655986 21.966402053833008 220160
1770670670976 21.981203079223633 225280
1770670684861 21.998586654663086 230400
1770670697528 22.012479782104492 235520
1770670710771 22.023929595947266 240640
1770670724268 22.03678321838379 245760
1770670739566 22.050052642822266 250880
1770670749878 22.048994064331055 256000
1770670760199 22.036334991455078 261120
1770670770028 22.026138305664062 266240
1770670782798 22.01346206665039 271360
1770670792214 22.008432388305664 276480
1770670801762 22.003524780273438 281600
1770670810904 22.01229476928711 286720
1770670821183 22.016109466552734 291840
1770670830413 22.015274047851562 296960
1770670839196 22.000398635864258 302080
1770670847963 21.999025344848633 307200
1770670857602 21.999237060546875 312320
1770670866390 21.97348976135254 317440
1770670875275 21.981210708618164 322560
1770670884059 21.971555709838867 327680
1770670892888 21.9814395904541 332800
1770670901622 21.98104476928711 337920
1770670910835 21.975187301635742 343040
1770670919410 22.003238677978516 348160
1770670928692 22.001747131347656 353280
1770670937940 21.998422622680664 358400
1770670947530 21.99785041809082 363520
1770670956404 22.001562118530273 368640
1770670965871 22.01390266418457 373760
1770670975305 22.020854949951172 378880
1770670984845 22.029619216918945 384000
1770670993488 22.017961502075195 389120
1770671002892 22.00894546508789 394240
1770671011795 22.010923385620117 399360
1770671022145 22.028881072998047 404480
1770671031703 22.04405403137207 409600
1770671040279 22.04383659362793 414720
1770671049078 22.06022834777832 419840
1770671058199 22.050878524780273 424960
1770671067305 22.056011199951172 430080
1770671076358 22.066530227661133 435200
1770671085630 22.054569244384766 440320
1770671095844 22.057703018188477 445440
1770671104648 22.0671443939209 450560
1770671114109 22.074073791503906 455680
1770671123181 22.065279006958008 460800
1770671132649 22.072982788085938 465920
1770671141564 22.067476272583008 471040
1770671150412 22.070114135742188 476160
1770671159749 22.07408332824707 481280
1770671171258 22.078031539916992 486400
1770671181617 22.085603713989258 491520
1770671193595 22.091230392456055 496640
1770671204269 22.10089874267578 501760
1770671215702 22.094213485717773 506880
1770671225954 22.100536346435547 512000
1770671235909 22.10858917236328 517120
1770671246889 22.103193283081055 522240
1770671257584 22.099000930786133 527360
1770671268477 22.12101936340332 532480
1770671278816 22.128074645996094 537600
1770671289641 22.14728546142578 542720
1770671301192 22.174686431884766 547840
1770671311252 22.19672393798828 552960
1770671321096 22.20637321472168 558080
1770671331204 22.215383529663086 563200
1770671342464 22.22627067565918 568320
1770671352111 22.225032806396484 573440
1770671362476 22.24746322631836 578560
1770671372360 22.263729095458984 583680
1770671383699 22.280351638793945 588800
1770671393811 22.28671646118164 593920
1770671404745 22.291606903076172 599040
1770671414763 22.301349639892578 604160
1770671426400 22.31273651123047 609280
1770671437265 22.30365753173828 614400
1770671447693 22.31734848022461 619520
1770671459256 22.32488441467285 624640
1770671470576 22.340635299682617 629760
1770671481294 22.338623046875 634880
1770671490183 22.343088150024414 640000
1770671499105 22.345239639282227 645120
1770671508078 22.358247756958008 650240
1770671516936 22.37217903137207 655360
1770671526739 22.381603240966797 660480
1770671536123 22.387699127197266 665600
1770671544652 22.39482307434082 670720
1770671555069 22.414644241333008 675840
1770671565618 22.425874710083008 680960
1770671577539 22.440921783447266 686080
1770671590816 22.446590423583984 691200
1770671601477 22.45195770263672 696320
1770671611488 22.452342987060547 701440
1770671621568 22.45465660095215 706560
1770671631316 22.47075653076172 711680
1770671641079 22.484037399291992 716800
1770671650919 22.48686981201172 721920
1770671662351 22.494592666625977 727040
1770671671584 22.501739501953125 732160
1770671681958 22.507719039916992 737280
1770671692853 22.512720108032227 742400
