1770670200964 0.06993968784809113 5120
1770670212183 0.0685555562376976 10240
1770670224750 0.07010695338249207 15360
1770670236323 0.06970807909965515 20480
1770670247051 0.069332554936409 25600
1770670258026 0.06959336996078491 30720
1770670268922 0.06976091116666794 35840
1770670281119 0.06966069340705872 40960
1770670290260 0.06945689022541046 46080
1770670300314 0.07006761431694031 51200
1770670310316 0.0706835389137268 56320
1770670320556 0.07098217308521271 61440
1770670330318 0.07114763557910919 66560
1770670340203 0.07163404673337936 71680
1770670349989 0.07155751436948776 76800
1770670360312 0.07179124653339386 81920
1770670370730 0.07163552194833755 87040
1770670380594 0.07183939963579178 92160
1770670390156 0.07190421223640442 97280
1770670401406 0.07196715474128723 102400
1770670412235 0.071877621114254 107520
1770670422200 0.07207687944173813 112640
1770670432738 0.07195339351892471 117760
1770670444442 0.07207021862268448 122880
1770670454477 0.0719815045595169 128000
1770670464542 0.07207832485437393 133120
1770670474756 0.07199302315711975 138240
1770670486268 0.07176081091165543 143360
1770670496509 0.07165219634771347 148480
1770670506300 0.07168915122747421 153600
1770670516197 0.07134727388620377 158720
1770670527783 0.07148636877536774 163840
1770670537666 0.07134749740362167 168960
1770670548014 0.07127361744642258 174080
1770670558389 0.07122333347797394 179200
1770670570195 0.0714409351348877 184320
1770670580852 0.07141248881816864 189440
1770670590785 0.07120274007320404 194560
1770670601472 0.07133667916059494 199680
1770670613536 0.07117246836423874 204800
1770670627488 0.07126933336257935 209920
1770670640641 0.07108739763498306 215040
1770670655986 0.07115601003170013 220160
1770670670976 0.07111888378858566 225280
1770670684861 0.07129351049661636 230400
1770670697528 0.0714443027973175 235520
1770670710771 0.0713435560464859 240640
1770670724268 0.0714060515165329 245760
1770670739566 0.07165642827749252 250880
1770670749878 0.07175900042057037 256000
1770670760199 0.07169195264577866 261120
1770670770028 0.07182229310274124 266240
1770670782798 0.07193759083747864 271360
1770670792214 0.0719037726521492 276480
1770670801762 0.07190753519535065 281600
1770670810904 0.07176782190799713 286720
1770670821183 0.07188335061073303 291840
1770670830413 0.07189391553401947 296960
1770670839196 0.071931391954422 302080
1770670847963 0.0718684270977974 307200
1770670857602 0.07183913141489029 312320
1770670866390 0.07171734422445297 317440
1770670875275 0.07162607461214066 322560
1770670884059 0.07166819274425507 327680
1770670892888 0.07168399542570114 332800
1770670901622 0.07183215767145157 337920
1770670910835 0.07172743231058121 343040
1770670919410 0.07175939530134201 348160
1770670928692 0.07172353565692902 353280
1770670937940 0.07184413075447083 358400
1770670947530 0.07185077667236328 363520
1770670956404 0.07179025560617447 368640
1770670965871 0.07167965918779373 373760
1770670975305 0.0716002881526947 378880
1770670984845 0.07162513583898544 384000
1770670993488 0.07160317152738571 389120
1770671002892 0.07167869806289673 394240
1770671011795 0.07173450291156769 399360
1770671022145 0.07175201922655106 404480
1770671031703 0.07177700102329254 409600
1770671040279 0.07180371135473251 414720
1770671049078 0.07188687473535538 419840
1770671058199 0.07179398834705353 424960
1770671067305 0.07178566604852676 430080
1770671076358 0.07166162878274918 435200
1770671085630 0.07167563587427139 440320
1770671095844 0.07176700979471207 445440
1770671104648 0.07174959033727646 450560
1770671114109 0.07182607054710388 455680
1770671123181 0.07182034105062485 460800
1770671132649 0.07173747569322586 465920
1770671141564 0.07169664651155472 471040
1770671150412 0.07172656059265137 476160
1770671159749 0.07176701724529266 481280
1770671171258 0.07183180749416351 486400
1770671181617 0.0718187615275383 491520
1770671193595 0.07185931503772736 496640
1770671204269 0.07192938774824142 501760
1770671215702 0.07195720076560974 506880
1770671225954 0.07197397947311401 512000
1770671235909 0.07196977734565735 517120
1770671246889 0.07152150571346283 522240
1770671257584 0.0705973207950592 527360
1770671268477 0.0696784108877182 532480
1770671278816 0.06882620602846146 537600
1770671289641 0.06802316755056381 542720
1770671301192 0.0671297013759613 547840
1770671311252 0.06627466529607773 552960
1770671321096 0.06546256691217422 558080
1770671331204 0.06468083709478378 563200
1770671342464 0.06390343606472015 568320
1770671352111 0.06314535439014435 573440
1770671362476 0.06240766495466232 578560
1770671372360 0.06169487163424492 583680
1770671383699 0.06093711033463478 588800
1770671393811 0.06021451950073242 593920
1770671404745 0.05947740003466606 599040
1770671414763 0.0587635338306427 604160
1770671426400 0.05810832977294922 609280
1770671437265 0.05743740126490593 614400
1770671447693 0.056776877492666245 619520
1770671459256 0.05616278201341629 624640
1770671470576 0.055550381541252136 629760
1770671481294 0.05494822934269905 634880
1770671490183 0.05435261130332947 640000
1770671499105 0.05372527986764908 645120
1770671508078 0.05315031856298447 650240
1770671516936 0.05257181450724602 655360
1770671526739 0.0519835464656353 660480
1770671536123 0.05139046162366867 665600
1770671544652 0.050818827003240585 670720
1770671555069 0.05029234662652016 675840
1770671565618 0.04972650110721588 680960
1770671577539 0.049218982458114624 686080
1770671590816 0.048677220940589905 691200
1770671601477 0.04811778664588928 696320
1770671611488 0.047606248408555984 701440
1770671621568 0.04709579423069954 706560
1770671631316 0.04660583287477493 711680
1770671641079 0.04612379148602486 716800
1770671650919 0.0456802174448967 721920
1770671662351 0.04519053176045418 727040
1770671671584 0.044700317084789276 732160
1770671681958 0.0442250519990921 737280
1770671692853 0.04375416785478592 742400
