1770670200964 24.459077835083008 5120
1770670212183 25.132408142089844 10240
1770670224750 25.647188186645508 15360
1770670236323 25.915111541748047 20480
1770670247051 26.02739715576172 25600
1770670258026 26.48971176147461 30720
1770670268922 26.508058547973633 35840
1770670281119 26.598037719726562 40960
1770670290260 26.68414306640625 46080
1770670300314 26.831233978271484 51200
1770670310316 26.94021224975586 56320
1770670320556 27.00160789489746 61440
1770670330318 26.99374008178711 66560
1770670340203 27.051843643188477 71680
1770670349989 27.061534881591797 76800
1770670360312 27.129911422729492 81920
1770670370730 27.147499084472656 87040
1770670380594 27.22357749938965 92160
1770670390156 27.220212936401367 97280
1770670401406 27.255460739135742 102400
1770670412235 27.24138641357422 107520
1770670422200 27.25453758239746 112640
1770670432738 27.285486221313477 117760
1770670444442 27.25074577331543 122880
1770670454477 27.27288818359375 128000
1770670464542 27.281448364257812 133120
1770670474756 27.30169677734375 138240
1770670486268 27.305505752563477 143360
1770670496509 27.322908401489258 148480
1770670506300 27.343778610229492 153600
1770670516197 27.320125579833984 158720
1770670527783 27.325468063354492 163840
1770670537666 27.318824768066406 168960
1770670548014 27.325162887573242 174080
1770670558389 27.352758407592773 179200
1770670570195 27.386940002441406 184320
1770670580852 27.385313034057617 189440
1770670590785 27.359298706054688 194560
1770670601472 27.368223190307617 199680
1770670613536 27.360673904418945 204800
1770670627488 27.378171920776367 209920
1770670640641 27.353145599365234 215040
1770670655986 27.36431884765625 220160
1770670670976 27.381237030029297 225280
1770670684861 27.401920318603516 230400
1770670697528 27.42369842529297 235520
1770670710771 27.43288803100586 240640
1770670724268 27.451675415039062 245760
1770670739566 27.472728729248047 250880
1770670749878 27.475481033325195 256000
1770670760199 27.45923614501953 261120
1770670770028 27.455894470214844 266240
1770670782798 27.449264526367188 271360
1770670792214 27.442020416259766 276480
1770670801762 27.43783187866211 281600
1770670810904 27.442827224731445 286720
1770670821183 27.449424743652344 291840
1770670830413 27.451473236083984 296960
1770670839196 27.436073303222656 302080
1770670847963 27.428159713745117 307200
1770670857602 27.430877685546875 312320
1770670866390 27.396198272705078 317440
1770670875275 27.402416229248047 322560
1770670884059 27.39316749572754 327680
1770670892888 27.403575897216797 332800
1770670901622 27.408382415771484 337920
1770670910835 27.39742088317871 343040
1770670919410 27.4276123046875 348160
1770670928692 27.424654006958008 353280
1770670937940 27.424156188964844 358400
1770670947530 27.423194885253906 363520
1770670956404 27.424875259399414 368640
1770670965871 27.436349868774414 373760
1770670975305 27.440757751464844 378880
1770670984845 27.451852798461914 384000
1770670993488 27.43637466430664 389120
1770671002892 27.42738151550293 394240
1770671011795 27.430519104003906 399360
1770671022145 27.449735641479492 404480
1770671031703 27.465322494506836 409600
1770671040279 27.465686798095703 414720
1770671049078 27.485855102539062 419840
1770671058199 27.472230911254883 424960
1770671067305 27.48000717163086 430080
1770671076358 27.48699378967285 435200
1770671085630 27.474891662597656 440320
1770671095844 27.482595443725586 445440
1770671104648 27.49248695373535 450560
1770671114109 27.503005981445312 455680
1770671123181 27.49364471435547 460800
1770671132649 27.49799156188965 465920
1770671141564 27.490144729614258 471040
1770671150412 27.494102478027344 476160
1770671159749 27.500041961669922 481280
1770671171258 27.505727767944336 486400
1770671181617 27.515178680419922 491520
1770671193595 27.523414611816406 496640
1770671204269 27.537616729736328 501760
1770671215702 27.53228187561035 506880
1770671225954 27.540130615234375 512000
1770671235909 27.546579360961914 517120
1770671246889 27.522541046142578 522240
1770671257584 27.481517791748047 527360
1770671268477 27.46877670288086 532480
1770671278816 27.443220138549805 537600
1770671289641 27.4327449798584 542720
1770671301192 27.42610740661621 547840
1770671311252 27.415529251098633 552960
1770671321096 27.39464569091797 558080
1770671331204 27.373912811279297 563200
1770671342464 27.35556983947754 568320
1770671352111 27.323490142822266 573440
1770671362476 27.31869888305664 578560
1770671372360 27.309375762939453 583680
1770671383699 27.29761505126953 588800
1770671393811 27.276134490966797 593920
1770671404745 27.252521514892578 599040
1770671414763 27.234224319458008 604160
1770671426400 27.2204532623291 609280
1770671437265 27.18375015258789 614400
1770671447693 27.172597885131836 619520
1770671459256 27.156349182128906 624640
1770671470576 27.15012550354004 629760
1770671481294 27.12381935119629 634880
1770671490183 27.105182647705078 640000
1770671499105 27.082197189331055 645120
1770671508078 27.073753356933594 650240
1770671516936 27.065719604492188 655360
1770671526739 27.051986694335938 660480
1770671536123 27.03525161743164 665600
1770671544652 27.020097732543945 670720
1770671555069 27.021484375 675840
1770671565618 27.011009216308594 680960
1770671577539 27.006820678710938 686080
1770671590816 26.991167068481445 691200
1770671601477 26.974029541015625 696320
1770671611488 26.954071044921875 701440
1770671621568 26.936681747436523 706560
1770671631316 26.934627532958984 711680
1770671641079 26.930248260498047 716800
1770671650919 26.916582107543945 721920
1770671662351 26.90606117248535 727040
1770671671584 26.894346237182617 732160
1770671681958 26.881990432739258 737280
1770671692853 26.868450164794922 742400
