1770670200954 -2.9099533557891846 5120
1770670212175 -3.4326164722442627 10240
1770670224743 -3.8408141136169434 15360
1770670236314 -5.402165412902832 20480
1770670247043 -6.164730548858643 25600
1770670258016 -6.650630950927734 30720
1770670268913 -6.860555171966553 35840
1770670281111 -6.785526275634766 40960
1770670290252 -6.644160270690918 46080
1770670300308 -6.511349678039551 51200
1770670310310 -6.211709022521973 56320
1770670320547 -5.988147258758545 61440
1770670330311 -5.579023838043213 66560
1770670340194 -5.037196636199951 71680
1770670349983 -4.430511951446533 76800
1770670360303 -4.114138126373291 81920
1770670370720 -3.9175353050231934 87040
1770670380586 -3.6895854473114014 92160
1770670390147 -3.000377655029297 97280
1770670401398 -2.8547606468200684 102400
1770670412227 -2.625688314437866 107520
1770670422191 -2.2699990272521973 112640
1770670432730 -2.181015729904175 117760
1770670444433 -1.962672472000122 122880
1770670454469 -1.1359703540802002 128000
1770670464535 -1.0071219205856323 133120
1770670474748 -0.7818616032600403 138240
1770670486259 -0.3105987012386322 143360
1770670496500 -0.1731368750333786 148480
1770670506291 -0.1686696708202362 153600
1770670516188 -0.09722892940044403 158720
1770670527772 -0.0429217591881752 163840
1770670537658 0.10349233448505402 168960
1770670548006 0.4910964071750641 174080
1770670558380 0.5723834037780762 179200
1770670570187 0.6436635255813599 184320
1770670580841 0.8361833691596985 189440
1770670590775 1.0229092836380005 194560
1770670601460 1.0749950408935547 199680
1770670613520 1.1475017070770264 204800
1770670627473 1.1559898853302002 209920
1770670640626 1.1914722919464111 215040
1770670655972 1.2671260833740234 220160
1770670670959 1.214081048965454 225280
1770670684847 1.222996473312378 230400
1770670697511 1.3476247787475586 235520
1770670710746 1.281905174255371 240640
1770670724252 1.3330122232437134 245760
1770670739554 1.3864296674728394 250880
1770670749870 1.4680747985839844 256000
1770670760187 1.5991322994232178 261120
1770670770017 1.5655657052993774 266240
1770670782785 1.5206153392791748 271360
1770670792203 1.5744688510894775 276480
1770670801748 1.5314195156097412 281600
1770670810895 1.5292309522628784 286720
1770670821170 1.4556130170822144 291840
1770670830402 1.4071897268295288 296960
1770670839187 1.444718360900879 302080
1770670847952 1.550138235092163 307200
1770670857592 1.58495032787323 312320
1770670866378 1.4963605403900146 317440
1770670875265 1.7798662185668945 322560
1770670884046 1.955871820449829 327680
1770670892880 2.0181360244750977 332800
1770670901613 1.983363389968872 337920
1770670910825 1.928320288658142 343040
1770670919401 2.087728500366211 348160
1770670928682 2.1607837677001953 353280
1770670937925 2.2305901050567627 358400
1770670947521 2.408095598220825 363520
1770670956394 2.355318546295166 368640
1770670965861 2.351008653640747 373760
1770670975295 2.3280692100524902 378880
1770670984834 2.3292086124420166 384000
1770670993479 2.3328423500061035 389120
1770671002878 2.294248104095459 394240
1770671011782 2.2203190326690674 399360
1770671022132 2.1845250129699707 404480
1770671031693 2.178687334060669 409600
1770671040270 2.142857074737549 414720
1770671049066 2.1503584384918213 419840
1770671058187 2.215024471282959 424960
1770671067294 2.1805081367492676 430080
1770671076346 2.1644062995910645 435200
1770671085619 2.2611663341522217 440320
1770671095834 2.2405331134796143 445440
1770671104638 2.2314488887786865 450560
1770671114092 2.4356696605682373 455680
1770671123166 2.6537926197052 460800
1770671132638 2.718122720718384 465920
1770671141551 2.7394051551818848 471040
1770671150398 2.7189455032348633 476160
1770671159732 2.6295247077941895 481280
1770671171242 2.597374200820923 486400
1770671181597 2.622779607772827 491520
1770671193581 2.6163227558135986 496640
1770671204258 2.5470521450042725 501760
1770671215691 2.4024033546447754 506880
1770671225938 2.5396604537963867 512000
1770671235894 2.5033974647521973 517120
1770671246875 2.624748468399048 522240
1770671257572 2.4082043170928955 527360
1770671268463 2.0233778953552246 532480
1770671278803 1.8908774852752686 537600
1770671289627 1.803565263748169 542720
1770671301177 1.9024441242218018 547840
1770671311239 1.8666776418685913 552960
1770671321082 1.869614839553833 558080
1770671331191 1.7659132480621338 563200
1770671342451 1.6259422302246094 568320
1770671352099 1.4039939641952515 573440
1770671362456 1.2530428171157837 578560
1770671372337 1.08864426612854 583680
1770671383686 1.3098669052124023 588800
1770671393783 1.3862584829330444 593920
1770671404726 1.347049355506897 599040
1770671414744 1.241645336151123 604160
1770671426383 1.1519289016723633 609280
1770671437246 0.998810887336731 614400
1770671447672 1.0276305675506592 619520
1770671459237 1.0201542377471924 624640
1770671470560 0.737209677696228 629760
1770671481281 2.047652244567871 634880
1770671490171 2.0777721405029297 640000
1770671499092 1.8339474201202393 645120
1770671508062 2.475879430770874 650240
1770671516924 1.9130229949951172 655360
1770671526726 1.461191177368164 660480
1770671536111 1.4316661357879639 665600
1770671544638 1.4141952991485596 670720
1770671555048 1.3857141733169556 675840
1770671565598 1.3535687923431396 680960
1770671577516 1.327820062637329 686080
1770671590797 1.2964638471603394 691200
1770671601461 1.2660200595855713 696320
1770671611473 1.2438000440597534 701440
1770671621553 1.2176144123077393 706560
1770671631293 1.1976444721221924 711680
1770671641066 1.1854159832000732 716800
1770671650905 1.1595966815948486 721920
1770671662339 1.1286718845367432 727040
1770671671571 1.1079976558685303 732160
1770671681941 1.087465524673462 737280
1770671692826 1.0709006786346436 742400
