1770670200964 1.013559103012085 5120
1770670212183 1.0447877645492554 10240
1770670224750 1.0623093843460083 15360
1770670236323 1.0595782995224 20480
1770670247051 1.0573928356170654 25600
1770670258026 1.0652351379394531 30720
1770670268922 1.061923861503601 35840
1770670281119 1.0624761581420898 40960
1770670290260 1.0650745630264282 46080
1770670300314 1.0725716352462769 51200
1770670310316 1.0834760665893555 56320
1770670320556 1.087936520576477 61440
1770670330318 1.0889328718185425 66560
1770670340203 1.0936955213546753 71680
1770670349989 1.0935355424880981 76800
1770670360312 1.0969284772872925 81920
1770670370730 1.0964374542236328 87040
1770670380594 1.0998786687850952 92160
1770670390156 1.1015316247940063 97280
1770670401406 1.1012402772903442 102400
1770670412235 1.1007431745529175 107520
1770670422200 1.1028788089752197 112640
1770670432738 1.1023920774459839 117760
1770670444442 1.1011756658554077 122880
1770670454477 1.0991864204406738 128000
1770670464542 1.1002891063690186 133120
1770670474756 1.1007161140441895 138240
1770670486268 1.0988155603408813 143360
1770670496509 1.0974961519241333 148480
1770670506300 1.0984210968017578 153600
1770670516197 1.0945688486099243 158720
1770670527783 1.0965802669525146 163840
1770670537666 1.0957543849945068 168960
1770670548014 1.0960729122161865 174080
1770670558389 1.095772385597229 179200
1770670570195 1.098045825958252 184320
1770670580852 1.0971524715423584 189440
1770670590785 1.0946513414382935 194560
1770670601472 1.0958201885223389 199680
1770670613536 1.094220519065857 204800
1770670627488 1.095176339149475 209920
1770670640641 1.093282699584961 215040
1770670655986 1.0950673818588257 220160
1770670670976 1.0958149433135986 225280
1770670684861 1.0985822677612305 230400
1770670697528 1.0999220609664917 235520
1770670710771 1.0991334915161133 240640
1770670724268 1.1001050472259521 245760
1770670739566 1.1022647619247437 250880
1770670749878 1.1033984422683716 256000
1770670760199 1.1024909019470215 261120
1770670770028 1.1032986640930176 266240
1770670782798 1.1041088104248047 271360
1770670792214 1.1035891771316528 276480
1770670801762 1.1028351783752441 281600
1770670810904 1.102196455001831 286720
1770670821183 1.1035470962524414 291840
1770670830413 1.1034843921661377 296960
1770670839196 1.103855848312378 302080
1770670847963 1.1030207872390747 307200
1770670857602 1.102858304977417 312320
1770670866390 1.101215124130249 317440
1770670875275 1.100825548171997 322560
1770670884059 1.1011947393417358 327680
1770670892888 1.1012232303619385 332800
1770670901622 1.1025196313858032 337920
1770670910835 1.1013729572296143 343040
1770670919410 1.102426528930664 348160
1770670928692 1.1020584106445312 353280
1770670937940 1.1034278869628906 358400
1770670947530 1.1031252145767212 363520
1770670956404 1.1031897068023682 368640
1770670965871 1.102590799331665 373760
1770670975305 1.101745843887329 378880
1770670984845 1.1023274660110474 384000
1770670993488 1.1015090942382812 389120
1770671002892 1.1016108989715576 394240
1770671011795 1.101691722869873 399360
1770671022145 1.1021941900253296 404480
1770671031703 1.1029082536697388 409600
1770671040279 1.102947473526001 414720
1770671049078 1.1042873859405518 419840
1770671058199 1.103277564048767 424960
1770671067305 1.103754997253418 430080
1770671076358 1.102976679801941 435200
1770671085630 1.102954387664795 440320
1770671095844 1.1037956476211548 445440
1770671104648 1.103594183921814 450560
1770671114109 1.104127287864685 455680
1770671123181 1.1042155027389526 460800
1770671132649 1.1034983396530151 465920
1770671141564 1.1029407978057861 471040
1770671150412 1.1036499738693237 476160
1770671159749 1.1038786172866821 481280
1770671171258 1.1043121814727783 486400
1770671181617 1.1046314239501953 491520
1770671193595 1.104936957359314 496640
1770671204269 1.1058106422424316 501760
1770671215702 1.105947732925415 506880
1770671225954 1.1061278581619263 512000
1770671235909 1.1065205335617065 517120
1770671246889 1.1028215885162354 522240
1770671257584 1.0949939489364624 527360
1770671268477 1.087854266166687 532480
1770671278816 1.080872893333435 537600
1770671289641 1.0746415853500366 542720
1770671301192 1.067448616027832 547840
1770671311252 1.0604850053787231 552960
1770671321096 1.0537713766098022 558080
1770671331204 1.047245740890503 563200
1770671342464 1.0408215522766113 568320
1770671352111 1.0345183610916138 573440
1770671362476 1.028827428817749 578560
1770671372360 1.023110032081604 583680
1770671383699 1.0169137716293335 588800
1770671393811 1.0111006498336792 593920
1770671404745 1.0048341751098633 599040
1770671414763 0.9991692900657654 604160
1770671426400 0.993820309638977 609280
1770671437265 0.9879059791564941 614400
1770671447693 0.9824414253234863 619520
1770671459256 0.9777546525001526 624640
1770671470576 0.9730122685432434 629760
1770671481294 0.9678521752357483 634880
1770671490183 0.9630416035652161 640000
1770671499105 0.9577937722206116 645120
1770671508078 0.9533258080482483 650240
1770671516936 0.9486446976661682 655360
1770671526739 0.943763017654419 660480
1770671536123 0.9388830661773682 665600
1770671544652 0.9343085289001465 670720
1770671555069 0.9301519989967346 675840
1770671565618 0.9256685376167297 680960
1770671577539 0.9218233823776245 686080
1770671590816 0.9175567030906677 691200
1770671601477 0.91293865442276 696320
1770671611488 0.9086077213287354 701440
1770671621568 0.9043327569961548 706560
1770671631316 0.9006274342536926 711680
1770671641079 0.8968427777290344 716800
1770671650919 0.8933369517326355 721920
1770671662351 0.889305591583252 727040
1770671671584 0.8852943778038025 732160
1770671681958 0.8814373016357422 737280
1770671692853 0.8775526881217957 742400
