1770670200964 0.2724364995956421 5120
1770670212183 0.25991806387901306 10240
1770670224750 0.26169058680534363 15360
1770670236323 0.25930753350257874 20480
1770670247051 0.25782930850982666 25600
1770670258026 0.25885966420173645 30720
1770670268922 0.258910208940506 35840
1770670281119 0.25784197449684143 40960
1770670290260 0.25738954544067383 46080
1770670300314 0.25911805033683777 51200
1770670310316 0.26049166917800903 56320
1770670320556 0.2608664035797119 61440
1770670330318 0.26106321811676025 66560
1770670340203 0.2618543207645416 71680
1770670349989 0.2618100643157959 76800
1770670360312 0.26245811581611633 81920
1770670370730 0.2623521685600281 87040
1770670380594 0.2630853056907654 92160
1770670390156 0.2632862627506256 97280
1770670401406 0.2635916471481323 102400
1770670412235 0.2633510231971741 107520
1770670422200 0.2636525332927704 112640
1770670432738 0.26337897777557373 117760
1770670444442 0.26348409056663513 122880
1770670454477 0.2633560597896576 128000
1770670464542 0.26352936029434204 133120
1770670474756 0.2633742690086365 138240
1770670486268 0.26288264989852905 143360
1770670496509 0.26269662380218506 148480
1770670506300 0.26282599568367004 153600
1770670516197 0.26210492849349976 158720
1770670527783 0.26232728362083435 163840
1770670537666 0.2619798481464386 168960
1770670548014 0.26184701919555664 174080
1770670558389 0.2616666555404663 179200
1770670570195 0.26226723194122314 184320
1770670580852 0.26211440563201904 189440
1770670590785 0.26166293025016785 194560
1770670601472 0.2618904709815979 199680
1770670613536 0.26149043440818787 204800
1770670627488 0.26168742775917053 209920
1770670640641 0.2612447142601013 215040
1770670655986 0.2614046037197113 220160
1770670670976 0.2614500820636749 225280
1770670684861 0.26185381412506104 230400
1770670697528 0.2622922956943512 235520
1770670710771 0.2620650827884674 240640
1770670724268 0.2621895968914032 245760
1770670739566 0.26268982887268066 250880
1770670749878 0.26299402117729187 256000
1770670760199 0.26286581158638 261120
1770670770028 0.26313477754592896 266240
1770670782798 0.26337605714797974 271360
1770670792214 0.2633073925971985 276480
1770670801762 0.2633413076400757 281600
1770670810904 0.2630617320537567 286720
1770670821183 0.2633022665977478 291840
1770670830413 0.2633626163005829 296960
1770670839196 0.2633536756038666 302080
1770670847963 0.2632178068161011 307200
1770670857602 0.2632226049900055 312320
1770670866390 0.2628043591976166 317440
1770670875275 0.26263073086738586 322560
1770670884059 0.26265019178390503 327680
1770670892888 0.2627047896385193 332800
1770670901622 0.26300927996635437 337920
1770670910835 0.2627047896385193 343040
1770670919410 0.2629244923591614 348160
1770670928692 0.2628089189529419 353280
1770670937940 0.2630365490913391 358400
1770670947530 0.26306846737861633 363520
1770670956404 0.2629026770591736 368640
1770670965871 0.2627529203891754 373760
1770670975305 0.26257139444351196 378880
1770670984845 0.26265981793403625 384000
1770670993488 0.2624973952770233 389120
1770671002892 0.26264482736587524 394240
1770671011795 0.2627825438976288 399360
1770671022145 0.2628551125526428 404480
1770671031703 0.2629762291908264 409600
1770671040279 0.26299554109573364 414720
1770671049078 0.26324179768562317 419840
1770671058199 0.2629934549331665 424960
1770671067305 0.2630099654197693 430080
1770671076358 0.262795090675354 435200
1770671085630 0.2627788186073303 440320
1770671095844 0.2629571259021759 445440
1770671104648 0.2629464566707611 450560
1770671114109 0.2631438374519348 455680
1770671123181 0.26309505105018616 460800
1770671132649 0.2629355192184448 465920
1770671141564 0.2628106474876404 471040
1770671150412 0.26287391781806946 476160
1770671159749 0.2629707157611847 481280
1770671171258 0.2631067931652069 486400
1770671181617 0.26313722133636475 491520
1770671193595 0.2632662355899811 496640
1770671204269 0.26344725489616394 501760
1770671215702 0.2634694576263428 506880
1770671225954 0.26357847452163696 512000
1770671235909 0.26361528038978577 517120
1770671246889 0.2627691626548767 522240
1770671257584 0.26103678345680237 527360
1770671268477 0.2593703269958496 532480
1770671278816 0.25782477855682373 537600
1770671289641 0.256422221660614 542720
1770671301192 0.2548358142375946 547840
1770671311252 0.25329354405403137 552960
1770671321096 0.2518388628959656 558080
1770671331204 0.2504069209098816 563200
1770671342464 0.2490103840827942 568320
1770671352111 0.2475806027650833 573440
1770671362476 0.2462696135044098 578560
1770671372360 0.24503380060195923 583680
1770671383699 0.2436683475971222 588800
1770671393811 0.24232357740402222 593920
1770671404745 0.2409725934267044 599040
1770671414763 0.23962607979774475 604160
1770671426400 0.23844221234321594 609280
1770671437265 0.23714809119701385 614400
1770671447693 0.23595547676086426 619520
1770671459256 0.23484008014202118 624640
1770671470576 0.23377127945423126 629760
1770671481294 0.23261107504367828 634880
1770671490183 0.23152992129325867 640000
1770671499105 0.2303425669670105 645120
1770671508078 0.22931213676929474 650240
1770671516936 0.22830119729042053 655360
1770671526739 0.22720418870449066 660480
1770671536123 0.2261153757572174 665600
1770671544652 0.22505217790603638 670720
1770671555069 0.2241891324520111 675840
1770671565618 0.22316280007362366 680960
1770671577539 0.22226618230342865 686080
1770671590816 0.22124835848808289 691200
1770671601477 0.22017168998718262 696320
1770671611488 0.219209223985672 701440
1770671621568 0.2182644009590149 706560
1770671631316 0.21741275489330292 711680
1770671641079 0.2165587693452835 716800
1770671650919 0.21577122807502747 721920
1770671662351 0.21490034461021423 727040
1770671671584 0.21399790048599243 732160
1770671681958 0.21312347054481506 737280
1770671692853 0.21223491430282593 742400
