1770915985400 19.995882034301758 5120
1770916009089 19.856094360351562 10240
1770916033314 20.09243392944336 15360
1770916057458 20.31035804748535 20480
1770916081528 20.05767250061035 25600
1770916105609 20.01784324645996 30720
1770916128119 20.043458938598633 35840
1770916150162 20.056930541992188 40960
1770916172392 20.1664981842041 46080
1770916194561 20.044340133666992 51200
1770916217819 20.063722610473633 56320
1770916242770 20.156246185302734 61440
1770916265373 20.08052635192871 66560
1770916287698 19.725147247314453 71680
1770916310139 19.36568260192871 76800
1770916332510 19.03984260559082 81920
1770916355069 18.854726791381836 87040
1770916377615 18.63772201538086 92160
1770916400866 18.39432716369629 97280
1770916423661 18.097410202026367 102400
1770916445825 17.799758911132812 107520
1770916467871 17.477174758911133 112640
1770916490014 17.158056259155273 117760
1770916512177 16.80778694152832 122880
1770916534209 16.45726776123047 128000
1770916556423 16.14984703063965 133120
1770916578566 15.836962699890137 138240
1770916602030 15.630488395690918 143360
1770916624702 15.41356372833252 148480
1770916647213 15.194222450256348 153600
1770916669861 15.006829261779785 158720
1770916692359 14.820996284484863 163840
1770916715005 14.682772636413574 168960
1770916737712 14.524374961853027 174080
1770916760887 14.417350769042969 179200
1770916783653 14.287510871887207 184320
1770916806545 14.176615715026855 189440
1770916828689 14.085075378417969 194560
1770916850768 13.988341331481934 199680
1770916872881 13.857433319091797 204800
1770916895297 13.729792594909668 209920
1770916918859 13.642597198486328 215040
1770916942794 13.534928321838379 220160
1770916966568 13.415288925170898 225280
1770916990420 13.2975435256958 230400
1770917014371 13.17508316040039 235520
1770917038501 13.058073997497559 240640
1770917062732 12.938624382019043 245760
1770917086448 12.822169303894043 250880
1770917108879 12.706812858581543 256000
1770917131384 12.601367950439453 261120
1770917154039 12.513222694396973 266240
1770917177162 12.446234703063965 271360
1770917199560 12.39305305480957 276480
1770917221988 12.335561752319336 281600
1770917244399 12.284690856933594 286720
1770917266805 12.265897750854492 291840
1770917289148 12.267123222351074 296960
1770917298133 12.253068923950195 300032
