1770915985400 25.88730239868164 5120
1770916009089 25.93935775756836 10240
1770916033314 26.490066528320312 15360
1770916057458 26.968364715576172 20480
1770916081528 26.830766677856445 25600
1770916105609 26.82379722595215 30720
1770916128119 26.914522171020508 35840
1770916150162 26.947275161743164 40960
1770916172392 27.063196182250977 46080
1770916194561 26.921619415283203 51200
1770916217819 26.93182373046875 56320
1770916242770 27.053247451782227 61440
1770916265373 26.9867000579834 66560
1770916287698 26.69875717163086 71680
1770916310139 26.511816024780273 76800
1770916332510 26.330524444580078 81920
1770916355069 26.27789306640625 87040
1770916377615 26.164745330810547 92160
1770916400866 26.026090621948242 97280
1770916423661 25.84859275817871 102400
1770916445825 25.691741943359375 107520
1770916467871 25.496641159057617 112640
1770916490014 25.309812545776367 117760
1770916512177 25.039793014526367 122880
1770916534209 24.702428817749023 128000
1770916556423 24.43191146850586 133120
1770916578566 24.168148040771484 138240
1770916602030 23.97770881652832 143360
1770916624702 23.76152992248535 148480
1770916647213 23.53907585144043 153600
1770916669861 23.351865768432617 158720
1770916692359 23.159442901611328 163840
1770916715005 23.03601837158203 168960
1770916737712 22.8602352142334 174080
1770916760887 22.766801834106445 179200
1770916783653 22.630290985107422 184320
1770916806545 22.541046142578125 189440
1770916828689 22.462968826293945 194560
1770916850768 22.35651397705078 199680
1770916872881 22.209087371826172 204800
1770916895297 22.068981170654297 209920
1770916918859 21.970670700073242 215040
1770916942794 21.83738899230957 220160
1770916966568 21.750362396240234 225280
1770916990420 21.688955307006836 230400
1770917014371 21.623493194580078 235520
1770917038501 21.56777000427246 240640
1770917062732 21.483394622802734 245760
1770917086448 21.373886108398438 250880
1770917108879 21.268341064453125 256000
1770917131384 21.183290481567383 261120
1770917154039 21.117431640625 266240
1770917177162 21.06828498840332 271360
1770917199560 21.044780731201172 276480
1770917221988 21.008811950683594 281600
1770917244399 20.987831115722656 286720
1770917266805 20.989315032958984 291840
1770917289148 21.002246856689453 296960
1770917298133 20.989303588867188 300032
