1770915985400 1.1234906911849976 5120
1770916009089 1.1352876424789429 10240
1770916033314 1.155276894569397 15360
1770916057458 1.1675620079040527 20480
1770916081528 1.1689263582229614 25600
1770916105609 1.1687380075454712 30720
1770916128119 1.1735621690750122 35840
1770916150162 1.171037197113037 40960
1770916172392 1.169318437576294 46080
1770916194561 1.1658086776733398 51200
1770916217819 1.1661185026168823 56320
1770916242770 1.1672450304031372 61440
1770916265373 1.1677160263061523 66560
1770916287698 1.1634548902511597 71680
1770916310139 1.1625789403915405 76800
1770916332510 1.1615666151046753 81920
1770916355069 1.163586139678955 87040
1770916377615 1.1606115102767944 92160
1770916400866 1.1580520868301392 97280
1770916423661 1.1554265022277832 102400
1770916445825 1.1546289920806885 107520
1770916467871 1.1534262895584106 112640
1770916490014 1.154220700263977 117760
1770916512177 1.1532081365585327 122880
1770916534209 1.150704026222229 128000
1770916556423 1.151261568069458 133120
1770916578566 1.150944471359253 138240
1770916602030 1.1507785320281982 143360
1770916624702 1.1497703790664673 148480
1770916647213 1.14885413646698 153600
1770916669861 1.1497039794921875 158720
1770916692359 1.1481925249099731 163840
1770916715005 1.1488512754440308 168960
1770916737712 1.147379755973816 174080
1770916760887 1.1472594738006592 179200
1770916783653 1.147096872329712 184320
1770916806545 1.1474076509475708 189440
1770916828689 1.1477874517440796 194560
1770916850768 1.1469804048538208 199680
1770916872881 1.1467149257659912 204800
1770916895297 1.14621102809906 209920
1770916918859 1.1464835405349731 215040
1770916942794 1.1458227634429932 220160
1770916966568 1.1455410718917847 225280
1770916990420 1.1454036235809326 230400
1770917014371 1.1450448036193848 235520
1770917038501 1.1465867757797241 240640
1770917062732 1.1466182470321655 245760
1770917086448 1.1458643674850464 250880
1770917108879 1.1449404954910278 256000
1770917131384 1.1448814868927002 261120
1770917154039 1.1445125341415405 266240
1770917177162 1.144623875617981 271360
1770917199560 1.1453815698623657 276480
1770917221988 1.1449711322784424 281600
1770917244399 1.1461412906646729 286720
1770917266805 1.1469154357910156 291840
1770917289148 1.1480046510696411 296960
1770917298133 1.14803946018219 300032
