1770915985394 14.614460945129395 5120
1770916009082 13.367276191711426 10240
1770916033308 12.084522247314453 15360
1770916057453 10.706414222717285 20480
1770916081522 10.176651954650879 25600
1770916105604 10.1791353225708 30720
1770916128113 10.730188369750977 35840
1770916150156 12.654777526855469 40960
1770916172387 13.318263053894043 46080
1770916194554 13.542447090148926 51200
1770916217809 13.472211837768555 56320
1770916242760 13.32818603515625 61440
1770916265364 12.505788803100586 66560
1770916287692 12.367175102233887 71680
1770916310132 12.544485092163086 76800
1770916332501 12.92741870880127 81920
1770916355060 13.459968566894531 87040
1770916377602 14.658968925476074 92160
1770916400859 15.915275573730469 97280
1770916423656 17.162109375 102400
1770916445819 18.644838333129883 107520
1770916467862 19.891063690185547 112640
1770916490008 21.873249053955078 117760
1770916512170 22.876007080078125 122880
1770916534203 24.798812866210938 128000
1770916556417 26.142724990844727 133120
1770916578560 28.056421279907227 138240
1770916602023 28.9520206451416 143360
1770916624696 29.598430633544922 148480
1770916647206 30.50985336303711 153600
1770916669850 30.376537322998047 158720
1770916692352 30.8896427154541 163840
1770916714998 30.377742767333984 168960
1770916737703 30.4840030670166 174080
1770916760879 29.650543212890625 179200
1770916783646 28.5694580078125 184320
1770916806537 27.59539794921875 189440
1770916828681 26.7370662689209 194560
1770916850761 25.757617950439453 199680
1770916872875 24.80083656311035 204800
1770916895290 24.46668243408203 209920
1770916918851 23.158329010009766 215040
1770916942788 22.51149559020996 220160
1770916966562 22.270036697387695 225280
1770916990411 22.14051628112793 230400
1770917014358 21.468982696533203 235520
1770917038491 21.489486694335938 240640
1770917062715 21.448091506958008 245760
1770917086434 21.485401153564453 250880
1770917108871 21.293575286865234 256000
1770917131377 21.205127716064453 261120
1770917154027 21.698827743530273 266240
1770917177153 21.646228790283203 271360
1770917199553 21.458251953125 276480
1770917221980 21.819555282592773 281600
1770917244391 21.857894897460938 286720
1770917266797 21.98404312133789 291840
1770917289139 22.19171714782715 296960
1770917298122 21.60110855102539 300032
