1770915985400 1.054545521736145 5120
1770916009089 1.120302677154541 10240
1770916033314 1.1702301502227783 15360
1770916057458 1.2467440366744995 20480
1770916081528 1.2507238388061523 25600
1770916105609 1.2602691650390625 30720
1770916128119 1.2825955152511597 35840
1770916150162 1.2856266498565674 40960
1770916172392 1.2911607027053833 46080
1770916194561 1.2860718965530396 51200
1770916217819 1.2870713472366333 56320
1770916242770 1.2922590970993042 61440
1770916265373 1.2921802997589111 66560
1770916287698 1.2918484210968018 71680
1770916310139 1.30782151222229 76800
1770916332510 1.3221206665039062 81920
1770916355069 1.338199496269226 87040
1770916377615 1.3512494564056396 92160
1770916400866 1.359757661819458 97280
1770916423661 1.3682409524917603 102400
1770916445825 1.3775246143341064 107520
1770916467871 1.3812590837478638 112640
1770916490014 1.3888288736343384 117760
1770916512177 1.3824912309646606 122880
1770916534209 1.369797945022583 128000
1770916556423 1.3618578910827637 133120
1770916578566 1.356001615524292 138240
1770916602030 1.3515114784240723 143360
1770916624702 1.3418223857879639 148480
1770916647213 1.3331578969955444 153600
1770916669861 1.3258367776870728 158720
1770916692359 1.3176153898239136 163840
1770916715005 1.3119823932647705 168960
1770916737712 1.3035005331039429 174080
1770916760887 1.3007354736328125 179200
1770916783653 1.2965950965881348 184320
1770916806545 1.2951513528823853 189440
1770916828689 1.292061448097229 194560
1770916850768 1.2866095304489136 199680
1770916872881 1.2798066139221191 204800
1770916895297 1.272918939590454 209920
1770916918859 1.2684417963027954 215040
1770916942794 1.2600730657577515 220160
1770916966568 1.2597423791885376 225280
1770916990420 1.2616684436798096 230400
1770917014371 1.2624847888946533 235520
1770917038501 1.263917326927185 240640
1770917062732 1.2637029886245728 245760
1770917086448 1.2582076787948608 250880
1770917108879 1.2540287971496582 256000
1770917131384 1.2506705522537231 261120
1770917154039 1.2483158111572266 266240
1770917177162 1.248073935508728 271360
1770917199560 1.2488837242126465 276480
1770917221988 1.2501870393753052 281600
1770917244399 1.2528502941131592 286720
1770917266805 1.2541840076446533 291840
1770917289148 1.2551994323730469 296960
1770917298133 1.2550305128097534 300032
