1770915985394 157.39657760432303 5120
1770916009082 149.21038776236216 10240
1770916033308 181.47732779508482 15360
1770916057453 150.00014305128389 20480
1770916081522 155.0402543156027 25600
1770916105604 188.5758474957288 30720
1770916128113 171.3709499489275 35840
1770916150156 178.39751605631406 40960
1770916172387 175.55265360790222 46080
1770916194554 148.89786644893323 51200
1770916217809 118.43298037554709 56320
1770916242760 110.28065101359346 61440
1770916265364 111.01916357861302 66560
1770916287692 132.777359207319 71680
1770916310132 154.05509439506355 76800
1770916332501 154.98869263173452 81920
1770916355060 156.69097429766884 87040
1770916377602 72.65128524908197 92160
1770916400859 89.7542102672744 97280
1770916423656 171.09133183765042 102400
1770916445819 107.91982503537888 107520
1770916467862 122.17249716000117 112640
1770916490008 173.17522708505368 117760
1770916512170 170.458587336422 122880
1770916534203 183.49391897803832 128000
1770916556417 157.2490533498294 133120
1770916578560 170.60418954647142 138240
1770916602023 160.75673603924724 143360
1770916624696 180.6099125866598 148480
1770916647206 175.3618195501296 153600
1770916669850 113.28914458579801 158720
1770916692352 163.9937441351267 163840
1770916714998 96.88851928851929 168960
1770916737703 117.41843733378126 174080
1770916760879 145.38819369822178 179200
1770916783646 121.04074800877294 184320
1770916806537 143.47839770122806 189440
1770916828681 152.60893610828117 194560
1770916850761 166.57945112990984 199680
1770916872875 179.45081932143927 204800
1770916895290 90.7740120330693 209920
1770916918851 115.56785054969278 215040
1770916942788 175.42783052407043 220160
1770916966562 76.4867516457866 225280
1770916990411 136.75145903296274 230400
1770917014358 121.96289619075313 235520
1770917038491 143.87705817782657 240640
1770917062715 100.55389336401994 245760
1770917086434 100.58282973621102 250880
1770917108871 114.67053066134456 256000
1770917131377 178.32925170068026 261120
1770917154027 110.4490849242923 266240
1770917177153 89.24620720471519 271360
1770917199553 167.86616505242935 276480
1770917221980 168.5610255998071 281600
1770917244391 176.14244918528473 286720
1770917266797 95.44439640459666 291840
1770917289139 119.12590530830185 296960
1770917298122 159.50956455599925 300032
