1770915985400 1.8438518047332764 5120
1770916009089 1.9016988277435303 10240
1770916033314 2.0170533657073975 15360
1770916057458 2.193422794342041 20480
1770916081528 2.2380874156951904 25600
1770916105609 2.2658727169036865 30720
1770916128119 2.318293809890747 35840
1770916150162 2.319521188735962 40960
1770916172392 2.3221418857574463 46080
1770916194561 2.318481206893921 51200
1770916217819 2.312854528427124 56320
1770916242770 2.3150386810302734 61440
1770916265373 2.315586805343628 66560
1770916287698 2.359264373779297 71680
1770916310139 2.462510824203491 76800
1770916332510 2.5502021312713623 81920
1770916355069 2.6218879222869873 87040
1770916377615 2.688500165939331 92160
1770916400866 2.7551846504211426 97280
1770916423661 2.829620599746704 102400
1770916445825 2.907924175262451 107520
1770916467871 2.9798905849456787 112640
1770916490014 3.0609004497528076 117760
1770916512177 3.100717306137085 122880
1770916534209 3.12274432182312 128000
1770916556423 3.1537530422210693 133120
1770916578566 3.1878561973571777 138240
1770916602030 3.200279951095581 143360
1770916624702 3.203462600708008 148480
1770916647213 3.2117760181427 153600
1770916669861 3.217594861984253 158720
1770916692359 3.2193143367767334 163840
1770916715005 3.2270989418029785 168960
1770916737712 3.227057695388794 174080
1770916760887 3.232484817504883 179200
1770916783653 3.236114978790283 184320
1770916806545 3.250297784805298 189440
1770916828689 3.2571632862091064 194560
1770916850768 3.2544920444488525 199680
1770916872881 3.253026247024536 204800
1770916895297 3.2508602142333984 209920
1770916918859 3.250993251800537 215040
1770916942794 3.2420713901519775 220160
1770916966568 3.2649717330932617 225280
1770916990420 3.2960875034332275 230400
1770917014371 3.332514524459839 235520
1770917038501 3.371028423309326 240640
1770917062732 3.3970839977264404 245760
1770917086448 3.4046928882598877 250880
1770917108879 3.4178221225738525 256000
1770917131384 3.432720184326172 261120
1770917154039 3.4495041370391846 266240
1770917177162 3.4640142917633057 271360
1770917199560 3.4814131259918213 276480
1770917221988 3.4962244033813477 281600
1770917244399 3.5168235301971436 286720
1770917266805 3.526914358139038 291840
1770917289148 3.5303657054901123 296960
1770917298133 3.5312485694885254 300032
