1760221231114 0.0 5120
1760221272590 0.0 10240
1760221312383 0.0 15360
1760221352174 0.0 20480
1760221390941 0.0 25600
1760221429579 0.0 30720
1760221467967 0.0 35840
1760221505936 0.0 40960
1760221543161 0.0 46080
1760221580398 0.0 51200
1760221617924 0.0 56320
1760221656604 0.0 61440
1760221698290 0.0 66560
1760221737608 0.0 71680
1760221776934 0.0 76800
1760221816304 0.0 81920
1760221855755 0.0 87040
1760221895464 0.0 92160
1760221935370 0.0 97280
1760221978722 0.0 102400
1760222024140 0.0 107520
1760222069333 0.0 112640
1760222114919 0.0 117760
1760222163264 0.0 122880
1760222214448 0.0 128000
1760222282253 0.0002085070892410342 133120
1760222329457 0.00020333468889792598 138240
1760222371521 0.00019813750743015652 143360
1760222657639 0.0003872216844143272 148480
1760222700698 0.00037835792659856227 153600
1760222769969 0.00037016472330186933 158720
1760225058279 0.0005428881650380022 163840
1760225096356 0.0010645848119233499 168960
1760225134088 0.00121675647488267 174080
1760225171780 0.0017009695526450078 179200
1760225209964 0.001999333555481506 184320
1760225247611 0.0029469548133595285 189440
1760225285080 0.004019938896928766 194560
1760225322584 0.005060088551549652 199680
1760225360262 0.00591071706330689 204800
1760225398119 0.008586323213738117 209920
1760225435704 0.015445184736523319 215040
1760225473188 0.023210542078466605 220160
1760225510548 0.0307920059215396 225280
1760225547886 0.03894012589664764 230400
1760225585802 0.04686821929697671 235520
1760225623284 0.05577803203661327 240640
1760225660970 0.06392306604440673 245760
1760225698439 0.07207837648705388 250880
1760225736028 0.07989476599279978 256000
1760225773358 0.08751027115858669 261120
1760225810723 0.09427062169849655 266240
1760225848363 0.09971853638922397 271360
1760225885884 0.10531196184925155 276480
1760225923465 0.11197063065425462 281600
1760225960809 0.11708203530633438 286720
1760225999362 0.12281603288797534 291840
1760226038292 0.12935639786313916 296960
1760226076911 0.13435652283306077 302080
1760226115143 0.13954935889455994 307200
1760226154357 0.14440611138491868 312320
1760226194097 0.1500487567040468 317440
1760226233155 0.15536791314837153 322560
1760226271811 0.16067804703354424 327680
