1760221231114 1.1153889713865337 5120
1760221272590 1.0474406948939026 10240
1760221312383 1.0040843558246497 15360
1760221352174 1.0062533144867039 20480
1760221390941 1.0133669439951578 25600
1760221429579 1.1117191491681793 30720
1760221467967 1.1913925920000965 35840
1760221505936 1.1856328161816763 40960
1760221543161 1.2178640771419444 46080
1760221580398 1.212108867361209 51200
1760221617924 1.2140839237910617 56320
1760221656604 1.2381230862764803 61440
1760221698290 1.2499764334225485 66560
1760221737608 1.2828348385676969 71680
1760221776934 1.3194704489410392 76800
1760221816304 1.3487956436220578 81920
1760221855755 1.3668337228874052 87040
1760221895464 1.3914808805226828 92160
1760221935370 1.4127258214399505 97280
1760221978722 1.4313122587908098 102400
1760222024140 1.4472357402684681 107520
1760222069333 1.4710117684843396 112640
1760222114919 1.4923803023478328 117760
1760222163264 1.5117235269821627 122880
1760222214448 1.5278273245243177 128000
1760222282253 1.5450636292617455 133120
1760222329457 1.5607781951240332 138240
1760222371521 1.574064969780281 143360
1760222657639 1.5890871323089748 148480
1760222700698 1.6086470000995545 153600
1760222769969 1.6233725755187773 158720
1760225058279 1.644320900786238 163840
1760225096356 1.6582727144591938 168960
1760225134088 1.6715435937821461 174080
1760225171780 1.6863595135541651 179200
1760225209964 1.6984801189139143 184320
1760225247611 1.7163163652276399 189440
1760225285080 1.7302314208086367 194560
1760225322584 1.7413754179687306 199680
1760225360262 1.7527032274539038 204800
1760225398119 1.7639432492997522 209920
1760225435704 1.7806299386928472 215040
1760225473188 1.796743529183524 220160
1760225510548 1.811315404918792 225280
1760225547886 1.8256757127786691 230400
1760225585802 1.8440421173545984 235520
1760225623284 1.8571387180201795 240640
1760225660970 1.8734241855682299 245760
1760225698439 1.8879033544499029 250880
1760225736028 1.90099596627298 256000
1760225773358 1.9186306874806245 261120
1760225810723 1.9349343308778566 266240
1760225848363 1.9476896773520975 271360
1760225885884 1.9625475576878035 276480
1760225923465 1.9757071107809612 281600
1760225960809 1.9877984771352195 286720
1760225999362 2.003720328839685 291840
1760226038292 2.0167424843166355 296960
1760226076911 2.0318091722805853 302080
1760226115143 2.043899773334516 307200
1760226154357 2.0582535568865254 312320
1760226194097 2.0714946583618135 317440
1760226233155 2.0841870783033936 322560
1760226271811 2.0993665547420433 327680
