1760221231114 405.8177453243371 5120
1760221272590 407.4181782957996 10240
1760221312383 409.9212922556199 15360
1760221352174 409.5029488753878 20480
1760221390941 409.84827473958336 25600
1760221429579 403.6833783625535 30720
1760221467967 398.419091888485 35840
1760221505936 396.44491429538107 40960
1760221543161 394.1940796764184 46080
1760221580398 394.5429535818296 51200
1760221617924 394.27811084574137 56320
1760221656604 393.3133040077616 61440
1760221698290 392.78763505651597 66560
1760221737608 390.5880134262725 71680
1760221776934 388.1337057683639 76800
1760221816304 385.87617089032847 81920
1760221855755 383.8267472312359 87040
1760221895464 381.3037444845483 92160
1760221935370 379.019585390503 97280
1760221978722 376.84208368812 102400
1760222024140 374.4280570868908 107520
1760222069333 372.0540949145393 112640
1760222114919 369.8195033513799 117760
1760222163264 367.747024183309 122880
1760222214448 365.6618847781665 128000
1760222282253 363.1234832330979 133120
1760222329457 360.82169185978165 138240
1760222371521 358.8034861946144 143360
1760222657639 356.3781097796164 148480
1760222700698 353.8407360687429 153600
1760222769969 351.62358793364217 158720
1760225058279 349.2081293084679 163840
1760225096356 347.1229159678019 168960
1760225134088 345.2420676576352 174080
1760225171780 343.4524284994791 179200
1760225209964 341.8368459699631 184320
1760225247611 339.7244110007495 189440
1760225285080 337.89989476710736 194560
1760225322584 336.11608357824605 199680
1760225360262 334.32438564968066 204800
1760225398119 332.23929636890045 209920
1760225435704 329.46695924108496 215040
1760225473188 326.61662036110874 220160
1760225510548 323.7631487526601 225280
1760225547886 320.8909446683919 230400
1760225585802 317.880913806034 235520
1760225623284 314.97137851846026 240640
1760225660970 312.1330394547961 245760
1760225698439 309.5081232881112 250880
1760225736028 306.83054404415867 256000
1760225773358 304.0714613183888 261120
1760225810723 301.5199786923401 266240
1760225848363 299.23827365844056 271360
1760225885884 296.7307652018531 276480
1760225923465 294.30937793212024 281600
1760225960809 292.11996749925464 286720
1760225999362 289.81858970744025 291840
1760226038292 287.54142487573733 296960
1760226076911 285.3183204457961 302080
1760226115143 283.1947706220872 307200
1760226154357 281.0794422117697 312320
1760226194097 278.9092859187282 317440
1760226233155 276.8900109009231 322560
1760226271811 274.7984288864436 327680
