1760221231114 500.0 5120
1760221272590 500.0 10240
1760221312383 500.0 15360
1760221352174 500.0 20480
1760221390941 500.0 25600
1760221429579 500.0 30720
1760221467967 500.0 35840
1760221505936 500.0 40960
1760221543161 500.0 46080
1760221580398 500.0 51200
1760221617924 500.0 56320
1760221656604 500.0 61440
1760221698290 500.0 66560
1760221737608 500.0 71680
1760221776934 500.0 76800
1760221816304 500.0 81920
1760221855755 500.0 87040
1760221895464 500.0 92160
1760221935370 500.0 97280
1760221978722 500.0 102400
1760222024140 500.0 107520
1760222069333 500.0 112640
1760222114919 500.0 117760
1760222163264 500.0 122880
1760222214448 500.0 128000
1760222282253 499.9324437030859 133120
1760222329457 499.93411956079706 138240
1760222371521 499.9358034475926 143360
1760222657639 499.87144240077447 148480
1760222700698 499.87438516836926 153600
1760222769969 499.8771053118638 158720
1760225058279 499.8121606948969 163840
1760225096356 499.6348474095103 168960
1760225134088 499.58247870676166 174080
1760225171780 499.40261949311105 179200
1760225209964 499.2989003665445 184320
1760225247611 498.9803536345776 189440
1760225285080 498.62582408747386 194560
1760225322584 498.2865275142315 199680
1760225360262 498.0124436148701 204800
1760225398119 497.10732904017175 209920
1760225435704 494.7292549969715 215040
1760225473188 491.9982030548068 220160
1760225510548 489.36698741672836 225280
1760225547886 486.46201141853317 230400
1760225585802 483.53912917691304 235520
1760225623284 480.27860411899314 240640
1760225660970 477.2866638382124 245760
1760225698439 474.405878236529 250880
1760225736028 471.6064801993908 256000
1760225773358 468.8337441796768 261120
1760225810723 466.3564946498713 266240
1760225848363 464.44658892909797 271360
1760225885884 462.3566035236455 276480
1760225923465 459.9622394126131 281600
1760225960809 458.16718587746624 286720
1760225999362 456.0770811921891 291840
1760226038292 453.7148308318494 296960
1760226076911 451.8367090200025 302080
1760226115143 449.9559317814017 307200
1760226154357 448.16214884179396 312320
1760226194097 446.0553388590931 317440
1760226233155 444.08057901085647 322560
1760226271811 442.0978870717441 327680
