1760221231114 0.0 5120
1760221272590 0.0 10240
1760221312383 0.0 15360
1760221352174 0.0 20480
1760221390941 0.0 25600
1760221429579 0.0 30720
1760221467967 0.0 35840
1760221505936 0.0 40960
1760221543161 0.0 46080
1760221580398 0.0 51200
1760221617924 0.0 56320
1760221656604 0.0 61440
1760221698290 0.0 66560
1760221737608 0.0 71680
1760221776934 0.0 76800
1760221816304 0.0 81920
1760221855755 0.0 87040
1760221895464 0.0 92160
1760221935370 0.0 97280
1760221978722 0.0 102400
1760222024140 0.0 107520
1760222069333 0.0 112640
1760222114919 0.0 117760
1760222163264 0.0 122880
1760222214448 0.0 128000
1760222282253 0.0 133120
1760222329457 0.0 138240
1760222371521 0.0 143360
1760222657639 0.0 148480
1760222700698 0.0 153600
1760222769969 0.0 158720
1760225058279 0.0 163840
1760225096356 0.0 168960
1760225134088 0.0 174080
1760225171780 0.0 179200
1760225209964 0.0 184320
1760225247611 0.0 189440
1760225285080 0.0 194560
1760225322584 0.0 199680
1760225360262 0.0 204800
1760225398119 0.0 209920
1760225435704 0.0 215040
1760225473188 0.0 220160
1760225510548 0.0 225280
1760225547886 0.0 230400
1760225585802 0.0 235520
1760225623284 0.0 240640
1760225660970 0.0 245760
1760225698439 0.0 250880
1760225736028 0.0 256000
1760225773358 0.0 261120
1760225810723 0.0 266240
1760225848363 0.0 271360
1760225885884 0.0 276480
1760225923465 0.0 281600
1760225960809 0.0 286720
1760225999362 0.0 291840
1760226038292 0.0 296960
1760226076911 0.0 302080
1760226115143 0.0 307200
1760226154357 0.0 312320
1760226194097 0.0 317440
1760226233155 0.0 322560
1760226271811 0.0 327680
