1760221231114 23.15909090909091 5120
1760221272590 22.678137651821864 10240
1760221312383 22.29019073569482 15360
1760221352174 22.167528438469493 20480
1760221390941 22.170833333333334 25600
1760221429579 22.61099214846538 30720
1760221467967 23.001250781738587 35840
1760221505936 23.575928008998876 40960
1760221543161 23.836879432624112 46080
1760221580398 23.81772498857926 51200
1760221617924 23.86130778842149 56320
1760221656604 23.924492142583365 61440
1760221698290 23.941843971631204 66560
1760221737608 24.171656686626747 71680
1760221776934 24.38225148949514 76800
1760221816304 24.587485172004744 81920
1760221855755 24.822799097065463 87040
1760221895464 25.19421152285637 92160
1760221935370 25.560124934929725 97280
1760221978722 25.936715218483176 102400
1760222024140 26.356101118133203 107520
1760222069333 26.652347417840375 112640
1760222114919 26.945768096210575 117760
1760222163264 27.257432283637964 122880
1760222214448 27.597174657534246 128000
1760222282253 27.958507089241035 133120
1760222329457 28.3037820252135 138240
1760222371521 28.592034872201307 143360
1760222657639 28.91810261374637 148480
1760222700698 29.24404086265607 153600
1760222769969 29.549139367018324 158720
1760225058279 29.835866811436844 163840
1760225096356 30.143541518807666 168960
1760225134088 30.43646792977577 174080
1760225171780 30.658955604694675 179200
1760225209964 30.875041652782407 184320
1760225247611 31.177963326784546 189440
1760225285080 31.440102910435762 194560
1760225322584 31.728969006957623 199680
1760225360262 32.014465702286515 204800
1760225398119 32.334253296534804 209920
1760225435704 32.717141126589944 215040
1760225473188 33.10706798442647 220160
1760225510548 33.49652109548482 225280
1760225547886 33.87088274044796 230400
1760225585802 34.21900766671489 235520
1760225623284 34.56407322654462 240640
1760225660970 34.88389195304766 245760
1760225698439 35.24114765570329 250880
1760225736028 35.58072556078648 256000
1760225773358 35.8982470556012 261120
1760225810723 36.1981579303806 266240
1760225848363 36.50529419648841 271360
1760225885884 36.76129288647503 276480
1760225923465 37.05821423888816 281600
1760225960809 37.35384215991693 286720
1760225999362 37.614080164439876 291840
1760226038292 37.89989824472144 296960
1760226076911 38.117499056485094 302080
1760226115143 38.36872899290427 307200
1760226154357 38.599433218334156 312320
1760226194097 38.824110190151146 317440
1760226233155 39.02726176115802 322560
1760226271811 39.23767458517369 327680
