1760221231110 -1.075765466907372 5120
1760221272587 -1.2992905177853324 10240
1760221312379 -1.4092739336192608 15360
1760221352169 -1.3075879903066725 20480
1760221390937 -1.2215470910072326 25600
1760221429573 -1.1478373366017494 30720
1760221467962 -1.1095522297753229 35840
1760221505933 -1.0302776383190622 40960
1760221543157 -0.9556533175966015 46080
1760221580395 -0.8673430975745706 51200
1760221617920 -0.774566183771406 56320
1760221656599 -0.6933597807024346 61440
1760221698285 -0.6236618908968838 66560
1760221737603 -0.5933633142793682 71680
1760221776929 -0.5745203451106422 76800
1760221816300 -0.5706853896011541 81920
1760221855748 -0.572499220870262 87040
1760221895460 -0.5740283111949543 92160
1760221935351 -0.5719134733080864 97280
1760221978716 -0.5727146748268959 102400
1760222024134 -0.573377331697716 107520
1760222069325 -0.5693081494924184 112640
1760222114908 -0.5680856264870743 117760
1760222163256 -0.5707099898787569 122880
1760222214440 -0.5689198580999224 128000
1760222282246 -0.5730427246967345 133120
1760222329445 -0.585910573426415 138240
1760222371502 -0.6024924866696623 143360
1760222657628 -0.6028147168355444 148480
1760222700678 -0.5988132982064556 153600
1760222769958 -0.6080014027082004 158720
1760225058238 -0.61555259479499 163840
1760225096351 -0.622732856474727 168960
1760225134082 -0.6279230430112247 174080
1760225171774 -0.6346724705262617 179200
1760225209959 -0.6390469814532369 184320
1760225247605 -0.6436555026679911 189440
1760225285067 -0.6449437081501747 194560
1760225322576 -0.6464856863021851 199680
1760225360247 -0.6476478339427739 204800
1760225398114 -0.64518166977225 209920
1760225435690 -0.6395137475000174 215040
1760225473182 -0.6349630104170905 220160
1760225510542 -0.6291277518639197 225280
1760225547880 -0.622494075994576 230400
1760225585796 -0.6179512003283479 235520
1760225623277 -0.6111263347884357 240640
1760225660964 -0.6026037778102511 245760
1760225698434 -0.5968010441074527 250880
1760225736023 -0.5928170728493497 256000
1760225773352 -0.5878372371196747 261120
1760225810717 -0.581369703665547 266240
1760225848352 -0.5800284532676065 271360
1760225885877 -0.5725791772793141 276480
1760225923459 -0.5691074018893035 281600
1760225960803 -0.5642425900252265 286720
1760225999351 -0.563753198076795 291840
1760226038280 -0.5596687382439157 296960
1760226076904 -0.5555488438219638 302080
1760226115133 -0.5500663367616775 307200
1760226154351 -0.5459712134467232 312320
1760226194089 -0.5409406720250366 317440
1760226233130 -0.5389576323424714 322560
1760226271788 -0.5346530171569635 327680
