1760221231110 11.896409900983173 5120
1760221272587 5.1118624123659995 10240
1760221312379 3.360366943478584 15360
1760221352169 2.2619940803164527 20480
1760221390937 1.7053120677287763 25600
1760221429573 1.5019436151750627 30720
1760221467962 1.4474971148702833 35840
1760221505933 1.3353126630550478 40960
1760221543157 1.1702666894249294 46080
1760221580395 1.0565174570270612 51200
1760221617920 0.9353200248309543 56320
1760221656599 0.8482720554852095 61440
1760221698285 0.7805612881978353 66560
1760221737603 0.7935795454911784 71680
1760221776929 0.7785155264954818 76800
1760221816300 0.7145808543687985 81920
1760221855748 0.6858131979787072 87040
1760221895460 0.6657682911380306 92160
1760221935351 0.6622764319181442 97280
1760221978716 0.694791847644466 102400
1760222024134 0.6813154868359836 107520
1760222069325 0.6705048243204752 112640
1760222114908 0.6646985432197308 117760
1760222163256 0.6644910520758511 122880
1760222214440 0.6565412377554273 128000
1760222282246 0.6559411310967598 133120
1760222329445 0.6807060992016511 138240
1760222371502 0.6950363091543211 143360
1760222657628 0.7152165171218244 148480
1760222700678 0.7334188404462194 153600
1760222769958 0.7398043271822807 158720
1760225058238 0.7428589714239843 163840
1760225096351 0.7908840317323984 168960
1760225134082 0.8148960269682588 174080
1760225171774 0.8641606823964552 179200
1760225209959 0.884896590301345 184320
1760225247605 0.8869766055896718 189440
1760225285067 0.9011783025651702 194560
1760225322576 0.9618005825548755 199680
1760225360247 0.9956778668645603 204800
1760225398114 1.0181744640313306 209920
1760225435690 1.0541832602984533 215040
1760225473182 1.0087622960408529 220160
1760225510542 1.0532799725079427 225280
1760225547880 1.0733988263965708 230400
1760225585796 1.068403333193296 235520
1760225623277 1.084319184190136 240640
1760225660964 1.0699555947078214 245760
1760225698434 1.0911827963542164 250880
1760225736023 1.086492406229574 256000
1760225773352 1.038351221382618 261120
1760225810717 1.067378755182142 266240
1760225848352 1.0528361263131738 271360
1760225885877 1.083211914287722 276480
1760225923459 1.0779589735943338 281600
1760225960803 1.1088994362176101 286720
1760225999351 1.123603103210876 291840
1760226038280 1.1019555082026216 296960
1760226076904 1.1229787613894489 302080
1760226115133 1.0770756129014531 307200
1760226154351 1.0877216120950537 312320
1760226194089 1.0775395850276641 317440
1760226233130 1.0653551216366923 322560
1760226271788 1.0634450585671302 327680
