1760221231114 18.25 5120
1760221272590 17.915423682826734 10240
1760221312383 17.71446731110035 15360
1760221352174 17.807131241617924 20480
1760221390941 17.92471684773763 25600
1760221429579 18.442346086849238 30720
1760221467967 18.891059269526362 35840
1760221505936 18.864387331985114 40960
1760221543161 19.01716346315579 46080
1760221580398 19.04840204997823 51200
1760221617924 19.11416591658586 56320
1760221656604 19.264895502385073 61440
1760221698290 19.382012420004987 66560
1760221737608 19.639479382705943 71680
1760221776934 19.85145030555474 76800
1760221816304 20.031516911154824 81920
1760221855755 20.168249160387717 87040
1760221895464 20.293564920010102 92160
1760221935370 20.41002329757349 97280
1760221978722 20.553568435278088 102400
1760222024140 20.676545821409174 107520
1760222069333 20.826833218140223 112640
1760222114919 20.92632391860162 117760
1760222163264 21.041923840490632 122880
1760222214448 21.128291130065918 128000
1760222282253 21.205249407770637 133120
1760222329457 21.309551882811707 138240
1760222371521 21.404869459018816 143360
1760222657639 21.49281242200735 148480
1760222700698 21.636469194034802 153600
1760222769969 21.715598030662218 158720
1760225058279 21.82399134268331 163840
1760225096356 21.900010557695854 168960
1760225134088 21.97400651888994 174080
1760225171780 22.050611137471893 179200
1760225209964 22.131546630655993 184320
1760225247611 22.225530922920314 189440
1760225285080 22.291787466026804 194560
1760225322584 22.362698158683994 199680
1760225360262 22.417437106162325 204800
1760225398119 22.482475184838634 209920
1760225435704 22.577332397867593 215040
1760225473188 22.655091817238333 220160
1760225510548 22.712169231016667 225280
1760225547886 22.78007658549518 230400
1760225585802 22.869912216912713 235520
1760225623284 22.929019330022538 240640
1760225660970 23.00943334118478 245760
1760225698439 23.10002843324249 250880
1760225736028 23.159748429177178 256000
1760225773358 23.251123412149763 261120
1760225810723 23.34683775640222 266240
1760225848363 23.400308692603883 271360
1760225885884 23.449424182741765 276480
1760225923465 23.51248238567164 281600
1760225960809 23.59030414791246 286720
1760225999362 23.65617974762559 291840
1760226038292 23.730565143159193 296960
1760226076911 23.804214763557376 302080
1760226115143 23.87647244560159 307200
1760226154357 23.941560270517197 312320
1760226194097 23.999232466542853 317440
1760226233155 24.051833915020215 322560
1760226271811 24.13509647314284 327680
