1760221231114 4.757575757575758 5120
1760221272590 4.582995951417004 10240
1760221312383 4.429155313351498 15360
1760221352174 4.411582213029989 20480
1760221390941 4.4325 25600
1760221429579 4.71306209850107 30720
1760221467967 4.944340212632896 35840
1760221505936 5.032620922384702 40960
1760221543161 5.158561296859169 46080
1760221580398 5.141617176793056 51200
1760221617924 5.154935443565181 56320
1760221656604 5.212725182062092 61440
1760221698290 5.24113475177305 66560
1760221737608 5.356620093147039 71680
1760221776934 5.476952022577611 76800
1760221816304 5.5868920521945435 81920
1760221855755 5.6749435665914225 87040
1760221895464 5.805517987557479 92160
1760221935370 5.946121811556481 97280
1760221978722 6.07659467604219 102400
1760222024140 6.210257656781721 107520
1760222069333 6.335915492957747 112640
1760222114919 6.4574540503744045 117760
1760222163264 6.587535785069368 122880
1760222214448 6.711686643835616 128000
1760222282253 6.845704753961635 133120
1760222329457 6.968279788531923 138240
1760222371521 7.062215177333069 143360
1760222657639 7.182768635043562 148480
1760222700698 7.317820658342792 153600
1760222769969 7.432907643901536 158720
1760225058279 7.566956207021353 163840
1760225096356 7.683818310858765 168960
1760225134088 7.790196419259517 174080
1760225171780 7.893349209049158 179200
1760225209964 7.985171609463512 184320
1760225247611 8.119515389652914 189440
1760225285080 8.219649461328189 194560
1760225322584 8.326375711574952 199680
1760225360262 8.426504899673356 204800
1760225398119 8.539865072063785 209920
1760225435704 8.696093276801939 215040
1760225473188 8.856993111710093 220160
1760225510548 9.00281273131014 225280
1760225547886 9.152539891670326 230400
1760225585802 9.317517720237234 235520
1760225623284 9.45137299771167 240640
1760225660970 9.597793805685193 245760
1760225698439 9.750034989503149 250880
1760225736028 9.88521185267239 256000
1760225773358 10.03793481238017 261120
1760225810723 10.180008126777732 266240
1760225848363 10.305455032837422 271360
1760225885884 10.423234865545105 276480
1760225923465 10.551461911629737 281600
1760225960809 10.674065420560748 286720
1760225999362 10.806269270298047 291840
1760226038292 10.928644110913254 296960
1760226076911 11.039879230091836 302080
1760226115143 11.150504170297523 307200
1760226154357 11.265648102513554 312320
1760226194097 11.375914188200877 317440
1760226233155 11.474185765983112 322560
1760226271811 11.588038677330786 327680
