1770680227184 0.09476500004529953 5120
1770680235358 0.09238019585609436 10240
1770680243408 0.08572681248188019 15360
1770680251455 0.08387080579996109 20480
1770680259494 0.08208435028791428 25600
1770680267595 0.08066337555646896 30720
1770680275659 0.08038792014122009 35840
1770680283735 0.07982485741376877 40960
1770680291947 0.07946990430355072 46080
1770680299921 0.07898649573326111 51200
1770680307966 0.07830210030078888 56320
1770680315993 0.07872324436903 61440
1770680323995 0.07886745035648346 66560
1770680331979 0.07839040458202362 71680
1770680339994 0.0782068595290184 76800
1770680348058 0.07754749804735184 81920
1770680355954 0.07708952575922012 87040
1770680364111 0.07698193192481995 92160
1770680372155 0.07674594968557358 97280
1770680380531 0.0767832025885582 102400
1770680388844 0.07652432471513748 107520
1770680397069 0.07599304616451263 112640
1770680404690 0.07564948499202728 117760
1770680412410 0.07563621550798416 122880
1770680420353 0.07565966993570328 128000
1770680428533 0.07546617835760117 133120
1770680436443 0.07510541379451752 138240
1770680444671 0.0751439705491066 143360
1770680453654 0.0750659853219986 148480
1770680462638 0.07480347901582718 153600
1770680470378 0.07486455887556076 158720
1770680478184 0.07468684762716293 163840
1770680485793 0.07467655837535858 168960
1770680493475 0.07455174624919891 174080
1770680501223 0.07456351071596146 179200
1770680508754 0.07450208067893982 184320
1770680516198 0.07436282932758331 189440
1770680524089 0.07426624745130539 194560
1770680531775 0.07421823590993881 199680
1770680539494 0.07431280612945557 204800
1770680547447 0.07430287450551987 209920
1770680555267 0.0742955282330513 215040
1770680563121 0.07427860051393509 220160
1770680570944 0.07403714209794998 225280
1770680578689 0.07406825572252274 230400
1770680586293 0.07405668497085571 235520
1770680594023 0.07389269769191742 240640
1770680601706 0.07385674118995667 245760
1770680609354 0.07389090210199356 250880
1770680617430 0.07377023249864578 256000
1770680626209 0.07376286387443542 261120
1770680636227 0.0737091451883316 266240
1770680644593 0.07360122352838516 271360
1770680652463 0.07373731583356857 276480
1770680660249 0.07354602962732315 281600
1770680668181 0.07392123341560364 286720
1770680676620 0.07297475636005402 291840
1770680684697 0.07167606055736542 296960
1770680692486 0.07077399641275406 302080
1770680700117 0.07086983323097229 307200
1770680707810 0.07131978869438171 312320
1770680716028 0.07159126549959183 317440
1770680724322 0.07166821509599686 322560
1770680732584 0.07177325338125229 327680
1770680740682 0.07179101556539536 332800
1770680748806 0.07171355932950974 337920
1770680756878 0.07184585928916931 343040
1770680765273 0.07198163121938705 348160
1770680773254 0.07215345650911331 353280
1770680781556 0.07216738164424896 358400
1770680789847 0.07229339331388474 363520
1770680797814 0.07237190753221512 368640
1770680805849 0.0725381150841713 373760
1770680813778 0.07271405309438705 378880
1770680821598 0.07290425896644592 384000
1770680829578 0.07313737273216248 389120
1770680837548 0.07359136641025543 394240
1770680845512 0.07431160658597946 399360
1770680853316 0.07503580302000046 404480
1770680861104 0.07569336146116257 409600
1770680868907 0.07639180123806 414720
1770680876851 0.07719884812831879 419840
1770680884977 0.07798448950052261 424960
1770680892884 0.07858350872993469 430080
1770680900571 0.07916577905416489 435200
1770680908606 0.079749695956707 440320
1770680916340 0.08023805171251297 445440
1770680924157 0.08088164031505585 450560
1770680932322 0.08150962740182877 455680
1770680940409 0.08211594820022583 460800
1770680948499 0.08259018510580063 465920
1770680956544 0.08315703272819519 471040
1770680964537 0.08366689831018448 476160
1770680972080 0.0841265395283699 481280
1770680980050 0.08457130938768387 486400
1770680988082 0.08509956300258636 491520
1770680995569 0.08548980206251144 496640
1770681003276 0.08586937189102173 501760
1770681011187 0.08627332746982574 506880
1770681019203 0.08688414841890335 512000
1770681027460 0.087404765188694 517120
1770681035320 0.08788159489631653 522240
1770681043400 0.08833377063274384 527360
1770681051430 0.08876921981573105 532480
1770681059370 0.08924413472414017 537600
1770681067113 0.08974538743495941 542720
1770681074986 0.09008638560771942 547840
1770681082578 0.09049084037542343 552960
1770681090610 0.09089762717485428 558080
1770681098658 0.0913054570555687 563200
1770681106793 0.09166273474693298 568320
1770681114710 0.09206900745630264 573440
1770681122331 0.09242086112499237 578560
1770681130322 0.09278929978609085 583680
1770681138084 0.09298122674226761 588800
1770681146034 0.09330778568983078 593920
1770681153886 0.09360802173614502 599040
1770681161540 0.09401801228523254 604160
1770681169494 0.09434914588928223 609280
1770681177288 0.0946892574429512 614400
1770681185213 0.0950172170996666 619520
1770681192904 0.0953790545463562 624640
1770681200990 0.09572191536426544 629760
1770681209178 0.09596531093120575 634880
1770681216840 0.09624401479959488 640000
1770681224800 0.09652569890022278 645120
1770681232772 0.09703578799962997 650240
1770681240510 0.09743981808423996 655360
1770681248449 0.09775508940219879 660480
1770681256132 0.09808384627103806 665600
1770681264726 0.09848417341709137 670720
1770681273530 0.09874023497104645 675840
