1770680227184 19.901165008544922 5120
1770680235358 20.88701820373535 10240
1770680243408 21.23221778869629 15360
1770680251455 21.508935928344727 20480
1770680259494 21.674732208251953 25600
1770680267595 21.714458465576172 30720
1770680275659 21.877532958984375 35840
1770680283735 21.887102127075195 40960
1770680291947 21.86176109313965 46080
1770680299921 22.031906127929688 51200
1770680307966 22.00935935974121 56320
1770680315993 22.02777671813965 61440
1770680323995 22.160795211791992 66560
1770680331979 22.163705825805664 71680
1770680339994 22.14935874938965 76800
1770680348058 22.17123031616211 81920
1770680355954 22.13538360595703 87040
1770680364111 22.14174461364746 92160
1770680372155 22.12750816345215 97280
1770680380531 22.164392471313477 102400
1770680388844 22.181041717529297 107520
1770680397069 22.143524169921875 112640
1770680404690 22.188377380371094 117760
1770680412410 22.171165466308594 122880
1770680420353 22.190385818481445 128000
1770680428533 22.189329147338867 133120
1770680436443 22.22303009033203 138240
1770680444671 22.195960998535156 143360
1770680453654 22.225061416625977 148480
1770680462638 22.221073150634766 153600
1770680470378 22.236711502075195 158720
1770680478184 22.23935890197754 163840
1770680485793 22.218345642089844 168960
1770680493475 22.214923858642578 174080
1770680501223 22.193078994750977 179200
1770680508754 22.19249153137207 184320
1770680516198 22.185447692871094 189440
1770680524089 22.17930793762207 194560
1770680531775 22.169754028320312 199680
1770680539494 22.172266006469727 204800
1770680547447 22.18247413635254 209920
1770680555267 22.179115295410156 215040
1770680563121 22.16509437561035 220160
1770680570944 22.176061630249023 225280
1770680578689 22.160987854003906 230400
1770680586293 22.16612434387207 235520
1770680594023 22.171344757080078 240640
1770680601706 22.173206329345703 245760
1770680609354 22.180360794067383 250880
1770680617430 22.174123764038086 256000
1770680626209 22.15424346923828 261120
1770680636227 22.139930725097656 266240
1770680644593 22.123565673828125 271360
1770680652463 22.125242233276367 276480
1770680660249 22.13071632385254 281600
1770680668181 22.082162857055664 286720
1770680676620 22.033903121948242 291840
1770680684697 21.964929580688477 296960
1770680692486 21.85516357421875 302080
1770680700117 21.731096267700195 307200
1770680707810 21.655803680419922 312320
1770680716028 21.638151168823242 317440
1770680724322 21.63959503173828 322560
1770680732584 21.655071258544922 327680
1770680740682 21.6713924407959 332800
1770680748806 21.690092086791992 337920
1770680756878 21.713777542114258 343040
1770680765273 21.729995727539062 348160
1770680773254 21.754850387573242 353280
1770680781556 21.760950088500977 358400
1770680789847 21.761688232421875 363520
1770680797814 21.764379501342773 368640
1770680805849 21.759403228759766 373760
1770680813778 21.73802947998047 378880
1770680821598 21.71086311340332 384000
1770680829578 21.682912826538086 389120
1770680837548 21.649873733520508 394240
1770680845512 21.60219383239746 399360
1770680853316 21.532949447631836 404480
1770680861104 21.451547622680664 409600
1770680868907 21.393417358398438 414720
1770680876851 21.32684326171875 419840
1770680884977 21.28787612915039 424960
1770680892884 21.24671745300293 430080
1770680900571 21.219558715820312 435200
1770680908606 21.187355041503906 440320
1770680916340 21.144577026367188 445440
1770680924157 21.1064510345459 450560
1770680932322 21.065372467041016 455680
1770680940409 21.008630752563477 460800
1770680948499 20.956483840942383 465920
1770680956544 20.905786514282227 471040
1770680964537 20.867403030395508 476160
1770680972080 20.824974060058594 481280
1770680980050 20.77278709411621 486400
1770680988082 20.741804122924805 491520
1770680995569 20.698528289794922 496640
1770681003276 20.646413803100586 501760
1770681011187 20.596996307373047 506880
1770681019203 20.55796241760254 512000
1770681027460 20.509227752685547 517120
1770681035320 20.46941566467285 522240
1770681043400 20.42376136779785 527360
1770681051430 20.37776756286621 532480
1770681059370 20.33591651916504 537600
1770681067113 20.302753448486328 542720
1770681074986 20.260807037353516 547840
1770681082578 20.214500427246094 552960
1770681090610 20.178302764892578 558080
1770681098658 20.148422241210938 563200
1770681106793 20.11395263671875 568320
1770681114710 20.08362579345703 573440
1770681122331 20.045705795288086 578560
1770681130322 20.007640838623047 583680
1770681138084 19.96589469909668 588800
1770681146034 19.931812286376953 593920
1770681153886 19.89945411682129 599040
1770681161540 19.851192474365234 604160
1770681169494 19.810047149658203 609280
1770681177288 19.775997161865234 614400
1770681185213 19.73879623413086 619520
1770681192904 19.69295883178711 624640
1770681200990 19.650646209716797 629760
1770681209178 19.610897064208984 634880
1770681216840 19.557836532592773 640000
1770681224800 19.517091751098633 645120
1770681232772 19.47467041015625 650240
1770681240510 19.4231014251709 655360
1770681248449 19.367984771728516 660480
1770681256132 19.304868698120117 665600
1770681264726 19.243309020996094 670720
1770681273530 19.158384323120117 675840
