1770680227184 26.3157901763916 5120
1770680235358 27.12940216064453 10240
1770680243408 27.23067283630371 15360
1770680251455 27.45013999938965 20480
1770680259494 27.540258407592773 25600
1770680267595 27.505268096923828 30720
1770680275659 27.66512680053711 35840
1770680283735 27.633066177368164 40960
1770680291947 27.583669662475586 46080
1770680299921 27.740083694458008 51200
1770680307966 27.678932189941406 56320
1770680315993 27.709680557250977 61440
1770680323995 27.870805740356445 66560
1770680331979 27.85970687866211 71680
1770680339994 27.83637809753418 76800
1770680348058 27.83001708984375 81920
1770680355954 27.76934814453125 87040
1770680364111 27.764963150024414 92160
1770680372155 27.748573303222656 97280
1770680380531 27.80965805053711 102400
1770680388844 27.826356887817383 107520
1770680397069 27.7720947265625 112640
1770680404690 27.801729202270508 117760
1770680412410 27.77308464050293 122880
1770680420353 27.79080581665039 128000
1770680428533 27.78018569946289 133120
1770680436443 27.80445098876953 138240
1770680444671 27.782028198242188 143360
1770680453654 27.808252334594727 148480
1770680462638 27.794696807861328 153600
1770680470378 27.813982009887695 158720
1770680478184 27.806581497192383 163840
1770680485793 27.78176498413086 168960
1770680493475 27.77593421936035 174080
1770680501223 27.749509811401367 179200
1770680508754 27.747507095336914 184320
1770680516198 27.73529052734375 189440
1770680524089 27.72439956665039 194560
1770680531775 27.712604522705078 199680
1770680539494 27.713294982910156 204800
1770680547447 27.729036331176758 209920
1770680555267 27.728551864624023 215040
1770680563121 27.713830947875977 220160
1770680570944 27.71415901184082 225280
1770680578689 27.70416831970215 230400
1770680586293 27.712697982788086 235520
1770680594023 27.712068557739258 240640
1770680601706 27.712648391723633 245760
1770680609354 27.722644805908203 250880
1770680617430 27.715991973876953 256000
1770680626209 27.689498901367188 261120
1770680636227 27.67149543762207 266240
1770680644593 27.65018081665039 271360
1770680652463 27.656431198120117 276480
1770680660249 27.653430938720703 281600
1770680668181 27.6226749420166 286720
1770680676620 27.54336166381836 291840
1770680684697 27.427324295043945 296960
1770680692486 27.290430068969727 302080
1770680700117 27.180177688598633 307200
1770680707810 27.13032341003418 312320
1770680716028 27.123416900634766 317440
1770680724322 27.127582550048828 322560
1770680732584 27.145498275756836 327680
1770680740682 27.164356231689453 332800
1770680748806 27.18031883239746 337920
1770680756878 27.209794998168945 343040
1770680765273 27.233238220214844 348160
1770680773254 27.269689559936523 353280
1770680781556 27.274782180786133 358400
1770680789847 27.283409118652344 363520
1770680797814 27.290830612182617 368640
1770680805849 27.293859481811523 373760
1770680813778 27.280536651611328 378880
1770680821598 27.260936737060547 384000
1770680829578 27.241666793823242 389120
1770680837548 27.237028121948242 394240
1770680845512 27.223424911499023 399360
1770680853316 27.19135093688965 404480
1770680861104 27.145267486572266 409600
1770680868907 27.119482040405273 414720
1770680876851 27.09099006652832 419840
1770680884977 27.08220100402832 424960
1770680892884 27.068349838256836 430080
1770680900571 27.067155838012695 435200
1770680908606 27.061819076538086 440320
1770680916340 27.03843116760254 445440
1770680924157 27.026086807250977 450560
1770680932322 27.01308250427246 455680
1770680940409 26.983619689941406 460800
1770680948499 26.954238891601562 465920
1770680956544 26.92950439453125 471040
1770680964537 26.91472816467285 476160
1770680972080 26.89698028564453 481280
1770680980050 26.865009307861328 486400
1770680988082 26.860368728637695 491520
1770680995569 26.836475372314453 496640
1770681003276 26.80392837524414 501760
1770681011187 26.774232864379883 506880
1770681019203 26.763336181640625 512000
1770681027460 26.735065460205078 517120
1770681035320 26.718406677246094 522240
1770681043400 26.69340705871582 527360
1770681051430 26.664819717407227 532480
1770681059370 26.641674041748047 537600
1770681067113 26.629701614379883 542720
1770681074986 26.604665756225586 547840
1770681082578 26.57459831237793 552960
1770681090610 26.555652618408203 558080
1770681098658 26.543899536132812 563200
1770681106793 26.526966094970703 568320
1770681114710 26.516027450561523 573440
1770681122331 26.491609573364258 578560
1770681130322 26.468673706054688 583680
1770681138084 26.43623924255371 588800
1770681146034 26.419055938720703 593920
1770681153886 26.39830780029297 599040
1770681161540 26.366750717163086 604160
1770681169494 26.34090232849121 609280
1770681177288 26.32493782043457 614400
1770681185213 26.301591873168945 619520
1770681192904 26.27076530456543 624640
1770681200990 26.245529174804688 629760
1770681209178 26.22025489807129 634880
1770681216840 26.182994842529297 640000
1770681224800 26.157922744750977 645120
1770681232772 26.143936157226562 650240
1770681240510 26.113479614257812 655360
1770681248449 26.0765323638916 660480
1770681256132 26.033138275146484 665600
1770681264726 25.99713706970215 670720
1770681273530 25.934572219848633 675840
