1770680227184 0.0 5120
1770680235358 0.0 10240
1770680243408 0.0 15360
1770680251455 0.0 20480
1770680259494 0.0 25600
1770680267595 0.0 30720
1770680275659 0.0 35840
1770680283735 0.0 40960
1770680291947 0.0 46080
1770680299921 0.0 51200
1770680307966 0.0 56320
1770680315993 0.0 61440
1770680323995 0.0 66560
1770680331979 0.0 71680
1770680339994 0.0 76800
1770680348058 0.0 81920
1770680355954 0.0 87040
1770680364111 0.0 92160
1770680372155 0.0 97280
1770680380531 0.0 102400
1770680388844 0.0 107520
1770680397069 0.0 112640
1770680404690 0.0 117760
1770680412410 0.0 122880
1770680420353 0.0 128000
1770680428533 0.0 133120
1770680436443 0.0 138240
1770680444671 0.0 143360
1770680453654 0.0 148480
1770680462638 0.0 153600
1770680470378 0.0 158720
1770680478184 0.0 163840
1770680485793 0.0 168960
1770680493475 0.0 174080
1770680501223 0.0 179200
1770680508754 0.0 184320
1770680516198 0.0 189440
1770680524089 0.0 194560
1770680531775 0.0 199680
1770680539494 0.0 204800
1770680547447 0.0 209920
1770680555267 0.0 215040
1770680563121 0.0 220160
1770680570944 0.0 225280
1770680578689 0.0 230400
1770680586293 0.0 235520
1770680594023 0.0 240640
1770680601706 0.0 245760
1770680609354 0.0 250880
1770680617430 0.0 256000
1770680626209 0.0 261120
1770680636227 0.0 266240
1770680644593 0.0 271360
1770680652463 0.0 276480
1770680660249 0.0 281600
1770680668181 0.0 286720
1770680676620 0.0 291840
1770680684697 0.0 296960
1770680692486 0.0 302080
1770680700117 0.0 307200
1770680707810 0.0 312320
1770680716028 0.0 317440
1770680724322 0.0 322560
1770680732584 0.0 327680
1770680740682 0.0 332800
1770680748806 0.0 337920
1770680756878 0.0 343040
1770680765273 0.0 348160
1770680773254 0.0 353280
1770680781556 0.0 358400
1770680789847 0.0 363520
1770680797814 0.0 368640
1770680805849 0.0 373760
1770680813778 0.0 378880
1770680821598 0.0 384000
1770680829578 0.0 389120
1770680837548 0.0 394240
1770680845512 0.0 399360
1770680853316 0.0 404480
1770680861104 0.0 409600
1770680868907 0.0 414720
1770680876851 0.0 419840
1770680884977 0.0 424960
1770680892884 0.0 430080
1770680900571 0.0 435200
1770680908606 0.0 440320
1770680916340 0.0 445440
1770680924157 0.0 450560
1770680932322 0.0 455680
1770680940409 0.0 460800
1770680948499 0.0 465920
1770680956544 0.0 471040
1770680964537 0.0 476160
1770680972080 0.0 481280
1770680980050 0.0 486400
1770680988082 0.0 491520
1770680995569 0.0 496640
1770681003276 0.0 501760
1770681011187 0.0 506880
1770681019203 0.0 512000
1770681027460 0.0 517120
1770681035320 0.0 522240
1770681043400 0.0 527360
1770681051430 0.0 532480
1770681059370 0.0 537600
1770681067113 0.0 542720
1770681074986 0.0 547840
1770681082578 0.0 552960
1770681090610 0.0 558080
1770681098658 0.0 563200
1770681106793 0.0 568320
1770681114710 0.0 573440
1770681122331 0.0 578560
1770681130322 0.0 583680
1770681138084 0.0 588800
1770681146034 0.0 593920
1770681153886 0.0 599040
1770681161540 0.0 604160
1770681169494 0.0 609280
1770681177288 0.0 614400
1770681185213 0.0 619520
1770681192904 0.0 624640
1770681200990 0.0 629760
1770681209178 0.0 634880
1770681216840 0.0 640000
1770681224800 0.0 645120
1770681232772 0.0 650240
1770681240510 0.0 655360
1770681248449 0.0 660480
1770681256132 0.0 665600
1770681264726 0.0 670720
1770681273530 0.0 675840
