1770680227179 -1.1073309183120728 5120
1770680235353 -1.4667847156524658 10240
1770680243403 -1.901637077331543 15360
1770680251450 -2.602567672729492 20480
1770680259489 -2.9572434425354004 25600
1770680267590 -3.090595245361328 30720
1770680275653 -3.1266064643859863 35840
1770680283728 -3.1311585903167725 40960
1770680291940 -3.111323595046997 46080
1770680299912 -3.0729947090148926 51200
1770680307959 -2.991964340209961 56320
1770680315984 -2.87888765335083 61440
1770680323989 -2.805720090866089 66560
1770680331973 -2.7044825553894043 71680
1770680339988 -2.604135036468506 76800
1770680348051 -2.4713282585144043 81920
1770680355948 -2.394507884979248 87040
1770680364100 -2.2649788856506348 92160
1770680372149 -2.1895246505737305 97280
1770680380523 -2.0734658241271973 102400
1770680388837 -1.9453628063201904 107520
1770680397059 -1.8490688800811768 112640
1770680404683 -1.7415342330932617 117760
1770680412404 -1.6361573934555054 122880
1770680420346 -1.5760693550109863 128000
1770680428526 -1.4230433702468872 133120
1770680436434 -1.3590949773788452 138240
1770680444663 -1.241711139678955 143360
1770680453641 -1.136317253112793 148480
1770680462630 -1.043782114982605 153600
1770680470370 -0.9984198808670044 158720
1770680478178 -0.8649548292160034 163840
1770680485784 -0.7815483212471008 168960
1770680493464 -0.7069345116615295 174080
1770680501215 -0.5872035622596741 179200
1770680508745 -0.5236392617225647 184320
1770680516191 -0.4750595986843109 189440
1770680524082 -0.38843750953674316 194560
1770680531764 -0.32294532656669617 199680
1770680539487 -0.20291011035442352 204800
1770680547438 -0.13691473007202148 209920
1770680555256 -0.10067053139209747 215040
1770680563112 0.012711589224636555 220160
1770680570935 0.058189988136291504 225280
1770680578681 0.11779874563217163 230400
1770680586284 0.17954406142234802 235520
1770680594015 0.19664481282234192 240640
1770680601698 0.2866877019405365 245760
1770680609346 0.3039034605026245 250880
1770680617417 0.39431482553482056 256000
1770680626198 0.4822356104850769 261120
1770680636216 0.4855167269706726 266240
1770680644585 0.5599052309989929 271360
1770680652453 0.6182270050048828 276480
1770680660241 0.6017995476722717 281600
1770680668173 0.4100024104118347 286720
1770680676610 0.268902063369751 291840
1770680684687 0.25655609369277954 296960
1770680692477 0.1493527889251709 302080
1770680700106 -0.01351772528141737 307200
1770680707800 -0.08553294837474823 312320
1770680716019 -0.21182087063789368 317440
1770680724305 -0.27722978591918945 322560
1770680732575 -0.33122238516807556 327680
1770680740673 -0.4280257821083069 332800
1770680748796 -0.4535426199436188 337920
1770680756867 -0.5568104386329651 343040
1770680765264 -0.6320980787277222 348160
1770680773245 -0.6837116479873657 353280
1770680781548 -0.7716145515441895 358400
1770680789837 -0.7990905046463013 363520
1770680797804 -0.7890214920043945 368640
1770680805840 -0.9020909070968628 373760
1770680813768 -0.9851810336112976 378880
1770680821589 -1.0631372928619385 384000
1770680829560 -1.1032114028930664 389120
1770680837538 -1.2679517269134521 394240
1770680845503 -1.4828765392303467 399360
1770680853308 -1.7836065292358398 404480
1770680861080 -2.209207773208618 409600
1770680868898 -2.6350648403167725 414720
1770680876841 -3.0692391395568848 419840
1770680884967 -3.7133796215057373 424960
1770680892874 -4.376484394073486 430080
1770680900560 -5.122768402099609 435200
1770680908594 -5.762146949768066 440320
1770680916329 -6.401566505432129 445440
1770680924146 -6.91356897354126 450560
1770680932311 -7.490843772888184 455680
1770680940398 -8.067611694335938 460800
1770680948487 -8.572092056274414 465920
1770680956533 -9.283970832824707 471040
1770680964526 -9.773031234741211 476160
1770680972068 -10.29554271697998 481280
1770680980029 -10.836959838867188 486400
1770680988071 -11.4342041015625 491520
1770680995559 -12.073996543884277 496640
1770681003264 -12.562520027160645 501760
1770681011176 -13.236981391906738 506880
1770681019193 -14.015955924987793 512000
1770681027450 -14.744199752807617 517120
1770681035304 -15.089282035827637 522240
1770681043390 -15.753291130065918 527360
1770681051419 -16.326370239257812 532480
1770681059360 -16.85931396484375 537600
1770681067101 -17.308685302734375 542720
1770681074974 -17.838647842407227 547840
1770681082565 -18.227359771728516 552960
1770681090597 -18.635257720947266 558080
1770681098646 -19.052892684936523 563200
1770681106783 -19.33734130859375 568320
1770681114699 -19.68703842163086 573440
1770681122320 -19.824216842651367 578560
1770681130312 -19.948026657104492 583680
1770681138073 -20.13669204711914 588800
1770681146023 -20.246919631958008 593920
1770681153865 -20.30437660217285 599040
1770681161528 -20.33756446838379 604160
1770681169483 -20.440536499023438 609280
1770681177277 -20.42661476135254 614400
1770681185200 -20.49058723449707 619520
1770681192892 -20.41937828063965 624640
1770681200974 -20.462570190429688 629760
1770681209166 -20.42925453186035 634880
1770681216825 -20.388233184814453 640000
1770681224788 -20.403228759765625 645120
1770681232760 -20.35309410095215 650240
1770681240497 -20.378952026367188 655360
1770681248438 -20.274015426635742 660480
1770681256115 -20.351856231689453 665600
1770681264708 -20.455677032470703 670720
1770681273515 -20.475696563720703 675840
