1770680227179 24.86174964904785 5120
1770680235353 22.344188690185547 10240
1770680243403 18.756572723388672 15360
1770680251450 18.02840805053711 20480
1770680259489 18.260896682739258 25600
1770680267590 17.619905471801758 30720
1770680275653 16.88129234313965 35840
1770680283728 17.26211166381836 40960
1770680291940 16.522409439086914 46080
1770680299912 16.195329666137695 51200
1770680307959 15.433309555053711 56320
1770680315984 15.015493392944336 61440
1770680323989 14.951765060424805 66560
1770680331973 14.538871765136719 71680
1770680339988 14.441461563110352 76800
1770680348051 13.8025541305542 81920
1770680355948 13.37744140625 87040
1770680364100 13.736001968383789 92160
1770680372149 13.535914421081543 97280
1770680380523 13.071046829223633 102400
1770680388837 13.117632865905762 107520
1770680397059 13.199897766113281 112640
1770680404683 12.911565780639648 117760
1770680412404 13.317045211791992 122880
1770680420346 12.818368911743164 128000
1770680428526 12.852516174316406 133120
1770680436434 12.698664665222168 138240
1770680444663 12.535344123840332 143360
1770680453641 12.315717697143555 148480
1770680462630 12.120007514953613 153600
1770680470370 12.866277694702148 158720
1770680478178 12.288385391235352 163840
1770680485784 12.462976455688477 168960
1770680493464 12.646211624145508 174080
1770680501215 12.42916488647461 179200
1770680508745 12.283172607421875 184320
1770680516191 12.10744857788086 189440
1770680524082 11.994348526000977 194560
1770680531764 12.359460830688477 199680
1770680539487 11.9912748336792 204800
1770680547438 11.876607894897461 209920
1770680555256 12.018412590026855 215040
1770680563112 11.960942268371582 220160
1770680570935 12.23069953918457 225280
1770680578681 11.720743179321289 230400
1770680586284 11.68379020690918 235520
1770680594015 11.815387725830078 240640
1770680601698 11.5177583694458 245760
1770680609346 11.827244758605957 250880
1770680617417 11.469725608825684 256000
1770680626198 11.427769660949707 261120
1770680636216 11.468058586120605 266240
1770680644585 11.311676025390625 271360
1770680652453 11.266573905944824 276480
1770680660241 11.456747055053711 281600
1770680668173 11.329668998718262 286720
1770680676610 11.545432090759277 291840
1770680684687 11.869040489196777 296960
1770680692477 12.009212493896484 302080
1770680700106 12.37757396697998 307200
1770680707800 12.437948226928711 312320
1770680716019 12.52508544921875 317440
1770680724305 12.433512687683105 322560
1770680732575 12.335000991821289 327680
1770680740673 12.121149063110352 332800
1770680748796 12.09286117553711 337920
1770680756867 12.21296215057373 343040
1770680765264 11.736865043640137 348160
1770680773245 11.784804344177246 353280
1770680781548 12.026422500610352 358400
1770680789837 11.7157564163208 363520
1770680797804 11.509063720703125 368640
1770680805840 11.755303382873535 373760
1770680813768 11.724811553955078 378880
1770680821589 11.619852066040039 384000
1770680829560 11.343969345092773 389120
1770680837538 11.481367111206055 394240
1770680845503 11.951915740966797 399360
1770680853308 12.344436645507812 404480
1770680861080 13.143331527709961 409600
1770680868898 13.599810600280762 414720
1770680876841 15.009878158569336 419840
1770680884967 15.562779426574707 424960
1770680892874 16.687711715698242 430080
1770680900560 18.397592544555664 435200
1770680908594 19.68806266784668 440320
1770680916329 20.864503860473633 445440
1770680924146 21.61301040649414 450560
1770680932311 22.8107852935791 455680
1770680940398 23.785900115966797 460800
1770680948487 24.502954483032227 465920
1770680956533 25.93853187561035 471040
1770680964526 27.621755599975586 476160
1770680972068 28.3901309967041 481280
1770680980029 28.888858795166016 486400
1770680988071 30.635784149169922 491520
1770680995559 31.328739166259766 496640
1770681003264 32.33271026611328 501760
1770681011176 32.95852279663086 506880
1770681019193 33.4749641418457 512000
1770681027450 34.29863739013672 517120
1770681035304 35.595123291015625 522240
1770681043390 36.02088165283203 527360
1770681051419 36.109683990478516 532480
1770681059360 37.799400329589844 537600
1770681067101 37.067169189453125 542720
1770681074974 38.99961471557617 547840
1770681082565 38.885528564453125 552960
1770681090597 38.123260498046875 558080
1770681098646 40.063873291015625 563200
1770681106783 40.39439010620117 568320
1770681114699 41.572784423828125 573440
1770681122320 42.06452941894531 578560
1770681130312 40.553829193115234 583680
1770681138073 40.3641357421875 588800
1770681146023 41.545291900634766 593920
1770681153865 39.85011672973633 599040
1770681161528 39.59613037109375 604160
1770681169483 40.655189514160156 609280
1770681177277 39.29792022705078 614400
1770681185200 40.419681549072266 619520
1770681192892 38.955135345458984 624640
1770681200974 38.3784065246582 629760
1770681209166 38.94493865966797 634880
1770681216825 39.58241653442383 640000
1770681224788 38.336402893066406 645120
1770681232760 37.60255813598633 650240
1770681240497 37.03227996826172 655360
1770681248438 37.150447845458984 660480
1770681256115 35.945396423339844 665600
1770681264708 36.84349822998047 670720
1770681273515 35.53368377685547 675840
