1770680227184 1.1450778245925903 5120
1770680235358 1.1965911388397217 10240
1770680243408 1.1629997491836548 15360
1770680251455 1.1555269956588745 20480
1770680259494 1.1561671495437622 25600
1770680267595 1.1505002975463867 30720
1770680275659 1.1564728021621704 35840
1770680283735 1.1552778482437134 40960
1770680291947 1.1521492004394531 46080
1770680299921 1.1543084383010864 51200
1770680307966 1.149931788444519 56320
1770680315993 1.1520106792449951 61440
1770680323995 1.1571606397628784 66560
1770680331979 1.1531511545181274 71680
1770680339994 1.154994010925293 76800
1770680348058 1.1503987312316895 81920
1770680355954 1.1471070051193237 87040
1770680364111 1.147485375404358 92160
1770680372155 1.1436325311660767 97280
1770680380531 1.1463364362716675 102400
1770680388844 1.1459105014801025 107520
1770680397069 1.1413393020629883 112640
1770680404690 1.1402928829193115 117760
1770680412410 1.1387598514556885 122880
1770680420353 1.1382486820220947 128000
1770680428533 1.1361395120620728 133120
1770680436443 1.1335211992263794 138240
1770680444671 1.1333563327789307 143360
1770680453654 1.1329832077026367 148480
1770680462638 1.1310943365097046 153600
1770680470378 1.130789875984192 158720
1770680478184 1.1298269033432007 163840
1770680485793 1.1287566423416138 168960
1770680493475 1.1263854503631592 174080
1770680501223 1.127370834350586 179200
1770680508754 1.1262726783752441 184320
1770680516198 1.1243923902511597 189440
1770680524089 1.123914122581482 194560
1770680531775 1.122632384300232 199680
1770680539494 1.1245386600494385 204800
1770680547447 1.1247614622116089 209920
1770680555267 1.124721646308899 215040
1770680563121 1.1253666877746582 220160
1770680570944 1.1238999366760254 225280
1770680578689 1.12409508228302 230400
1770680586293 1.1244558095932007 235520
1770680594023 1.1231406927108765 240640
1770680601706 1.1227898597717285 245760
1770680609354 1.1228828430175781 250880
1770680617430 1.1207560300827026 256000
1770680626209 1.1203252077102661 261120
1770680636227 1.1191117763519287 266240
1770680644593 1.1185455322265625 271360
1770680652463 1.1200041770935059 276480
1770680660249 1.1181731224060059 281600
1770680668181 1.119678258895874 286720
1770680676620 1.111074447631836 291840
1770680684697 1.0990073680877686 296960
1770680692486 1.0892517566680908 302080
1770680700117 1.0856845378875732 307200
1770680707810 1.0859167575836182 312320
1770680716028 1.0865304470062256 317440
1770680724322 1.0871974229812622 322560
1770680732584 1.0881075859069824 327680
1770680740682 1.0886656045913696 332800
1770680748806 1.0883820056915283 337920
1770680756878 1.0897672176361084 343040
1770680765273 1.090699315071106 348160
1770680773254 1.092634916305542 353280
1770680781556 1.0930098295211792 358400
1770680789847 1.094251036643982 363520
1770680797814 1.0943074226379395 368640
1770680805849 1.095499873161316 373760
1770680813778 1.0961331129074097 378880
1770680821598 1.0968153476715088 384000
1770680829578 1.0973528623580933 389120
1770680837548 1.0995620489120483 394240
1770680845512 1.1035915613174438 399360
1770680853316 1.1072219610214233 404480
1770680861104 1.1107033491134644 409600
1770680868907 1.1143711805343628 414720
1770680876851 1.118335247039795 419840
1770680884977 1.123199701309204 424960
1770680892884 1.1264480352401733 430080
1770680900571 1.1301031112670898 435200
1770680908606 1.1337400674819946 440320
1770680916340 1.1365023851394653 445440
1770680924157 1.1407750844955444 450560
1770680932322 1.1442723274230957 455680
1770680940409 1.147544264793396 460800
1770680948499 1.1498219966888428 465920
1770680956544 1.153266429901123 471040
1770680964537 1.1560275554656982 476160
1770680972080 1.1582205295562744 481280
1770680980050 1.1601091623306274 486400
1770680988082 1.1634796857833862 491520
1770680995569 1.16541588306427 496640
1770681003276 1.1670070886611938 501760
1770681011187 1.169726014137268 506880
1770681019203 1.1734741926193237 512000
1770681027460 1.1763417720794678 517120
1770681035320 1.1787314414978027 522240
1770681043400 1.180884599685669 527360
1770681051430 1.1833171844482422 532480
1770681059370 1.1854199171066284 537600
1770681067113 1.18880033493042 542720
1770681074986 1.1902010440826416 547840
1770681082578 1.1920526027679443 552960
1770681090610 1.193925380706787 558080
1770681098658 1.195655345916748 563200
1770681106793 1.1971303224563599 568320
1770681114710 1.198899269104004 573440
1770681122331 1.200732707977295 578560
1770681130322 1.2026772499084473 583680
1770681138084 1.20279860496521 588800
1770681146034 1.2045989036560059 593920
1770681153886 1.2059887647628784 599040
1770681161540 1.2075527906417847 604160
1770681169494 1.2088491916656494 609280
1770681177288 1.2107375860214233 614400
1770681185213 1.2120671272277832 619520
1770681192904 1.213239073753357 624640
1770681200990 1.2145912647247314 629760
1770681209178 1.2156174182891846 634880
1770681216840 1.2160283327102661 640000
1770681224800 1.2166496515274048 645120
1770681232772 1.2192645072937012 650240
1770681240510 1.2204478979110718 655360
1770681248449 1.2210532426834106 660480
1770681256132 1.2215280532836914 665600
1770681264726 1.222741723060608 670720
1770681273530 1.2223773002624512 675840
