1770680227179 197.84452830188678 5120
1770680235353 169.6244590932988 10240
1770680243403 193.52669219766528 15360
1770680251450 143.64546731052434 20480
1770680259489 136.54666796887716 25600
1770680267590 106.29254941713127 30720
1770680275653 159.31568351882098 35840
1770680283728 157.19601229293156 40960
1770680291940 186.23968740286844 46080
1770680299912 183.31748251748252 51200
1770680307959 165.57334596557715 56320
1770680315984 140.7295665011408 61440
1770680323989 182.60716618050415 66560
1770680331973 174.95219821473262 71680
1770680339988 181.4223798607206 76800
1770680348051 171.7217604912999 81920
1770680355948 177.49160001692692 87040
1770680364100 119.99496481089432 92160
1770680372149 183.79142018316463 97280
1770680380523 143.97583413428532 102400
1770680388837 146.16846140442587 107520
1770680397059 131.076096128004 112640
1770680404683 184.30830074262863 117760
1770680412404 206.26033931644946 122880
1770680420346 133.2709710218607 128000
1770680428526 156.35802423112767 133120
1770680436434 123.42359415001619 138240
1770680444663 163.74405621706032 143360
1770680453641 119.1225220107924 148480
1770680462630 173.34699950405025 153600
1770680470370 181.67384242214234 158720
1770680478178 182.7902030855051 163840
1770680485784 172.484434757577 168960
1770680493464 119.92977439739228 174080
1770680501215 164.41158715848064 179200
1770680508745 139.16995155617494 184320
1770680516191 183.7994741454864 189440
1770680524082 199.07465945227585 194560
1770680531764 127.81277425646026 199680
1770680539487 181.45377460523468 204800
1770680547438 180.40017204301074 209920
1770680555256 138.2251515950435 215040
1770680563112 143.1405364821514 220160
1770680570935 152.2322880371661 225280
1770680578681 182.77427226773574 230400
1770680586284 157.14300700610693 235520
1770680594015 153.0935503887287 240640
1770680601698 197.81653539593455 245760
1770680609346 191.62573099415204 250880
1770680617417 178.45823937369698 256000
1770680626198 149.54554854351625 261120
1770680636216 166.79142641269337 266240
1770680644585 169.0161186331399 271360
1770680652453 110.78457474907555 276480
1770680660241 181.49303331890957 281600
1770680668173 81.48551667864706 286720
1770680676610 144.7909417288042 291840
1770680684687 139.06382414376182 296960
1770680692477 140.06692269160126 302080
1770680700106 195.08390697674417 307200
1770680707800 165.50801041748875 312320
1770680716019 106.26561945781606 317440
1770680724305 104.94943075190793 322560
1770680732575 137.3650356979105 327680
1770680740673 146.9932010934324 332800
1770680748796 131.37580655265302 337920
1770680756867 124.94575352259525 343040
1770680765264 134.9605508719995 348160
1770680773245 190.15750102008434 353280
1770680781548 152.8870744331851 358400
1770680789837 169.83738257207645 363520
1770680797804 181.7131964301187 368640
1770680805840 135.1170671992784 373760
1770680813768 150.2526956833244 378880
1770680821589 163.89121600500155 384000
1770680829560 129.38593947620075 389120
1770680837538 146.68475904035813 394240
1770680845503 177.15424902855213 399360
1770680853308 177.00472653612425 404480
1770680861080 56.38187415144305 409600
1770680868898 187.53035857998748 414720
1770680876841 167.01059170183962 419840
1770680884967 158.8691337449339 424960
1770680892874 163.41868619964154 430080
1770680900560 157.61542219382963 435200
1770680908594 156.46885025740505 440320
1770680916329 177.6569952136897 445440
1770680924146 158.18608334904772 450560
1770680932311 168.64913550462404 455680
1770680940398 142.14124983055441 460800
1770680948487 156.9665805920437 465920
1770680956533 162.412545982575 471040
1770680964526 151.6104825591903 476160
1770680972068 166.04528899445765 481280
1770680980029 134.6658961022282 486400
1770680988071 150.81456977454962 491520
1770680995559 182.83801220575415 496640
1770681003264 161.37524527721135 501760
1770681011176 146.53614226321488 506880
1770681019193 190.59820049077524 512000
1770681027450 185.260777385159 517120
1770681035304 160.9232658072437 522240
1770681043390 105.24173232297888 527360
1770681051419 167.5844653987534 532480
1770681059360 180.42345248849313 537600
1770681067101 166.79142641269337 542720
1770681074974 157.48522509668456 547840
1770681082565 167.85944691239445 552960
1770681090597 138.0795364761654 558080
1770681098646 98.79411141208338 563200
1770681106783 165.01963252940945 568320
1770681114699 181.52445252315417 573440
1770681122320 196.98041609918752 578560
1770681130312 120.60221979412272 583680
1770681138073 149.49224792386926 588800
1770681146023 182.22635443367946 593920
1770681153865 125.92104236092348 599040
1770681161528 138.15685628643894 604160
1770681169483 184.2354388122639 609280
1770681177277 187.30424686285892 614400
1770681185200 140.89029224051058 619520
1770681192892 187.79064248936646 624640
1770681200974 173.0680420878894 629760
1770681209166 115.507380480282 634880
1770681216825 166.65887869034847 640000
1770681224788 185.04010235143602 645120
1770681232760 134.07185781869327 650240
1770681240497 99.9571983508496 655360
1770681248438 182.7583442265795 660480
1770681256115 157.84081586572836 665600
1770681264708 102.85703075187601 670720
1770681273515 114.84636236685742 675840
