1770970524822 0.09607371687889099 5120
1770970542461 0.09247252345085144 10240
1770970559968 0.08803252130746841 15360
1770970577512 0.08582613617181778 20480
1770970595062 0.08268032222986221 25600
1770970612585 0.08011992275714874 30720
1770970630142 0.07977210730314255 35840
1770970647700 0.08071471750736237 40960
1770970665499 0.08123236149549484 46080
1770970683120 0.07712341845035553 51200
1770970700669 0.07039718329906464 56320
1770970718228 0.06611020117998123 61440
1770970735791 0.06522604823112488 66560
1770970753347 0.06587382405996323 71680
1770970770895 0.06667112559080124 76800
1770970788441 0.06709539890289307 81920
1770970805940 0.0674251839518547 87040
1770970823472 0.06735935062170029 92160
1770970841017 0.06749829649925232 97280
1770970858492 0.0680464580655098 102400
1770970876015 0.06801827996969223 107520
1770970893550 0.06790871173143387 112640
1770970911080 0.06764493137598038 117760
1770970928592 0.06731114536523819 122880
1770970946143 0.0678439736366272 128000
1770970963690 0.06930353492498398 133120
1770970981211 0.07035677880048752 138240
1770970998705 0.0717916190624237 143360
1770971016243 0.07399649918079376 148480
1770971033788 0.07621394842863083 153600
1770971051346 0.0780748799443245 158720
1770971068862 0.08063682913780212 163840
1770971086401 0.08291400969028473 168960
1770971103920 0.08543141931295395 174080
1770971121470 0.08767035603523254 179200
1770971138962 0.0900343731045723 184320
1770971156500 0.09247042238712311 189440
1770971174005 0.09507355093955994 194560
1770971191506 0.09761326014995575 199680
1770971209057 0.1003405749797821 204800
1770971226593 0.1034596785902977 209920
1770971244134 0.10603876411914825 215040
1770971261669 0.10820727050304413 220160
1770971279208 0.11028752475976944 225280
1770971296730 0.11213131994009018 230400
1770971314140 0.11389720439910889 235520
1770971331641 0.11516568809747696 240640
1770971349166 0.11641647666692734 245760
1770971366689 0.11792098730802536 250880
1770971384255 0.1189752072095871 256000
1770971401748 0.12020908296108246 261120
1770971419212 0.1212538331747055 266240
1770971436729 0.1223856508731842 271360
1770971454255 0.12342461943626404 276480
1770971471807 0.12423655390739441 281600
1770971489350 0.12500646710395813 286720
1770971506883 0.12584546208381653 291840
1770971524399 0.12684285640716553 296960
1770971531394 0.12756100296974182 300032
