1770970524822 18.481151580810547 5120
1770970542461 20.539196014404297 10240
1770970559968 21.068843841552734 15360
1770970577512 21.411542892456055 20480
1770970595062 21.475141525268555 25600
1770970612585 21.80294418334961 30720
1770970630142 21.84575080871582 35840
1770970647700 21.833511352539062 40960
1770970665499 21.831710815429688 46080
1770970683120 21.663013458251953 51200
1770970700669 21.573320388793945 56320
1770970718228 21.199800491333008 61440
1770970735791 21.14220428466797 66560
1770970753347 21.307048797607422 71680
1770970770895 21.38465690612793 76800
1770970788441 21.41940689086914 81920
1770970805940 21.494081497192383 87040
1770970823472 21.496747970581055 92160
1770970841017 21.52635383605957 97280
1770970858492 21.564022064208984 102400
1770970876015 21.564851760864258 107520
1770970893550 21.535409927368164 112640
1770970911080 21.53274917602539 117760
1770970928592 21.53080177307129 122880
1770970946143 21.33721923828125 128000
1770970963690 21.068126678466797 133120
1770970981211 20.866230010986328 138240
1770970998705 20.683950424194336 143360
1770971016243 20.530263900756836 148480
1770971033788 20.379003524780273 153600
1770971051346 20.232254028320312 158720
1770971068862 20.12285614013672 163840
1770971086401 19.966899871826172 168960
1770971103920 19.79322052001953 174080
1770971121470 19.653610229492188 179200
1770971138962 19.486343383789062 184320
1770971156500 19.3309383392334 189440
1770971174005 19.162919998168945 194560
1770971191506 18.97667121887207 199680
1770971209057 18.794952392578125 204800
1770971226593 18.61319923400879 209920
1770971244134 18.420339584350586 215040
1770971261669 18.231693267822266 220160
1770971279208 18.043212890625 225280
1770971296730 17.84778594970703 230400
1770971314140 17.672914505004883 235520
1770971331641 17.48531150817871 240640
1770971349166 17.302236557006836 245760
1770971366689 17.13836669921875 250880
1770971384255 16.993419647216797 256000
1770971401748 16.848039627075195 261120
1770971419212 16.722692489624023 266240
1770971436729 16.584829330444336 271360
1770971454255 16.451801300048828 276480
1770971471807 16.322324752807617 281600
1770971489350 16.20043182373047 286720
1770971506883 16.078594207763672 291840
1770971524399 15.970767974853516 296960
1770971531394 15.9398193359375 300032
