1770970524822 0.0 5120
1770970542461 0.0 10240
1770970559968 0.0 15360
1770970577512 0.0 20480
1770970595062 0.0 25600
1770970612585 0.0 30720
1770970630142 0.0 35840
1770970647700 0.0 40960
1770970665499 0.0 46080
1770970683120 0.0 51200
1770970700669 0.0 56320
1770970718228 0.0 61440
1770970735791 0.0 66560
1770970753347 0.0 71680
1770970770895 0.0 76800
1770970788441 0.0 81920
1770970805940 0.0 87040
1770970823472 0.0 92160
1770970841017 0.0 97280
1770970858492 0.0 102400
1770970876015 0.0 107520
1770970893550 0.0 112640
1770970911080 0.0 117760
1770970928592 0.0 122880
1770970946143 0.0 128000
1770970963690 0.0 133120
1770970981211 0.0 138240
1770970998705 0.0 143360
1770971016243 0.0 148480
1770971033788 0.0 153600
1770971051346 0.0 158720
1770971068862 0.0 163840
1770971086401 0.0 168960
1770971103920 0.0 174080
1770971121470 0.0 179200
1770971138962 0.0 184320
1770971156500 0.0 189440
1770971174005 0.0 194560
1770971191506 0.0 199680
1770971209057 0.0 204800
1770971226593 0.0 209920
1770971244134 0.0 215040
1770971261669 0.0 220160
1770971279208 0.0 225280
1770971296730 0.0 230400
1770971314140 0.0 235520
1770971331641 0.0 240640
1770971349166 0.0 245760
1770971366689 0.0 250880
1770971384255 0.0 256000
1770971401748 0.0 261120
1770971419212 0.0 266240
1770971436729 0.0 271360
1770971454255 0.0 276480
1770971471807 0.0 281600
1770971489350 0.0 286720
1770971506883 0.0 291840
1770971524399 0.0 296960
1770971531394 0.0 300032
