1770970524822 1.1238270998001099 5120
1770970542461 1.1677755117416382 10240
1770970559968 1.1756629943847656 15360
1770970577512 1.175965428352356 20480
1770970595062 1.1692591905593872 25600
1770970612585 1.1713874340057373 30720
1770970630142 1.1717602014541626 35840
1770970647700 1.1686582565307617 40960
1770970665499 1.1660841703414917 46080
1770970683120 1.1630059480667114 51200
1770970700669 1.1694061756134033 56320
1770970718228 1.1680790185928345 61440
1770970735791 1.1650201082229614 66560
1770970753347 1.1683273315429688 71680
1770970770895 1.1686921119689941 76800
1770970788441 1.168484091758728 81920
1770970805940 1.1673717498779297 87040
1770970823472 1.165147066116333 92160
1770970841017 1.1641697883605957 97280
1770970858492 1.1637986898422241 102400
1770970876015 1.1610901355743408 107520
1770970893550 1.1592341661453247 112640
1770970911080 1.1579424142837524 117760
1770970928592 1.156771183013916 122880
1770970946143 1.1585395336151123 128000
1770970963690 1.1595182418823242 133120
1770970981211 1.1586837768554688 138240
1770970998705 1.1575406789779663 143360
1770971016243 1.157690167427063 148480
1770971033788 1.1570931673049927 153600
1770971051346 1.1571614742279053 158720
1770971068862 1.1584724187850952 163840
1770971086401 1.158531904220581 168960
1770971103920 1.1578365564346313 174080
1770971121470 1.1582813262939453 179200
1770971138962 1.1576324701309204 184320
1770971156500 1.158258318901062 189440
1770971174005 1.1588064432144165 194560
1770971191506 1.158247947692871 199680
1770971209057 1.1585237979888916 204800
1770971226593 1.1593979597091675 209920
1770971244134 1.1588823795318604 215040
1770971261669 1.1592800617218018 220160
1770971279208 1.1599278450012207 225280
1770971296730 1.1593619585037231 230400
1770971314140 1.160239577293396 235520
1770971331641 1.159088134765625 240640
1770971349166 1.158840537071228 245760
1770971366689 1.1592211723327637 250880
1770971384255 1.1595298051834106 256000
1770971401748 1.1602952480316162 261120
1770971419212 1.160595178604126 266240
1770971436729 1.1605151891708374 271360
1770971454255 1.1592812538146973 276480
1770971471807 1.1588634252548218 281600
1770971489350 1.158365249633789 286720
1770971506883 1.1581603288650513 291840
1770971524399 1.1584686040878296 296960
1770971531394 1.1593382358551025 300032
