1770970524814 -0.9102452397346497 5120
1770970542450 -1.3029879331588745 10240
1770970559959 -2.5346932411193848 15360
1770970577502 -3.166189432144165 20480
1770970595052 -3.410945415496826 25600
1770970612574 -3.606830596923828 30720
1770970630132 -3.6844801902770996 35840
1770970647690 -3.838313341140747 40960
1770970665488 -3.8888518810272217 46080
1770970683109 -3.9472248554229736 51200
1770970700658 -4.0136613845825195 56320
1770970718217 -4.3403449058532715 61440
1770970735781 -4.604550361633301 66560
1770970753336 -4.706474304199219 71680
1770970770884 -4.972830295562744 76800
1770970788429 -5.242430686950684 81920
1770970805929 -5.5041375160217285 87040
1770970823461 -5.698272228240967 92160
1770970841006 -5.975150108337402 97280
1770970858480 -6.289400100708008 102400
1770970876004 -6.573677062988281 107520
1770970893539 -6.8764238357543945 112640
1770970911068 -7.083526611328125 117760
1770970928578 -7.288647651672363 122880
1770970946131 -7.349925994873047 128000
1770970963679 -7.566404819488525 133120
1770970981200 -8.064840316772461 138240
1770970998693 -8.743553161621094 143360
1770971016230 -9.347875595092773 148480
1770971033777 -9.974649429321289 153600
1770971051334 -10.531702041625977 158720
1770971068850 -11.123199462890625 163840
1770971086389 -11.506479263305664 168960
1770971103908 -11.960794448852539 174080
1770971121458 -12.38538646697998 179200
1770971138950 -12.679807662963867 184320
1770971156488 -13.017849922180176 189440
1770971173993 -13.326019287109375 194560
1770971191494 -13.676922798156738 199680
1770971209044 -13.93048095703125 204800
1770971226581 -14.252779960632324 209920
1770971244121 -14.48585033416748 215040
1770971261659 -14.616848945617676 220160
1770971279195 -14.768835067749023 225280
1770971296717 -15.0187349319458 230400
1770971314127 -15.071423530578613 235520
1770971331630 -15.347541809082031 240640
1770971349153 -15.545785903930664 245760
1770971366676 -15.708600997924805 250880
1770971384242 -15.930445671081543 256000
1770971401735 -16.10569190979004 261120
1770971419198 -16.16099739074707 266240
1770971436715 -16.34960174560547 271360
1770971454244 -16.51566505432129 276480
1770971471794 -16.777070999145508 281600
1770971489336 -17.00399398803711 286720
1770971506868 -17.232765197753906 291840
1770971524385 -17.428211212158203 296960
1770971531380 -17.625228881835938 300032
