1770970524814 23.673385620117188 5120
1770970542450 20.22658348083496 10240
1770970559959 23.002315521240234 15360
1770970577502 20.77387046813965 20480
1770970595052 19.6412353515625 25600
1770970612574 18.202497482299805 30720
1770970630132 16.88290786743164 35840
1770970647690 15.798421859741211 40960
1770970665488 15.951833724975586 46080
1770970683109 15.520669937133789 51200
1770970700658 14.439265251159668 56320
1770970718217 15.227526664733887 61440
1770970735781 14.056205749511719 66560
1770970753336 14.08055591583252 71680
1770970770884 13.360552787780762 76800
1770970788429 13.525080680847168 81920
1770970805929 13.54536247253418 87040
1770970823461 14.007824897766113 92160
1770970841006 14.348223686218262 97280
1770970858480 13.98779582977295 102400
1770970876004 13.962844848632812 107520
1770970893539 13.417112350463867 112640
1770970911068 13.507211685180664 117760
1770970928578 13.331809997558594 122880
1770970946131 13.374900817871094 128000
1770970963679 14.038683891296387 133120
1770970981200 14.532620429992676 138240
1770970998693 16.37799072265625 143360
1770971016230 17.04059410095215 148480
1770971033777 18.907901763916016 153600
1770971051334 20.054563522338867 158720
1770971068850 22.68545150756836 163840
1770971086389 22.940032958984375 168960
1770971103908 24.03151512145996 174080
1770971121458 25.209415435791016 179200
1770971138950 26.50872230529785 184320
1770971156488 26.848468780517578 189440
1770971173993 27.541500091552734 194560
1770971191494 29.231739044189453 199680
1770971209044 29.78216552734375 204800
1770971226581 30.686208724975586 209920
1770971244121 32.394866943359375 215040
1770971261659 33.03563690185547 220160
1770971279195 34.25177001953125 225280
1770971296717 34.44611740112305 230400
1770971314127 35.60960006713867 235520
1770971331630 35.77705764770508 240640
1770971349153 35.163360595703125 245760
1770971366676 36.10371017456055 250880
1770971384242 37.093666076660156 256000
1770971401735 37.170902252197266 261120
1770971419198 38.31801223754883 266240
1770971436715 37.67039489746094 271360
1770971454244 38.614036560058594 276480
1770971471794 40.14686965942383 281600
1770971489336 40.09067153930664 286720
1770971506868 38.48450469970703 291840
1770971524385 40.404388427734375 296960
1770971531380 41.14173889160156 300032
