1770970524822 2.195592164993286 5120
1770970542461 2.0358939170837402 10240
1770970559968 1.9354599714279175 15360
1770970577512 1.8712249994277954 20480
1770970595062 1.8023241758346558 25600
1770970612585 1.7420365810394287 30720
1770970630142 1.730810523033142 35840
1770970647700 1.7448816299438477 40960
1770970665499 1.7514315843582153 46080
1770970683120 1.6709035634994507 51200
1770970700669 1.536602258682251 56320
1770970718228 1.4713184833526611 61440
1770970735791 1.4542901515960693 66560
1770970753347 1.463524341583252 71680
1770970770895 1.476938247680664 76800
1770970788441 1.4845001697540283 81920
1770970805940 1.4877586364746094 87040
1770970823472 1.484601378440857 92160
1770970841017 1.4857627153396606 97280
1770970858492 1.4942505359649658 102400
1770970876015 1.4916470050811768 107520
1770970893550 1.4890695810317993 112640
1770970911080 1.482678771018982 117760
1770970928592 1.474225640296936 122880
1770970946143 1.50346040725708 128000
1770970963690 1.5612119436264038 133120
1770970981211 1.5973925590515137 138240
1770970998705 1.6380139589309692 143360
1770971016243 1.6918175220489502 148480
1770971033788 1.7436729669570923 153600
1770971051346 1.7909075021743774 158720
1770971068862 1.8496443033218384 163840
1770971086401 1.9067175388336182 168960
1770971103920 1.9674359560012817 174080
1770971121470 2.0216281414031982 179200
1770971138962 2.0799617767333984 184320
1770971156500 2.1410012245178223 189440
1770971174005 2.206789493560791 194560
1770971191506 2.273256778717041 199680
1770971209057 2.345611333847046 204800
1770971226593 2.4269208908081055 209920
1770971244134 2.495511293411255 215040
1770971261669 2.560429811477661 220160
1770971279208 2.6229138374328613 225280
1770971296730 2.6795315742492676 230400
1770971314140 2.736151695251465 235520
1770971331641 2.779942750930786 240640
1770971349166 2.825636863708496 245760
1770971366689 2.876652479171753 250880
1770971384255 2.916184902191162 256000
1770971401748 2.9600167274475098 261120
1770971419212 2.9937021732330322 266240
1770971436729 3.03022837638855 271360
1770971454255 3.0624170303344727 276480
1770971471807 3.0916574001312256 281600
1770971489350 3.1195454597473145 286720
1770971506883 3.1503512859344482 291840
1770971524399 3.1821367740631104 296960
1770971531394 3.2016091346740723 300032
