1770979186991 0.01820257678627968 5120
1770979198471 -0.0019360354635864496 10240
1770979209712 -0.00766418594866991 15360
1770979220351 -0.011148788966238499 20480
1770979231063 -0.01329263299703598 25600
1770979242188 -0.014745955355465412 30720
1770979252916 -0.015955841168761253 35840
1770979266036 -0.016682595014572144 40960
1770979276920 -0.01733502745628357 46080
1770979287637 -0.017824698239564896 51200
1770979298853 -0.018229637295007706 56320
1770979311416 -0.018802445381879807 61440
1770979322622 -0.019117657095193863 66560
1770979333302 -0.01928071118891239 71680
1770979344065 -0.019552184268832207 76800
1770979356148 -0.019761357456445694 81920
1770979366771 -0.01999550499022007 87040
1770979378004 -0.020236795768141747 92160
1770979388632 -0.020485734567046165 97280
1770979399401 -0.020560719072818756 102400
1770979410562 -0.02076801098883152 107520
1770979421203 -0.02095204032957554 112640
1770979432140 -0.021117018535733223 117760
1770979445287 -0.02123190648853779 122880
1770979456132 -0.021255530416965485 128000
1770979467236 -0.02122258022427559 133120
1770979477932 -0.021272316575050354 138240
1770979490510 -0.02126341499388218 143360
1770979501619 -0.021281041204929352 148480
1770979512474 -0.02130994014441967 153600
1770979523286 -0.02144601009786129 158720
1770979536144 -0.02139628306031227 163840
1770979547155 -0.021505599841475487 168960
1770979558291 -0.021529756486415863 174080
1770979569131 -0.021553948521614075 179200
1770979582259 -0.021550683304667473 184320
1770979592917 -0.021556507796049118 189440
1770979603790 -0.02162383869290352 194560
1770979614936 -0.021582240238785744 199680
1770979627819 -0.021628128364682198 204800
1770979638908 -0.021653706207871437 209920
1770979650220 -0.021760471165180206 215040
1770979660461 -0.02173026278614998 220160
1770979671473 -0.021713124588131905 225280
1770979682373 -0.0218375064432621 230400
1770979693691 -0.02181784063577652 235520
1770979704464 -0.021810632199048996 240640
1770979715402 -0.021851105615496635 245760
1770979726542 -0.021863769739866257 250880
1770979737317 -0.021899119019508362 256000
1770979748160 -0.021959012374281883 261120
1770979761192 -0.0219676923006773 266240
1770979771906 -0.021875720471143723 271360
1770979782606 -0.02195809967815876 276480
1770979793763 -0.022010881453752518 281600
1770979806547 -0.02199234627187252 286720
1770979817303 -0.02201857790350914 291840
1770979828535 -0.02208005078136921 296960
1770979832976 -0.02209390141069889 300032
