1770979186991 24.50794792175293 5120
1770979198471 24.816925048828125 10240
1770979209712 24.66336441040039 15360
1770979220351 24.9639949798584 20480
1770979231063 25.28494644165039 25600
1770979242188 25.40126609802246 30720
1770979252916 25.466114044189453 35840
1770979266036 25.48432731628418 40960
1770979276920 25.522472381591797 46080
1770979287637 25.643333435058594 51200
1770979298853 25.713699340820312 56320
1770979311416 25.7659912109375 61440
1770979322622 25.71050262451172 66560
1770979333302 25.59773826599121 71680
1770979344065 25.687185287475586 76800
1770979356148 25.679758071899414 81920
1770979366771 25.637439727783203 87040
1770979378004 25.600645065307617 92160
1770979388632 25.633365631103516 97280
1770979399401 25.63825798034668 102400
1770979410562 25.68812370300293 107520
1770979421203 25.662336349487305 112640
1770979432140 25.681636810302734 117760
1770979445287 25.708850860595703 122880
1770979456132 25.695396423339844 128000
1770979467236 25.659395217895508 133120
1770979477932 25.67857551574707 138240
1770979490510 25.596675872802734 143360
1770979501619 25.560916900634766 148480
1770979512474 25.52739715576172 153600
1770979523286 25.565000534057617 158720
1770979536144 25.504743576049805 163840
1770979547155 25.505084991455078 168960
1770979558291 25.477685928344727 174080
1770979569131 25.480470657348633 179200
1770979582259 25.440744400024414 184320
1770979592917 25.452072143554688 189440
1770979603790 25.48824119567871 194560
1770979614936 25.472686767578125 199680
1770979627819 25.476299285888672 204800
1770979638908 25.45038414001465 209920
1770979650220 25.480823516845703 215040
1770979660461 25.47698402404785 220160
1770979671473 25.4268741607666 225280
1770979682373 25.467119216918945 230400
1770979693691 25.463523864746094 235520
1770979704464 25.45319175720215 240640
1770979715402 25.458436965942383 245760
1770979726542 25.462350845336914 250880
1770979737317 25.459688186645508 256000
1770979748160 25.485681533813477 261120
1770979761192 25.491981506347656 266240
1770979771906 25.458738327026367 271360
1770979782606 25.442035675048828 276480
1770979793763 25.47010612487793 281600
1770979806547 25.446853637695312 286720
1770979817303 25.47205924987793 291840
1770979828535 25.47633171081543 296960
1770979832976 25.472396850585938 300032
