1770979186991 0.0 5120
1770979198471 0.0 10240
1770979209712 0.0 15360
1770979220351 0.0 20480
1770979231063 0.0 25600
1770979242188 0.0 30720
1770979252916 0.0 35840
1770979266036 0.0 40960
1770979276920 0.0 46080
1770979287637 0.0 51200
1770979298853 0.0 56320
1770979311416 0.0 61440
1770979322622 0.0 66560
1770979333302 0.0 71680
1770979344065 0.0 76800
1770979356148 0.0 81920
1770979366771 0.0 87040
1770979378004 0.0 92160
1770979388632 0.0 97280
1770979399401 0.0 102400
1770979410562 0.0 107520
1770979421203 0.0 112640
1770979432140 0.0 117760
1770979445287 0.0 122880
1770979456132 0.0 128000
1770979467236 0.0 133120
1770979477932 0.0 138240
1770979490510 0.0 143360
1770979501619 0.0 148480
1770979512474 0.0 153600
1770979523286 0.0 158720
1770979536144 0.0 163840
1770979547155 0.0 168960
1770979558291 0.0 174080
1770979569131 0.0 179200
1770979582259 0.0 184320
1770979592917 0.0 189440
1770979603790 0.0 194560
1770979614936 0.0 199680
1770979627819 0.0 204800
1770979638908 0.0 209920
1770979650220 0.0 215040
1770979660461 0.0 220160
1770979671473 0.0 225280
1770979682373 0.0 230400
1770979693691 0.0 235520
1770979704464 0.0 240640
1770979715402 0.0 245760
1770979726542 0.0 250880
1770979737317 0.0 256000
1770979748160 0.0 261120
1770979761192 0.0 266240
1770979771906 0.0 271360
1770979782606 0.0 276480
1770979793763 0.0 281600
1770979806547 0.0 286720
1770979817303 0.0 291840
1770979828535 0.0 296960
1770979832976 0.0 300032
