1770979186991 1.1602952480316162 5120
1770979198471 1.1438161134719849 10240
1770979209712 1.1433056592941284 15360
1770979220351 1.1459434032440186 20480
1770979231063 1.160050630569458 25600
1770979242188 1.1668016910552979 30720
1770979252916 1.1664081811904907 35840
1770979266036 1.162356972694397 40960
1770979276920 1.1670674085617065 46080
1770979287637 1.1738797426223755 51200
1770979298853 1.1777572631835938 56320
1770979311416 1.1798896789550781 61440
1770979322622 1.1776472330093384 66560
1770979333302 1.174281120300293 71680
1770979344065 1.1770721673965454 76800
1770979356148 1.175964117050171 81920
1770979366771 1.1727945804595947 87040
1770979378004 1.173698902130127 92160
1770979388632 1.1747370958328247 97280
1770979399401 1.174633264541626 102400
1770979410562 1.1758127212524414 107520
1770979421203 1.1731678247451782 112640
1770979432140 1.17214834690094 117760
1770979445287 1.1725374460220337 122880
1770979456132 1.1716901063919067 128000
1770979467236 1.1716654300689697 133120
1770979477932 1.1718385219573975 138240
1770979490510 1.1692159175872803 143360
1770979501619 1.1690610647201538 148480
1770979512474 1.1681475639343262 153600
1770979523286 1.1690789461135864 158720
1770979536144 1.1680874824523926 163840
1770979547155 1.1677227020263672 168960
1770979558291 1.1661328077316284 174080
1770979569131 1.1667530536651611 179200
1770979582259 1.166277527809143 184320
1770979592917 1.1666176319122314 189440
1770979603790 1.1677124500274658 194560
1770979614936 1.167345404624939 199680
1770979627819 1.1668745279312134 204800
1770979638908 1.1660023927688599 209920
1770979650220 1.168197751045227 215040
1770979660461 1.1680704355239868 220160
1770979671473 1.1664140224456787 225280
1770979682373 1.1674065589904785 230400
1770979693691 1.1679199934005737 235520
1770979704464 1.16849684715271 240640
1770979715402 1.1681573390960693 245760
1770979726542 1.1689940690994263 250880
1770979737317 1.1689672470092773 256000
1770979748160 1.1698777675628662 261120
1770979761192 1.1696809530258179 266240
1770979771906 1.1697020530700684 271360
1770979782606 1.1685271263122559 276480
1770979793763 1.1690313816070557 281600
1770979806547 1.1683381795883179 286720
1770979817303 1.169625997543335 291840
1770979828535 1.1689214706420898 296960
1770979832976 1.1688510179519653 300032
