1770979186991 0.17581377923488617 5120
1770979198471 0.13466233015060425 10240
1770979209712 0.12160748243331909 15360
1770979220351 0.11457832902669907 20480
1770979231063 0.11192628741264343 25600
1770979242188 0.10882049798965454 30720
1770979252916 0.10620113462209702 35840
1770979266036 0.10498600453138351 40960
1770979276920 0.1039988100528717 46080
1770979287637 0.10392297804355621 51200
1770979298853 0.10347093641757965 56320
1770979311416 0.10242170095443726 61440
1770979322622 0.10136088728904724 66560
1770979333302 0.1002584844827652 71680
1770979344065 0.10017699748277664 76800
1770979356148 0.09968370199203491 81920
1770979366771 0.09887298941612244 87040
1770979378004 0.09847177565097809 92160
1770979388632 0.09795650094747543 97280
1770979399401 0.09778100997209549 102400
1770979410562 0.09749674797058105 107520
1770979421203 0.09679517894983292 112640
1770979432140 0.09641098231077194 117760
1770979445287 0.0962958037853241 122880
1770979456132 0.096088707447052 128000
1770979467236 0.095945343375206 133120
1770979477932 0.09601481258869171 138240
1770979490510 0.09564625471830368 143360
1770979501619 0.09548685699701309 148480
1770979512474 0.09528666734695435 153600
1770979523286 0.09507075697183609 158720
1770979536144 0.09479062259197235 163840
1770979547155 0.09450934827327728 168960
1770979558291 0.09430506825447083 174080
1770979569131 0.09425507485866547 179200
1770979582259 0.09408418089151382 184320
1770979592917 0.09421861171722412 189440
1770979603790 0.09430470317602158 194560
1770979614936 0.09432777017354965 199680
1770979627819 0.0942220464348793 204800
1770979638908 0.09403485804796219 209920
1770979650220 0.09410466998815536 215040
1770979660461 0.0941663533449173 220160
1770979671473 0.09403613209724426 225280
1770979682373 0.09390322864055634 230400
1770979693691 0.09388470649719238 235520
1770979704464 0.09395535290241241 240640
1770979715402 0.09385579079389572 245760
1770979726542 0.09391344338655472 250880
1770979737317 0.0937933474779129 256000
1770979748160 0.09377998858690262 261120
1770979761192 0.0937521904706955 266240
1770979771906 0.09382609277963638 271360
1770979782606 0.09352327138185501 276480
1770979793763 0.09351655095815659 281600
1770979806547 0.0934634879231453 286720
1770979817303 0.09351736307144165 291840
1770979828535 0.09333605319261551 296960
1770979832976 0.09328320622444153 300032
