1770979186982 130.85527095747668 5120
1770979198461 135.52746542587568 10240
1770979209702 133.72988139267952 15360
1770979220337 70.51976394236428 20480
1770979231054 134.47161040043602 25600
1770979242178 113.2157529624531 30720
1770979252905 132.52982810920122 35840
1770979266026 131.9046480910749 40960
1770979276909 129.6659350171577 46080
1770979287627 134.217728 51200
1770979298843 134.07614359236646 56320
1770979311406 139.54964067074795 61440
1770979322608 100.46718405672128 66560
1770979333292 132.73954047724538 71680
1770979344054 138.37107416204805 76800
1770979356138 137.12701474482623 81920
1770979366761 145.0613543612091 87040
1770979377994 132.47959570435881 92160
1770979388623 161.18919334383767 97280
1770979399389 138.74641085014886 102400
1770979410551 144.59626986589444 107520
1770979421192 135.93595851563765 112640
1770979432129 128.97217182743458 117760
1770979445275 139.9781070618075 122880
1770979456121 135.5844189429449 128000
1770979467225 145.56479489137226 133120
1770979477921 136.92109816211274 138240
1770979490499 144.91600732474174 143360
1770979501607 133.93058083469043 148480
1770979512464 154.32717639267054 153600
1770979523274 139.1330193060439 158720
1770979536134 160.467671589257 163840
1770979547143 128.56104214559386 168960
1770979558279 126.01940930805516 174080
1770979569119 111.39362069423419 179200
1770979582247 119.64241093076988 184320
1770979592905 134.67886844555758 189440
1770979603778 137.41003800288297 194560
1770979614925 128.14077966515947 199680
1770979627806 135.66774485703195 204800
1770979638897 151.92350043465663 209920
1770979650208 131.12526964079157 215040
1770979660448 130.75328885840764 220160
1770979671460 119.2444419173253 225280
1770979682360 118.74816681294413 230400
1770979693678 137.92969186753922 235520
1770979704450 137.3965342156124 240640
1770979715389 136.20965803916474 245760
1770979726530 152.90379497648647 250880
1770979737304 139.56821509383735 256000
1770979748146 141.3842108811434 261120
1770979761179 134.50610909790592 266240
1770979771893 137.5632666448016 271360
1770979782593 136.16985910005843 276480
1770979793749 143.35090057760004 281600
1770979806536 178.06427510082784 286720
1770979817289 134.59675245491303 291840
1770979828524 172.2223864662889 296960
1770979832962 130.28621128816823 300032
