1770912209292 0.0 5120
1770912219450 0.0 10240
1770912229635 0.0 15360
1770912238558 0.0 20480
1770912250157 0.0 25600
1770912259994 0.0 30720
1770912270696 0.0 35840
1770912280028 0.0 40960
1770912291694 0.0 46080
1770912301281 0.0 51200
1770912312089 0.0 56320
1770912321812 0.0 61440
1770912334499 0.0 66560
1770912344378 0.0 71680
1770912354810 0.0 76800
1770912364280 0.0 81920
1770912376877 0.0 87040
1770912385969 0.0 92160
1770912396179 0.0 97280
1770912406030 0.0 102400
1770912418300 0.0 107520
1770912427941 0.0 112640
1770912437525 0.0 117760
1770912447207 0.0 122880
1770912459954 0.0 128000
1770912469349 0.0 133120
1770912479040 0.0 138240
1770912488628 0.0 143360
1770912502154 0.0 148480
1770912511569 0.0 153600
1770912521642 0.0 158720
1770912531013 0.0 163840
1770912543457 0.0 168960
1770912553514 0.0 174080
1770912563318 0.0 179200
1770912572557 0.0 184320
1770912585597 0.0 189440
1770912595019 0.0 194560
1770912605212 0.0 199680
1770912614581 0.0 204800
1770912626839 0.0 209920
1770912636717 0.0 215040
1770912647206 0.0 220160
1770912656647 0.0 225280
1770912668365 0.0 230400
1770912678805 0.0 235520
1770912688817 0.0 240640
1770912697945 0.0 245760
1770912709887 0.0 250880
1770912722141 0.0 256000
1770912733368 0.0 261120
1770912744348 0.0 266240
1770912759078 0.0 271360
1770912771242 0.0 276480
1770912781701 0.0 281600
1770912791654 0.0 286720
1770912804611 0.0 291840
1770912816584 0.0 296960
1770912818626 0.0 300032
