1770912209292 0.10118909925222397 5120
1770912219450 0.08714372664690018 10240
1770912229635 0.0835133045911789 15360
1770912238558 0.08047543466091156 20480
1770912250157 0.07785909622907639 25600
1770912259994 0.07778311520814896 30720
1770912270696 0.07850826531648636 35840
1770912280028 0.0775471106171608 40960
1770912291694 0.07724250108003616 46080
1770912301281 0.0770435556769371 51200
1770912312089 0.07698701322078705 56320
1770912321812 0.07626121491193771 61440
1770912334499 0.0757579356431961 66560
1770912344378 0.07554542273283005 71680
1770912354810 0.07687988132238388 76800
1770912364280 0.07895439118146896 81920
1770912376877 0.08112861216068268 87040
1770912385969 0.08252564817667007 92160
1770912396179 0.0795111432671547 97280
1770912406030 0.07445050776004791 102400
1770912418300 0.06994286924600601 107520
1770912427941 0.06580010056495667 112640
1770912437525 0.061780013144016266 117760
1770912447207 0.058234378695487976 122880
1770912459954 0.05574459582567215 128000
1770912469349 0.05589563399553299 133120
1770912479040 0.0562877357006073 138240
1770912488628 0.05707783252000809 143360
1770912502154 0.05778678134083748 148480
1770912511569 0.058420512825250626 153600
1770912521642 0.058957163244485855 158720
1770912531013 0.05938982218503952 163840
1770912543457 0.05974786728620529 168960
1770912553514 0.0601997934281826 174080
1770912563318 0.06049216166138649 179200
1770912572557 0.060808729380369186 184320
1770912585597 0.06122446432709694 189440
1770912595019 0.06146955117583275 194560
1770912605212 0.061658620834350586 199680
1770912614581 0.06167157366871834 204800
1770912626839 0.061917994171381 209920
1770912636717 0.06209944933652878 215040
1770912647206 0.06250480562448502 220160
1770912656647 0.06288010627031326 225280
1770912668365 0.06302779167890549 230400
1770912678805 0.06322484463453293 235520
1770912688817 0.0634440928697586 240640
1770912697945 0.06370677798986435 245760
1770912709887 0.06401857733726501 250880
1770912722141 0.06434888392686844 256000
1770912733368 0.06461244821548462 261120
1770912744348 0.06482496857643127 266240
1770912759078 0.06509522348642349 271360
1770912771242 0.06514471024274826 276480
1770912781701 0.06527476757764816 281600
1770912791654 0.06529354304075241 286720
1770912804611 0.06554475426673889 291840
1770912816584 0.06571255624294281 296960
1770912818626 0.06569469720125198 300032
