1770912209292 20.508840560913086 5120
1770912219450 21.13169288635254 10240
1770912229635 21.3308048248291 15360
1770912238558 21.39142608642578 20480
1770912250157 21.352020263671875 25600
1770912259994 21.460580825805664 30720
1770912270696 21.493953704833984 35840
1770912280028 21.6177978515625 40960
1770912291694 21.663606643676758 46080
1770912301281 21.66661834716797 51200
1770912312089 21.703750610351562 56320
1770912321812 21.703380584716797 61440
1770912334499 21.73576545715332 66560
1770912344378 21.805383682250977 71680
1770912354810 21.723073959350586 76800
1770912364280 21.60879898071289 81920
1770912376877 21.560340881347656 87040
1770912385969 21.50887107849121 92160
1770912396179 21.516944885253906 97280
1770912406030 21.618793487548828 102400
1770912418300 21.704917907714844 107520
1770912427941 21.812063217163086 112640
1770912437525 21.92998695373535 117760
1770912447207 21.9652156829834 122880
1770912459954 21.94718360900879 128000
1770912469349 21.987747192382812 133120
1770912479040 21.97731590270996 138240
1770912488628 22.044389724731445 143360
1770912502154 22.030906677246094 148480
1770912511569 22.027202606201172 153600
1770912521642 22.041807174682617 158720
1770912531013 22.05226707458496 163840
1770912543457 22.023710250854492 168960
1770912553514 22.062049865722656 174080
1770912563318 22.073123931884766 179200
1770912572557 22.082857131958008 184320
1770912585597 22.079763412475586 189440
1770912595019 22.073627471923828 194560
1770912605212 22.065683364868164 199680
1770912614581 22.057893753051758 204800
1770912626839 22.055912017822266 209920
1770912636717 22.05325698852539 215040
1770912647206 22.049440383911133 220160
1770912656647 22.048269271850586 225280
1770912668365 22.042890548706055 230400
1770912678805 22.05116081237793 235520
1770912688817 22.041807174682617 240640
1770912697945 22.042083740234375 245760
1770912709887 22.04790496826172 250880
1770912722141 22.04591178894043 256000
1770912733368 22.02959632873535 261120
1770912744348 22.046401977539062 266240
1770912759078 22.063745498657227 271360
1770912771242 22.06206703186035 276480
1770912781701 22.07159996032715 281600
1770912791654 22.071210861206055 286720
1770912804611 22.05167579650879 291840
1770912816584 22.070093154907227 296960
1770912818626 22.068260192871094 300032
