1770912209292 27.127355575561523 5120
1770912219450 27.174482345581055 10240
1770912229635 27.205039978027344 15360
1770912238558 27.12384796142578 20480
1770912250157 27.00303077697754 25600
1770912259994 27.098600387573242 30720
1770912270696 27.170000076293945 35840
1770912280028 27.260967254638672 40960
1770912291694 27.304676055908203 46080
1770912301281 27.296436309814453 51200
1770912312089 27.350202560424805 56320
1770912321812 27.316856384277344 61440
1770912334499 27.322031021118164 66560
1770912344378 27.381935119628906 71680
1770912354810 27.35902214050293 76800
1770912364280 27.337509155273438 81920
1770912376877 27.380077362060547 87040
1770912385969 27.391645431518555 92160
1770912396179 27.27561378479004 97280
1770912406030 27.183879852294922 102400
1770912418300 27.094331741333008 107520
1770912427941 27.04494857788086 112640
1770912437525 27.007768630981445 117760
1770912447207 26.90258026123047 122880
1770912459954 26.787715911865234 128000
1770912469349 26.842681884765625 133120
1770912479040 26.84683609008789 138240
1770912488628 26.94618034362793 143360
1770912502154 26.9572696685791 148480
1770912511569 26.973472595214844 153600
1770912521642 27.007511138916016 158720
1770912531013 27.036815643310547 163840
1770912543457 27.020950317382812 168960
1770912553514 27.073373794555664 174080
1770912563318 27.098840713500977 179200
1770912572557 27.116649627685547 184320
1770912585597 27.128219604492188 189440
1770912595019 27.130910873413086 194560
1770912605212 27.127958297729492 199680
1770912614581 27.12269401550293 204800
1770912626839 27.12687110900879 209920
1770912636717 27.136577606201172 215040
1770912647206 27.148433685302734 220160
1770912656647 27.160764694213867 225280
1770912668365 27.162282943725586 230400
1770912678805 27.179258346557617 235520
1770912688817 27.176828384399414 240640
1770912697945 27.188390731811523 245760
1770912709887 27.204303741455078 250880
1770912722141 27.213335037231445 256000
1770912733368 27.203786849975586 261120
1770912744348 27.226865768432617 266240
1770912759078 27.255990982055664 271360
1770912771242 27.256187438964844 276480
1770912781701 27.267885208129883 281600
1770912791654 27.267681121826172 286720
1770912804611 27.250431060791016 291840
1770912816584 27.276012420654297 296960
1770912818626 27.272762298583984 300032
