1770912209292 1.16619074344635 5120
1770912219450 1.1814080476760864 10240
1770912229635 1.1703894138336182 15360
1770912238558 1.157086730003357 20480
1770912250157 1.1516673564910889 25600
1770912259994 1.1511645317077637 30720
1770912270696 1.152909517288208 35840
1770912280028 1.1555017232894897 40960
1770912291694 1.156823754310608 46080
1770912301281 1.1538105010986328 51200
1770912312089 1.1548535823822021 56320
1770912321812 1.1523468494415283 61440
1770912334499 1.1522325277328491 66560
1770912344378 1.1536593437194824 71680
1770912354810 1.151951789855957 76800
1770912364280 1.151578664779663 81920
1770912376877 1.1559396982192993 87040
1770912385969 1.1570454835891724 92160
1770912396179 1.1558438539505005 97280
1770912406030 1.1562038660049438 102400
1770912418300 1.1572015285491943 107520
1770912427941 1.158974528312683 112640
1770912437525 1.1591379642486572 117760
1770912447207 1.1580029726028442 122880
1770912459954 1.1566823720932007 128000
1770912469349 1.1581206321716309 133120
1770912479040 1.1566529273986816 138240
1770912488628 1.159276008605957 143360
1770912502154 1.1585735082626343 148480
1770912511569 1.1582298278808594 153600
1770912521642 1.1592292785644531 158720
1770912531013 1.1592531204223633 163840
1770912543457 1.1580106019973755 168960
1770912553514 1.1592224836349487 174080
1770912563318 1.1594791412353516 179200
1770912572557 1.159609079360962 184320
1770912585597 1.1595548391342163 189440
1770912595019 1.1590633392333984 194560
1770912605212 1.1582945585250854 199680
1770912614581 1.1572705507278442 204800
1770912626839 1.1569744348526 209920
1770912636717 1.156758189201355 215040
1770912647206 1.1570930480957031 220160
1770912656647 1.1573078632354736 225280
1770912668365 1.156989336013794 230400
1770912678805 1.1572864055633545 235520
1770912688817 1.1570419073104858 240640
1770912697945 1.157169222831726 245760
1770912709887 1.1574270725250244 250880
1770912722141 1.157170057296753 256000
1770912733368 1.1563892364501953 261120
1770912744348 1.1572511196136475 266240
1770912759078 1.1580171585083008 271360
1770912771242 1.1578288078308105 276480
1770912781701 1.1577658653259277 281600
1770912791654 1.157362937927246 286720
1770912804611 1.1565004587173462 291840
1770912816584 1.1573784351348877 296960
1770912818626 1.1571944952011108 300032
