1770912209287 19.929765701293945 5120
1770912219446 20.891088485717773 10240
1770912229630 22.909502029418945 15360
1770912238553 14.674209594726562 20480
1770912250152 13.186296463012695 25600
1770912259987 13.237299919128418 30720
1770912270691 13.45647144317627 35840
1770912280022 12.67744255065918 40960
1770912291689 12.847993850708008 46080
1770912301276 11.446369171142578 51200
1770912312081 12.230684280395508 56320
1770912321807 10.813821792602539 61440
1770912334493 10.039064407348633 66560
1770912344369 10.011764526367188 71680
1770912354802 9.727087020874023 76800
1770912364275 9.191917419433594 81920
1770912376872 8.60351848602295 87040
1770912385963 8.914268493652344 92160
1770912396173 9.342009544372559 97280
1770912406024 10.299649238586426 102400
1770912418294 13.700512886047363 107520
1770912427933 11.704404830932617 112640
1770912437519 12.233444213867188 117760
1770912447199 13.099931716918945 122880
1770912459948 13.79673957824707 128000
1770912469340 13.69110107421875 133120
1770912479033 15.035833358764648 138240
1770912488617 14.948684692382812 143360
1770912502149 14.791110038757324 148480
1770912511560 14.892168045043945 153600
1770912521636 16.029848098754883 158720
1770912531006 17.066043853759766 163840
1770912543447 16.72663688659668 168960
1770912553507 16.55999755859375 174080
1770912563308 17.481056213378906 179200
1770912572551 17.459949493408203 184320
1770912585587 17.161909103393555 189440
1770912595009 16.719486236572266 194560
1770912605200 17.201581954956055 199680
1770912614570 16.222755432128906 204800
1770912626829 15.778635025024414 209920
1770912636706 15.775125503540039 215040
1770912647196 14.918086051940918 220160
1770912656639 15.05439567565918 225280
1770912668356 14.937141418457031 230400
1770912678798 13.874086380004883 235520
1770912688807 14.617639541625977 240640
1770912697938 14.121259689331055 245760
1770912709872 13.628369331359863 250880
1770912722129 12.963973999023438 256000
1770912733357 14.004794120788574 261120
1770912744339 14.439717292785645 266240
1770912759065 12.18603515625 271360
1770912771234 13.962255477905273 276480
1770912781695 13.04157543182373 281600
1770912791639 13.378129959106445 286720
1770912804602 13.7559814453125 291840
1770912816574 13.027203559875488 296960
1770912818615 12.155400276184082 300032
