1770912209292 1.2478710412979126 5120
1770912219450 1.1423113346099854 10240
1770912229635 1.142924427986145 15360
1770912238558 1.131744384765625 20480
1770912250157 1.1206434965133667 25600
1770912259994 1.1307343244552612 30720
1770912270696 1.1317150592803955 35840
1770912280028 1.131343960762024 40960
1770912291694 1.1296501159667969 46080
1770912301281 1.1287572383880615 51200
1770912312089 1.1319369077682495 56320
1770912321812 1.1259845495224 61440
1770912334499 1.1230340003967285 66560
1770912344378 1.121716022491455 71680
1770912354810 1.128333330154419 76800
1770912364280 1.1392030715942383 81920
1770912376877 1.1539057493209839 87040
1770912385969 1.1639552116394043 92160
1770912396179 1.1407679319381714 97280
1770912406030 1.101302981376648 102400
1770912418300 1.0654500722885132 107520
1770912427941 1.0337860584259033 112640
1770912437525 1.0031485557556152 117760
1770912447207 0.9743213653564453 122880
1770912459954 0.9532302618026733 128000
1770912469349 0.9564623236656189 133120
1770912479040 0.9605595469474792 138240
1770912488628 0.9690428972244263 143360
1770912502154 0.9746255874633789 148480
1770912511569 0.9799016714096069 153600
1770912521642 0.985066831111908 158720
1770912531013 0.9886654615402222 163840
1770912543457 0.9902865886688232 168960
1770912553514 0.9949506521224976 174080
1770912563318 0.9982152581214905 179200
1770912572557 1.001249074935913 184320
1770912585597 1.006798505783081 189440
1770912595019 1.0085053443908691 194560
1770912605212 1.010886311531067 199680
1770912614581 1.0110279321670532 204800
1770912626839 1.0115535259246826 209920
1770912636717 1.0129448175430298 215040
1770912647206 1.0169824361801147 220160
1770912656647 1.0196233987808228 225280
1770912668365 1.0204527378082275 230400
1770912678805 1.023112416267395 235520
1770912688817 1.0249429941177368 240640
1770912697945 1.0268895626068115 245760
1770912709887 1.029386281967163 250880
1770912722141 1.0327125787734985 256000
1770912733368 1.0343278646469116 261120
1770912744348 1.0364415645599365 266240
1770912759078 1.0399349927902222 271360
1770912771242 1.040566086769104 276480
1770912781701 1.0423316955566406 281600
1770912791654 1.0424838066101074 286720
1770912804611 1.0437674522399902 291840
1770912816584 1.046228051185608 296960
1770912818626 1.045859456062317 300032
