1770912209292 0.3236245810985565 5120
1770912219450 0.2987094819545746 10240
1770912229635 0.2897336781024933 15360
1770912238558 0.2816893756389618 20480
1770912250157 0.2757037580013275 25600
1770912259994 0.2752666473388672 30720
1770912270696 0.2769274115562439 35840
1770912280028 0.2753343880176544 40960
1770912291694 0.2744722068309784 46080
1770912301281 0.2734506130218506 51200
1770912312089 0.27372366189956665 56320
1770912321812 0.27198728919029236 61440
1770912334499 0.27105432748794556 66560
1770912344378 0.2707725167274475 71680
1770912354810 0.2732051908969879 76800
1770912364280 0.27723678946495056 81920
1770912376877 0.2822072207927704 87040
1770912385969 0.28497248888015747 92160
1770912396179 0.27936628460884094 97280
1770912406030 0.270172655582428 102400
1770912418300 0.2618460953235626 107520
1770912427941 0.25442248582839966 112640
1770912437525 0.2468765825033188 117760
1770912447207 0.24021129310131073 122880
1770912459954 0.23548083007335663 128000
1770912469349 0.23589442670345306 133120
1770912479040 0.23647481203079224 138240
1770912488628 0.2381269782781601 143360
1770912502154 0.23925158381462097 148480
1770912511569 0.2402927726507187 153600
1770912521642 0.2414456307888031 158720
1770912531013 0.24220964312553406 163840
1770912543457 0.24267756938934326 168960
1770912553514 0.24364051222801208 174080
1770912563318 0.24432063102722168 179200
1770912572557 0.2448820024728775 184320
1770912585597 0.24560292065143585 189440
1770912595019 0.24596518278121948 194560
1770912605212 0.24620641767978668 199680
1770912614581 0.24601326882839203 204800
1770912626839 0.24640996754169464 209920
1770912636717 0.2466387152671814 215040
1770912647206 0.24747797846794128 220160
1770912656647 0.2482188642024994 225280
1770912668365 0.2483951598405838 230400
1770912678805 0.2487337738275528 235520
1770912688817 0.24915245175361633 240640
1770912697945 0.24963417649269104 245760
1770912709887 0.25021252036094666 250880
1770912722141 0.25082284212112427 256000
1770912733368 0.25120654702186584 261120
1770912744348 0.25166499614715576 266240
1770912759078 0.25228744745254517 271360
1770912771242 0.25239098072052 276480
1770912781701 0.2525613009929657 281600
1770912791654 0.2524870038032532 286720
1770912804611 0.25289979577064514 291840
1770912816584 0.2532864212989807 296960
1770912818626 0.2532085180282593 300032
