1770912209287 99.93338257368183 5120
1770912219446 114.09967355821546 10240
1770912229630 113.35650387827356 15360
1770912238553 109.88483101912497 20480
1770912250152 72.83801055848846 25600
1770912259987 95.75380681688469 30720
1770912270691 110.75824553064511 35840
1770912280022 111.05443761914849 40960
1770912291689 87.34675857473084 46080
1770912301276 100.33980048324203 51200
1770912312081 83.06868414798384 56320
1770912321807 93.99843123193115 61440
1770912334493 90.56820193906415 66560
1770912344369 61.87110383384225 71680
1770912354802 104.35668789808918 76800
1770912364275 96.65631193252523 81920
1770912376872 80.51723873147509 87040
1770912385963 91.77506454859744 92160
1770912396173 85.41674812642555 97280
1770912406024 91.12901403554513 102400
1770912418294 101.64313582939538 107520
1770912427933 78.7840264472745 112640
1770912437519 106.17415957877684 117760
1770912447199 79.03640612044923 122880
1770912459948 77.76301981941896 128000
1770912469340 73.36803806325217 133120
1770912479033 88.0361018407741 138240
1770912488617 74.74479194511271 143360
1770912502149 71.98791706714266 148480
1770912511560 106.27638980388183 153600
1770912521636 93.04341267552519 158720
1770912531006 106.69814296616637 163840
1770912543447 70.61831161396773 168960
1770912553507 110.71731383470159 174080
1770912563308 68.7433048152883 179200
1770912572551 109.09881649109117 184320
1770912585587 80.67675854507684 189440
1770912595009 72.9076465782475 194560
1770912605200 80.2645437844458 199680
1770912614570 95.37277729773977 204800
1770912626829 100.06450997232561 209920
1770912636706 99.23823494617295 215040
1770912647196 87.2722430295464 220160
1770912656639 83.65852880165949 225280
1770912668356 90.06643904743498 230400
1770912678798 81.01178197550894 235520
1770912688807 80.0638326302327 240640
1770912697938 99.39344534230669 245760
1770912709872 57.863642634439756 250880
1770912722129 88.9566065747614 256000
1770912733357 53.61434725364625 261120
1770912744339 68.2577789350345 266240
1770912759065 88.90192670467793 271360
1770912771234 88.25468700683851 276480
1770912781695 96.27249982785136 281600
1770912791639 70.19050806613562 286720
1770912804602 105.26286201877227 291840
1770912816574 75.62618777158724 296960
1770912818615 67.00487243797626 300032
