1769370326462 23.498199462890625 5120
1769370337838 23.543989181518555 10240
1769370346385 23.48874855041504 15360
1769370355290 23.552980422973633 20480
1769370363733 23.48846435546875 25600
1769370375855 23.443490982055664 30720
1769370386234 23.35220718383789 35840
1769370394922 23.253583908081055 40960
1769370403898 23.339120864868164 46080
1769370415804 23.42194938659668 51200
1769370426396 23.481332778930664 56320
1769370435115 23.430437088012695 61440
1769370443502 23.43162727355957 66560
1769370454027 23.42582893371582 71680
1769370463162 23.47501564025879 76800
1769370472202 23.516597747802734 81920
1769370481438 23.514558792114258 87040
1769370491801 23.503185272216797 92160
1769370501934 23.47323989868164 97280
1769370510360 23.499542236328125 102400
1769370520147 23.506412506103516 107520
1769370529233 23.44693946838379 112640
1769370540184 23.47890281677246 117760
1769370548367 23.43531608581543 122880
1769370556568 23.429460525512695 128000
1769370565038 23.432992935180664 133120
1769370575659 23.440481185913086 138240
1769370585418 23.457956314086914 143360
1769370594709 23.44867515563965 148480
1769370603201 23.4498291015625 153600
1769370613532 23.445470809936523 158720
1769370621381 23.449594497680664 163840
1769370630318 23.454591751098633 168960
1769370639771 23.472227096557617 174080
1769370652178 23.46738052368164 179200
1769370660472 23.46002769470215 184320
1769370669337 23.477338790893555 189440
1769370679184 23.489734649658203 194560
1769370690612 23.489044189453125 199680
1769370699005 23.472135543823242 204800
1769370706819 23.46371841430664 209920
1769370716382 23.473915100097656 215040
1769370727030 23.467796325683594 220160
1769370735426 23.469194412231445 225280
1769370743939 23.461435317993164 230400
1769370752663 23.499658584594727 235520
1769370762751 23.468782424926758 240640
1769370772028 23.457853317260742 245760
1769370780433 23.44952392578125 250880
1769370788373 23.45128631591797 256000
1769370798975 23.42701530456543 261120
1769370807866 23.434093475341797 266240
1769370815888 23.415639877319336 271360
1769370823539 23.415170669555664 276480
1769370833786 23.412748336791992 281600
1769370843204 23.39900016784668 286720
1769370851543 23.40247344970703 291840
1769370858610 23.401113510131836 296960
1769370863446 23.407325744628906 300032
