1769370326462 1.1512222290039062 5120
1769370337838 1.1590251922607422 10240
1769370346385 1.1508781909942627 15360
1769370355290 1.1609183549880981 20480
1769370363733 1.1629525423049927 25600
1769370375855 1.1561439037322998 30720
1769370386234 1.1520317792892456 35840
1769370394922 1.1478253602981567 40960
1769370403898 1.1495953798294067 46080
1769370415804 1.1541558504104614 51200
1769370426396 1.1558223962783813 56320
1769370435115 1.1511355638504028 61440
1769370443502 1.152890682220459 66560
1769370454027 1.1543021202087402 71680
1769370463162 1.1557766199111938 76800
1769370472202 1.157508134841919 81920
1769370481438 1.1574081182479858 87040
1769370491801 1.1565803289413452 92160
1769370501934 1.1551398038864136 97280
1769370510360 1.1556942462921143 102400
1769370520147 1.155953049659729 107520
1769370529233 1.1534837484359741 112640
1769370540184 1.1544677019119263 117760
1769370548367 1.1535522937774658 122880
1769370556568 1.1539446115493774 128000
1769370565038 1.1543030738830566 133120
1769370575659 1.1543347835540771 138240
1769370585418 1.1558258533477783 143360
1769370594709 1.1554688215255737 148480
1769370603201 1.155910849571228 153600
1769370613532 1.1555216312408447 158720
1769370621381 1.1546376943588257 163840
1769370630318 1.1545000076293945 168960
1769370639771 1.154551386833191 174080
1769370652178 1.1540530920028687 179200
1769370660472 1.1539630889892578 184320
1769370669337 1.154476284980774 189440
1769370679184 1.154906988143921 194560
1769370690612 1.1552579402923584 199680
1769370699005 1.1547112464904785 204800
1769370706819 1.154572606086731 209920
1769370716382 1.1545648574829102 215040
1769370727030 1.1541311740875244 220160
1769370735426 1.1545170545578003 225280
1769370743939 1.1543055772781372 230400
1769370752663 1.1557668447494507 235520
1769370762751 1.1545934677124023 240640
1769370772028 1.1538662910461426 245760
1769370780433 1.1536139249801636 250880
1769370788373 1.1538006067276 256000
1769370798975 1.1529620885849 261120
1769370807866 1.153463363647461 266240
1769370815888 1.1527022123336792 271360
1769370823539 1.152488350868225 276480
1769370833786 1.152121663093567 281600
1769370843204 1.1515830755233765 286720
1769370851543 1.1514739990234375 291840
1769370858610 1.1514878273010254 296960
1769370863446 1.1516389846801758 300032
