1769370326454 -1.3841279745101929 5120
1769370337831 -3.077247142791748 10240
1769370346377 -4.203477382659912 15360
1769370355280 -4.272684574127197 20480
1769370363720 -4.204254150390625 25600
1769370375846 -4.066690444946289 30720
1769370386229 -4.050622463226318 35840
1769370394913 -3.9626059532165527 40960
1769370403888 -3.9698805809020996 46080
1769370415792 -3.8711395263671875 51200
1769370426386 -3.9471263885498047 56320
1769370435102 -3.9164512157440186 61440
1769370443496 -3.865319013595581 66560
1769370454008 -3.830361843109131 71680
1769370463153 -3.839154005050659 76800
1769370472191 -3.737490177154541 81920
1769370481427 -3.718177318572998 87040
1769370491789 -3.7770867347717285 92160
1769370501923 -3.8303940296173096 97280
1769370510349 -3.7365219593048096 102400
1769370520139 -3.7870395183563232 107520
1769370529225 -3.853764057159424 112640
1769370540175 -3.769610643386841 117760
1769370548358 -3.6385509967803955 122880
1769370556557 -3.641157627105713 128000
1769370565031 -3.67356538772583 133120
1769370575646 -3.6206746101379395 138240
1769370585406 -3.545254945755005 143360
1769370594700 -3.6529603004455566 148480
1769370603193 -3.6940128803253174 153600
1769370613523 -3.446474075317383 158720
1769370621374 -3.5234456062316895 163840
1769370630307 -3.2773571014404297 168960
1769370639760 -3.309483289718628 174080
1769370652163 -3.1821446418762207 179200
1769370660459 -3.2458014488220215 184320
1769370669325 -3.0485262870788574 189440
1769370679176 -3.066199541091919 194560
1769370690603 -3.034290313720703 199680
1769370698994 -3.0957751274108887 204800
1769370706806 -2.9989895820617676 209920
1769370716368 -2.8373303413391113 215040
1769370727017 -2.881875991821289 220160
1769370735418 -2.780287504196167 225280
1769370743927 -2.8020577430725098 230400
1769370752654 -2.7732346057891846 235520
1769370762736 -2.6798558235168457 240640
1769370772013 -2.5166783332824707 245760
1769370780421 -2.562114715576172 250880
1769370788361 -2.445107936859131 256000
1769370798966 -2.442310094833374 261120
1769370807857 -2.4403748512268066 266240
1769370815877 -2.4068846702575684 271360
1769370823527 -2.4141318798065186 276480
1769370833774 -2.368413209915161 281600
1769370843195 -2.2249207496643066 286720
1769370851532 -2.181018114089966 291840
1769370858602 -2.1787569522857666 296960
1769370863433 -2.1062417030334473 300032
