1769370326454 18.61052131652832 5120
1769370337831 16.287281036376953 10240
1769370346377 15.642789840698242 15360
1769370355280 14.807327270507812 20480
1769370363720 14.316366195678711 25600
1769370375846 13.762054443359375 30720
1769370386229 12.938830375671387 35840
1769370394913 12.360980987548828 40960
1769370403888 11.820030212402344 46080
1769370415792 12.221668243408203 51200
1769370426386 11.210474014282227 56320
1769370435102 11.809480667114258 61440
1769370443496 11.420127868652344 66560
1769370454008 11.258675575256348 71680
1769370463153 11.69921875 76800
1769370472191 11.709708213806152 81920
1769370481427 11.894536018371582 87040
1769370491789 12.24950885772705 92160
1769370501923 12.79031753540039 97280
1769370510349 12.896283149719238 102400
1769370520139 13.031461715698242 107520
1769370529225 13.41014289855957 112640
1769370540175 13.376754760742188 117760
1769370548358 14.447662353515625 122880
1769370556557 14.890325546264648 128000
1769370565031 14.30113697052002 133120
1769370575646 13.113611221313477 138240
1769370585406 13.273788452148438 143360
1769370594700 14.234014511108398 148480
1769370603193 14.26910400390625 153600
1769370613523 14.129234313964844 158720
1769370621374 15.102224349975586 163840
1769370630307 13.556729316711426 168960
1769370639760 13.396493911743164 174080
1769370652163 12.72394847869873 179200
1769370660459 12.357534408569336 184320
1769370669325 13.192144393920898 189440
1769370679176 13.463107109069824 194560
1769370690603 13.218060493469238 199680
1769370698994 12.901217460632324 204800
1769370706806 12.307134628295898 209920
1769370716368 12.23181438446045 215040
1769370727017 12.025651931762695 220160
1769370735418 12.264497756958008 225280
1769370743927 14.168663024902344 230400
1769370752654 14.170918464660645 235520
1769370762736 12.437385559082031 240640
1769370772013 12.016934394836426 245760
1769370780421 12.484622955322266 250880
1769370788361 12.333229064941406 256000
1769370798966 11.70943546295166 261120
1769370807857 12.436135292053223 266240
1769370815877 12.127528190612793 271360
1769370823527 11.581930160522461 276480
1769370833774 11.606834411621094 281600
1769370843195 11.900793075561523 286720
1769370851532 11.734416961669922 291840
1769370858602 11.5668363571167 296960
1769370863433 10.692838668823242 300032
