1769370326462 1.0932347774505615 5120
1769370337838 1.0830309391021729 10240
1769370346385 1.0635586977005005 15360
1769370355290 1.0811172723770142 20480
1769370363733 1.0864773988723755 25600
1769370375855 1.078153371810913 30720
1769370386234 1.0693912506103516 35840
1769370394922 1.0686571598052979 40960
1769370403898 1.0678120851516724 46080
1769370415804 1.0688378810882568 51200
1769370426396 1.0715527534484863 56320
1769370435115 1.0654518604278564 61440
1769370443502 1.0638571977615356 66560
1769370454027 1.060626745223999 71680
1769370463162 1.0641326904296875 76800
1769370472202 1.0676844120025635 81920
1769370481438 1.0678188800811768 87040
1769370491801 1.0662164688110352 92160
1769370501934 1.065949559211731 97280
1769370510360 1.0643353462219238 102400
1769370520147 1.0652728080749512 107520
1769370529233 1.062803030014038 112640
1769370540184 1.0625773668289185 117760
1769370548367 1.0605868101119995 122880
1769370556568 1.063049554824829 128000
1769370565038 1.061083197593689 133120
1769370575659 1.0614814758300781 138240
1769370585418 1.0612698793411255 143360
1769370594709 1.0615243911743164 148480
1769370603201 1.0604944229125977 153600
1769370613532 1.0592925548553467 158720
1769370621381 1.0592763423919678 163840
1769370630318 1.0592883825302124 168960
1769370639771 1.0621591806411743 174080
1769370652178 1.0616954565048218 179200
1769370660472 1.0607463121414185 184320
1769370669337 1.0600160360336304 189440
1769370679184 1.0610142946243286 194560
1769370690612 1.06129789352417 199680
1769370699005 1.0618072748184204 204800
1769370706819 1.06145441532135 209920
1769370716382 1.0619449615478516 215040
1769370727030 1.0636926889419556 220160
1769370735426 1.0638792514801025 225280
1769370743939 1.0634821653366089 230400
1769370752663 1.064777135848999 235520
1769370762751 1.064826250076294 240640
1769370772028 1.0637567043304443 245760
1769370780433 1.0642495155334473 250880
1769370788373 1.0642831325531006 256000
1769370798975 1.062229037284851 261120
1769370807866 1.0624905824661255 266240
1769370815888 1.0625076293945312 271360
1769370823539 1.0628832578659058 276480
1769370833786 1.0627696514129639 281600
1769370843204 1.0620321035385132 286720
1769370851543 1.0624240636825562 291840
1769370858610 1.061815857887268 296960
1769370863446 1.0621309280395508 300032
