1769370326462 0.301686555147171 5120
1769370337838 0.2998760938644409 10240
1769370346385 0.2937151789665222 15360
1769370355290 0.30326491594314575 20480
1769370363733 0.3058972954750061 25600
1769370375855 0.3016979992389679 30720
1769370386234 0.29918354749679565 35840
1769370394922 0.29989859461784363 40960
1769370403898 0.2995329797267914 46080
1769370415804 0.30030521750450134 51200
1769370426396 0.3017154335975647 56320
1769370435115 0.300832062959671 61440
1769370443502 0.3007243871688843 66560
1769370454027 0.30076920986175537 71680
1769370463162 0.3021869361400604 76800
1769370472202 0.30334174633026123 81920
1769370481438 0.3036245107650757 87040
1769370491801 0.3034611940383911 92160
1769370501934 0.3036585748195648 97280
1769370510360 0.3034471869468689 102400
1769370520147 0.3039267957210541 107520
1769370529233 0.30369850993156433 112640
1769370540184 0.30353862047195435 117760
1769370548367 0.30329427123069763 122880
1769370556568 0.3041490316390991 128000
1769370565038 0.3036647439002991 133120
1769370575659 0.30371034145355225 138240
1769370585418 0.3036842346191406 143360
1769370594709 0.30371543765068054 148480
1769370603201 0.30371472239494324 153600
1769370613532 0.3032642900943756 158720
1769370621381 0.3030199110507965 163840
1769370630318 0.3030616044998169 168960
1769370639771 0.3032725155353546 174080
1769370652178 0.3032885193824768 179200
1769370660472 0.3031992018222809 184320
1769370669337 0.30274972319602966 189440
1769370679184 0.30288586020469666 194560
1769370690612 0.3027668595314026 199680
1769370699005 0.30315953493118286 204800
1769370706819 0.3032381534576416 209920
1769370716382 0.303030788898468 215040
1769370727030 0.30314764380455017 220160
1769370735426 0.3031603693962097 225280
1769370743939 0.3031424880027771 230400
1769370752663 0.3035333752632141 235520
1769370762751 0.3035101592540741 240640
1769370772028 0.30304616689682007 245760
1769370780433 0.3030185103416443 250880
1769370788373 0.302980899810791 256000
1769370798975 0.30255788564682007 261120
1769370807866 0.3028259873390198 266240
1769370815888 0.30298733711242676 271360
1769370823539 0.30306580662727356 276480
1769370833786 0.3028163015842438 281600
1769370843204 0.30268576741218567 286720
1769370851543 0.302582323551178 291840
1769370858610 0.30253124237060547 296960
1769370863446 0.3026789724826813 300032
