1769370326454 338.1412447597549 5120
1769370337831 365.2302333681644 10240
1769370346377 429.1726184385552 15360
1769370355280 233.56186657756987 20480
1769370363720 365.64414610757564 25600
1769370375846 357.63165075034107 30720
1769370386229 381.68204568204567 35840
1769370394913 382.06449262160686 40960
1769370403888 532.8807013086011 46080
1769370415792 256.8937343051387 51200
1769370426386 232.60337178349602 56320
1769370435102 335.1957164548869 61440
1769370443496 532.2045425707397 66560
1769370454008 253.98474022041904 71680
1769370463153 490.3898047468724 76800
1769370472191 324.8376703841388 81920
1769370481427 265.8829793977813 87040
1769370491789 234.90921310557266 92160
1769370501923 469.9500280112045 97280
1769370510349 236.47200766758752 102400
1769370520139 481.38459772753356 107520
1769370529225 450.80653482373174 112640
1769370540175 426.68402848423193 117760
1769370548358 491.0213064856006 122880
1769370556557 307.02759680843275 128000
1769370565031 439.5162946662475 133120
1769370575646 292.2452619843924 138240
1769370585406 421.91972638567546 143360
1769370594700 487.4263800116212 148480
1769370603193 519.5471324166977 153600
1769370613523 464.948897018069 158720
1769370621374 527.5854088050314 163840
1769370630307 376.64367816091954 168960
1769370639760 378.51313058388234 174080
1769370652163 370.35796909492274 179200
1769370660459 316.8621288811664 184320
1769370669325 298.4632462819327 189440
1769370679176 506.49728293684336 194560
1769370690603 289.98230088495575 199680
1769370698994 370.7835926449788 204800
1769370706806 357.78418493559667 209920
1769370716368 322.98660095487446 215040
1769370727017 338.71468949366067 220160
1769370735418 506.98706636044966 225280
1769370743927 337.00016069419894 230400
1769370752654 432.3579012472941 235520
1769370762736 341.80620976285553 240640
1769370772013 197.919214798037 245760
1769370780421 499.20304689359676 250880
1769370788361 510.50438169425513 256000
1769370798966 468.0098192367775 261120
1769370807857 311.6124814264487 266240
1769370815877 342.6439016420227 271360
1769370823527 378.17185105040124 276480
1769370833774 321.1811011562907 281600
1769370843195 434.5978655061652 286720
1769370851532 402.3699155794321 291840
1769370858602 518.5835806132542 296960
1769370863433 367.63116837584363 300032
