1769349375962 16.56462287902832 5120
1769349382416 16.92241668701172 10240
1769349388149 17.021255493164062 15360
1769349398666 17.29330062866211 20480
1769349404135 17.447677612304688 25600
1769349409798 17.333730697631836 30720
1769349415220 17.281984329223633 35840
1769349424563 17.363889694213867 40960
1769349430127 17.33075523376465 46080
1769349435389 17.359018325805664 51200
1769349441034 17.319162368774414 56320
1769349451231 17.36840057373047 61440
1769349456639 17.319547653198242 66560
1769349462864 17.343650817871094 71680
1769349469057 17.422229766845703 76800
1769349478239 17.424779891967773 81920
1769349484285 17.376752853393555 87040
1769349490212 17.382408142089844 92160
1769349496340 17.367050170898438 97280
1769349505375 17.388097763061523 102400
1769349512322 17.37652015686035 107520
1769349517909 17.369089126586914 112640
1769349524362 17.334590911865234 117760
1769349532794 17.329465866088867 122880
1769349539278 17.2637882232666 128000
1769349545330 17.24304962158203 133120
1769349551406 17.245126724243164 138240
1769349559661 17.277881622314453 143360
1769349566966 17.257328033447266 148480
1769349573006 17.23687171936035 153600
1769349579203 17.209177017211914 158720
1769349587510 17.23542022705078 163840
1769349594685 17.247482299804688 168960
1769349600714 17.20766258239746 174080
1769349606798 17.22049903869629 179200
1769349614142 17.20159912109375 184320
1769349622313 17.199243545532227 189440
1769349627871 17.19229507446289 194560
1769349634307 17.19847869873047 199680
1769349641788 17.191688537597656 204800
1769349650024 17.23015785217285 209920
1769349656086 17.23290252685547 215040
1769349662385 17.246665954589844 220160
1769349668927 17.231182098388672 225280
1769349679769 17.230728149414062 230400
1769349686069 17.23509407043457 235520
1769349691683 17.220781326293945 240640
1769349698630 17.23973846435547 245760
1769349708081 17.23812484741211 250880
1769349714056 17.24437141418457 256000
1769349720047 17.240556716918945 261120
1769349727266 17.25339126586914 266240
1769349736118 17.239501953125 271360
1769349741566 17.227746963500977 276480
1769349747939 17.233379364013672 281600
1769349754500 17.242416381835938 286720
1769349763693 17.250530242919922 291840
1769349769750 17.248870849609375 296960
1769349771447 17.247465133666992 300032
