1769349375962 0.07416874170303345 5120
1769349382416 0.07665397971868515 10240
1769349388149 0.07741685211658478 15360
1769349398666 0.07870107144117355 20480
1769349404135 0.0782523825764656 25600
1769349409798 0.0766424611210823 30720
1769349415220 0.0764210894703865 35840
1769349424563 0.07639868557453156 40960
1769349430127 0.07622173428535461 46080
1769349435389 0.0764242559671402 51200
1769349441034 0.07588408887386322 56320
1769349451231 0.07595761865377426 61440
1769349456639 0.07572650164365768 66560
1769349462864 0.07574160397052765 71680
1769349469057 0.07625474780797958 76800
1769349478239 0.07565366476774216 81920
1769349484285 0.07585940510034561 87040
1769349490212 0.07604168355464935 92160
1769349496340 0.0760108083486557 97280
1769349505375 0.07601574808359146 102400
1769349512322 0.07609760761260986 107520
1769349517909 0.07583904266357422 112640
1769349524362 0.07586868107318878 117760
1769349532794 0.07579867541790009 122880
1769349539278 0.07568953931331635 128000
1769349545330 0.07591600716114044 133120
1769349551406 0.07603529095649719 138240
1769349559661 0.07626785337924957 143360
1769349566966 0.07628413289785385 148480
1769349573006 0.07635128498077393 153600
1769349579203 0.07632879912853241 158720
1769349587510 0.07651694864034653 163840
1769349594685 0.07630740851163864 168960
1769349600714 0.07609739154577255 174080
1769349606798 0.07624397426843643 179200
1769349614142 0.0761798769235611 184320
1769349622313 0.07618127018213272 189440
1769349627871 0.07621392607688904 194560
1769349634307 0.07620591670274734 199680
1769349641788 0.07611119747161865 204800
1769349650024 0.07622750848531723 209920
1769349656086 0.07633033394813538 215040
1769349662385 0.07626461982727051 220160
1769349668927 0.07613791525363922 225280
1769349679769 0.07616648823022842 230400
1769349686069 0.07628695666790009 235520
1769349691683 0.07634502649307251 240640
1769349698630 0.0763821080327034 245760
1769349708081 0.0764523446559906 250880
1769349714056 0.07630663365125656 256000
1769349720047 0.07644572108983994 261120
1769349727266 0.07654127478599548 266240
1769349736118 0.07643945515155792 271360
1769349741566 0.07639417052268982 276480
1769349747939 0.07646984606981277 281600
1769349754500 0.07641559839248657 286720
1769349763693 0.07649025321006775 291840
1769349769750 0.07655775547027588 296960
1769349771447 0.07657916843891144 300032
