1769349375962 0.0 5120
1769349382416 0.0 10240
1769349388149 0.0 15360
1769349398666 0.0 20480
1769349404135 0.0 25600
1769349409798 0.0 30720
1769349415220 0.0 35840
1769349424563 0.0 40960
1769349430127 0.0 46080
1769349435389 0.0 51200
1769349441034 0.0 56320
1769349451231 0.0 61440
1769349456639 0.0 66560
1769349462864 0.0 71680
1769349469057 0.0 76800
1769349478239 0.0 81920
1769349484285 0.0 87040
1769349490212 0.0 92160
1769349496340 0.0 97280
1769349505375 0.0 102400
1769349512322 0.0 107520
1769349517909 0.0 112640
1769349524362 0.0 117760
1769349532794 0.0 122880
1769349539278 0.0 128000
1769349545330 0.0 133120
1769349551406 0.0 138240
1769349559661 0.0 143360
1769349566966 0.0 148480
1769349573006 0.0 153600
1769349579203 0.0 158720
1769349587510 0.0 163840
1769349594685 0.0 168960
1769349600714 0.0 174080
1769349606798 0.0 179200
1769349614142 0.0 184320
1769349622313 0.0 189440
1769349627871 0.0 194560
1769349634307 0.0 199680
1769349641788 0.0 204800
1769349650024 0.0 209920
1769349656086 0.0 215040
1769349662385 0.0 220160
1769349668927 0.0 225280
1769349679769 0.0 230400
1769349686069 0.0 235520
1769349691683 0.0 240640
1769349698630 0.0 245760
1769349708081 0.0 250880
1769349714056 0.0 256000
1769349720047 0.0 261120
1769349727266 0.0 266240
1769349736118 0.0 271360
1769349741566 0.0 276480
1769349747939 0.0 281600
1769349754500 0.0 286720
1769349763693 0.0 291840
1769349769750 0.0 296960
1769349771447 0.0 300032
