1769349375956 -0.49231472611427307 5120
1769349382410 -1.303503155708313 10240
1769349388143 -1.2860311269760132 15360
1769349398660 -1.0771584510803223 20480
1769349404131 -1.042920708656311 25600
1769349409791 -1.2893421649932861 30720
1769349415213 -1.3245744705200195 35840
1769349424558 -1.036795973777771 40960
1769349430123 -1.031476378440857 46080
1769349435384 -1.083046793937683 51200
1769349441026 -1.0162030458450317 56320
1769349451226 -1.0217764377593994 61440
1769349456630 -0.9973476529121399 66560
1769349462856 -1.0133798122406006 71680
1769349469046 -1.034710168838501 76800
1769349478228 -1.173129677772522 81920
1769349484279 -1.119408369064331 87040
1769349490204 -1.2298543453216553 92160
1769349496334 -1.313499927520752 97280
1769349505369 -1.2476783990859985 102400
1769349512316 -1.5706743001937866 107520
1769349517902 -1.4185066223144531 112640
1769349524356 -1.662308692932129 117760
1769349532786 -1.707360863685608 122880
1769349539272 -1.651039719581604 128000
1769349545322 -1.9131587743759155 133120
1769349551395 -1.8946878910064697 138240
1769349559654 -1.842352271080017 143360
1769349566959 -2.2138290405273438 148480
1769349572995 -2.1052119731903076 153600
1769349579194 -2.1603589057922363 158720
1769349587500 -2.238097667694092 163840
1769349594674 -2.3182120323181152 168960
1769349600703 -2.4673635959625244 174080
1769349606792 -2.3394885063171387 179200
1769349614131 -2.664212465286255 184320
1769349622306 -2.471203088760376 189440
1769349627859 -2.761653423309326 194560
1769349634298 -2.6544933319091797 199680
1769349641778 -2.7547225952148438 204800
1769349650010 -2.893298387527466 209920
1769349656079 -2.7841796875 215040
1769349662377 -3.1879324913024902 220160
1769349668916 -2.8645310401916504 225280
1769349679762 -3.3751182556152344 230400
1769349686061 -3.030338764190674 235520
1769349691674 -3.2131130695343018 240640
1769349698615 -3.225313901901245 245760
1769349708074 -3.29652738571167 250880
1769349714049 -3.3305485248565674 256000
1769349720037 -3.352444887161255 261120
1769349727259 -3.552319288253784 266240
1769349736107 -3.3960373401641846 271360
1769349741556 -3.386279344558716 276480
1769349747931 -3.503188371658325 281600
1769349754490 -3.6811282634735107 286720
1769349763683 -3.611034870147705 291840
1769349769741 -3.530627727508545 296960
1769349771430 -3.5281810760498047 300032
