1769349375956 27.542123794555664 5120
1769349382410 27.53961181640625 10240
1769349388143 27.0721378326416 15360
1769349398660 24.631389617919922 20480
1769349404131 24.136077880859375 25600
1769349409791 25.681682586669922 30720
1769349415213 23.083683013916016 35840
1769349424558 21.05386734008789 40960
1769349430123 19.69420051574707 46080
1769349435384 18.687191009521484 51200
1769349441026 18.086727142333984 56320
1769349451226 17.576904296875 61440
1769349456630 17.177410125732422 66560
1769349462856 16.410106658935547 71680
1769349469046 14.780561447143555 76800
1769349478228 15.104471206665039 81920
1769349484279 14.04161548614502 87040
1769349490204 14.606910705566406 92160
1769349496334 15.259526252746582 97280
1769349505369 13.400962829589844 102400
1769349512316 13.664640426635742 107520
1769349517902 14.09233570098877 112640
1769349524356 14.690460205078125 117760
1769349532786 14.56330394744873 122880
1769349539272 13.998746871948242 128000
1769349545322 14.327981948852539 133120
1769349551395 16.493148803710938 138240
1769349559654 12.727832794189453 143360
1769349566959 16.118677139282227 148480
1769349572995 13.38044548034668 153600
1769349579194 15.168733596801758 158720
1769349587500 14.057876586914062 163840
1769349594674 13.316118240356445 168960
1769349600703 15.575517654418945 174080
1769349606792 13.99626636505127 179200
1769349614131 13.727617263793945 184320
1769349622306 14.249008178710938 189440
1769349627859 14.163946151733398 194560
1769349634298 13.352689743041992 199680
1769349641778 13.650468826293945 204800
1769349650010 14.434564590454102 209920
1769349656079 14.584996223449707 215040
1769349662377 14.53503704071045 220160
1769349668916 14.010049819946289 225280
1769349679762 15.616917610168457 230400
1769349686061 14.415550231933594 235520
1769349691674 14.853134155273438 240640
1769349698615 12.887121200561523 245760
1769349708074 14.38538932800293 250880
1769349714049 15.389338493347168 256000
1769349720037 13.543543815612793 261120
1769349727259 15.463205337524414 266240
1769349736107 14.246252059936523 271360
1769349741556 13.378069877624512 276480
1769349747931 13.937698364257812 281600
1769349754490 14.843599319458008 286720
1769349763683 14.441095352172852 291840
1769349769741 13.35302448272705 296960
1769349771430 16.16234588623047 300032
