1769349375962 0.9474340677261353 5120
1769349382416 0.9718054533004761 10240
1769349388149 0.9745393991470337 15360
1769349398666 0.9895299673080444 20480
1769349404135 0.9904730319976807 25600
1769349409798 0.9731194972991943 30720
1769349415220 0.9711241126060486 35840
1769349424563 0.9697107672691345 40960
1769349430127 0.9733269214630127 46080
1769349435389 0.9735050797462463 51200
1769349441034 0.9693458676338196 56320
1769349451231 0.9711900353431702 61440
1769349456639 0.9675391912460327 66560
1769349462864 0.967226505279541 71680
1769349469057 0.971031665802002 76800
1769349478239 0.9657831192016602 81920
1769349484285 0.966388463973999 87040
1769349490212 0.9657922387123108 92160
1769349496340 0.9671857357025146 97280
1769349505375 0.9672915935516357 102400
1769349512322 0.9677447080612183 107520
1769349517909 0.9657851457595825 112640
1769349524362 0.9631395936012268 117760
1769349532794 0.9634966254234314 122880
1769349539278 0.9611929059028625 128000
1769349545330 0.9621615409851074 133120
1769349551406 0.9633668661117554 138240
1769349559661 0.9636469483375549 143360
1769349566966 0.9642893075942993 148480
1769349573006 0.9647473692893982 153600
1769349579203 0.9645388126373291 158720
1769349587510 0.9667248725891113 163840
1769349594685 0.9653241634368896 168960
1769349600714 0.9631593227386475 174080
1769349606798 0.9648112654685974 179200
1769349614142 0.9649731516838074 184320
1769349622313 0.964371383190155 189440
1769349627871 0.9650286436080933 194560
1769349634307 0.9653362035751343 199680
1769349641788 0.9654273986816406 204800
1769349650024 0.9662703275680542 209920
1769349656086 0.9676886796951294 215040
1769349662385 0.9674562215805054 220160
1769349668927 0.9671825170516968 225280
1769349679769 0.9664350748062134 230400
1769349686069 0.9666784405708313 235520
1769349691683 0.967624843120575 240640
1769349698630 0.9681363701820374 245760
1769349708081 0.9690846800804138 250880
1769349714056 0.968066930770874 256000
1769349720047 0.9697405099868774 261120
1769349727266 0.9703049659729004 266240
1769349736118 0.9698554873466492 271360
1769349741566 0.9691575765609741 276480
1769349747939 0.9697504639625549 281600
1769349754500 0.9704112410545349 286720
1769349763693 0.9711042046546936 291840
1769349769750 0.9711439609527588 296960
1769349771447 0.9712663292884827 300032
