1769349375962 0.2893514335155487 5120
1769349382416 0.29041096568107605 10240
1769349388149 0.29249176383018494 15360
1769349398666 0.2953092157840729 20480
1769349404135 0.2945736348628998 25600
1769349409798 0.28978854417800903 30720
1769349415220 0.2894900441169739 35840
1769349424563 0.2894405424594879 40960
1769349430127 0.2888151705265045 46080
1769349435389 0.289450466632843 51200
1769349441034 0.28809651732444763 56320
1769349451231 0.288312703371048 61440
1769349456639 0.28750425577163696 66560
1769349462864 0.28766539692878723 71680
1769349469057 0.28922325372695923 76800
1769349478239 0.28750625252723694 81920
1769349484285 0.2878405749797821 87040
1769349490212 0.28840306401252747 92160
1769349496340 0.28841376304626465 97280
1769349505375 0.28865864872932434 102400
1769349512322 0.28864744305610657 107520
1769349517909 0.2880477011203766 112640
1769349524362 0.28793466091156006 117760
1769349532794 0.28783267736434937 122880
1769349539278 0.28731340169906616 128000
1769349545330 0.2879115641117096 133120
1769349551406 0.2881346046924591 138240
1769349559661 0.2888416647911072 143360
1769349566966 0.28866904973983765 148480
1769349573006 0.2886764705181122 153600
1769349579203 0.2884902060031891 158720
1769349587510 0.2891039252281189 163840
1769349594685 0.2886120080947876 168960
1769349600714 0.288006067276001 174080
1769349606798 0.2883559763431549 179200
1769349614142 0.28819000720977783 184320
1769349622313 0.2882938086986542 189440
1769349627871 0.2882329821586609 194560
1769349634307 0.28826794028282166 199680
1769349641788 0.28798747062683105 204800
1769349650024 0.28831735253334045 209920
1769349656086 0.2885369062423706 215040
1769349662385 0.2883177697658539 220160
1769349668927 0.28791818022727966 225280
1769349679769 0.2879110276699066 230400
1769349686069 0.28831371665000916 235520
1769349691683 0.2884882390499115 240640
1769349698630 0.288722425699234 245760
1769349708081 0.2888178527355194 250880
1769349714056 0.2884269058704376 256000
1769349720047 0.2886747121810913 261120
1769349727266 0.28893110156059265 266240
1769349736118 0.2886790335178375 271360
1769349741566 0.2884348928928375 276480
1769349747939 0.28859710693359375 281600
1769349754500 0.28848832845687866 286720
1769349763693 0.28870517015457153 291840
1769349769750 0.28883787989616394 296960
1769349771447 0.28888005018234253 300032
