1758756656340 453.3076428865132 5120
1758756666999 461.33456381411736 10240
1758756678836 464.4095153808594 15360
1758756690450 466.6913835909065 20480
1758756702242 467.50108126974277 25600
1758756713844 468.3391554499247 30720
1758756725653 468.9188544987281 35840
1758756737576 469.0018078110866 40960
1758756749716 469.2266683662887 46080
1758756761169 469.73391147766887 51200
1758756773627 469.7986145623043 56320
1758756784696 469.7292411093845 61440
1758756797008 469.7738083430699 66560
1758756807729 469.77943363427124 71680
1758756819770 469.9754343245175 76800
1758756831281 469.80191897976897 81920
1758756842740 469.7672445498273 87040
1758756856278 469.8906749737687 92160
