1758756656340 -0.5353610414759558 5120
1758756666999 -0.6427812121271426 10240
1758756678836 -0.6827132791719016 15360
1758756690450 -0.712283800199316 20480
1758756702242 -0.7273969073157879 25600
1758756713844 -0.7392404462558677 30720
1758756725653 -0.7464290751985887 35840
1758756737576 -0.7482297292989285 40960
1758756749716 -0.7503255185396175 46080
1758756761169 -0.7541763545680158 51200
1758756773627 -0.7546553893669231 56320
1758756784696 -0.7545239001944968 61440
1758756797008 -0.7550018801453656 66560
1758756807729 -0.754219211035126 71680
1758756819770 -0.7556974849044296 76800
1758756831281 -0.7540363914163895 81920
1758756842740 -0.7540167280390616 87040
1758756856278 -0.756413857853432 92160
