1758756656340 20.10902255639098 5120
1758756666999 19.338262476894638 10240
1758756678836 19.096813725490197 15360
1758756690450 18.843494085532303 20480
1758756702242 18.650541516245486 25600
1758756713844 18.626506024096386 30720
1758756725653 18.564142194744978 35840
1758756737576 18.62279511533243 40960
1758756749716 18.61866452131939 46080
1758756761169 18.609561752988046 51200
1758756773627 18.638101516150297 56320
1758756784696 18.639963724304717 61440
1758756797008 18.634765625 66560
1758756807729 18.645228215767634 71680
1758756819770 18.637947725072603 76800
1758756831281 18.693148190302754 81920
1758756842740 18.689588688946014 87040
1758756856278 18.68406148867314 92160
