1758756656331 7.017124051139469 5120
1758756666995 2.041741685169499 10240
1758756678832 0.935350353600549 15360
1758756690446 0.46725700078187166 20480
1758756702237 0.3246577523722507 25600
1758756713840 0.2645315340727814 30720
1758756725649 0.22459165508865464 35840
1758756737571 0.20535944337430206 40960
1758756749709 0.20419755989675364 46080
1758756761163 0.18715093918700718 51200
1758756773622 0.12179811696661004 56320
1758756784682 0.12466481389841104 61440
1758756797001 0.16498618541549448 66560
1758756807724 0.11898838582836437 71680
1758756819766 0.11375021459256296 76800
1758756831277 0.1317410444916223 81920
1758756842736 0.10558029336314048 87040
1758756856260 0.10457508435209702 92160
