1758756656340 1.1466165413533835 5120
1758756666999 0.9482439926062847 10240
1758756678836 0.8725490196078431 15360
1758756690450 0.816196542311192 20480
1758756702242 0.7956678700361011 25600
1758756713844 0.7753012048192771 30720
1758756725653 0.7609479649665121 35840
1758756737576 0.7593848937132519 40960
1758756749716 0.7538213998390989 46080
1758756761169 0.7413980441868888 51200
1758756773627 0.7399472643375082 56320
1758756784696 0.7415356711003628 61440
1758756797008 0.7405133928571429 66560
1758756807729 0.7404045643153527 71680
1758756819770 0.7357212003872217 76800
1758756831281 0.740268609150922 81920
1758756842740 0.7410025706940874 87040
1758756856278 0.7380663430420712 92160
