1758756656340 -8.860275856534342 5120
1758756666999 -10.765865861818662 10240
1758756678836 -11.528697074628344 15360
1758756690450 -12.019184313870431 20480
1758756702242 -12.241335974187196 25600
1758756713844 -12.470933976230851 30720
1758756725653 -12.602610586599736 35840
1758756737576 -12.668476046075222 40960
1758756749716 -12.718389885519555 46080
1758756761169 -12.79974066386487 51200
1758756773627 -12.835668224367407 56320
1758756784696 -12.850362986434329 61440
1758756797008 -12.85351585383926 66560
1758756807729 -12.842885764307995 71680
1758756819770 -12.860580221842705 76800
1758756831281 -12.850766562069571 81920
1758756842740 -12.858040740986409 87040
1758756856278 -12.893777149009088 92160
