1770995295595 25.699169158935547 5120
1770995310184 25.058691024780273 10240
1770995320493 24.859968185424805 15360
1770995329721 25.355777740478516 20480
1770995341100 26.08846664428711 25600
1770995353139 26.34160614013672 30720
1770995363826 26.63825225830078 35840
1770995373046 26.558006286621094 40960
1770995384239 26.589496612548828 46080
1770995395603 26.651037216186523 51200
1770995406780 26.662521362304688 56320
1770995416376 26.887184143066406 61440
1770995427416 27.049699783325195 66560
1770995438727 27.123767852783203 71680
1770995449016 27.176658630371094 76800
1770995459750 27.208229064941406 81920
1770995470828 27.24013900756836 87040
1770995481805 27.257503509521484 92160
1770995491861 27.225168228149414 97280
1770995502900 27.241802215576172 102400
1770995513983 27.269634246826172 107520
1770995524335 27.340373992919922 112640
1770995534052 27.385717391967773 117760
1770995546274 27.372398376464844 122880
1770995557620 27.379663467407227 128000
1770995567085 27.360851287841797 133120
1770995576764 27.3759822845459 138240
1770995589588 27.407337188720703 143360
1770995601046 27.375518798828125 148480
1770995610104 27.386816024780273 153600
1770995619302 27.404298782348633 158720
1770995632655 27.414548873901367 163840
1770995644224 27.40284538269043 168960
1770995653232 27.437292098999023 174080
1770995662460 27.481950759887695 179200
1770995677081 27.48360824584961 184320
1770995688392 27.51707649230957 189440
1770995697788 27.508319854736328 194560
1770995706914 27.51689910888672 199680
1770995723270 27.518207550048828 204800
1770995732676 27.428752899169922 209920
1770995741778 27.346805572509766 215040
1770995752195 27.279062271118164 220160
1770995765260 27.17405128479004 225280
1770995775617 27.097997665405273 230400
1770995784678 27.05655288696289 235520
1770995797185 27.032989501953125 240640
1770995807155 26.997575759887695 245760
1770995817282 26.94500732421875 250880
1770995827647 26.909090042114258 256000
1770995840931 26.899139404296875 261120
1770995850454 26.89617347717285 266240
1770995860588 26.89000701904297 271360
1770995872809 26.885976791381836 276480
1770995883387 26.904361724853516 281600
1770995893878 26.915376663208008 286720
1770995903261 26.90997314453125 291840
1770995915988 26.942712783813477 296960
1770995919881 26.952909469604492 300032
