1770995295595 1.156084656715393 5120
1770995310184 1.1479023694992065 10240
1770995320493 1.1300048828125 15360
1770995329721 1.1419392824172974 20480
1770995341100 1.155011534690857 25600
1770995353139 1.1532536745071411 30720
1770995363826 1.1548779010772705 35840
1770995373046 1.1494041681289673 40960
1770995384239 1.1527581214904785 46080
1770995395603 1.154952049255371 51200
1770995406780 1.149967908859253 56320
1770995416376 1.1540054082870483 61440
1770995427416 1.156922459602356 66560
1770995438727 1.156665563583374 71680
1770995449016 1.1566838026046753 76800
1770995459750 1.1562103033065796 81920
1770995470828 1.1561399698257446 87040
1770995481805 1.15585458278656 92160
1770995491861 1.1530638933181763 97280
1770995502900 1.1532901525497437 102400
1770995513983 1.153466820716858 107520
1770995524335 1.1551473140716553 112640
1770995534052 1.1570185422897339 117760
1770995546274 1.1558924913406372 122880
1770995557620 1.155030608177185 128000
1770995567085 1.1537574529647827 133120
1770995576764 1.1534777879714966 138240
1770995589588 1.1542102098464966 143360
1770995601046 1.1545988321304321 148480
1770995610104 1.1557326316833496 153600
1770995619302 1.155901312828064 158720
1770995632655 1.1559544801712036 163840
1770995644224 1.155112862586975 168960
1770995653232 1.1563090085983276 174080
1770995662460 1.157472848892212 179200
1770995677081 1.1572026014328003 184320
1770995688392 1.158484697341919 189440
1770995697788 1.1581979990005493 194560
1770995706914 1.1584689617156982 199680
1770995723270 1.15925133228302 204800
1770995732676 1.1574450731277466 209920
1770995741778 1.157362699508667 215040
1770995752195 1.1587916612625122 220160
1770995765260 1.1585745811462402 225280
1770995775617 1.15849769115448 230400
1770995784678 1.1586993932724 235520
1770995797185 1.1591665744781494 240640
1770995807155 1.1589277982711792 245760
1770995817282 1.1573925018310547 250880
1770995827647 1.156886100769043 256000
1770995840931 1.1570823192596436 261120
1770995850454 1.156901240348816 266240
1770995860588 1.1565377712249756 271360
1770995872809 1.1562824249267578 276480
1770995883387 1.156592845916748 281600
1770995893878 1.1568365097045898 286720
1770995903261 1.1561970710754395 291840
1770995915988 1.1568924188613892 296960
1770995919881 1.1571623086929321 300032
