1770995295587 -0.14688856899738312 5120
1770995310174 -0.6017478704452515 10240
1770995320483 -0.9876636266708374 15360
1770995329712 -1.2502344846725464 20480
1770995341090 -1.2966158390045166 25600
1770995353129 -1.1920846700668335 30720
1770995363816 -1.1333470344543457 35840
1770995373036 -1.08811616897583 40960
1770995384228 -1.1562827825546265 46080
1770995395592 -1.2771862745285034 51200
1770995406769 -1.3936564922332764 56320
1770995416366 -1.3953683376312256 61440
1770995427405 -1.3514734506607056 66560
1770995438716 -1.436670184135437 71680
1770995449005 -1.4797464609146118 76800
1770995459740 -1.4780124425888062 81920
1770995470817 -1.5558478832244873 87040
1770995481794 -1.6178653240203857 92160
1770995491851 -1.5966320037841797 97280
1770995502890 -1.6171400547027588 102400
1770995513972 -1.600942850112915 107520
1770995524324 -1.5216295719146729 112640
1770995534041 -1.5117835998535156 117760
1770995546264 -1.5017532110214233 122880
1770995557608 -1.464417815208435 128000
1770995567073 -1.4507962465286255 133120
1770995576753 -1.4337712526321411 138240
1770995589577 -1.4128029346466064 143360
1770995601034 -1.7536792755126953 148480
1770995610093 -1.9992567300796509 153600
1770995619290 -1.9823400974273682 158720
1770995632643 -2.0419368743896484 163840
1770995644212 -2.202361583709717 168960
1770995653219 -2.2902538776397705 174080
1770995662450 -2.3240883350372314 179200
1770995677069 -2.4263367652893066 184320
1770995688380 -2.4587490558624268 189440
1770995697776 -2.4630870819091797 194560
1770995706904 -2.553635835647583 199680
1770995723257 -2.546983480453491 204800
1770995732663 -2.5909571647644043 209920
1770995741765 -2.6644582748413086 215040
1770995752182 -2.6505091190338135 220160
1770995765245 -2.6900343894958496 225280
1770995775606 -2.603688955307007 230400
1770995784665 -2.636854648590088 235520
1770995797171 -2.6574501991271973 240640
1770995807142 -2.6645655632019043 245760
1770995817270 -2.7439634799957275 250880
1770995827636 -2.7164669036865234 256000
1770995840918 -2.6962945461273193 261120
1770995850435 -2.7076337337493896 266240
1770995860574 -2.7370166778564453 271360
1770995872796 -2.7692601680755615 276480
1770995883374 -2.786726236343384 281600
1770995893864 -2.7793498039245605 286720
1770995903248 -2.7958528995513916 291840
1770995915974 -2.8183445930480957 296960
1770995919866 -2.853435516357422 300032
