1770995295587 28.794769287109375 5120
1770995310174 30.918691635131836 10240
1770995320483 28.65993881225586 15360
1770995329712 29.174819946289062 20480
1770995341090 26.077245712280273 25600
1770995353129 28.1588134765625 30720
1770995363816 23.854095458984375 35840
1770995373036 26.121530532836914 40960
1770995384228 26.506221771240234 46080
1770995395592 27.34688377380371 51200
1770995406769 27.35492515563965 56320
1770995416366 27.591228485107422 61440
1770995427405 29.877437591552734 66560
1770995438716 29.02606773376465 71680
1770995449005 26.42757797241211 76800
1770995459740 30.933856964111328 81920
1770995470817 28.155752182006836 87040
1770995481794 27.146215438842773 92160
1770995491851 28.311126708984375 97280
1770995502890 26.50957679748535 102400
1770995513972 26.436798095703125 107520
1770995524324 26.635473251342773 112640
1770995534041 27.652233123779297 117760
1770995546264 27.664541244506836 122880
1770995557608 25.65215492248535 128000
1770995567073 25.759624481201172 133120
1770995576753 23.59439468383789 138240
1770995589577 26.290485382080078 143360
1770995601034 25.826671600341797 148480
1770995610093 23.041879653930664 153600
1770995619290 23.43265151977539 158720
1770995632643 22.87186622619629 163840
1770995644212 23.735851287841797 168960
1770995653219 23.897159576416016 174080
1770995662450 22.563251495361328 179200
1770995677069 22.45159339904785 184320
1770995688380 22.6296443939209 189440
1770995697776 23.42876434326172 194560
1770995706904 21.869186401367188 199680
1770995723257 22.4281063079834 204800
1770995732663 22.671218872070312 209920
1770995741765 23.706851959228516 215040
1770995752182 21.700273513793945 220160
1770995765245 21.20029640197754 225280
1770995775606 21.495502471923828 230400
1770995784665 19.30634880065918 235520
1770995797171 19.459693908691406 240640
1770995807142 20.277606964111328 245760
1770995817270 19.839075088500977 250880
1770995827636 19.262948989868164 256000
1770995840918 20.28795051574707 261120
1770995850435 19.066444396972656 266240
1770995860574 18.50252914428711 271360
1770995872796 19.15750503540039 276480
1770995883374 18.389171600341797 281600
1770995893864 18.84194564819336 286720
1770995903248 18.701404571533203 291840
1770995915974 17.56490707397461 296960
1770995919866 17.39202308654785 300032
