1770995295595 1.0995842218399048 5120
1770995310184 1.1510745286941528 10240
1770995320493 1.1629263162612915 15360
1770995329721 1.2093286514282227 20480
1770995341100 1.2416146993637085 25600
1770995353139 1.2567347288131714 30720
1770995363826 1.27569580078125 35840
1770995373046 1.2830071449279785 40960
1770995384239 1.2935043573379517 46080
1770995395603 1.3023217916488647 51200
1770995406780 1.2954872846603394 56320
1770995416376 1.2891864776611328 61440
1770995427416 1.2860671281814575 66560
1770995438727 1.2727246284484863 71680
1770995449016 1.2624260187149048 76800
1770995459750 1.2564791440963745 81920
1770995470828 1.249261498451233 87040
1770995481805 1.2385503053665161 92160
1770995491861 1.2320538759231567 97280
1770995502900 1.2268493175506592 102400
1770995513983 1.2232643365859985 107520
1770995524335 1.2179982662200928 112640
1770995534052 1.217360496520996 117760
1770995546274 1.213174819946289 122880
1770995557620 1.2104718685150146 128000
1770995567085 1.2048791646957397 133120
1770995576764 1.2022775411605835 138240
1770995589588 1.2046401500701904 143360
1770995601046 1.2063817977905273 148480
1770995610104 1.2110944986343384 153600
1770995619302 1.2091535329818726 158720
1770995632655 1.2058615684509277 163840
1770995644224 1.2016018629074097 168960
1770995653232 1.200302004814148 174080
1770995662460 1.1995881795883179 179200
1770995677081 1.1964516639709473 184320
1770995688392 1.195416808128357 189440
1770995697788 1.1930617094039917 194560
1770995706914 1.1901131868362427 199680
1770995723270 1.1872917413711548 204800
1770995732676 1.17936110496521 209920
1770995741778 1.1705820560455322 215040
1770995752195 1.160634994506836 220160
1770995765260 1.1505775451660156 225280
1770995775617 1.1425670385360718 230400
1770995784678 1.1366698741912842 235520
1770995797185 1.1325180530548096 240640
1770995807155 1.1278212070465088 245760
1770995817282 1.1224288940429688 250880
1770995827647 1.1184896230697632 256000
1770995840931 1.1162856817245483 261120
1770995850454 1.1142752170562744 266240
1770995860588 1.1122509241104126 271360
1770995872809 1.1100317239761353 276480
1770995883387 1.109381914138794 281600
1770995893878 1.1093469858169556 286720
1770995903261 1.1080399751663208 291840
1770995915988 1.1086856126785278 296960
1770995919881 1.1084893941879272 300032
