1770995295595 0.3204837441444397 5120
1770995310184 0.32560989260673523 10240
1770995320493 0.3265334367752075 15360
1770995329721 0.33676719665527344 20480
1770995341100 0.3376307785511017 25600
1770995353139 0.33731788396835327 30720
1770995363826 0.3359867036342621 35840
1770995373046 0.3364196717739105 40960
1770995384239 0.3394351601600647 46080
1770995395603 0.34157562255859375 51200
1770995406780 0.33765843510627747 56320
1770995416376 0.3332902193069458 61440
1770995427416 0.33028024435043335 66560
1770995438727 0.3256761133670807 71680
1770995449016 0.32188400626182556 76800
1770995459750 0.31860947608947754 81920
1770995470828 0.3160880208015442 87040
1770995481805 0.31288760900497437 92160
1770995491861 0.31028011441230774 97280
1770995502900 0.3084764778614044 102400
1770995513983 0.30656149983406067 107520
1770995524335 0.30471378564834595 112640
1770995534052 0.3042478859424591 117760
1770995546274 0.3023514151573181 122880
1770995557620 0.3010644018650055 128000
1770995567085 0.29945552349090576 133120
1770995576764 0.2985966205596924 138240
1770995589588 0.29896223545074463 143360
1770995601046 0.3001537024974823 148480
1770995610104 0.30142688751220703 153600
1770995619302 0.30083218216896057 158720
1770995632655 0.29990535974502563 163840
1770995644224 0.2986516058444977 168960
1770995653232 0.2980821430683136 174080
1770995662460 0.29747438430786133 179200
1770995677081 0.2963659167289734 184320
1770995688392 0.2958754897117615 189440
1770995697788 0.2949756681919098 194560
1770995706914 0.29413121938705444 199680
1770995723270 0.29342615604400635 204800
1770995732676 0.2919716536998749 209920
1770995741778 0.29047778248786926 215040
1770995752195 0.28886887431144714 220160
1770995765260 0.2870081663131714 225280
1770995775617 0.28572431206703186 230400
1770995784678 0.28465473651885986 235520
1770995797185 0.28390875458717346 240640
1770995807155 0.2828404903411865 245760
1770995817282 0.2818233072757721 250880
1770995827647 0.28092846274375916 256000
1770995840931 0.28052085638046265 261120
1770995850454 0.27992191910743713 266240
1770995860588 0.2792348563671112 271360
1770995872809 0.27858081459999084 276480
1770995883387 0.2782559096813202 281600
1770995893878 0.2781114876270294 286720
1770995903261 0.27742618322372437 291840
1770995915988 0.2772659361362457 296960
1770995919881 0.2770734429359436 300032
