1769372575602 0.06492497026920319 5120
1769372584467 0.06447920948266983 10240
1769372591602 0.06575823575258255 15360
1769372598305 0.06689504534006119 20480
1769372604909 0.06685077399015427 25600
1769372614178 0.06659529358148575 30720
1769372620765 0.06582261621952057 35840
1769372627786 0.06594713032245636 40960
1769372634539 0.06619574129581451 46080
1769372643955 0.0661713182926178 51200
1769372650475 0.06587474048137665 56320
1769372657246 0.06604287773370743 61440
1769372663481 0.06630668044090271 66560
1769372673445 0.06601960957050323 71680
1769372680434 0.06629589200019836 76800
1769372687214 0.065900519490242 81920
1769372693516 0.06590571254491806 87040
1769372703972 0.06603839993476868 92160
1769372710306 0.06549300998449326 97280
1769372716703 0.06542123109102249 102400
1769372723063 0.06559455394744873 107520
1769372732832 0.06550764292478561 112640
1769372739548 0.06526312977075577 117760
1769372746669 0.06525874882936478 122880
1769372753173 0.06555191427469254 128000
1769372762979 0.06575609743595123 133120
1769372769495 0.06580603122711182 138240
1769372776618 0.06557390838861465 143360
1769372783544 0.06577017903327942 148480
1769372792708 0.06571310013532639 153600
1769372799260 0.0656510442495346 158720
1769372807330 0.06579320877790451 163840
1769372814611 0.06567973643541336 168960
1769372822616 0.06566985696554184 174080
1769372829256 0.06581639498472214 179200
1769372836766 0.06589620560407639 184320
1769372843603 0.06580914556980133 189440
1769372852507 0.06577275693416595 194560
1769372858889 0.0656655877828598 199680
1769372866143 0.06571654230356216 204800
1769372873328 0.06559622287750244 209920
1769372882612 0.0655895546078682 215040
1769372889294 0.06555745750665665 220160
1769372896268 0.0655999407172203 225280
1769372903504 0.06562264263629913 230400
1769372912371 0.06571073085069656 235520
1769372919049 0.06577099114656448 240640
1769372926206 0.06579062342643738 245760
1769372933102 0.06578376889228821 250880
1769372942966 0.06575033813714981 256000
1769372949561 0.0658859834074974 261120
1769372955984 0.06566397100687027 266240
1769372963310 0.06563983857631683 271360
1769372972441 0.06541337072849274 276480
1769372979038 0.06539955735206604 281600
1769372985735 0.06526316702365875 286720
1769372992472 0.06530588120222092 291840
1769373002341 0.06535924971103668 296960
1769373003594 0.06532780081033707 300032
