1769372575602 16.642908096313477 5120
1769372584467 16.38847541809082 10240
1769372591602 16.518278121948242 15360
1769372598305 16.622722625732422 20480
1769372604909 16.575973510742188 25600
1769372614178 16.614347457885742 30720
1769372620765 16.689266204833984 35840
1769372627786 16.662540435791016 40960
1769372634539 16.574220657348633 46080
1769372643955 16.45005226135254 51200
1769372650475 16.442623138427734 56320
1769372657246 16.4387149810791 61440
1769372663481 16.398704528808594 66560
1769372673445 16.33527374267578 71680
1769372680434 16.317304611206055 76800
1769372687214 16.30506134033203 81920
1769372693516 16.331926345825195 87040
1769372703972 16.320484161376953 92160
1769372710306 16.351646423339844 97280
1769372716703 16.316186904907227 102400
1769372723063 16.33155632019043 107520
1769372732832 16.314208984375 112640
1769372739548 16.312774658203125 117760
1769372746669 16.337337493896484 122880
1769372753173 16.348567962646484 128000
1769372762979 16.34921646118164 133120
1769372769495 16.36722183227539 138240
1769372776618 16.35245132446289 143360
1769372783544 16.36301040649414 148480
1769372792708 16.349985122680664 153600
1769372799260 16.354612350463867 158720
1769372807330 16.348548889160156 163840
1769372814611 16.342126846313477 168960
1769372822616 16.33702278137207 174080
1769372829256 16.33851432800293 179200
1769372836766 16.35125160217285 184320
1769372843603 16.34693145751953 189440
1769372852507 16.368511199951172 194560
1769372858889 16.352615356445312 199680
1769372866143 16.360485076904297 204800
1769372873328 16.36045265197754 209920
1769372882612 16.377174377441406 215040
1769372889294 16.366498947143555 220160
1769372896268 16.357975006103516 225280
1769372903504 16.358842849731445 230400
1769372912371 16.377490997314453 235520
1769372919049 16.370220184326172 240640
1769372926206 16.354265213012695 245760
1769372933102 16.370561599731445 250880
1769372942966 16.3644962310791 256000
1769372949561 16.36383628845215 261120
1769372955984 16.363231658935547 266240
1769372963310 16.35818099975586 271360
1769372972441 16.35299301147461 276480
1769372979038 16.343324661254883 281600
1769372985735 16.339981079101562 286720
1769372992472 16.347517013549805 291840
1769373002341 16.348770141601562 296960
1769373003594 16.3469295501709 300032
