1769372575602 21.946208953857422 5120
1769372584467 21.552154541015625 10240
1769372591602 21.836776733398438 15360
1769372598305 22.02154541015625 20480
1769372604909 22.024267196655273 25600
1769372614178 22.112092971801758 30720
1769372620765 22.18525505065918 35840
1769372627786 22.139568328857422 40960
1769372634539 22.051170349121094 46080
1769372643955 21.898761749267578 51200
1769372650475 21.899112701416016 56320
1769372657246 21.903667449951172 61440
1769372663481 21.864734649658203 66560
1769372673445 21.785982131958008 71680
1769372680434 21.773969650268555 76800
1769372687214 21.74298858642578 81920
1769372693516 21.768217086791992 87040
1769372703972 21.748369216918945 92160
1769372710306 21.757875442504883 97280
1769372716703 21.717994689941406 102400
1769372723063 21.75589942932129 107520
1769372732832 21.73588752746582 112640
1769372739548 21.72629737854004 117760
1769372746669 21.76359748840332 122880
1769372753173 21.787891387939453 128000
1769372762979 21.796531677246094 133120
1769372769495 21.81699562072754 138240
1769372776618 21.792613983154297 143360
1769372783544 21.814769744873047 148480
1769372792708 21.80219841003418 153600
1769372799260 21.80620002746582 158720
1769372807330 21.808012008666992 163840
1769372814611 21.797792434692383 168960
1769372822616 21.793102264404297 174080
1769372829256 21.801345825195312 179200
1769372836766 21.816598892211914 184320
1769372843603 21.808237075805664 189440
1769372852507 21.829214096069336 194560
1769372858889 21.807769775390625 199680
1769372866143 21.82025909423828 204800
1769372873328 21.81593894958496 209920
1769372882612 21.839704513549805 215040
1769372889294 21.825641632080078 220160
1769372896268 21.816556930541992 225280
1769372903504 21.821945190429688 230400
1769372912371 21.851146697998047 235520
1769372919049 21.845678329467773 240640
1769372926206 21.83050537109375 245760
1769372933102 21.851301193237305 250880
1769372942966 21.843326568603516 256000
1769372949561 21.84657859802246 261120
1769372955984 21.840618133544922 266240
1769372963310 21.835866928100586 271360
1769372972441 21.82389259338379 276480
1769372979038 21.814802169799805 281600
1769372985735 21.807401657104492 286720
1769372992472 21.818443298339844 291840
1769373002341 21.82392120361328 296960
1769373003594 21.820117950439453 300032
