1769372575602 0.0 5120
1769372584467 0.0 10240
1769372591602 0.0 15360
1769372598305 0.0 20480
1769372604909 0.0 25600
1769372614178 0.0 30720
1769372620765 0.0 35840
1769372627786 0.0 40960
1769372634539 0.0 46080
1769372643955 0.0 51200
1769372650475 0.0 56320
1769372657246 0.0 61440
1769372663481 0.0 66560
1769372673445 0.0 71680
1769372680434 0.0 76800
1769372687214 0.0 81920
1769372693516 0.0 87040
1769372703972 0.0 92160
1769372710306 0.0 97280
1769372716703 0.0 102400
1769372723063 0.0 107520
1769372732832 0.0 112640
1769372739548 0.0 117760
1769372746669 0.0 122880
1769372753173 0.0 128000
1769372762979 0.0 133120
1769372769495 0.0 138240
1769372776618 0.0 143360
1769372783544 0.0 148480
1769372792708 0.0 153600
1769372799260 0.0 158720
1769372807330 0.0 163840
1769372814611 0.0 168960
1769372822616 0.0 174080
1769372829256 0.0 179200
1769372836766 0.0 184320
1769372843603 0.0 189440
1769372852507 0.0 194560
1769372858889 0.0 199680
1769372866143 0.0 204800
1769372873328 0.0 209920
1769372882612 0.0 215040
1769372889294 0.0 220160
1769372896268 0.0 225280
1769372903504 0.0 230400
1769372912371 0.0 235520
1769372919049 0.0 240640
1769372926206 0.0 245760
1769372933102 0.0 250880
1769372942966 0.0 256000
1769372949561 0.0 261120
1769372955984 0.0 266240
1769372963310 0.0 271360
1769372972441 0.0 276480
1769372979038 0.0 281600
1769372985735 0.0 286720
1769372992472 0.0 291840
1769373002341 0.0 296960
1769373003594 0.0 300032
