1769372575589 -2.1547317504882812 5120
1769372584457 -2.770624876022339 10240
1769372591597 -2.9024999141693115 15360
1769372598296 -2.918750286102295 20480
1769372604900 -2.966249942779541 25600
1769372614172 -3.1593751907348633 30720
1769372620760 -3.2612502574920654 35840
1769372627781 -3.26312518119812 40960
1769372634529 -3.3575000762939453 46080
1769372643949 -3.612499952316284 51200
1769372650465 -3.536250352859497 56320
1769372657234 -3.58062481880188 61440
1769372663474 -3.768749952316284 66560
1769372673439 -3.720625400543213 71680
1769372680428 -3.9006247520446777 76800
1769372687208 -3.8993752002716064 81920
1769372693505 -4.046875 87040
1769372703963 -4.276249885559082 92160
1769372710299 -4.085000038146973 97280
1769372716696 -4.192500114440918 102400
1769372723055 -4.366874694824219 107520
1769372732824 -4.366250038146973 112640
1769372739541 -4.375000476837158 117760
1769372746662 -4.591249942779541 122880
1769372753162 -4.6987504959106445 128000
1769372762973 -4.796249866485596 133120
1769372769489 -4.788750648498535 138240
1769372776611 -4.783125400543213 143360
1769372783533 -4.918749809265137 148480
1769372792700 -5.032500267028809 153600
1769372799251 -5.090000152587891 158720
1769372807323 -5.132500171661377 163840
1769372814604 -5.12000036239624 168960
1769372822606 -5.261250019073486 174080
1769372829249 -5.340000152587891 179200
1769372836760 -5.562500476837158 184320
1769372843596 -5.501250267028809 189440
1769372852500 -5.502500057220459 194560
1769372858880 -5.505000114440918 199680
1769372866134 -5.693749904632568 204800
1769372873318 -5.71875 209920
1769372882604 -5.775000095367432 215040
1769372889286 -5.87375020980835 220160
1769372896259 -6.034999847412109 225280
1769372903495 -6.037499904632568 230400
1769372912360 -6.135000228881836 235520
1769372919039 -5.994999885559082 240640
1769372926194 -6.145000457763672 245760
1769372933095 -6.231249809265137 250880
1769372942957 -6.266249656677246 256000
1769372949552 -6.307499885559082 261120
1769372955970 -6.588749885559082 266240
1769372963299 -6.341249942779541 271360
1769372972428 -6.5737504959106445 276480
1769372979031 -6.609999656677246 281600
1769372985727 -6.7612504959106445 286720
1769372992465 -6.699999809265137 291840
1769373002332 -6.757500648498535 296960
1769373003584 -6.737500190734863 300032
