1769372575602 0.8718714714050293 5120
1769372584467 0.8658865690231323 10240
1769372591602 0.8765807747840881 15360
1769372598305 0.8836079239845276 20480
1769372604909 0.8827651143074036 25600
1769372614178 0.8863579034805298 30720
1769372620765 0.8818133473396301 35840
1769372627786 0.8797260522842407 40960
1769372634539 0.8818346261978149 46080
1769372643955 0.880478024482727 51200
1769372650475 0.8764694333076477 56320
1769372657246 0.8787462115287781 61440
1769372663481 0.8766378164291382 66560
1769372673445 0.8730104565620422 71680
1769372680434 0.8754841685295105 76800
1769372687214 0.872132420539856 81920
1769372693516 0.8734786510467529 87040
1769372703972 0.8732351660728455 92160
1769372710306 0.8710023760795593 97280
1769372716703 0.8688060641288757 102400
1769372723063 0.8694554567337036 107520
1769372732832 0.8698557019233704 112640
1769372739548 0.867807924747467 117760
1769372746669 0.8692482113838196 122880
1769372753173 0.8726010918617249 128000
1769372762979 0.8745051026344299 133120
1769372769495 0.8759313225746155 138240
1769372776618 0.8748292326927185 143360
1769372783544 0.8763484954833984 148480
1769372792708 0.8765138983726501 153600
1769372799260 0.8760206699371338 158720
1769372807330 0.8769335150718689 163840
1769372814611 0.8763179779052734 168960
1769372822616 0.8761826157569885 174080
1769372829256 0.8768308162689209 179200
1769372836766 0.8774104118347168 184320
1769372843603 0.8761360049247742 189440
1769372852507 0.8768603205680847 194560
1769372858889 0.8758832812309265 199680
1769372866143 0.8768206834793091 204800
1769372873328 0.8751823902130127 209920
1769372882612 0.8751652240753174 215040
1769372889294 0.8750238418579102 220160
1769372896268 0.8745592832565308 225280
1769372903504 0.8745718002319336 230400
1769372912371 0.8761823177337646 235520
1769372919049 0.8766016364097595 240640
1769372926206 0.8753739595413208 245760
1769372933102 0.8752456307411194 250880
1769372942966 0.8745921850204468 256000
1769372949561 0.8746142387390137 261120
1769372955984 0.87337327003479 266240
1769372963310 0.8728792071342468 271360
1769372972441 0.870590329170227 276480
1769372979038 0.870525062084198 281600
1769372985735 0.8689481019973755 286720
1769372992472 0.8694446086883545 291840
1769373002341 0.8698294162750244 296960
1769373003594 0.8698127269744873 300032
