1769372575602 0.2641015946865082 5120
1769372584467 0.26092609763145447 10240
1769372591602 0.2641144394874573 15360
1769372598305 0.26631811261177063 20480
1769372604909 0.2662992477416992 25600
1769372614178 0.2675437033176422 30720
1769372620765 0.2661297917366028 35840
1769372627786 0.2667919993400574 40960
1769372634539 0.2673008441925049 46080
1769372643955 0.267021507024765 51200
1769372650475 0.26689544320106506 56320
1769372657246 0.26773175597190857 61440
1769372663481 0.2683567702770233 66560
1769372673445 0.26760056614875793 71680
1769372680434 0.2678292989730835 76800
1769372687214 0.26688238978385925 81920
1769372693516 0.26682791113853455 87040
1769372703972 0.26703986525535583 92160
1769372710306 0.2654748260974884 97280
1769372716703 0.2654664218425751 102400
1769372723063 0.26594945788383484 107520
1769372732832 0.265892893075943 112640
1769372739548 0.2655235528945923 117760
1769372746669 0.2658022940158844 122880
1769372753173 0.26680269837379456 128000
1769372762979 0.2673894166946411 133120
1769372769495 0.2674417793750763 138240
1769372776618 0.26693496108055115 143360
1769372783544 0.2673838138580322 148480
1769372792708 0.2673477530479431 153600
1769372799260 0.2671481668949127 158720
1769372807330 0.26744088530540466 163840
1769372814611 0.2670705318450928 168960
1769372822616 0.2670789361000061 174080
1769372829256 0.2675037980079651 179200
1769372836766 0.2677179276943207 184320
1769372843603 0.2675199508666992 189440
1769372852507 0.2675182819366455 194560
1769372858889 0.26721590757369995 199680
1769372866143 0.26739686727523804 204800
1769372873328 0.26705875992774963 209920
1769372882612 0.26712387800216675 215040
1769372889294 0.26708003878593445 220160
1769372896268 0.26712849736213684 225280
1769372903504 0.26721620559692383 230400
1769372912371 0.2675784230232239 235520
1769372919049 0.267680823802948 240640
1769372926206 0.26788565516471863 245760
1769372933102 0.26792263984680176 250880
1769372942966 0.26776790618896484 256000
1769372949561 0.2680961787700653 261120
1769372955984 0.2675693929195404 266240
1769372963310 0.26746222376823425 271360
1769372972441 0.26691320538520813 276480
1769372979038 0.2668842375278473 281600
1769372985735 0.2665081322193146 286720
1769372992472 0.2665758430957794 291840
1769373002341 0.26677581667900085 296960
1769373003594 0.26664695143699646 300032
