1769372575602 1.6713072061538696 5120
1769372584467 1.6623430252075195 10240
1769372591602 1.688207745552063 15360
1769372598305 1.7066078186035156 20480
1769372604909 1.7122312784194946 25600
1769372614178 1.713822841644287 30720
1769372620765 1.6958719491958618 35840
1769372627786 1.7024365663528442 40960
1769372634539 1.709859848022461 46080
1769372643955 1.7119485139846802 51200
1769372650475 1.707943320274353 56320
1769372657246 1.7157279253005981 61440
1769372663481 1.7236101627349854 66560
1769372673445 1.719007968902588 71680
1769372680434 1.7234398126602173 76800
1769372687214 1.714421272277832 81920
1769372693516 1.713201642036438 87040
1769372703972 1.7165659666061401 92160
1769372710306 1.7004855871200562 97280
1769372716703 1.7001417875289917 102400
1769372723063 1.7033112049102783 107520
1769372732832 1.7024486064910889 112640
1769372739548 1.698459506034851 117760
1769372746669 1.6994268894195557 122880
1769372753173 1.7084108591079712 128000
1769372762979 1.7135493755340576 133120
1769372769495 1.7138068675994873 138240
1769372776618 1.7085093259811401 143360
1769372783544 1.7123057842254639 148480
1769372792708 1.711370587348938 153600
1769372799260 1.708606481552124 158720
1769372807330 1.7117199897766113 163840
1769372814611 1.707665205001831 168960
1769372822616 1.7078994512557983 174080
1769372829256 1.7110871076583862 179200
1769372836766 1.71285879611969 184320
1769372843603 1.711215853691101 189440
1769372852507 1.710152506828308 194560
1769372858889 1.7077263593673706 199680
1769372866143 1.7101019620895386 204800
1769372873328 1.70720636844635 209920
1769372882612 1.7070611715316772 215040
1769372889294 1.7069532871246338 220160
1769372896268 1.7075278759002686 225280
1769372903504 1.708019495010376 230400
1769372912371 1.7107810974121094 235520
1769372919049 1.7122544050216675 240640
1769372926206 1.7140291929244995 245760
1769372933102 1.7141882181167603 250880
1769372942966 1.7132426500320435 256000
1769372949561 1.716482162475586 261120
1769372955984 1.7109849452972412 266240
1769372963310 1.7106140851974487 271360
1769372972441 1.7054345607757568 276480
1769372979038 1.7054623365402222 281600
1769372985735 1.7020149230957031 286720
1769372992472 1.702711820602417 291840
1769373002341 1.7040737867355347 296960
1769373003594 1.7031158208847046 300032
