1770648798117 16.856746673583984 5120
1770648805658 18.20728874206543 10240
1770648811995 19.355695724487305 15360
1770648817965 20.041343688964844 20480
1770648826008 20.413219451904297 25600
1770648832279 20.575172424316406 30720
1770648838238 20.693767547607422 35840
1770648844430 20.84259796142578 40960
1770648852928 21.039020538330078 46080
1770648860056 21.000228881835938 51200
1770648867207 21.057302474975586 56320
1770648873198 21.1263484954834 61440
1770648881737 21.187808990478516 66560
1770648887770 21.2349796295166 71680
1770648894251 21.28764533996582 76800
1770648900130 21.32050895690918 81920
1770648906979 21.384733200073242 87040
1770648913725 21.476144790649414 92160
1770648920315 21.557205200195312 97280
1770648926140 21.575204849243164 102400
1770648932558 21.59425163269043 107520
1770648939194 21.64971351623535 112640
1770648946197 21.67203140258789 117760
1770648952106 21.665245056152344 122880
1770648959124 21.69057846069336 128000
1770648966561 21.70987319946289 133120
1770648973060 21.70454978942871 138240
1770648979192 21.664663314819336 143360
1770648984976 21.600244522094727 148480
1770648992212 21.50392723083496 153600
1770648999003 21.41609001159668 158720
1770649005295 21.345666885375977 163840
1770649010980 21.132537841796875 168960
1770649017845 21.022865295410156 174080
1770649024181 20.88334846496582 179200
1770649031287 20.710935592651367 184320
1770649037030 20.469362258911133 189440
1770649043381 20.191925048828125 194560
1770649050699 19.924409866333008 199680
1770649057246 19.707504272460938 204800
1770649064024 19.516387939453125 209920
1770649070019 19.412805557250977 215040
1770649077118 19.26689338684082 220160
1770649083525 19.098323822021484 225280
1770649091516 18.938894271850586 230400
1770649097433 18.837242126464844 235520
1770649104668 18.765914916992188 240640
1770649111108 18.702194213867188 245760
1770649120737 18.66985321044922 250880
1770649126864 18.63286018371582 256000
1770649132978 18.60248565673828 261120
1770649138768 18.594505310058594 266240
1770649147702 18.541629791259766 271360
1770649153721 18.517704010009766 276480
1770649160043 18.48531150817871 281600
1770649166166 18.470142364501953 286720
1770649174474 18.457162857055664 291840
1770649180363 18.451210021972656 296960
1770649186143 18.459651947021484 302080
1770649192062 18.45347023010254 307200
1770649201465 18.46578025817871 312320
1770649207360 18.462257385253906 317440
1770649213200 18.447460174560547 322560
1770649219255 18.421419143676758 327680
1770649228454 18.420011520385742 332800
1770649234525 18.396772384643555 337920
1770649240313 18.40078353881836 343040
1770649246164 18.42227554321289 348160
1770649255039 18.427309036254883 353280
1770649260726 18.40578269958496 358400
1770649266574 18.402549743652344 363520
1770649272350 18.384511947631836 368640
1770649280846 18.37775421142578 373760
1770649286631 18.3518009185791 378880
1770649293053 18.341907501220703 384000
1770649299344 18.30582046508789 389120
1770649308607 18.28331756591797 394240
1770649314374 18.259225845336914 399360
1770649320225 18.220664978027344 404480
1770649325910 18.18512725830078 409600
1770649335795 18.144596099853516 414720
1770649341715 18.103782653808594 419840
1770649347723 18.0626277923584 424960
1770649354033 18.01837158203125 430080
1770649363386 17.961633682250977 435200
1770649369448 17.921001434326172 440320
1770649375275 17.877004623413086 445440
1770649381353 17.81600570678711 450560
1770649392059 17.74149513244629 455680
1770649397825 17.679628372192383 460800
1770649403896 17.621410369873047 465920
1770649410079 17.556331634521484 471040
1770649420028 17.492630004882812 476160
1770649425592 17.441268920898438 481280
1770649431456 17.378488540649414 486400
1770649437658 17.32538414001465 491520
1770649447244 17.277971267700195 496640
1770649453426 17.221147537231445 501760
1770649459461 17.175479888916016 506880
1770649465550 17.118715286254883 512000
1770649474767 17.06155014038086 517120
1770649482064 16.99859619140625 522240
1770649487925 16.934926986694336 527360
1770649493696 16.86890983581543 532480
1770649502533 16.792736053466797 537600
1770649508052 16.726421356201172 542720
1770649513771 16.646114349365234 547840
1770649519368 16.562747955322266 552960
1770649528584 16.47428321838379 558080
1770649534367 16.400806427001953 563200
1770649539934 16.311504364013672 568320
1770649545575 16.23916244506836 573440
1770649554733 16.15030288696289 578560
1770649560619 16.06014060974121 583680
1770649566588 15.97287368774414 588800
1770649572463 15.885948181152344 593920
1770649582179 15.802172660827637 599040
1770649587947 15.726871490478516 604160
1770649593623 15.642196655273438 609280
1770649599449 15.570944786071777 614400
1770649608757 15.501771926879883 619520
1770649614531 15.444104194641113 624640
1770649620070 15.385241508483887 629760
1770649625780 15.333314895629883 634880
1770649634894 15.290521621704102 640000
1770649640374 15.236043930053711 645120
1770649646215 15.183555603027344 650240
1770649652514 15.139076232910156 655360
1770649662506 15.101509094238281 660480
1770649668839 15.065058708190918 665600
1770649675236 15.039299011230469 670720
1770649681078 15.004345893859863 675840
1770649688951 14.95125961303711 680960
1770649697308 14.904666900634766 686080
1770649702871 14.854557037353516 691200
1770649708786 14.8024320602417 696320
1770649714696 14.744318962097168 701440
1770649722497 14.678131103515625 706560
1770649729113 14.61816120147705 711680
1770649734789 14.567172050476074 716800
1770649741437 14.498407363891602 721920
1770649749004 14.439934730529785 727040
1770649757065 14.376336097717285 732160
1770649763569 14.315922737121582 737280
1770649769809 14.263713836669922 742400
1770649775947 14.208351135253906 747520
1770649785023 14.15074634552002 752640
1770649791266 14.089519500732422 757760
1770649797582 14.033591270446777 762880
1770649803588 13.977766990661621 768000
1770649813301 13.924497604370117 773120
1770649820735 13.871996879577637 778240
1770649826496 13.825923919677734 783360
1770649832486 13.782761573791504 788480
1770649839287 13.736295700073242 793600
1770649846426 13.68338394165039 798720
1770649853412 13.631597518920898 803840
1770649859571 13.581930160522461 808960
1770649865237 13.534431457519531 814080
1770649872456 13.492178916931152 819200
1770649879970 13.450582504272461 824320
1770649886566 13.410130500793457 829440
1770649892658 13.367450714111328 834560
1770649898644 13.323687553405762 839680
1770649906814 13.28718376159668 844800
1770649913510 13.247097969055176 849920
1770649919819 13.21446704864502 855040
1770649925500 13.181754112243652 860160
1770649933365 13.138599395751953 865280
1770649939123 13.10332202911377 870400
1770649947574 13.06731128692627 875520
1770649953824 13.029776573181152 880640
1770649960573 12.992300033569336 885760
1770649967469 12.957198143005371 890880
1770649975879 12.928984642028809 896000
1770649983292 12.905067443847656 901120
1770649990134 12.876541137695312 906240
1770649997419 12.846379280090332 911360
1770650005553 12.816036224365234 916480
1770650014992 12.788888931274414 921600
1770650021291 12.756739616394043 926720
1770650027966 12.72695255279541 931840
1770650033945 12.695428848266602 936960
1770650043576 12.672152519226074 942080
1770650050349 12.645215034484863 947200
1770650056599 12.615753173828125 952320
1770650062600 12.588088989257812 957440
1770650070564 12.560696601867676 962560
1770650077490 12.531341552734375 967680
1770650083566 12.501971244812012 972800
1770650090980 12.468958854675293 977920
1770650098072 12.434625625610352 983040
1770650105414 12.397603034973145 988160
1770650111724 12.368221282958984 993280
1770650119600 12.333582878112793 998400
1770650121328 12.32529067993164 1000448
