1770648798117 0.0 5120
1770648805658 0.0 10240
1770648811995 0.0 15360
1770648817965 0.0 20480
1770648826008 0.0 25600
1770648832279 0.0 30720
1770648838238 0.0 35840
1770648844430 0.0 40960
1770648852928 0.0 46080
1770648860056 0.0 51200
1770648867207 0.0 56320
1770648873198 0.0 61440
1770648881737 0.0 66560
1770648887770 0.0 71680
1770648894251 0.0 76800
1770648900130 0.0 81920
1770648906979 0.0 87040
1770648913725 0.0 92160
1770648920315 0.0 97280
1770648926140 0.0 102400
1770648932558 0.0 107520
1770648939194 0.0 112640
1770648946197 0.0 117760
1770648952106 0.0 122880
1770648959124 0.0 128000
1770648966561 0.0 133120
1770648973060 0.0 138240
1770648979192 0.0 143360
1770648984976 0.0 148480
1770648992212 0.0 153600
1770648999003 0.0 158720
1770649005295 0.0 163840
1770649010980 0.0 168960
1770649017845 0.0 174080
1770649024181 0.0 179200
1770649031287 0.0 184320
1770649037030 0.0 189440
1770649043381 0.0 194560
1770649050699 0.0 199680
1770649057246 0.0 204800
1770649064024 0.0 209920
1770649070019 0.0 215040
1770649077118 0.0 220160
1770649083525 0.0 225280
1770649091516 0.0 230400
1770649097433 0.0 235520
1770649104668 0.0 240640
1770649111108 0.0 245760
1770649120737 0.0 250880
1770649126864 0.0 256000
1770649132978 0.0 261120
1770649138768 0.0 266240
1770649147702 0.0 271360
1770649153721 0.0 276480
1770649160043 0.0 281600
1770649166166 0.0 286720
1770649174474 0.0 291840
1770649180363 0.0 296960
1770649186143 0.0 302080
1770649192062 0.0 307200
1770649201465 0.0 312320
1770649207360 0.0 317440
1770649213200 0.0 322560
1770649219255 0.0 327680
1770649228454 0.0 332800
1770649234525 0.0 337920
1770649240313 0.0 343040
1770649246164 0.0 348160
1770649255039 0.0 353280
1770649260726 0.0 358400
1770649266574 0.0 363520
1770649272350 0.0 368640
1770649280846 0.0 373760
1770649286631 0.0 378880
1770649293053 0.0 384000
1770649299344 0.0 389120
1770649308607 0.0 394240
1770649314374 0.0 399360
1770649320225 0.0 404480
1770649325910 0.0 409600
1770649335795 0.0 414720
1770649341715 0.0 419840
1770649347723 0.0 424960
1770649354033 0.0 430080
1770649363386 0.0 435200
1770649369448 0.0 440320
1770649375275 0.0 445440
1770649381353 0.0 450560
1770649392059 0.0 455680
1770649397825 0.0 460800
1770649403896 0.0 465920
1770649410079 0.0 471040
1770649420028 0.0 476160
1770649425592 0.0 481280
1770649431456 0.0 486400
1770649437658 0.0 491520
1770649447244 0.0 496640
1770649453426 0.0 501760
1770649459461 0.0 506880
1770649465550 0.0 512000
1770649474767 0.0 517120
1770649482064 0.0 522240
1770649487925 0.0 527360
1770649493696 0.0 532480
1770649502533 0.0 537600
1770649508052 0.0 542720
1770649513771 0.0 547840
1770649519368 0.0 552960
1770649528584 0.0 558080
1770649534367 0.0 563200
1770649539934 0.0 568320
1770649545575 0.0 573440
1770649554733 0.0 578560
1770649560619 0.0 583680
1770649566588 0.0 588800
1770649572463 0.0 593920
1770649582179 0.0 599040
1770649587947 0.0 604160
1770649593623 0.0 609280
1770649599449 0.0 614400
1770649608757 0.0 619520
1770649614531 0.0 624640
1770649620070 0.0 629760
1770649625780 0.0 634880
1770649634894 0.0 640000
1770649640374 0.0 645120
1770649646215 0.0 650240
1770649652514 0.0 655360
1770649662506 0.0 660480
1770649668839 0.0 665600
1770649675236 0.0 670720
1770649681078 0.0 675840
1770649688951 0.0 680960
1770649697308 0.0 686080
1770649702871 0.0 691200
1770649708786 0.0 696320
1770649714696 0.0 701440
1770649722497 0.0 706560
1770649729113 0.0 711680
1770649734789 0.0 716800
1770649741437 0.0 721920
1770649749004 0.0 727040
1770649757065 0.0 732160
1770649763569 0.0 737280
1770649769809 0.0 742400
1770649775947 0.0 747520
1770649785023 0.0 752640
1770649791266 0.0 757760
1770649797582 0.0 762880
1770649803588 0.0 768000
1770649813301 0.0 773120
1770649820735 0.0 778240
1770649826496 0.0 783360
1770649832486 0.0 788480
1770649839287 0.0 793600
1770649846426 0.0 798720
1770649853412 0.0 803840
1770649859571 0.0 808960
1770649865237 0.0 814080
1770649872456 0.0 819200
1770649879970 0.0 824320
1770649886566 0.0 829440
1770649892658 0.0 834560
1770649898644 0.0 839680
1770649906814 0.0 844800
1770649913510 0.0 849920
1770649919819 0.0 855040
1770649925500 0.0 860160
1770649933365 0.0 865280
1770649939123 0.0 870400
1770649947574 0.0 875520
1770649953824 0.0 880640
1770649960573 0.0 885760
1770649967469 0.0 890880
1770649975879 0.0 896000
1770649983292 0.0 901120
1770649990134 0.0 906240
1770649997419 0.0 911360
1770650005553 0.0 916480
1770650014992 0.0 921600
1770650021291 0.0 926720
1770650027966 0.0 931840
1770650033945 0.0 936960
1770650043576 0.0 942080
1770650050349 0.0 947200
1770650056599 0.0 952320
1770650062600 0.0 957440
1770650070564 0.0 962560
1770650077490 0.0 967680
1770650083566 0.0 972800
1770650090980 0.0 977920
1770650098072 0.0 983040
1770650105414 0.0 988160
1770650111724 0.0 993280
1770650119600 0.0 998400
1770650121328 0.0 1000448
