1770648798117 1.1175616979599 5120
1770648805658 1.1207531690597534 10240
1770648811995 1.1594562530517578 15360
1770648817965 1.1598683595657349 20480
1770648826008 1.155120849609375 25600
1770648832279 1.149849772453308 30720
1770648838238 1.1468063592910767 35840
1770648844430 1.148179531097412 40960
1770648852928 1.1499536037445068 46080
1770648860056 1.1466386318206787 51200
1770648867207 1.148147463798523 56320
1770648873198 1.1454375982284546 61440
1770648881737 1.147850751876831 66560
1770648887770 1.1464699506759644 71680
1770648894251 1.1466271877288818 76800
1770648900130 1.146718144416809 81920
1770648906979 1.1480389833450317 87040
1770648913725 1.1511774063110352 92160
1770648920315 1.1534409523010254 97280
1770648926140 1.1532492637634277 102400
1770648932558 1.154806137084961 107520
1770648939194 1.1562026739120483 112640
1770648946197 1.155696988105774 117760
1770648952106 1.1543493270874023 122880
1770648959124 1.1551698446273804 128000
1770648966561 1.1555215120315552 133120
1770648973060 1.1544301509857178 138240
1770648979192 1.1529653072357178 143360
1770648984976 1.1523183584213257 148480
1770648992212 1.15302312374115 153600
1770648999003 1.15277099609375 158720
1770649005295 1.1512153148651123 163840
1770649010980 1.1521953344345093 168960
1770649017845 1.1533313989639282 174080
1770649024181 1.1532294750213623 179200
1770649031287 1.1539419889450073 184320
1770649037030 1.152675986289978 189440
1770649043381 1.1521210670471191 194560
1770649050699 1.150793433189392 199680
1770649057246 1.1513525247573853 204800
1770649064024 1.1525754928588867 209920
1770649070019 1.152890682220459 215040
1770649077118 1.153403639793396 220160
1770649083525 1.152502417564392 225280
1770649091516 1.1528502702713013 230400
1770649097433 1.1523925065994263 235520
1770649104668 1.1526563167572021 240640
1770649111108 1.1532562971115112 245760
1770649120737 1.1528874635696411 250880
1770649126864 1.1526156663894653 256000
1770649132978 1.1526769399642944 261120
1770649138768 1.152864694595337 266240
1770649147702 1.1512748003005981 271360
1770649153721 1.1511701345443726 276480
1770649160043 1.1500338315963745 281600
1770649166166 1.1494349241256714 286720
1770649174474 1.148982286453247 291840
1770649180363 1.148842453956604 296960
1770649186143 1.1490753889083862 302080
1770649192062 1.1488205194473267 307200
1770649201465 1.148420810699463 312320
1770649207360 1.1484894752502441 317440
1770649213200 1.148599624633789 322560
1770649219255 1.1487329006195068 327680
1770649228454 1.1494828462600708 332800
1770649234525 1.1487520933151245 337920
1770649240313 1.149642825126648 343040
1770649246164 1.1502591371536255 348160
1770649255039 1.1505098342895508 353280
1770649260726 1.1503846645355225 358400
1770649266574 1.1509883403778076 363520
1770649272350 1.15092933177948 368640
1770649280846 1.1513508558273315 373760
1770649286631 1.1508071422576904 378880
1770649293053 1.150985598564148 384000
1770649299344 1.1502782106399536 389120
1770649308607 1.1502314805984497 394240
1770649314374 1.1502927541732788 399360
1770649320225 1.150112271308899 404480
1770649325910 1.1499727964401245 409600
1770649335795 1.1493213176727295 414720
1770649341715 1.1493312120437622 419840
1770649347723 1.1498465538024902 424960
1770649354033 1.1500284671783447 430080
1770649363386 1.1499814987182617 435200
1770649369448 1.1504616737365723 440320
1770649375275 1.1508969068527222 445440
1770649381353 1.1508265733718872 450560
1770649392059 1.1501938104629517 455680
1770649397825 1.1505756378173828 460800
1770649403896 1.1504769325256348 465920
1770649410079 1.149886131286621 471040
1770649420028 1.1496663093566895 476160
1770649425592 1.1495624780654907 481280
1770649431456 1.1490492820739746 486400
1770649437658 1.1494864225387573 491520
1770649447244 1.149200201034546 496640
1770649453426 1.1490048170089722 501760
1770649459461 1.1491923332214355 506880
1770649465550 1.1488860845565796 512000
1770649474767 1.1492242813110352 517120
1770649482064 1.1491156816482544 522240
1770649487925 1.1497094631195068 527360
1770649493696 1.1499086618423462 532480
1770649502533 1.149879813194275 537600
1770649508052 1.1498392820358276 542720
1770649513771 1.1500581502914429 547840
1770649519368 1.1505426168441772 552960
1770649528584 1.1505041122436523 558080
1770649534367 1.1514167785644531 563200
1770649539934 1.1512365341186523 568320
1770649545575 1.1521358489990234 573440
1770649554733 1.1519315242767334 578560
1770649560619 1.1519813537597656 583680
1770649566588 1.152340054512024 588800
1770649572463 1.1520274877548218 593920
1770649582179 1.152144432067871 599040
1770649587947 1.1521161794662476 604160
1770649593623 1.1518772840499878 609280
1770649599449 1.1520118713378906 614400
1770649608757 1.1518305540084839 619520
1770649614531 1.1521928310394287 624640
1770649620070 1.1518617868423462 629760
1770649625780 1.1512706279754639 634880
1770649634894 1.1511298418045044 640000
1770649640374 1.150618314743042 645120
1770649646215 1.1503418684005737 650240
1770649652514 1.1503928899765015 655360
1770649662506 1.1508318185806274 660480
1770649668839 1.1506717205047607 665600
1770649675236 1.1506538391113281 670720
1770649681078 1.1508171558380127 675840
1770649688951 1.1505746841430664 680960
1770649697308 1.1503808498382568 686080
1770649702871 1.1500908136367798 691200
1770649708786 1.1502964496612549 696320
1770649714696 1.1502923965454102 701440
1770649722497 1.1497384309768677 706560
1770649729113 1.149524450302124 711680
1770649734789 1.1502249240875244 716800
1770649741437 1.1495107412338257 721920
1770649749004 1.1496132612228394 727040
1770649757065 1.1492104530334473 732160
1770649763569 1.1488410234451294 737280
1770649769809 1.1490057706832886 742400
1770649775947 1.1488323211669922 747520
1770649785023 1.1488306522369385 752640
1770649791266 1.148567795753479 757760
1770649797582 1.1482024192810059 762880
1770649803588 1.1479390859603882 768000
1770649813301 1.1477800607681274 773120
1770649820735 1.1479610204696655 778240
1770649826496 1.148209571838379 783360
1770649832486 1.1485916376113892 788480
1770649839287 1.148525357246399 793600
1770649846426 1.1484421491622925 798720
1770649853412 1.1484535932540894 803840
1770649859571 1.1480416059494019 808960
1770649865237 1.1480478048324585 814080
1770649872456 1.1484272480010986 819200
1770649879970 1.1486303806304932 824320
1770649886566 1.1487842798233032 829440
1770649892658 1.1484614610671997 834560
1770649898644 1.1483206748962402 839680
1770649906814 1.1485284566879272 844800
1770649913510 1.1483542919158936 849920
1770649919819 1.1484558582305908 855040
1770649925500 1.148756980895996 860160
1770649933365 1.1482322216033936 865280
1770649939123 1.148205041885376 870400
1770649947574 1.1482888460159302 875520
1770649953824 1.1481531858444214 880640
1770649960573 1.1482235193252563 885760
1770649967469 1.1480109691619873 890880
1770649975879 1.1482869386672974 896000
1770649983292 1.1484785079956055 901120
1770649990134 1.1484339237213135 906240
1770649997419 1.1481918096542358 911360
1770650005553 1.1483917236328125 916480
1770650014992 1.1486750841140747 921600
1770650021291 1.1487236022949219 926720
1770650027966 1.1488142013549805 931840
1770650033945 1.1490960121154785 936960
1770650043576 1.1494011878967285 942080
1770650050349 1.149294137954712 947200
1770650056599 1.1491405963897705 952320
1770650062600 1.149260401725769 957440
1770650070564 1.1494135856628418 962560
1770650077490 1.1495654582977295 967680
1770650083566 1.1498911380767822 972800
1770650090980 1.1499336957931519 977920
1770650098072 1.1498979330062866 983040
1770650105414 1.1496386528015137 988160
1770650111724 1.1499720811843872 993280
1770650119600 1.149852991104126 998400
1770650121328 1.1497459411621094 1000448
