1770648798117 0.26197388768196106 5120
1770648805658 0.19298595190048218 10240
1770648811995 0.21114493906497955 15360
1770648817965 0.22240206599235535 20480
1770648826008 0.22777946293354034 25600
1770648832279 0.23145432770252228 30720
1770648838238 0.23655077815055847 35840
1770648844430 0.2406243234872818 40960
1770648852928 0.2435678392648697 46080
1770648860056 0.24736067652702332 51200
1770648867207 0.2515963613986969 56320
1770648873198 0.2515954077243805 61440
1770648881737 0.2545497715473175 66560
1770648887770 0.25558918714523315 71680
1770648894251 0.2560339570045471 76800
1770648900130 0.2569674849510193 81920
1770648906979 0.25760143995285034 87040
1770648913725 0.2581234872341156 92160
1770648920315 0.25935614109039307 97280
1770648926140 0.2596853971481323 102400
1770648932558 0.261269211769104 107520
1770648939194 0.2617853879928589 112640
1770648946197 0.2615607678890228 117760
1770648952106 0.260854572057724 122880
1770648959124 0.26179754734039307 128000
1770648966561 0.26198986172676086 133120
1770648973060 0.26194441318511963 138240
1770648979192 0.262818306684494 143360
1770648984976 0.26552239060401917 148480
1770648992212 0.2684447169303894 153600
1770648999003 0.27037811279296875 158720
1770649005295 0.2724333703517914 163840
1770649010980 0.27610984444618225 168960
1770649017845 0.27905505895614624 174080
1770649024181 0.28196465969085693 179200
1770649031287 0.2854287922382355 184320
1770649037030 0.28809937834739685 189440
1770649043381 0.29053977131843567 194560
1770649050699 0.29336872696876526 199680
1770649057246 0.295700341463089 204800
1770649064024 0.2991945147514343 209920
1770649070019 0.300771027803421 215040
1770649077118 0.3031100928783417 220160
1770649083525 0.3051270544528961 225280
1770649091516 0.30804675817489624 230400
1770649097433 0.3099246919155121 235520
1770649104668 0.31155142188072205 240640
1770649111108 0.31340542435646057 245760
1770649120737 0.3144342601299286 250880
1770649126864 0.3153575360774994 256000
1770649132978 0.3165392279624939 261120
1770649138768 0.3177420496940613 266240
1770649147702 0.31833165884017944 271360
1770649153721 0.3191392421722412 276480
1770649160043 0.3191447854042053 281600
1770649166166 0.31985315680503845 286720
1770649174474 0.3205205798149109 291840
1770649180363 0.32114729285240173 296960
1770649186143 0.3220072388648987 302080
1770649192062 0.32215815782546997 307200
1770649201465 0.3224586546421051 312320
1770649207360 0.3229671120643616 317440
1770649213200 0.3234674036502838 322560
1770649219255 0.3239925503730774 327680
1770649228454 0.3246966600418091 332800
1770649234525 0.32494035363197327 337920
1770649240313 0.3257753551006317 343040
1770649246164 0.3262783885002136 348160
1770649255039 0.32636380195617676 353280
1770649260726 0.32658305764198303 358400
1770649266574 0.3270514905452728 363520
1770649272350 0.32732027769088745 368640
1770649280846 0.327639102935791 373760
1770649286631 0.3276764154434204 378880
1770649293053 0.32782167196273804 384000
1770649299344 0.32808396220207214 389120
1770649308607 0.32851243019104004 394240
1770649314374 0.3295707106590271 399360
1770649320225 0.330297589302063 404480
1770649325910 0.331268310546875 409600
1770649335795 0.3318663239479065 414720
1770649341715 0.3333296775817871 419840
1770649347723 0.33491235971450806 424960
1770649354033 0.33642756938934326 430080
1770649363386 0.3380364775657654 435200
1770649369448 0.3395082950592041 440320
1770649375275 0.3413997292518616 445440
1770649381353 0.34320104122161865 450560
1770649392059 0.3446418046951294 455680
1770649397825 0.3466002941131592 460800
1770649403896 0.3481421172618866 465920
1770649410079 0.3492966294288635 471040
1770649420028 0.35092154145240784 476160
1770649425592 0.3522334396839142 481280
1770649431456 0.35353097319602966 486400
1770649437658 0.35486769676208496 491520
1770649447244 0.3558116555213928 496640
1770649453426 0.3570796847343445 501760
1770649459461 0.3586689829826355 506880
1770649465550 0.3601013123989105 512000
1770649474767 0.36203518509864807 517120
1770649482064 0.3640366494655609 522240
1770649487925 0.3659466803073883 527360
1770649493696 0.367710679769516 532480
1770649502533 0.36865556240081787 537600
1770649508052 0.3679461181163788 542720
1770649513771 0.3674333393573761 547840
1770649519368 0.3673260807991028 552960
1770649528584 0.36732542514801025 558080
1770649534367 0.3682648837566376 563200
1770649539934 0.36857762932777405 568320
1770649545575 0.36901599168777466 573440
1770649554733 0.3697313666343689 578560
1770649560619 0.37001800537109375 583680
1770649566588 0.3705427050590515 588800
1770649572463 0.3711666762828827 593920
1770649582179 0.3720175623893738 599040
1770649587947 0.37290695309638977 604160
1770649593623 0.37369874119758606 609280
1770649599449 0.3744142949581146 614400
1770649608757 0.37523332238197327 619520
1770649614531 0.3761249780654907 624640
1770649620070 0.37674954533576965 629760
1770649625780 0.3772003650665283 634880
1770649634894 0.3775227665901184 640000
1770649640374 0.37794700264930725 645120
1770649646215 0.3786332607269287 650240
1770649652514 0.3796343505382538 655360
1770649662506 0.3807186782360077 660480
1770649668839 0.38142743706703186 665600
1770649675236 0.38206377625465393 670720
1770649681078 0.38303589820861816 675840
1770649688951 0.38365432620048523 680960
1770649697308 0.3841056823730469 686080
1770649702871 0.3844573497772217 691200
1770649708786 0.385195791721344 696320
1770649714696 0.3856567144393921 701440
1770649722497 0.38603660464286804 706560
1770649729113 0.38658201694488525 711680
1770649734789 0.38741666078567505 716800
1770649741437 0.38786500692367554 721920
1770649749004 0.3885003924369812 727040
1770649757065 0.3891179859638214 732160
1770649763569 0.3894326388835907 737280
1770649769809 0.3899613916873932 742400
1770649775947 0.3904118537902832 747520
1770649785023 0.39121437072753906 752640
1770649791266 0.39163345098495483 757760
1770649797582 0.3920179307460785 762880
1770649803588 0.39248624444007874 768000
1770649813301 0.3929823338985443 773120
1770649820735 0.3936328589916229 778240
1770649826496 0.39407676458358765 783360
1770649832486 0.3948196768760681 788480
1770649839287 0.395506888628006 793600
1770649846426 0.39587053656578064 798720
1770649853412 0.3963753879070282 803840
1770649859571 0.3966403901576996 808960
1770649865237 0.39692649245262146 814080
1770649872456 0.3974033296108246 819200
1770649879970 0.39784082770347595 824320
1770649886566 0.39839011430740356 829440
1770649892658 0.3987811207771301 834560
1770649898644 0.39912518858909607 839680
1770649906814 0.39952942728996277 844800
1770649913510 0.3998137414455414 849920
1770649919819 0.40028029680252075 855040
1770649925500 0.4009545147418976 860160
1770649933365 0.40125444531440735 865280
1770649939123 0.4017144441604614 870400
1770649947574 0.40200871229171753 875520
1770649953824 0.40239986777305603 880640
1770649960573 0.4027412235736847 885760
1770649967469 0.4030720591545105 890880
1770649975879 0.4036421477794647 896000
1770649983292 0.40402519702911377 901120
1770649990134 0.4041381776332855 906240
1770649997419 0.4043267071247101 911360
1770650005553 0.40486517548561096 916480
1770650014992 0.40521106123924255 921600
1770650021291 0.4054529666900635 926720
1770650027966 0.40576162934303284 931840
1770650033945 0.4060346186161041 936960
1770650043576 0.4063110947608948 942080
1770650050349 0.4063836932182312 947200
1770650056599 0.40640702843666077 952320
1770650062600 0.4065796136856079 957440
1770650070564 0.4067741930484772 962560
1770650077490 0.40711283683776855 967680
1770650083566 0.40740829706192017 972800
1770650090980 0.40781885385513306 977920
1770650098072 0.408161461353302 983040
1770650105414 0.4082738161087036 988160
1770650111724 0.40861502289772034 993280
1770650119600 0.4088714122772217 998400
1770650121328 0.40887191891670227 1000448
