1770648798112 160.12460868901275 5120
1770648805653 176.55766964135375 10240
1770648811988 147.11178141769844 15360
1770648817959 190.97136092519236 20480
1770648826003 197.09149006155727 25600
1770648832274 181.9575723395948 30720
1770648838233 191.0931705316871 35840
1770648844422 115.4978383588049 40960
1770648852922 123.42722617856512 46080
1770648860048 198.78218009478672 51200
1770648867201 111.15744838735324 56320
1770648873192 183.48589177129358 61440
1770648881731 203.74545807830563 66560
1770648887764 112.52324614352783 71680
1770648894244 188.643698839615 76800
1770648900123 99.56095708317508 81920
1770648906970 181.72106927776093 87040
1770648913719 186.34725430957883 92160
1770648920308 92.72868765475769 97280
1770648926134 152.93167067745935 102400
1770648932553 154.7428149787862 107520
1770648939188 158.8811697412781 112640
1770648946190 166.46045164106837 117760
1770648952099 168.90041477066805 122880
1770648959116 134.8390664180544 128000
1770648966551 162.7591773379899 133120
1770648973054 162.22409591955133 138240
1770648979186 182.70261793788387 143360
1770648984970 121.36998668904451 148480
1770648992206 176.00201418320674 153600
1770648998993 122.59028467878646 158720
1770649005285 181.22640857241618 163840
1770649010971 210.51515759887573 168960
1770649017838 98.6616484757245 174080
1770649024175 161.48708273976823 179200
1770649031280 177.46906998392146 184320
1770649037024 103.72184578861467 189440
1770649043372 111.81232672211559 194560
1770649050692 169.38470236652935 199680
1770649057239 201.19460833693097 204800
1770649064017 179.88951792760335 209920
1770649070012 182.49593177566027 215040
1770649077112 197.77922384118452 220160
1770649083516 182.22635443367946 225280
1770649091509 169.68622056800712 230400
1770649097421 116.80369823721072 235520
1770649104662 170.30631801201883 240640
1770649111095 75.07256130302488 245760
1770649120727 116.69645540036726 250880
1770649126856 119.47201412823654 256000
1770649132971 173.95089581950896 261120
1770649138757 83.00621413021967 266240
1770649147689 175.869176904692 271360
1770649153714 169.67935596100165 276480
1770649160035 188.22042721234968 281600
1770649166160 162.2994234415509 286720
1770649174466 220.88072041708358 291840
1770649180352 143.05266030013644 296960
1770649186130 139.34564784053157 302080
1770649192049 125.0575151316378 307200
1770649201458 103.57840667753247 312320
1770649207350 110.88708526107072 317440
1770649213188 134.38544103040596 322560
1770649219247 183.82364026822106 327680
1770649228444 157.59765536935447 332800
1770649234518 195.1020560052098 337920
1770649240305 179.66605268794174 343040
1770649246156 185.1462876313234 348160
1770649255027 155.6097054240558 353280
1770649260718 156.54476915612287 358400
1770649266566 193.0812502877135 363520
1770649272341 154.93144208037825 368640
1770649280833 139.77751857899824 373760
1770649286615 124.37886246367357 378880
1770649293045 196.17885874649204 384000
1770649299334 143.5667978778025 389120
1770649308599 151.54474834700292 394240
1770649314362 97.39472889817718 399360
1770649320217 129.91494502090754 404480
1770649325902 218.8637027760384 409600
1770649335782 124.96064352748398 414720
1770649341706 175.7512675466164 419840
1770649347714 201.93076886043042 424960
1770649354015 115.09848796685053 430080
1770649363377 160.25308524051505 435200
1770649369438 143.3705007690993 440320
1770649375265 142.60519515843873 445440
1770649381341 123.31110719115658 450560
1770649392050 178.10208067940553 455680
1770649397812 162.412545982575 460800
1770649403881 141.57988185654008 465920
1770649410064 161.80479901242188 471040
1770649420014 93.9900056022409 476160
1770649425583 147.86899347787767 481280
1770649431441 138.1022686115044 486400
1770649437647 149.5242237353392 491520
1770649447232 196.43611839640315 496640
1770649453415 163.11363459593994 501760
1770649459451 163.9360562829783 506880
1770649465539 168.41212607910057 512000
1770649474757 194.6222449074289 517120
1770649482055 201.8530246883873 522240
1770649487906 101.26521644655834 527360
1770649493686 154.1116990005879 532480
1770649502522 127.84004389039593 537600
1770649508041 99.55623071445525 542720
1770649513762 147.4790436005626 547840
1770649519357 126.8656120504522 552960
1770649528574 162.70235462973739 558080
1770649534357 212.95207148659625 563200
1770649539924 124.18368615840119 568320
1770649545558 167.6916679993603 573440
1770649554723 145.8076896335952 578560
1770649560610 122.37210795040117 583680
1770649566580 168.60845795143914 588800
1770649572447 97.41282486006921 593920
1770649582169 142.95514655760056 599040
1770649587938 197.02668169860954 604160
1770649593614 165.1560875728461 609280
1770649599438 132.49633560778366 614400
1770649608740 130.80222042038295 619520
1770649614520 145.32774332143723 624640
1770649620056 209.8621034724307 629760
1770649625769 180.11353974320437 634880
1770649634881 200.4925430210325 640000
1770649640364 190.23512336719884 645120
1770649646203 172.78286302780637 650240
1770649652502 75.79976144865725 655360
1770649662493 127.69603604700724 660480
1770649668828 135.85230290859624 665600
1770649675225 101.10410991924792 670720
1770649681067 167.2770200207386 675840
1770649688936 123.95980612365528 680960
1770649697297 185.46557594516915 686080
1770649702860 212.4236009116232 691200
1770649708774 192.17887743413516 696320
1770649714684 191.13671162960262 701440
1770649722485 204.8 706560
1770649729100 146.26530896917282 711680
1770649734778 147.0138100245356 716800
1770649741421 101.44400909398733 721920
1770649748990 151.44078567302137 727040
1770649757054 136.30704234506516 732160
1770649763550 111.40841478963026 737280
1770649769799 157.79331101162484 742400
1770649775932 144.89097692413984 747520
1770649785010 178.5038089968932 752640
1770649791255 136.93003819659822 757760
1770649797566 183.0614525139665 762880
1770649803571 133.5935787998471 768000
1770649813286 166.02557099315203 773120
1770649820719 169.75489719928768 778240
1770649826484 182.4800522079617 783360
1770649832474 137.76207055113971 788480
1770649839275 148.9824885447377 793600
1770649846411 151.3369655421252 798720
1770649853400 120.76890296573568 803840
1770649859557 141.9584376903811 808960
1770649865225 95.28611022763415 814080
1770649872439 124.986709577448 819200
1770649879958 197.56495525200188 824320
1770649886555 193.09902858984393 829440
1770649892643 108.91749980524034 834560
1770649898632 199.188108467493 839680
1770649906801 184.30020212672466 844800
1770649913499 179.51994521486046 849920
1770649919807 161.11489263626936 855040
1770649925488 102.07602823071306 860160
1770649933345 177.43903883577292 865280
1770649939101 125.6569699511669 870400
1770649947558 146.0615684635743 875520
1770649953811 151.9840562379969 880640
1770649960552 136.16543843132163 885760
1770649967457 151.54474834700292 890880
1770649975865 192.5847835070481 896000
1770649983271 207.9476450173525 901120
1770649990120 102.64307564300222 906240
1770649997404 191.2848998951065 911360
1770650005536 175.68501298483707 916480
1770650014979 187.17886469118173 921600
1770650021274 153.36224359208745 926720
1770650027953 149.4070459160047 931840
1770650033926 191.93264082734635 936960
1770650043553 133.05113564268493 942080
1770650050336 153.81216766291394 947200
1770650056584 134.4198955228664 952320
1770650062584 204.1918114989533 957440
1770650070548 133.2879115291725 962560
1770650077464 108.33236046181264 967680
1770650083552 143.05266030013644 972800
1770650090962 95.67081042859424 977920
1770650098057 182.4800522079617 983040
1770650105392 120.29437577078613 988160
1770650111707 76.95829434322306 993280
1770650119571 100.5346116970278 998400
1770650121300 129.70202238852124 1000448
