1770648798117 1.6574233770370483 5120
1770648805658 0.8788991570472717 10240
1770648811995 1.0076137781143188 15360
1770648817965 1.125004529953003 20480
1770648826008 1.1800371408462524 25600
1770648832279 1.2236055135726929 30720
1770648838238 1.2752445936203003 35840
1770648844430 1.3136671781539917 40960
1770648852928 1.34101140499115 46080
1770648860056 1.3856154680252075 51200
1770648867207 1.4294644594192505 56320
1770648873198 1.430721402168274 61440
1770648881737 1.4598827362060547 66560
1770648887770 1.470798373222351 71680
1770648894251 1.4745978116989136 76800
1770648900130 1.4826991558074951 81920
1770648906979 1.487069010734558 87040
1770648913725 1.487518310546875 92160
1770648920315 1.4976904392242432 97280
1770648926140 1.5018961429595947 102400
1770648932558 1.51811683177948 107520
1770648939194 1.5207070112228394 112640
1770648946197 1.5188024044036865 117760
1770648952106 1.51270592212677 122880
1770648959124 1.52313232421875 128000
1770648966561 1.525678277015686 133120
1770648973060 1.5260168313980103 138240
1770648979192 1.5376912355422974 143360
1770648984976 1.568083643913269 148480
1770648992212 1.600759744644165 153600
1770648999003 1.6232240200042725 158720
1770649005295 1.647040843963623 163840
1770649010980 1.6912436485290527 168960
1770649017845 1.723781943321228 174080
1770649024181 1.7561283111572266 179200
1770649031287 1.7962626218795776 184320
1770649037030 1.8302820920944214 189440
1770649043381 1.863968014717102 194560
1770649050699 1.9013901948928833 199680
1770649057246 1.9311949014663696 204800
1770649064024 1.9719703197479248 209920
1770649070019 1.9909915924072266 215040
1770649077118 2.0193746089935303 220160
1770649083525 2.045203685760498 225280
1770649091516 2.0797250270843506 230400
1770649097433 2.1019251346588135 235520
1770649104668 2.12080717086792 240640
1770649111108 2.1413371562957764 245760
1770649120737 2.153303384780884 250880
1770649126864 2.164365530014038 256000
1770649132978 2.1772236824035645 261120
1770649138768 2.1894240379333496 266240
1770649147702 2.197979688644409 271360
1770649153721 2.2062575817108154 276480
1770649160043 2.2075657844543457 281600
1770649166166 2.21543288230896 286720
1770649174474 2.2226099967956543 291840
1770649180363 2.2292771339416504 296960
1770649186143 2.2382442951202393 302080
1770649192062 2.240354537963867 307200
1770649201465 2.243781089782715 312320
1770649207360 2.2491562366485596 317440
1770649213200 2.2547402381896973 322560
1770649219255 2.260643482208252 327680
1770649228454 2.2678401470184326 332800
1770649234525 2.271312952041626 337920
1770649240313 2.2793405055999756 343040
1770649246164 2.2835476398468018 348160
1770649255039 2.2842211723327637 353280
1770649260726 2.287097454071045 358400
1770649266574 2.291945695877075 363520
1770649272350 2.295149087905884 368640
1770649280846 2.2984650135040283 373760
1770649286631 2.299715042114258 378880
1770649293053 2.3012583255767822 384000
1770649299344 2.304945707321167 389120
1770649308607 2.3103792667388916 394240
1770649314374 2.3215489387512207 399360
1770649320225 2.330148458480835 404480
1770649325910 2.3410630226135254 409600
1770649335795 2.3491525650024414 414720
1770649341715 2.3655335903167725 419840
1770649347723 2.3830060958862305 424960
1770649354033 2.399662733078003 430080
1770649363386 2.4178590774536133 435200
1770649369448 2.433863639831543 440320
1770649375275 2.454881429672241 445440
1770649381353 2.475651741027832 450560
1770649392059 2.4931633472442627 455680
1770649397825 2.514918565750122 460800
1770649403896 2.5322763919830322 465920
1770649410079 2.5463571548461914 471040
1770649420028 2.5653491020202637 476160
1770649425592 2.58060884475708 481280
1770649431456 2.59635591506958 486400
1770649437658 2.611388683319092 491520
1770649447244 2.6225948333740234 496640
1770649453426 2.637485980987549 501760
1770649459461 2.655353546142578 506880
1770649465550 2.6720657348632812 512000
1770649474767 2.693392515182495 517120
1770649482064 2.7161264419555664 522240
1770649487925 2.7373015880584717 527360
1770649493696 2.757436513900757 532480
1770649502533 2.7691924571990967 537600
1770649508052 2.7632341384887695 542720
1770649513771 2.7598657608032227 547840
1770649519368 2.7610273361206055 552960
1770649528584 2.763612747192383 558080
1770649534367 2.7751567363739014 563200
1770649539934 2.781433582305908 568320
1770649545575 2.7875590324401855 573440
1770649554733 2.7979578971862793 578560
1770649560619 2.803901433944702 583680
1770649566588 2.811943769454956 588800
1770649572463 2.821550130844116 593920
1770649582179 2.833104133605957 599040
1770649587947 2.844599962234497 604160
1770649593623 2.85553240776062 609280
1770649599449 2.8651390075683594 614400
1770649608757 2.875765800476074 619520
1770649614531 2.8865818977355957 624640
1770649620070 2.8947904109954834 629760
1770649625780 2.9010791778564453 634880
1770649634894 2.9056122303009033 640000
1770649640374 2.9117703437805176 645120
1770649646215 2.920557975769043 650240
1770649652514 2.9321045875549316 655360
1770649662506 2.944147825241089 660480
1770649668839 2.952648162841797 665600
1770649675236 2.960071086883545 670720
1770649681078 2.970905065536499 675840
1770649688951 2.978893280029297 680960
1770649697308 2.9849941730499268 686080
1770649702871 2.9901816844940186 691200
1770649708786 2.9993417263031006 696320
1770649714696 3.0058629512786865 701440
1770649722497 3.0121755599975586 706560
1770649729113 3.0196776390075684 711680
1770649734789 3.0295796394348145 716800
1770649741437 3.0367372035980225 721920
1770649749004 3.045278787612915 727040
1770649757065 3.053842782974243 732160
1770649763569 3.059274435043335 737280
1770649769809 3.066432476043701 742400
1770649775947 3.072903633117676 747520
1770649785023 3.082940101623535 752640
1770649791266 3.089550733566284 757760
1770649797582 3.09543514251709 762880
1770649803588 3.1023635864257812 768000
1770649813301 3.109351396560669 773120
1770649820735 3.1176035404205322 778240
1770649826496 3.123701572418213 783360
1770649832486 3.13244366645813 788480
1770649839287 3.141047716140747 793600
1770649846426 3.146651029586792 798720
1770649853412 3.1535701751708984 803840
1770649859571 3.1581833362579346 808960
1770649865237 3.162820339202881 814080
1770649872456 3.168771505355835 819200
1770649879970 3.174561023712158 824320
1770649886566 3.1814181804656982 829440
1770649892658 3.186873197555542 834560
1770649898644 3.191920518875122 839680
1770649906814 3.1971147060394287 844800
1770649913510 3.201510190963745 849920
1770649919819 3.2073354721069336 855040
1770649925500 3.2151830196380615 860160
1770649933365 3.21960186958313 865280
1770649939123 3.2253642082214355 870400
1770649947574 3.2295117378234863 875520
1770649953824 3.23470139503479 880640
1770649960573 3.2394027709960938 885760
1770649967469 3.244072675704956 890880
1770649975879 3.2505853176116943 896000
1770649983292 3.255065679550171 901120
1770649990134 3.2571089267730713 906240
1770649997419 3.260115146636963 911360
1770650005553 3.2666025161743164 916480
1770650014992 3.270984172821045 921600
1770650021291 3.274576425552368 926720
1770650027966 3.2787599563598633 931840
1770650033945 3.2824199199676514 936960
1770650043576 3.285780668258667 942080
1770650050349 3.2875022888183594 947200
1770650056599 3.288710117340088 952320
1770650062600 3.291327476501465 957440
1770650070564 3.294121026992798 962560
1770650077490 3.2984628677368164 967680
1770650083566 3.302321672439575 972800
1770650090980 3.3077175617218018 977920
1770650098072 3.312408447265625 983040
1770650105414 3.314911127090454 988160
1770650111724 3.3192708492279053 993280
1770650119600 3.3231494426727295 998400
1770650121328 3.3234758377075195 1000448
