1768609035455 0.3026579772534014 5120
1768609091223 0.3026579772534014 10240
1768609146897 0.3026579772534014 15360
1768609202705 0.3026579772534014 20480
1768609257485 0.3026579772534014 25600
1768609312054 0.3026579772534014 30720
1768609366855 0.3026579772534014 35840
1768609421880 0.3026579772534014 40960
1768609477613 0.3026579772534014 46080
1768609538073 0.3026579772534014 51200
1768609593595 0.3026579772534014 56320
1768609649347 0.3026579772534014 61440
1768609704772 0.3026579772534014 66560
1768609760386 0.3026579772534014 71680
