1768609035455 13.363229764562075 5120
1768609091223 13.363229764562075 10240
1768609146897 13.363229764562075 15360
1768609202705 13.363229764562075 20480
1768609257485 13.363229764562075 25600
1768609312054 13.363229764562075 30720
1768609366855 13.363229764562075 35840
1768609421880 13.363229764562075 40960
1768609477613 13.363229764562075 46080
1768609538073 13.363229764562075 51200
1768609593595 13.363229764562075 56320
1768609649347 13.363229764562075 61440
1768609704772 13.363229764562075 66560
1768609760386 13.363229764562075 71680
