1768609035455 54.42176870748299 5120
1768609091223 54.42176870748299 10240
1768609146897 54.42176870748299 15360
1768609202705 54.42176870748299 20480
1768609257485 54.42176870748299 25600
1768609312054 54.42176870748299 30720
1768609366855 54.42176870748299 35840
1768609421880 54.42176870748299 40960
1768609477613 54.42176870748299 46080
1768609538073 54.42176870748299 51200
1768609593595 54.42176870748299 56320
1768609649347 54.42176870748299 61440
1768609704772 54.42176870748299 66560
1768609760386 54.42176870748299 71680
