1768609035455 5.965986394557823 5120
1768609091223 5.965986394557823 10240
1768609146897 5.965986394557823 15360
1768609202705 5.965986394557823 20480
1768609257485 5.965986394557823 25600
1768609312054 5.965986394557823 30720
1768609366855 5.965986394557823 35840
1768609421880 5.965986394557823 40960
1768609477613 5.965986394557823 46080
1768609538073 5.965986394557823 51200
1768609593595 5.965986394557823 56320
1768609649347 5.965986394557823 61440
1768609704772 5.965986394557823 66560
1768609760386 5.965986394557823 71680
