1768609035450 21.09102446873983 5120
1768609091217 8.907512200095438 10240
1768609146892 5.948719799518585 15360
1768609202699 4.405262928009033 20480
1768609257479 3.5823316221970773 25600
1768609312047 3.0447615125102385 30720
1768609366847 2.63563090218438 35840
1768609421874 2.072526373979522 40960
1768609477607 1.7934470541580865 46080
1768609538067 1.5406314591800463 51200
1768609593588 1.3720468129430496 56320
1768609649341 1.2187827460492242 61440
1768609704766 1.1078646610722398 66560
1768609760379 0.9812586016050524 71680
