1768609035450 -3.3321044921875003 5120
1768609091217 -2.927443181818182 10240
1768609146892 -2.8128515625000006 15360
1768609202699 -2.724345238095238 20480
1768609257479 -2.6475000000000004 25600
1768609312047 -2.5107258064516134 30720
1768609366847 -2.3506944444444446 35840
1768609421874 -2.2421951219512195 40960
1768609477607 -2.159239130434783 46080
1768609538067 -2.0876960784313723 51200
1768609593588 -2.0282142857142857 56320
1768609649341 -1.9638114754098361 61440
1768609704766 -1.9120454545454544 66560
1768609760379 -1.8560211267605635 71680
