1768609035450 127.79719683120048 5120
1768609091217 195.67548402146022 10240
1768609146892 126.27740478699383 15360
1768609202699 155.4194241671916 20480
1768609257479 149.0407220524483 25600
1768609312047 170.7430897618563 30720
1768609366847 113.85190010857764 35840
1768609421874 124.58575417334997 40960
1768609477607 127.52520522955305 46080
1768609538067 152.43145806076464 51200
1768609593588 131.13346881350634 56320
1768609649341 130.5294868204027 61440
1768609704766 160.075719410732 66560
1768609760379 318.69189271331965 71680
