1768609035455 16.652632732780614 5120
1768609091223 16.652632732780614 10240
1768609146897 16.652632732780614 15360
1768609202705 16.652632732780614 20480
1768609257485 16.652632732780614 25600
1768609312054 16.652632732780614 30720
1768609366855 16.652632732780614 35840
1768609421880 16.652632732780614 40960
1768609477613 16.652632732780614 46080
1768609538073 16.652632732780614 51200
1768609593595 16.652632732780614 56320
1768609649347 16.652632732780614 61440
1768609704772 16.652632732780614 66560
1768609760386 16.652632732780614 71680
