1760227406227 24.070588235294117 5120
1760227441104 23.09406952965235 10240
1760227474624 22.7202216066482 15360
1760227508181 22.51255230125523 20480
1760227541570 22.42676767676768 25600
1760227574799 22.28561403508772 30720
1760227608967 22.17509025270758 35840
1760227644000 22.127962085308056 40960
1760227678124 22.051029962546817 46080
1760227712684 22.01982285955293 51200
1760227748229 22.21107668474051 56320
1760227783717 22.365425912670005 61440
1760227819038 22.47340425531915 66560
1760227854373 23.046002538071065 71680
1760227889742 23.620218579234972 76800
1760227925181 24.174344023323616 81920
1760227960416 24.58319374651033 87040
1760227995586 24.99597531526697 92160
1760228029885 25.565998437906796 97280
1760228064181 26.2502538071066 102400
1760228098230 26.820722057368943 107520
1760228131950 27.322588405099832 112640
