1760227406056 -1.4796521133432785 5120
1760227441100 -1.2992116353728553 10240
1760227474620 -0.9586828783154488 15360
1760227508178 -0.9671889889807926 20480
1760227541566 -1.097290439789112 25600
1760227574795 -1.1332826914325838 30720
1760227608963 -1.0945925818549265 35840
1760227643995 -1.0223853117082176 40960
1760227678119 -0.9396853006404379 46080
1760227712677 -0.8660325227999218 51200
1760227748225 -0.8160922936030797 56320
1760227783710 -0.7858387016859211 61440
1760227819034 -0.7841935670737064 66560
1760227854369 -0.8268758303682568 71680
1760227889735 -0.8193161600514463 76800
1760227925176 -0.8275250487857396 81920
1760227960410 -0.8333782013072524 87040
1760227995581 -0.8281206125741476 92160
1760228029880 -0.8330746700366339 97280
1760228064177 -0.8228463659192076 102400
1760228098225 -0.8206266493167517 107520
1760228131946 -0.817505931854248 112640
