1760227406056 13.66515032450358 5120
1760227441100 4.689992338960821 10240
1760227474620 2.839008674025536 15360
1760227508178 2.064943685985747 20480
1760227541566 1.8338046798339254 25600
1760227574795 1.7055169797712757 30720
1760227608963 1.507337084081438 35840
1760227643995 1.3121502108690215 40960
1760227678119 1.0842740307683527 46080
1760227712677 0.9287934780120849 51200
1760227748225 0.8275322854518891 56320
1760227783710 0.8189745074412863 61440
1760227819034 0.8413389805591468 66560
1760227854369 0.8715779908945862 71680
1760227889735 0.8685248613357545 76800
1760227925176 0.8916293020601626 81920
1760227960410 0.9042355919993201 87040
1760227995581 0.9107084866408462 92160
1760228029880 0.9508474677801132 97280
1760228064177 0.9361049345224209 102400
1760228098225 0.9494885318684128 107520
1760228131946 0.9537871927828403 112640
