1760227406227 16.087496649050244 5120
1760227441104 15.747702257277288 10240
1760227474624 16.03847810105934 15360
1760227508181 16.30462333647277 20480
1760227541570 16.496940895363135 25600
1760227574799 16.487469375342652 30720
1760227608967 16.621016262527263 35840
1760227644000 16.700578943687468 40960
1760227678124 16.7292334452997 46080
1760227712684 16.71914105232332 51200
1760227748229 16.94313842395218 56320
1760227783717 17.19550545760027 61440
1760227819038 17.414309258156635 66560
1760227854373 17.728207137984068 71680
1760227889742 17.99311138400904 76800
1760227925181 18.267742421675703 81920
1760227960416 18.53057266652817 87040
1760227995586 18.767510408238238 92160
1760228029885 18.99935206756155 97280
1760228064181 19.250383576523834 102400
1760228098230 19.410611100767532 107520
1760228131950 19.628701296969908 112640
