1760227406227 4.098039215686274 5120
1760227441104 3.8936605316973414 10240
1760227474624 3.9861495844875345 15360
1760227508181 4.049163179916318 20480
1760227541570 4.10016835016835 25600
1760227574799 4.117192982456141 30720
1760227608967 4.148616125150421 35840
1760227644000 4.159031068983675 40960
1760227678124 4.152153558052435 46080
1760227712684 4.150147617039224 51200
1760227748229 4.246707978311386 56320
1760227783717 4.335361488904796 61440
1760227819038 4.405252659574468 66560
1760227854373 4.706535532994923 71680
1760227889742 4.96842744383728 76800
1760227925181 5.185422740524781 81920
1760227960416 5.364879955332217 87040
1760227995586 5.528575261604508 92160
1760228029885 5.747721947409529 97280
1760228064181 6.0139593908629445 102400
1760228098230 6.251483679525222 107520
1760228131950 6.4907385133509745 112640
