1770650194820 0.0 5120
1770650213866 0.0 10240
1770650232544 0.0 15360
1770650251853 0.0 20480
1770650270629 0.0 25600
1770650289372 0.0 30720
1770650308069 0.0 35840
1770650326748 0.0 40960
1770650345562 0.0 46080
1770650364313 0.0 51200
1770650383212 0.0 56320
1770650402494 0.0 61440
1770650422009 0.0 66560
1770650441212 0.0 71680
1770650460033 0.0 76800
1770650478844 0.0 81920
1770650496645 0.0 87040
1770650514509 0.0 92160
1770650532275 0.0 97280
1770650550040 0.0 102400
1770650567815 0.0 107520
1770650585552 0.0 112640
1770650603387 0.0 117760
1770650621083 0.0 122880
1770650639591 0.0 128000
1770650658121 0.0 133120
1770650676456 0.0 138240
1770650694797 0.0 143360
1770650713181 0.0 148480
1770650731591 0.0 153600
1770650749996 0.0 158720
1770650768715 0.0 163840
1770650787191 0.0 168960
1770650806046 0.0 174080
1770650825702 0.0 179200
1770650844654 0.0 184320
1770650863557 0.0 189440
1770650882612 0.0 194560
1770650901434 0.0 199680
1770650920411 0.0 204800
1770650939159 0.0 209920
1770650958065 0.0 215040
1770650977398 0.0 220160
1770650996541 0.0 225280
1770651016013 0.0 230400
1770651034874 0.0 235520
1770651054285 0.0 240640
1770651073458 0.0 245760
1770651092469 0.0 250880
1770651111184 0.0 256000
1770651129885 0.0 261120
1770651148883 0.0 266240
1770651167581 0.0 271360
1770651186389 0.0 276480
1770651205373 0.0 281600
1770651224538 0.0 286720
1770651243844 0.0 291840
1770651262771 0.0 296960
1770651281590 0.0 302080
1770651300284 0.0 307200
1770651319028 0.0 312320
1770651337786 0.0 317440
1770651356424 0.0 322560
1770651375552 0.0 327680
1770651394290 0.0 332800
1770651412697 0.0 337920
1770651431291 0.0 343040
1770651450491 0.0 348160
1770651469594 0.0 353280
1770651488422 0.0 358400
1770651506802 0.0 363520
1770651525483 0.0 368640
1770651544312 0.0 373760
1770651562734 0.0 378880
1770651581604 0.0 384000
1770651600352 0.0 389120
1770651619317 0.0 394240
1770651637963 0.0 399360
1770651656789 0.0 404480
1770651676115 0.0 409600
1770651696419 0.0 414720
1770651716356 0.0 419840
1770651736714 0.0 424960
1770651756841 0.0 430080
1770651777132 0.0 435200
1770651796062 0.0 440320
1770651815252 0.0 445440
1770651833976 0.0 450560
1770651852613 0.0 455680
1770651871419 0.0 460800
1770651890242 0.0 465920
1770651909748 0.0 471040
1770651928959 0.0 476160
1770651946828 0.0 481280
1770651964891 0.0 486400
1770651983329 0.0 491520
1770652001352 0.0 496640
1770652019820 0.0 501760
1770652038943 0.0 506880
1770652057459 0.0 512000
1770652076505 0.0 517120
1770652095441 0.0 522240
1770652113689 0.0 527360
1770652132605 0.0 532480
1770652151514 0.0 537600
1770652169818 0.0 542720
1770652188502 0.0 547840
1770652206601 0.0 552960
1770652225609 0.0 558080
1770652243707 0.0 563200
1770652261831 0.0 568320
1770652280013 0.0 573440
1770652297807 0.0 578560
1770652315787 0.0 583680
1770652333605 0.0 588800
1770652351330 0.0 593920
1770652369399 0.0 599040
1770652387379 0.0 604160
1770652406096 0.0 609280
1770652425980 0.0 614400
1770652444440 0.0 619520
1770652463448 0.0 624640
1770652483088 0.0 629760
1770652503029 0.0 634880
1770652522937 0.0 640000
1770652542943 0.0 645120
1770652562278 0.0 650240
1770652581620 0.0 655360
1770652600532 0.0 660480
1770652619565 0.0 665600
1770652638371 0.0 670720
1770652657137 0.0 675840
1770652676021 0.0 680960
1770652694955 0.0 686080
1770652713949 0.0 691200
1770652733156 0.0 696320
1770652752223 0.0 701440
1770652771037 0.0 706560
1770652789861 0.0 711680
1770652809077 0.0 716800
1770652828037 0.0 721920
1770652846490 0.0 727040
1770652864334 0.0 732160
1770652883029 0.0 737280
1770652901866 0.0 742400
1770652920461 0.0 747520
1770652938830 0.0 752640
1770652957793 0.0 757760
1770652977095 0.0 762880
1770652996629 0.0 768000
1770653015822 0.0 773120
1770653034397 0.0 778240
1770653052811 0.0 783360
1770653071330 0.0 788480
1770653089766 0.0 793600
1770653108138 0.0 798720
1770653127137 0.0 803840
1770653145778 0.0 808960
1770653164897 0.0 814080
1770653183642 0.0 819200
1770653201935 0.0 824320
1770653220300 0.0 829440
1770653238599 0.0 834560
1770653257522 0.0 839680
1770653276579 0.0 844800
1770653295057 0.0 849920
1770653313382 0.0 855040
1770653331727 0.0 860160
1770653350077 0.0 865280
1770653368542 0.0 870400
1770653386962 0.0 875520
1770653405705 0.0 880640
1770653425602 0.0 885760
1770653446101 0.0 890880
1770653466509 0.0 896000
1770653485858 0.0 901120
1770653504409 0.0 906240
1770653522925 0.0 911360
1770653541316 0.0 916480
1770653559753 0.0 921600
1770653578449 0.0 926720
1770653597394 0.0 931840
1770653616569 0.0 936960
1770653635921 0.0 942080
1770653654977 0.0 947200
1770653673395 0.0 952320
1770653691847 0.0 957440
1770653710651 0.0 962560
1770653729110 0.0 967680
1770653747608 0.0 972800
1770653765999 0.0 977920
1770653784768 0.0 983040
1770653803318 0.0 988160
1770653821768 0.0 993280
1770653840368 0.0 998400
1770653844116 0.0 1000448
