1770650194820 1.1272156238555908 5120
1770650213866 1.1248873472213745 10240
1770650232544 1.132655143737793 15360
1770650251853 1.1434886455535889 20480
1770650270629 1.1526129245758057 25600
1770650289372 1.15308678150177 30720
1770650308069 1.1601474285125732 35840
1770650326748 1.157453179359436 40960
1770650345562 1.1545779705047607 46080
1770650364313 1.158347725868225 51200
1770650383212 1.153977632522583 56320
1770650402494 1.1606005430221558 61440
1770650422009 1.1594105958938599 66560
1770650441212 1.1620558500289917 71680
1770650460033 1.162355899810791 76800
1770650478844 1.1640230417251587 81920
1770650496645 1.1598981618881226 87040
1770650514509 1.1611242294311523 92160
1770650532275 1.162000060081482 97280
1770650550040 1.1582703590393066 102400
1770650567815 1.1592891216278076 107520
1770650585552 1.1605613231658936 112640
1770650603387 1.161201000213623 117760
1770650621083 1.1602039337158203 122880
1770650639591 1.160597324371338 128000
1770650658121 1.159919023513794 133120
1770650676456 1.1598740816116333 138240
1770650694797 1.1613004207611084 143360
1770650713181 1.1602495908737183 148480
1770650731591 1.1603248119354248 153600
1770650749996 1.1607128381729126 158720
1770650768715 1.1614463329315186 163840
1770650787191 1.1618741750717163 168960
1770650806046 1.160341739654541 174080
1770650825702 1.1598761081695557 179200
1770650844654 1.1627897024154663 184320
1770650863557 1.1614450216293335 189440
1770650882612 1.163075566291809 194560
1770650901434 1.1633336544036865 199680
1770650920411 1.1640619039535522 204800
1770650939159 1.1641758680343628 209920
1770650958065 1.164438009262085 215040
1770650977398 1.1638786792755127 220160
1770650996541 1.1641191244125366 225280
1770651016013 1.1644021272659302 230400
1770651034874 1.166695475578308 235520
1770651054285 1.1680963039398193 240640
1770651073458 1.167738437652588 245760
1770651092469 1.167087197303772 250880
1770651111184 1.167950987815857 256000
1770651129885 1.167760968208313 261120
1770651148883 1.1688772439956665 266240
1770651167581 1.1695036888122559 271360
1770651186389 1.1690733432769775 276480
1770651205373 1.1693660020828247 281600
1770651224538 1.1691713333129883 286720
1770651243844 1.1687214374542236 291840
1770651262771 1.1684010028839111 296960
1770651281590 1.1690752506256104 302080
1770651300284 1.1682653427124023 307200
1770651319028 1.1673301458358765 312320
1770651337786 1.1668143272399902 317440
1770651356424 1.1672441959381104 322560
1770651375552 1.1671695709228516 327680
1770651394290 1.1668809652328491 332800
1770651412697 1.16726553440094 337920
1770651431291 1.1673470735549927 343040
1770651450491 1.1674233675003052 348160
1770651469594 1.1668586730957031 353280
1770651488422 1.167177677154541 358400
1770651506802 1.166887879371643 363520
1770651525483 1.1672134399414062 368640
1770651544312 1.1677730083465576 373760
1770651562734 1.1684542894363403 378880
1770651581604 1.1692112684249878 384000
1770651600352 1.170081615447998 389120
1770651619317 1.1700634956359863 394240
1770651637963 1.1701898574829102 399360
1770651656789 1.170352816581726 404480
1770651676115 1.170034646987915 409600
1770651696419 1.1699769496917725 414720
1770651716356 1.1694532632827759 419840
1770651736714 1.1695894002914429 424960
1770651756841 1.1698064804077148 430080
1770651777132 1.1705108880996704 435200
1770651796062 1.170602560043335 440320
1770651815252 1.1705783605575562 445440
1770651833976 1.1707695722579956 450560
1770651852613 1.1712746620178223 455680
1770651871419 1.171197533607483 460800
1770651890242 1.1704987287521362 465920
1770651909748 1.1705844402313232 471040
1770651928959 1.170296311378479 476160
1770651946828 1.1702336072921753 481280
1770651964891 1.1703001260757446 486400
1770651983329 1.170027494430542 491520
1770652001352 1.1702097654342651 496640
1770652019820 1.1702539920806885 501760
1770652038943 1.1697531938552856 506880
1770652057459 1.1703250408172607 512000
1770652076505 1.1700836420059204 517120
1770652095441 1.1698203086853027 522240
1770652113689 1.169906497001648 527360
1770652132605 1.1702958345413208 532480
1770652151514 1.1698849201202393 537600
1770652169818 1.1691006422042847 542720
1770652188502 1.1692328453063965 547840
1770652206601 1.1685006618499756 552960
1770652225609 1.1688611507415771 558080
1770652243707 1.1685090065002441 563200
1770652261831 1.1679223775863647 568320
1770652280013 1.167859673500061 573440
1770652297807 1.1682658195495605 578560
1770652315787 1.1683759689331055 583680
1770652333605 1.168580174446106 588800
1770652351330 1.1687536239624023 593920
1770652369399 1.1685494184494019 599040
1770652387379 1.1680136919021606 604160
1770652406096 1.1679129600524902 609280
1770652425980 1.1679091453552246 614400
1770652444440 1.1676067113876343 619520
1770652463448 1.1677978038787842 624640
1770652483088 1.1675304174423218 629760
1770652503029 1.1674176454544067 634880
1770652522937 1.1673187017440796 640000
1770652542943 1.166814923286438 645120
1770652562278 1.166560411453247 650240
1770652581620 1.1663570404052734 655360
1770652600532 1.1665318012237549 660480
1770652619565 1.1662722826004028 665600
1770652638371 1.1664708852767944 670720
1770652657137 1.1665302515029907 675840
1770652676021 1.1666803359985352 680960
1770652694955 1.166862964630127 686080
1770652713949 1.1666674613952637 691200
1770652733156 1.1663256883621216 696320
1770652752223 1.1664921045303345 701440
1770652771037 1.166113257408142 706560
1770652789861 1.1658223867416382 711680
1770652809077 1.1658741235733032 716800
1770652828037 1.1661725044250488 721920
1770652846490 1.166074275970459 727040
1770652864334 1.1660871505737305 732160
1770652883029 1.166081190109253 737280
1770652901866 1.1664743423461914 742400
1770652920461 1.166300654411316 747520
1770652938830 1.166079044342041 752640
1770652957793 1.1659847497940063 757760
1770652977095 1.1659973859786987 762880
1770652996629 1.1662907600402832 768000
1770653015822 1.1663212776184082 773120
1770653034397 1.1665992736816406 778240
1770653052811 1.1665117740631104 783360
1770653071330 1.1661651134490967 788480
1770653089766 1.1661136150360107 793600
1770653108138 1.1658838987350464 798720
1770653127137 1.1660096645355225 803840
1770653145778 1.1665985584259033 808960
1770653164897 1.1666349172592163 814080
1770653183642 1.1667810678482056 819200
1770653201935 1.1665140390396118 824320
1770653220300 1.1668914556503296 829440
1770653238599 1.1666303873062134 834560
1770653257522 1.1668319702148438 839680
1770653276579 1.1669151782989502 844800
1770653295057 1.166567087173462 849920
1770653313382 1.166351556777954 855040
1770653331727 1.166460633277893 860160
1770653350077 1.16615891456604 865280
1770653368542 1.1662521362304688 870400
1770653386962 1.166294813156128 875520
1770653405705 1.1664438247680664 880640
1770653425602 1.1661585569381714 885760
1770653446101 1.1659085750579834 890880
1770653466509 1.1655527353286743 896000
1770653485858 1.1652811765670776 901120
1770653504409 1.1653571128845215 906240
1770653522925 1.1652292013168335 911360
1770653541316 1.1653755903244019 916480
1770653559753 1.1655309200286865 921600
1770653578449 1.1654547452926636 926720
1770653597394 1.165390133857727 931840
1770653616569 1.1655453443527222 936960
1770653635921 1.165688157081604 942080
1770653654977 1.1660252809524536 947200
1770653673395 1.1659212112426758 952320
1770653691847 1.166124701499939 957440
1770653710651 1.1663753986358643 962560
1770653729110 1.1663939952850342 967680
1770653747608 1.1664499044418335 972800
1770653765999 1.1663403511047363 977920
1770653784768 1.166497826576233 983040
1770653803318 1.1666016578674316 988160
1770653821768 1.1667883396148682 993280
1770653840368 1.1665964126586914 998400
1770653844116 1.16652250289917 1000448
