1770650194813 19.456512451171875 5120
1770650213862 10.800409317016602 10240
1770650232537 8.130064964294434 15360
1770650251845 6.931839942932129 20480
1770650270623 6.423295497894287 25600
1770650289364 6.117691516876221 30720
1770650308063 5.505163669586182 35840
1770650326742 5.237582206726074 40960
1770650345556 5.30042028427124 46080
1770650364308 5.1382293701171875 51200
1770650383204 4.936786651611328 56320
1770650402488 4.85013484954834 61440
1770650422004 4.85313081741333 66560
1770650441206 4.728432655334473 71680
1770650460026 4.61309814453125 76800
1770650478839 4.624914646148682 81920
1770650496634 4.508510112762451 87040
1770650514503 4.607707500457764 92160
1770650532270 4.482996463775635 97280
1770650550033 4.515718936920166 102400
1770650567809 4.457093238830566 107520
1770650585545 4.490475177764893 112640
1770650603381 4.406031608581543 117760
1770650621077 4.3984150886535645 122880
1770650639584 4.368885040283203 128000
1770650658114 4.508523464202881 133120
1770650676449 4.468927383422852 138240
1770650694791 4.290225028991699 143360
1770650713174 4.365715980529785 148480
1770650731583 4.418687343597412 153600
1770650749990 4.391268730163574 158720
1770650768708 4.386831283569336 163840
1770650787185 4.507272243499756 168960
1770650806039 4.461583137512207 174080
1770650825692 4.447365760803223 179200
1770650844647 4.370167255401611 184320
1770650863547 4.519892692565918 189440
1770650882605 4.499687194824219 194560
1770650901427 4.482851982116699 199680
1770650920404 4.453492641448975 204800
1770650939151 4.34604024887085 209920
1770650958056 4.433196067810059 215040
1770650977388 4.394540786743164 220160
1770650996533 4.459721088409424 225280
1770651016004 4.461880683898926 230400
1770651034866 4.4944281578063965 235520
1770651054276 4.491436004638672 240640
1770651073444 4.401176452636719 245760
1770651092461 4.3536248207092285 250880
1770651111175 4.544071674346924 256000
1770651129877 4.539013862609863 261120
1770651148874 4.516049385070801 266240
1770651167569 4.507977485656738 271360
1770651186382 4.547794818878174 276480
1770651205365 4.536053657531738 281600
1770651224530 4.511563777923584 286720
1770651243835 4.529381275177002 291840
1770651262759 4.5105485916137695 296960
1770651281581 4.432602882385254 302080
1770651300270 4.539175033569336 307200
1770651319019 4.514964580535889 312320
1770651337774 4.453989505767822 317440
1770651356415 4.4946184158325195 322560
1770651375544 4.4091291427612305 327680
1770651394277 4.493741512298584 332800
1770651412690 4.494953155517578 337920
1770651431283 4.399777412414551 343040
1770651450482 4.545541286468506 348160
1770651469579 4.513693332672119 353280
1770651488407 4.515990734100342 358400
1770651506788 4.463851451873779 363520
1770651525469 4.53118896484375 368640
1770651544304 4.4102044105529785 373760
1770651562721 4.474050998687744 378880
1770651581593 4.550729751586914 384000
1770651600342 4.5539422035217285 389120
1770651619307 4.42097282409668 394240
1770651637952 4.487019062042236 399360
1770651656780 4.492997646331787 404480
1770651676106 4.466031551361084 409600
1770651696409 4.475799560546875 414720
1770651716347 4.517810344696045 419840
1770651736704 4.596599578857422 424960
1770651756832 4.511992454528809 430080
1770651777122 4.563154220581055 435200
1770651796052 4.516263484954834 440320
1770651815243 4.471158027648926 445440
1770651833966 4.555716037750244 450560
1770651852604 4.467826843261719 455680
1770651871410 4.51412296295166 460800
1770651890233 4.4324445724487305 465920
1770651909736 4.448662757873535 471040
1770651928946 4.52326774597168 476160
1770651946819 4.378912448883057 481280
1770651964880 4.491448879241943 486400
1770651983320 4.4308319091796875 491520
1770652001342 4.412720680236816 496640
1770652019808 4.503811836242676 501760
1770652038931 4.410552978515625 506880
1770652057449 4.475456237792969 512000
1770652076487 4.5670695304870605 517120
1770652095430 4.518624305725098 522240
1770652113678 4.5147199630737305 527360
1770652132592 4.5205206871032715 532480
1770652151503 4.52204704284668 537600
1770652169808 4.5437469482421875 542720
1770652188491 4.421774864196777 547840
1770652206579 4.377331733703613 552960
1770652225592 4.532687664031982 558080
1770652243696 4.346781253814697 563200
1770652261820 4.4398393630981445 568320
1770652280002 4.451243877410889 573440
1770652297796 4.4518208503723145 578560
1770652315776 4.434538841247559 583680
1770652333594 4.619264602661133 588800
1770652351315 4.576498985290527 593920
1770652369387 4.542250633239746 599040
1770652387363 4.4549455642700195 604160
1770652406084 4.384157180786133 609280
1770652425961 4.398900032043457 614400
1770652444428 4.50118350982666 619520
1770652463432 4.564311504364014 624640
1770652483076 4.467363357543945 629760
1770652503017 4.470292091369629 634880
1770652522925 4.4283952713012695 640000
1770652542932 4.526902198791504 645120
1770652562268 4.527251720428467 650240
1770652581609 4.5051069259643555 655360
1770652600517 4.4788994789123535 660480
1770652619551 4.472414970397949 665600
1770652638360 4.498000144958496 670720
1770652657125 4.4679436683654785 675840
1770652676009 4.576306343078613 680960
1770652694944 4.501471519470215 686080
1770652713935 4.45456075668335 691200
1770652733144 4.504795551300049 696320
1770652752201 4.416636943817139 701440
1770652771025 4.507198333740234 706560
1770652789846 4.4361114501953125 711680
1770652809064 4.484306335449219 716800
1770652828024 4.461078643798828 721920
1770652846477 4.391047477722168 727040
1770652864319 4.448568820953369 732160
1770652883013 4.409989833831787 737280
1770652901852 4.412276744842529 742400
1770652920447 4.433615684509277 747520
1770652938817 4.507606029510498 752640
1770652957780 4.479655742645264 757760
1770652977082 4.46511697769165 762880
1770652996614 4.336556911468506 768000
1770653015809 4.392182350158691 773120
1770653034374 4.438628673553467 778240
1770653052797 4.361443996429443 783360
1770653071316 4.498387336730957 788480
1770653089754 4.504616737365723 793600
1770653108125 4.522578716278076 798720
1770653127123 4.520596981048584 803840
1770653145765 4.48188591003418 808960
1770653164883 4.538943290710449 814080
1770653183626 4.4445061683654785 819200
1770653201922 4.506173133850098 824320
1770653220287 4.359818935394287 829440
1770653238587 4.492460250854492 834560
1770653257508 4.490171432495117 839680
1770653276567 4.470602989196777 844800
1770653295044 4.406152725219727 849920
1770653313370 4.52175235748291 855040
1770653331714 4.376826286315918 860160
1770653350065 4.5027875900268555 865280
1770653368528 4.448184490203857 870400
1770653386948 4.415070533752441 875520
1770653405693 4.383694648742676 880640
1770653425587 4.4431891441345215 885760
1770653446083 4.493995666503906 890880
1770653466493 4.4374470710754395 896000
1770653485839 4.486904621124268 901120
1770653504395 4.489102363586426 906240
1770653522908 4.522579193115234 911360
1770653541302 4.474883079528809 916480
1770653559736 4.473744869232178 921600
1770653578430 4.421547889709473 926720
1770653597376 4.435171127319336 931840
1770653616555 4.4950971603393555 936960
1770653635905 4.443190574645996 942080
1770653654962 4.445459842681885 947200
1770653673380 4.421328544616699 952320
1770653691832 4.511488437652588 957440
1770653710637 4.46560525894165 962560
1770653729095 4.486347198486328 967680
1770653747586 4.4748311042785645 972800
1770653765984 4.408219814300537 977920
1770653784745 4.5007734298706055 983040
1770653803296 4.535083293914795 988160
1770653821753 4.451074600219727 993280
1770653840354 4.42685079574585 998400
1770653844102 4.214027404785156 1000448
