1770650194813 0.23333770036697388 5120
1770650213862 0.351466566324234 10240
1770650232537 0.30137521028518677 15360
1770650251845 0.26799246668815613 20480
1770650270623 0.26501649618148804 25600
1770650289364 0.28487005829811096 30720
1770650308063 0.3446172773838043 35840
1770650326742 0.420950710773468 40960
1770650345556 0.4859394431114197 46080
1770650364308 0.5776230096817017 51200
1770650383204 0.6595858931541443 56320
1770650402488 0.730832040309906 61440
1770650422004 0.7994609475135803 66560
1770650441206 0.8657420873641968 71680
1770650460026 0.9488749504089355 76800
1770650478839 1.0304375886917114 81920
1770650496634 1.1039844751358032 87040
1770650514503 1.1796875 92160
1770650532270 1.2526718378067017 97280
1770650550033 1.333078145980835 102400
1770650567809 1.4052499532699585 107520
1770650585545 1.4612500667572021 112640
1770650603381 1.5221563577651978 117760
1770650621077 1.5859375 122880
1770650639584 1.6399062871932983 128000
1770650658114 1.684499979019165 133120
1770650676449 1.7233436107635498 138240
1770650694791 1.791062593460083 143360
1770650713174 1.831624984741211 148480
1770650731583 1.8779687881469727 153600
1770650749990 1.9150623083114624 158720
1770650768708 1.9625625610351562 163840
1770650787185 1.9873123168945312 168960
1770650806039 2.018062114715576 174080
1770650825692 2.0548126697540283 179200
1770650844647 2.092031240463257 184320
1770650863547 2.117499828338623 189440
1770650882605 2.154031276702881 194560
1770650901427 2.178968667984009 199680
1770650920404 2.2064061164855957 204800
1770650939151 2.2288124561309814 209920
1770650958056 2.2639999389648438 215040
1770650977388 2.29087495803833 220160
1770650996533 2.3092498779296875 225280
1770651016004 2.328812599182129 230400
1770651034866 2.337343692779541 235520
1770651054276 2.347843647003174 240640
1770651073444 2.36396861076355 245760
1770651092461 2.389312267303467 250880
1770651111175 2.401531219482422 256000
1770651129877 2.424999952316284 261120
1770651148874 2.4528121948242188 266240
1770651167569 2.457937717437744 271360
1770651186382 2.4543747901916504 276480
1770651205365 2.456249952316284 281600
1770651224530 2.4573123455047607 286720
1770651243835 2.459624767303467 291840
1770651262759 2.459749937057495 296960
1770651281581 2.4860000610351562 302080
1770651300270 2.4838125705718994 307200
1770651319019 2.4992499351501465 312320
1770651337774 2.520124912261963 317440
1770651356415 2.5328125953674316 322560
1770651375544 2.5462498664855957 327680
1770651394277 2.5490622520446777 332800
1770651412690 2.551374912261963 337920
1770651431283 2.5504374504089355 343040
1770651450482 2.5603747367858887 348160
1770651469579 2.5659375190734863 353280
1770651488407 2.5855000019073486 358400
1770651506788 2.589250087738037 363520
1770651525469 2.5961875915527344 368640
1770651544304 2.599250078201294 373760
1770651562721 2.58774995803833 378880
1770651581593 2.5928750038146973 384000
1770651600342 2.5908751487731934 389120
1770651619307 2.602749824523926 394240
1770651637952 2.6207499504089355 399360
1770651656780 2.620187282562256 404480
1770651676106 2.629812479019165 409600
1770651696409 2.6354997158050537 414720
1770651716347 2.640312433242798 419840
1770651736704 2.640437364578247 424960
1770651756832 2.6435623168945312 430080
1770651777122 2.664249897003174 435200
1770651796052 2.6511874198913574 440320
1770651815243 2.6568124294281006 445440
1770651833966 2.6519999504089355 450560
1770651852604 2.6624999046325684 455680
1770651871410 2.6705000400543213 460800
1770651890233 2.686187267303467 465920
1770651909736 2.695499897003174 471040
1770651928946 2.6902499198913574 476160
1770651946819 2.6943750381469727 481280
1770651964880 2.705812454223633 486400
1770651983320 2.7151248455047607 491520
1770652001342 2.7256875038146973 496640
1770652019808 2.7413125038146973 501760
1770652038931 2.74037504196167 506880
1770652057449 2.7530624866485596 512000
1770652076487 2.745687484741211 517120
1770652095430 2.742687463760376 522240
1770652113678 2.731062412261963 527360
1770652132592 2.7323124408721924 532480
1770652151503 2.730562448501587 537600
1770652169808 2.72724986076355 542720
1770652188491 2.737499952316284 547840
1770652206579 2.7430624961853027 552960
1770652225592 2.746187210083008 558080
1770652243696 2.752437114715576 563200
1770652261820 2.750812530517578 568320
1770652280002 2.7446248531341553 573440
1770652297796 2.752624988555908 578560
1770652315776 2.754499912261963 583680
1770652333594 2.7436249256134033 588800
1770652351315 2.7476248741149902 593920
1770652369387 2.7401249408721924 599040
1770652387363 2.734375 604160
1770652406084 2.7372500896453857 609280
1770652425961 2.7475624084472656 614400
1770652444428 2.745312452316284 619520
1770652463432 2.752999782562256 624640
1770652483076 2.752500057220459 629760
1770652503017 2.749312162399292 634880
1770652522925 2.754624843597412 640000
1770652542932 2.745499849319458 645120
1770652562268 2.7523748874664307 650240
1770652581609 2.74299955368042 655360
1770652600517 2.7450623512268066 660480
1770652619551 2.746999740600586 665600
1770652638360 2.7465622425079346 670720
1770652657125 2.7454373836517334 675840
1770652676009 2.748687267303467 680960
1770652694944 2.7488749027252197 686080
1770652713935 2.7492499351501465 691200
1770652733144 2.7429375648498535 696320
1770652752201 2.755500078201294 701440
1770652771025 2.7507500648498535 706560
1770652789846 2.7569375038146973 711680
1770652809064 2.7600626945495605 716800
1770652828024 2.7474374771118164 721920
1770652846477 2.752624988555908 727040
1770652864319 2.754000186920166 732160
1770652883013 2.7570624351501465 737280
1770652901852 2.765125036239624 742400
1770652920447 2.765625 747520
1770652938817 2.763437509536743 752640
1770652957780 2.7616875171661377 757760
1770652977082 2.760312557220459 762880
1770652996614 2.7839999198913574 768000
1770653015809 2.8002498149871826 773120
1770653034374 2.7919373512268066 778240
1770653052797 2.7973122596740723 783360
1770653071316 2.799562454223633 788480
1770653089754 2.7966246604919434 793600
1770653108125 2.7923123836517334 798720
1770653127123 2.8044373989105225 803840
1770653145765 2.7834999561309814 808960
1770653164883 2.781874895095825 814080
1770653183626 2.784250020980835 819200
1770653201922 2.7765002250671387 824320
1770653220287 2.787937641143799 829440
1770653238587 2.781062364578247 834560
1770653257508 2.777937412261963 839680
1770653276567 2.777750015258789 844800
1770653295044 2.7846248149871826 849920
1770653313370 2.777374744415283 855040
1770653331714 2.7931876182556152 860160
1770653350065 2.7891249656677246 865280
1770653368528 2.791374921798706 870400
1770653386948 2.7728748321533203 875520
1770653405693 2.783374786376953 880640
1770653425587 2.784374952316284 885760
1770653446083 2.7808749675750732 890880
1770653466493 2.7658748626708984 896000
1770653485839 2.7680001258850098 901120
1770653504395 2.754499912261963 906240
1770653522908 2.7508749961853027 911360
1770653541302 2.756312370300293 916480
1770653559736 2.766125202178955 921600
1770653578430 2.777562379837036 926720
1770653597376 2.782374858856201 931840
1770653616555 2.788562297821045 936960
1770653635905 2.77943754196167 942080
1770653654962 2.7853121757507324 947200
1770653673380 2.7863125801086426 952320
1770653691832 2.789562463760376 957440
1770653710637 2.7843124866485596 962560
1770653729095 2.782562494277954 967680
1770653747586 2.778249740600586 972800
1770653765984 2.783374786376953 977920
1770653784745 2.7763748168945312 983040
1770653803296 2.775624990463257 988160
1770653821753 2.760499954223633 993280
1770653840354 2.767625093460083 998400
1770653844102 2.7743749618530273 1000448
