1770650194820 0.19460856914520264 5120
1770650213866 0.14441663026809692 10240
1770650232544 0.12864162027835846 15360
1770650251853 0.12042609602212906 20480
1770650270629 0.1166912242770195 25600
1770650289372 0.11138533055782318 30720
1770650308069 0.10881204158067703 35840
1770650326748 0.10600833594799042 40960
1770650345562 0.1033053770661354 46080
1770650364313 0.10297705978155136 51200
1770650383212 0.10107613354921341 56320
1770650402494 0.10142504423856735 61440
1770650422009 0.10014409571886063 66560
1770650441212 0.09986567497253418 71680
1770650460033 0.0991278886795044 76800
1770650478844 0.0983155146241188 81920
1770650496645 0.09734536707401276 87040
1770650514509 0.09699622541666031 92160
1770650532275 0.09665590524673462 97280
1770650550040 0.09596146643161774 102400
1770650567815 0.09621468186378479 107520
1770650585552 0.09561724215745926 112640
1770650603387 0.09553486108779907 117760
1770650621083 0.0950484499335289 122880
1770650639591 0.0949200764298439 128000
1770650658121 0.09484757483005524 133120
1770650676456 0.09471640735864639 138240
1770650694797 0.09478180855512619 143360
1770650713181 0.09479600191116333 148480
1770650731591 0.09465208649635315 153600
1770650749996 0.09429465979337692 158720
1770650768715 0.09431209415197372 163840
1770650787191 0.09426882117986679 168960
1770650806046 0.09402819722890854 174080
1770650825702 0.0938248261809349 179200
1770650844654 0.09409572184085846 184320
1770650863557 0.09372788667678833 189440
1770650882612 0.09378567337989807 194560
1770650901434 0.09393452852964401 199680
1770650920411 0.09392493218183517 204800
1770650939159 0.0937918946146965 209920
1770650958065 0.09344122558832169 215040
1770650977398 0.09336236864328384 220160
1770650996541 0.09341435879468918 225280
1770651016013 0.09348788112401962 230400
1770651034874 0.09363925457000732 235520
1770651054285 0.09379739314317703 240640
1770651073458 0.09373285621404648 245760
1770651092469 0.09377995133399963 250880
1770651111184 0.09381116181612015 256000
1770651129885 0.09386225044727325 261120
1770651148883 0.09381923824548721 266240
1770651167581 0.09380362182855606 271360
1770651186389 0.09373697638511658 276480
1770651205373 0.09382673352956772 281600
1770651224538 0.09380683302879333 286720
1770651243844 0.09372881799936295 291840
1770651262771 0.09364274889230728 296960
1770651281590 0.0937696322798729 302080
1770651300284 0.09363564103841782 307200
1770651319028 0.09338938444852829 312320
1770651337786 0.09327483922243118 317440
1770651356424 0.09321554005146027 322560
1770651375552 0.09323953092098236 327680
1770651394290 0.09314253181219101 332800
1770651412697 0.09316165000200272 337920
1770651431291 0.09314390271902084 343040
1770651450491 0.092980295419693 348160
1770651469594 0.09286560118198395 353280
1770651488422 0.09283468127250671 358400
1770651506802 0.09276418387889862 363520
1770651525483 0.0928669199347496 368640
1770651544312 0.09290260076522827 373760
1770651562734 0.09294187277555466 378880
1770651581604 0.09299002587795258 384000
1770651600352 0.09304770827293396 389120
1770651619317 0.09305763989686966 394240
1770651637963 0.09309231489896774 399360
1770651656789 0.09299415349960327 404480
1770651676115 0.09306780248880386 409600
1770651696419 0.09303025156259537 414720
1770651716356 0.09291023761034012 419840
1770651736714 0.09285802394151688 424960
1770651756841 0.09281980246305466 430080
1770651777132 0.09293457120656967 435200
1770651796062 0.09301648288965225 440320
1770651815252 0.09299822896718979 445440
1770651833976 0.09295545518398285 450560
1770651852613 0.09301551431417465 455680
1770651871419 0.0929509773850441 460800
1770651890242 0.09288296848535538 465920
1770651909748 0.09288661926984787 471040
1770651928959 0.0928880125284195 476160
1770651946828 0.0928804948925972 481280
1770651964891 0.09282755851745605 486400
1770651983329 0.09275307506322861 491520
1770652001352 0.09278766810894012 496640
1770652019820 0.09277471154928207 501760
1770652038943 0.09280893206596375 506880
1770652057459 0.09283476322889328 512000
1770652076505 0.0927911326289177 517120
1770652095441 0.09271637350320816 522240
1770652113689 0.09268110245466232 527360
1770652132605 0.0927254930138588 532480
1770652151514 0.09262799471616745 537600
1770652169818 0.09255365282297134 542720
1770652188502 0.09255456179380417 547840
1770652206601 0.09246748685836792 552960
1770652225609 0.09248661249876022 558080
1770652243707 0.09237823635339737 563200
1770652261831 0.09233055263757706 568320
1770652280013 0.09227631986141205 573440
1770652297807 0.09233815222978592 578560
1770652315787 0.0924346074461937 583680
1770652333605 0.0924219861626625 588800
1770652351330 0.09244139492511749 593920
1770652369399 0.09236977249383926 599040
1770652387379 0.09228265285491943 604160
1770652406096 0.09226227551698685 609280
1770652425980 0.09221837669610977 614400
1770652444440 0.09217794239521027 619520
1770652463448 0.09212477505207062 624640
1770652483088 0.09213554114103317 629760
1770652503029 0.09209208190441132 634880
1770652522937 0.09214688092470169 640000
1770652542943 0.09215942770242691 645120
1770652562278 0.09210215508937836 650240
1770652581620 0.09213012456893921 655360
1770652600532 0.09213677793741226 660480
1770652619565 0.09212365001440048 665600
1770652638371 0.09211505949497223 670720
1770652657137 0.09213511645793915 675840
1770652676021 0.09216376394033432 680960
1770652694955 0.09211187809705734 686080
1770652713949 0.09215356409549713 691200
1770652733156 0.0920947939157486 696320
1770652752223 0.0920674204826355 701440
1770652771037 0.09202156215906143 706560
1770652789861 0.09200204163789749 711680
1770652809077 0.09202278405427933 716800
1770652828037 0.092033751308918 721920
1770652846490 0.09197301417589188 727040
1770652864334 0.0920313149690628 732160
1770652883029 0.09206598252058029 737280
1770652901866 0.0921441838145256 742400
1770652920461 0.0921686589717865 747520
1770652938830 0.0921078696846962 752640
1770652957793 0.09209325909614563 757760
1770652977095 0.09217331558465958 762880
1770652996629 0.09220622479915619 768000
1770653015822 0.09222137182950974 773120
1770653034397 0.09222548454999924 778240
1770653052811 0.09221488982439041 783360
1770653071330 0.09217535704374313 788480
1770653089766 0.09211453050374985 793600
1770653108138 0.09210187196731567 798720
1770653127137 0.09210404008626938 803840
1770653145778 0.0922321006655693 808960
1770653164897 0.09220696985721588 814080
1770653183642 0.09219549596309662 819200
1770653201935 0.092157281935215 824320
1770653220300 0.09220258891582489 829440
1770653238599 0.09222491830587387 834560
1770653257522 0.09223248064517975 839680
1770653276579 0.0922342985868454 844800
1770653295057 0.09218734502792358 849920
1770653313382 0.0921434685587883 855040
1770653331727 0.092167429625988 860160
1770653350077 0.09213119000196457 865280
1770653368542 0.0921499952673912 870400
1770653386962 0.09213979542255402 875520
1770653405705 0.09213751554489136 880640
1770653425602 0.09207946807146072 885760
1770653446101 0.09204744547605515 890880
1770653466509 0.0920291468501091 896000
1770653485858 0.09196821600198746 901120
1770653504409 0.09198534488677979 906240
1770653522925 0.09198825061321259 911360
1770653541316 0.09201429784297943 916480
1770653559753 0.09204332530498505 921600
1770653578449 0.09203656017780304 926720
1770653597394 0.09200330078601837 931840
1770653616569 0.09201601892709732 936960
1770653635921 0.09202521294355392 942080
1770653654977 0.0920746922492981 947200
1770653673395 0.0920516848564148 952320
1770653691847 0.09204378724098206 957440
1770653710651 0.09208764880895615 962560
1770653729110 0.09206286072731018 967680
1770653747608 0.09204614907503128 972800
1770653765999 0.09203037619590759 977920
1770653784768 0.09202022850513458 983040
1770653803318 0.09201657027006149 988160
1770653821768 0.09204515069723129 993280
1770653840368 0.0919804722070694 998400
1770653844116 0.09198599308729172 1000448
