1770650194813 141.85281385281385 5120
1770650213862 152.8759294357778 10240
1770650232537 191.26745405627253 15360
1770650251845 98.71505566146531 20480
1770650270623 158.8691337449339 25600
1770650289364 163.22789539227895 30720
1770650308063 178.40510421097406 35840
1770650326742 180.6721516261038 40960
1770650345556 147.86378058238736 46080
1770650364308 131.90050001572376 51200
1770650383204 188.60128602904805 56320
1770650402488 137.53169164180082 61440
1770650422004 188.76255625562555 66560
1770650441206 131.4993729621269 71680
1770650460026 147.34951695064115 76800
1770650478839 163.64822473663676 81920
1770650496634 136.3779548040969 87040
1770650514503 196.73095684803002 92160
1770650532270 128.36431522570774 97280
1770650550033 155.85255648038049 102400
1770650567809 116.5926502474009 107520
1770650585545 181.61877543950808 112640
1770650603381 166.0913158832614 117760
1770650621077 188.7031088316012 122880
1770650639584 169.05699314792423 128000
1770650658114 139.5125066524747 133120
1770650676449 170.60418954647142 138240
1770650694791 153.62062776984214 143360
1770650713174 111.90779082177161 148480
1770650731583 121.28926289002632 153600
1770650749990 201.5620164351963 158720
1770650768708 123.45629010419732 163840
1770650787185 180.58658400068887 168960
1770650806039 100.0191725289138 174080
1770650825692 165.19511618747538 179200
1770650844647 194.29767915875294 184320
1770650863547 177.30402434900236 189440
1770650882605 196.16050883921056 194560
1770650901427 73.18625021811202 199680
1770650920404 176.5725351519744 204800
1770650939151 196.380934544433 209920
1770650958056 151.12430640628378 215040
1770650977388 98.48327032801897 220160
1770650996533 125.1545370453257 225280
1770651016004 173.67718426501034 230400
1770651034866 181.7053242646103 235520
1770651054276 137.83450542228064 240640
1770651073444 113.81482687506784 245760
1770651092461 161.69252120277562 250880
1770651111175 119.96064523509897 256000
1770651129877 167.06380944794074 261120
1770651148874 106.4517144234918 266240
1770651167569 143.16496569614637 271360
1770651186382 183.43774327574897 276480
1770651205365 160.19188022762862 281600
1770651224530 162.08617691386172 286720
1770651243835 160.22859762386827 291840
1770651262759 186.05793372665573 296960
1770651281581 158.89320756146532 302080
1770651300270 116.04426737494467 307200
1770651319019 148.8714417548094 312320
1770651337774 118.97047227343639 317440
1770651356415 159.95362672565022 322560
1770651375544 186.05793372665573 327680
1770651394277 122.57237207399398 332800
1770651412690 182.17095205003474 337920
1770651431283 119.17667784281412 343040
1770651450482 181.84712768263603 348160
1770651469579 100.86098352771432 353280
1770651488407 126.658734712366 358400
1770651506788 109.363370880267 363520
1770651525469 121.97708369685337 368640
1770651544304 169.45313510019392 373760
1770651562721 164.41803214425715 378880
1770651581593 150.9937360501116 384000
1770651600342 129.28224886724408 389120
1770651619307 86.76314591866286 394240
1770651637952 171.02156982670743 399360
1770651656780 167.9468246976856 404480
1770651676106 158.72484389782403 409600
1770651696409 135.01702881055851 414720
1770651716347 136.70243139299916 419840
1770651736704 175.89867896833718 424960
1770651756832 182.1393086677089 430080
1770651777122 101.81832305675584 435200
1770651796052 134.878091134193 440320
1770651815243 153.5981250228879 445440
1770651833966 169.6313192590795 450560
1770651852604 178.6254418465994 455680
1770651871410 182.59921636917719 460800
1770651890233 118.50994575045208 465920
1770651909736 153.75578283661426 471040
1770651928946 182.86192614552905 476160
1770651946819 188.72858171346292 481280
1770651964880 157.19012105085636 486400
1770651983320 115.1775043936731 491520
1770652001342 141.0418992534804 496640
1770652019808 103.19360314921884 501760
1770652038931 147.55167804122985 506880
1770652057449 157.66874671077363 512000
1770652076487 127.45545156193023 517120
1770652095430 173.85716062176166 522240
1770652113678 94.96465687051419 527360
1770652132592 85.76256492045965 532480
1770652151503 111.87495665626417 537600
1770652169808 113.76234777184084 542720
1770652188491 153.3902867173786 547840
1770652206579 101.68749242369142 552960
1770652225592 134.39835939502692 558080
1770652243696 165.53413844818058 563200
1770652261820 197.11927812764358 568320
1770652280002 196.92492605286634 573440
1770652297796 191.42458126055405 578560
1770652315776 163.42505357490745 583680
1770652333594 190.69352125483064 588800
1770652351315 136.6089307233821 593920
1770652369387 187.59745952231864 599040
1770652387363 130.23362106439794 604160
1770652406084 154.38966393050393 609280
1770652425961 116.73867906148237 614400
1770652444428 153.94766012112314 619520
1770652463432 135.09965857115247 624640
1770652483076 159.4125650868458 629760
1770652503017 80.57446931130535 634880
1770652522925 137.29309328968904 640000
1770652542932 112.88058777619291 645120
1770652562268 165.47536197577622 650240
1770652581609 134.4198955228664 655360
1770652600517 76.82016154142018 660480
1770652619551 170.35473782543357 665600
1770652638360 122.17605592775998 670720
1770652657125 119.17329166074727 675840
1770652676009 166.97734782435606 680960
1770652694944 174.3051157378548 686080
1770652713935 145.72663470224447 691200
1770652733144 119.78249942883254 696320
1770652752201 152.98187256081994 701440
1770652771025 175.67029653208243 706560
1770652789846 143.243195246064 711680
1770652809064 150.84711382844813 716800
1770652828024 113.30138577487236 721920
1770652846477 187.9926493657837 727040
1770652864319 104.53354600737713 732160
1770652883013 107.56556304977816 737280
1770652901852 154.08905216752387 742400
1770652920447 164.20561406256118 747520
1770652938817 176.87037193219194 752640
1770652957780 139.94074469504872 757760
1770652977082 183.8639312642469 762880
1770652996614 98.8966070123317 768000
1770653015809 151.8739906579281 773120
1770653034374 111.87197268750667 778240
1770653052797 114.29867015478526 783360
1770653071316 124.78590979412115 788480
1770653089754 141.0418992534804 793600
1770653108125 147.6295800922178 798720
1770653127123 143.086821546754 803840
1770653145765 100.45755891933321 808960
1770653164883 113.48225108225108 814080
1770653183626 136.58223973427985 819200
1770653201922 161.1520344257886 824320
1770653220287 152.54233343031714 829440
1770653238587 121.84597507480464 834560
1770653257508 128.09381871487906 839680
1770653276567 150.10213649214472 844800
1770653295044 144.89097692413984 849920
1770653313370 144.14406488418447 855040
1770653331714 154.29311359623307 860160
1770653350065 131.66035722133284 865280
1770653368528 169.1729117089501 870400
1770653386948 188.06851403461573 875520
1770653405693 117.1724214996089 880640
1770653425587 118.28935642168199 885760
1770653446083 109.13288059740327 890880
1770653466493 159.9170352295257 896000
1770653485839 80.33064562465286 901120
1770653504395 137.3830330822142 906240
1770653522908 98.74526791599962 911360
1770653541302 142.24730380519568 916480
1770653559736 98.3447208609815 921600
1770653578430 147.56725187348275 926720
1770653597376 181.64237148672643 931840
1770653616555 157.4142991180334 936960
1770653635905 160.5659597274328 942080
1770653654962 176.46852911477617 947200
1770653673380 177.4015141902466 952320
1770653691832 155.725254325388 957440
1770653710637 121.91326589931403 962560
1770653729095 187.92526546888303 967680
1770653747586 177.93585610045818 972800
1770653765984 170.43088175538398 977920
1770653784745 165.35141528029646 983040
1770653803296 81.54888884568274 988160
1770653821753 150.6087830801824 993280
1770653840354 131.92539238197088 998400
1770653844102 91.98035087719298 1000448
