1761860369217 0.31756692225155875 5120
1761860408348 0.3192907195875693 10240
1761860460948 0.28634075441054857 15360
1761860514325 0.2828811728661976 20480
1761860556265 0.2761191562093678 25600
1761860600824 0.26598944397810503 30720
1761860659491 0.2604444577915435 35840
1761860700175 0.25689985112672464 40960
1761860753889 0.256179675744647 46080
1761860801744 0.2516232503916849 51200
1761860847158 0.24909452948672356 56320
1761860889775 0.24479063530291437 61440
1761860945030 0.24296208984928178 66560
1761861001130 0.24292185818232126 71680
1761861042098 0.24441266627509198 76800
1761861088925 0.2418980195052687 81920
1761861139852 0.24323789281595515 87040
1761861197137 0.24250814672814436 92160
1761861242514 0.24320848025754002 97280
1761861284205 0.2419418316457477 102400
1761861337559 0.24179659225608863 107520
1761861385713 0.23897490838425156 112640
1761861444012 0.23794265436688797 117760
1761861489378 0.23682631665358553 122880
1761861530060 0.23701171872618493 128000
1761861577101 0.23603175346507527 133120
1761861641680 0.23594844991961253 138240
1761861681314 0.23564324855791172 143360
1761861727086 0.23555178624998557 148480
1761861766439 0.23496162846291405 153600
1761861824577 0.23474065817420475 158720
1761861863482 0.23536046472909797 163840
1761861907506 0.23261423906347514 168960
1761861957367 0.22609560615606755 174080
1761861996713 0.21839006675406455 179200
1761862049782 0.21131090282095136 184320
1761862091244 0.20406425985380597 189440
1761862137142 0.19788452801359252 194560
1761862187088 0.19181736396133314 199680
1761862229511 0.1859197753654719 204800
1761862272098 0.18037661538199393 209920
1761862316474 0.17520404586792715 215040
1761862356699 0.17066480966260783 220160
1761862416976 0.16607573068151693 225280
1761862458718 0.1613752004575857 230400
1761862497941 0.15699413389211153 235520
1761862537519 0.15286293190677128 240640
1761862601384 0.14895214819539904 245760
1761862644999 0.14807299709164753 250880
1761862685573 0.1515383355681358 256000
1761862722347 0.1559813043755127 261120
1761862786164 0.15807462561709137 266240
1761862830241 0.16104152781770295 271360
1761862871354 0.16520382241137202 276480
1761862918521 0.16950428171251927 281600
1761862970243 0.17405394592829068 286720
1761863010390 0.17949988894980476 291840
1761863060524 0.184328244839496 296960
1761863080763 0.18589766236293268 300032
