1761860369217 46.27577963473467 5120
1761860408348 49.458767401224584 10240
1761860460948 53.103343870252964 15360
1761860514325 55.37592163323521 20480
1761860556265 56.857901281215426 25600
1761860600824 56.733181905927246 30720
1761860659491 56.06169893976304 35840
1761860700175 56.21932846788025 40960
1761860753889 57.04125765637272 46080
1761860801744 57.09875051120112 51200
1761860847158 57.02701125884791 56320
1761860889775 56.476136773568356 61440
1761860945030 56.3554607725948 66560
1761861001130 56.51511241466687 71680
1761861042098 56.67621389847616 76800
1761861088925 56.713327444242736 81920
1761861139852 56.88375675638707 87040
1761861197137 56.81514157716435 92160
1761861242514 57.06492660006816 97280
1761861284205 56.84218109756396 102400
1761861337559 56.84351676768912 107520
1761861385713 56.42163647884772 112640
1761861444012 56.54901477119365 117760
1761861489378 56.4514070635912 122880
1761861530060 56.721658471134035 128000
1761861577101 56.57610602387702 133120
1761861641680 56.628084607439135 138240
1761861681314 56.65565875175684 143360
1761861727086 56.61097463374648 148480
1761861766439 56.484500328135525 153600
1761861824577 56.36416262639306 158720
1761861863482 56.606328473899644 163840
1761861907506 56.54597052002386 168960
1761861957367 56.88818939227984 174080
1761861996713 56.990108047820485 179200
1761862049782 57.25596873004361 184320
1761862091244 57.5142677517398 189440
1761862137142 57.84708386978128 194560
1761862187088 58.113733666545734 199680
1761862229511 58.3286568962805 204800
1761862272098 58.54750194536624 209920
1761862316474 58.65774390238489 215040
1761862356699 58.756910986609874 220160
1761862416976 58.96583972475448 225280
1761862458718 59.143023743599734 230400
1761862497941 59.19089632467012 235520
1761862537519 59.45911975167382 240640
1761862601384 59.57631649815637 245760
1761862644999 59.54638947386143 250880
1761862685573 59.478528643314675 256000
1761862722347 59.27359081498115 261120
1761862786164 59.05299960452195 266240
1761862830241 58.990802914771784 271360
1761862871354 58.69711922257207 276480
1761862918521 58.489661422469545 281600
1761862970243 58.22443026258339 286720
1761863010390 57.951153380070636 291840
1761863060524 57.69430761154935 296960
1761863080763 57.62113105247808 300032
