1761860369217 67.19503790489318 5120
1761860408348 70.0554528650647 10240
1761860460948 72.16754983598284 15360
1761860514325 74.34799532892175 20480
1761860556265 75.54923344397028 25600
1761860600824 74.91175317034906 30720
1761860659491 73.7459860480567 35840
1761860700175 73.71545348384585 40960
1761860753889 74.57020682433023 46080
1761860801744 74.40639448319098 51200
1761860847158 74.19790851533044 56320
1761860889775 73.36868654206816 61440
1761860945030 73.16200584342019 66560
1761861001130 73.35520827540181 71680
1761861042098 73.61292003125814 76800
1761861088925 73.54161581645106 81920
1761861139852 73.76520457058606 87040
1761861197137 73.66934607864437 92160
1761861242514 73.96926381888788 97280
1761861284205 73.63871068690345 102400
1761861337559 73.63517793925843 107520
1761861385713 73.02973517660786 112640
1761861444012 73.12326541663846 117760
1761861489378 72.97875097175434 122880
1761861530060 73.29254588587838 128000
1761861577101 73.07830567371637 133120
1761861641680 73.1098018829781 138240
1761861681314 73.12626979488464 143360
1761861727086 73.04441164631692 148480
1761861766439 72.87402186868425 153600
1761861824577 72.72727272727273 158720
1761861863482 73.02441042614812 163840
1761861907506 72.86770437206226 168960
1761861957367 72.99328982867156 174080
1761861996713 72.79246974450919 179200
1761862049782 72.8009082374517 184320
1761862091244 72.78198366791426 189440
1761862137142 72.89329344303167 194560
1761862187088 72.94351647013457 199680
1761862229511 72.94329825395882 204800
1761862272098 72.95804670090108 209920
1761862316474 72.87483900295477 215040
1761862356699 72.80553648626083 220160
1761862416976 72.85623351823224 225280
1761862458718 72.85841495992877 230400
1761862497941 72.73091739441162 235520
1761862537519 72.8614426924787 240640
1761862601384 72.83963039358723 245760
1761862644999 72.7763246640017 250880
1761862685573 72.84362557828393 256000
1761862722347 72.80128751301713 261120
1761862786164 72.64449417393317 266240
1761862830241 72.69546514798098 271360
1761862871354 72.57429712910843 276480
1761862918521 72.52364505457672 281600
1761862970243 72.47974346494117 286720
1761863010390 72.43460764587525 291840
1761863060524 72.41059437606435 296960
1761863080763 72.39564004233502 300032
