1761860369217 0.0 5120
1761860408348 0.0 10240
1761860460948 0.0 15360
1761860514325 0.0 20480
1761860556265 0.0 25600
1761860600824 0.0 30720
1761860659491 0.0 35840
1761860700175 0.0 40960
1761860753889 0.0 46080
1761860801744 0.0 51200
1761860847158 0.0 56320
1761860889775 0.0 61440
1761860945030 0.0 66560
1761861001130 0.0 71680
1761861042098 0.0 76800
1761861088925 0.0 81920
1761861139852 0.0 87040
1761861197137 0.0 92160
1761861242514 0.0 97280
1761861284205 0.0 102400
1761861337559 0.0 107520
1761861385713 0.0 112640
1761861444012 0.0 117760
1761861489378 0.0 122880
1761861530060 0.0 128000
1761861577101 0.0 133120
1761861641680 0.0 138240
1761861681314 0.0 143360
1761861727086 0.0 148480
1761861766439 0.0 153600
1761861824577 0.0 158720
1761861863482 0.0 163840
1761861907506 0.0 168960
1761861957367 0.0 174080
1761861996713 0.0 179200
1761862049782 0.0 184320
1761862091244 0.0 189440
1761862137142 0.0 194560
1761862187088 0.0 199680
1761862229511 0.0 204800
1761862272098 0.0 209920
1761862316474 0.0 215040
1761862356699 0.0 220160
1761862416976 0.0 225280
1761862458718 0.0 230400
1761862497941 0.0 235520
1761862537519 0.0 240640
1761862601384 0.0 245760
1761862644999 0.0 250880
1761862685573 0.0 256000
1761862722347 0.0 261120
1761862786164 0.0 266240
1761862830241 0.0 271360
1761862871354 0.0 276480
1761862918521 0.0 281600
1761862970243 0.0 286720
1761863010390 0.0 291840
1761863060524 0.0 296960
1761863080763 0.0 300032
