1761860369211 31.085883140563965 5120
1761860408343 13.347835540771484 10240
1761860460943 8.783084511756897 15360
1761860514320 6.665064130510602 20480
1761860556258 4.811835802518404 25600
1761860600819 3.592041077152375 30720
1761860659486 3.161942958831787 35840
1761860700166 3.422544246766625 40960
1761860753882 3.1660071663234546 46080
1761860801738 2.3770089616962506 51200
1761860847152 2.0673550197056363 56320
1761860889766 1.8523541747546586 61440
1761860945022 1.852193630102909 66560
1761861001125 1.4538356351180814 71680
1761861042093 1.4992036568491083 76800
1761861088917 1.2449414524031275 81920
1761861139845 1.1657591531443041 87040
1761861197130 1.1511238643101283 92160
1761861242508 1.0248194535573323 97280
1761861284199 0.9743233293589979 102400
1761861337552 1.0351785803740878 107520
1761861385707 0.885361791731001 112640
1761861444002 0.8930855044003191 117760
1761861489371 0.7929102054312209 122880
1761861530050 0.8078057576739599 128000
1761861577089 0.8227411954457523 133120
1761861641669 0.7685733262230369 138240
1761861681309 0.6839786150776748 143360
1761861727080 0.6279079620152304 148480
1761861766434 0.6460117820082911 153600
1761861824572 0.6319153736799191 158720
1761861863476 0.6390409410370063 163840
1761861907496 0.6262682374701443 168960
1761861957359 0.5511769467627096 174080
1761861996702 0.5437501668930054 179200
1761862049776 0.5269881295894391 184320
1761862091237 0.5535346718244655 189440
1761862137135 0.5172134519247484 194560
1761862187082 0.46530683186589455 199680
1761862229504 0.44202743359466096 204800
1761862272091 0.49344821115141935 209920
1761862316466 0.5196693836230237 215040
1761862356692 0.4428747406712285 220160
1761862416970 0.484374180099004 225280
1761862458710 0.4505645954503422 230400
1761862497928 0.3916625770139488 235520
1761862537508 0.40980105480905304 240640
1761862601377 0.36787621905694856 245760
1761862644993 0.3133201056379613 250880
1761862685566 0.32201218700028983 256000
1761862722341 0.36193230748176575 261120
1761862786157 0.3194645958385248 266240
1761862830235 0.29415436077834967 271360
1761862871346 0.33875016356746207 276480
1761862918510 0.2855884441431018 281600
1761862970231 0.2747518872026871 286720
1761863010382 0.28263783621621297 291840
1761863060512 0.26996980581906244 296960
1761863080756 0.11515962060401057 300032
