1761860369211 27.203943442729276 5120
1761860408343 114.50773976903547 10240
1761860460943 121.7646170818092 15360
1761860514320 104.76331301828354 20480
1761860556258 125.31532715864954 25600
1761860600819 33.57296427628051 30720
1761860659486 85.08578963383711 35840
1761860700166 35.487207255990256 40960
1761860753882 60.758836481631704 46080
1761860801738 31.9108933489554 51200
1761860847152 40.48595063658916 56320
1761860889766 80.35373002797041 61440
1761860945022 34.53352654459228 66560
1761861001125 48.90689241030305 71680
1761861042093 85.66447449042114 76800
1761861088917 28.03997780496447 81920
1761861139845 68.99207158601178 87040
1761861197130 68.77599409690907 92160
1761861242508 103.4455679968431 97280
1761861284199 114.56090899158745 102400
1761861337552 87.57838469890586 107520
1761861385707 32.79515849062505 112640
1761861444002 57.978822813856404 117760
1761861489371 131.17448006254887 122880
1761861530050 42.27234154060128 128000
1761861577089 57.63069017161544 133120
1761861641669 35.50102415655206 138240
1761861681309 26.53195432836765 143360
1761861727080 63.53562069226691 148480
1761861766434 22.177886115238394 153600
1761861824572 30.473666238002863 158720
1761861863476 70.56247371343012 163840
1761861907496 89.26330126840895 168960
1761861957359 100.52256440982624 174080
1761861996702 23.91933938592089 179200
1761862049776 97.49660622966063 184320
1761862091237 44.256784704343055 189440
1761862137135 32.3208112752464 194560
1761862187082 35.88248780905124 199680
1761862229504 101.6727025913267 204800
1761862272091 39.314842761400385 209920
1761862316466 48.23589484095039 215040
1761862356692 31.162868797039966 220160
1761862416970 139.26699206428262 225280
1761862458710 63.77132778884311 230400
1761862497928 86.63948276218215 235520
1761862537508 87.55096332477508 240640
1761862601377 33.52921802804291 245760
1761862644993 46.77019146065411 250880
1761862685566 89.55299342386199 256000
1761862722341 56.96305953933073 261120
1761862786157 29.848448619413606 266240
1761862830235 35.34575485610753 271360
1761862871346 49.11765601395899 276480
1761862918510 24.78873772177634 281600
1761862970231 92.83335915539718 286720
1761863010382 83.46541431186819 291840
1761863060512 82.79320963284643 296960
1761863080756 30.16443242621253 300032
