1761860369217 7.8490295620477255 5120
1761860408348 7.5136234981515715 10240
1761860460948 6.599816460215982 15360
1761860514325 6.446922625953374 20480
1761860556265 6.2387818212435295 25600
1761860600824 5.961342938134274 30720
1761860659491 5.806153790048686 35840
1761860700175 5.712911900586774 40960
1761860753889 5.684860494480321 46080
1761860801744 5.574413970667464 51200
1761860847158 5.501355842785178 56320
1761860889775 5.401743968970284 61440
1761860945030 5.359873773430279 66560
1761861001130 5.364081658813687 71680
1761861042098 5.393743376596485 76800
1761861088925 5.336337888837297 81920
1761861139852 5.359108359269713 87040
1761861197137 5.335773658462382 92160
1761861242514 5.344348427442286 97280
1761861284205 5.312161931035067 102400
1761861337559 5.305423877162375 107520
1761861385713 5.240355912282638 112640
1761861444012 5.216258372884787 117760
1761861489378 5.190793654497932 122880
1761861530060 5.190577889608077 128000
1761861577101 5.168178312203246 133120
1761861641680 5.168599492444713 138240
1761861681314 5.15902261085592 143360
1761861727086 5.152215252692917 148480
1761861766439 5.138830777690306 153600
1761861824577 5.136167501501651 158720
1761861863482 5.149615571058404 163840
1761861907506 5.095904020435638 168960
1761861957367 4.964312538781891 174080
1761861996713 4.805851188896484 179200
1761862049782 4.661777123325743 184320
1761862091244 4.511558422733221 189440
1761862137142 4.381352605580353 194560
1761862187088 4.256156768573528 199680
1761862229511 4.1332418564929645 204800
1761862272098 4.017830246310978 209920
1761862316474 3.908990860003415 215040
1761862356699 3.814744105300919 220160
1761862416976 3.719433128039187 225280
1761862458718 3.623616691939234 230400
1761862497941 3.5335963892586366 235520
1761862537519 3.4475409060417963 240640
1761862601384 3.3693736788312174 245760
1761862644999 3.3526770835955158 250880
1761862685573 3.422980325411906 256000
1761862722347 3.5100694991959256 261120
1761862786164 3.5475536450494154 266240
1761862830241 3.6108243482540665 271360
1761862871354 3.7070679724879514 276480
1761862918521 3.8008244417220265 281600
1761862970243 3.9089152290139344 286720
1761863010390 4.0399545389321325 291840
1761863060524 4.162547567360873 296960
1761863080763 4.195700335748079 300032
