1770657671683 0.0755990520119667 5120
1770657679397 0.07129869610071182 10240
1770657687709 0.07173305749893188 15360
1770657695794 0.07280468195676804 20480
1770657703389 0.07330755889415741 25600
1770657710711 0.07379154860973358 30720
1770657717402 0.07422944158315659 35840
1770657724994 0.07429473847150803 40960
1770657733013 0.07416844367980957 46080
1770657739696 0.07359946519136429 51200
1770657746453 0.07335664331912994 56320
1770657753136 0.07273180037736893 61440
1770657761890 0.07310216128826141 66560
1770657768291 0.07277477532625198 71680
1770657774908 0.0732710063457489 76800
1770657781482 0.07304969429969788 81920
1770657790325 0.07309882342815399 87040
1770657796508 0.07359213382005692 92160
1770657803345 0.07397019118070602 97280
1770657810558 0.07393790781497955 102400
1770657820018 0.07400495558977127 107520
1770657827126 0.0734340250492096 112640
1770657834107 0.07356920093297958 117760
1770657840950 0.0736878514289856 122880
1770657850988 0.0738355815410614 128000
1770657858318 0.07388409972190857 133120
1770657865221 0.0735287144780159 138240
1770657871991 0.07357454299926758 143360
1770657879233 0.07382874190807343 148480
1770657889533 0.07383298128843307 153600
1770657896734 0.0739489197731018 158720
1770657903937 0.0742190033197403 163840
1770657911377 0.07445181906223297 168960
1770657920726 0.07462430745363235 174080
1770657927447 0.07455619424581528 179200
1770657934237 0.0744728371500969 184320
1770657940999 0.07458841055631638 189440
1770657949464 0.07458006590604782 194560
1770657956589 0.07435466349124908 199680
1770657963234 0.07416415214538574 204800
1770657970376 0.07399293035268784 209920
1770657977604 0.07401703298091888 215040
1770657985363 0.07395860552787781 220160
1770657991798 0.07382727414369583 225280
1770657999458 0.07372898608446121 230400
1770658006051 0.07374744117259979 235520
1770658014244 0.07371162623167038 240640
1770658020867 0.07385735958814621 245760
1770658029165 0.07375571131706238 250880
1770658035443 0.07370835542678833 256000
1770658043409 0.07371430844068527 261120
1770658050490 0.07372505217790604 266240
1770658059869 0.07362044602632523 271360
1770658066835 0.07371437549591064 276480
1770658074561 0.07369117438793182 281600
1770658081278 0.07368222624063492 286720
1770658090605 0.07374800741672516 291840
1770658096958 0.07383189350366592 296960
1770658103552 0.07386725395917892 302080
1770658110354 0.0738864466547966 307200
1770658118546 0.07382138073444366 312320
1770658125450 0.07369308918714523 317440
1770658132420 0.07378676533699036 322560
1770658138865 0.07384847104549408 327680
1770658146432 0.07373270392417908 332800
1770658153676 0.07374359667301178 337920
1770658161982 0.07374945282936096 343040
1770658169102 0.07378727197647095 348160
1770658176631 0.07365003228187561 353280
1770658184722 0.07359543442726135 358400
1770658194318 0.07360099256038666 363520
1770658201626 0.0735352411866188 368640
1770658208393 0.07353871315717697 373760
1770658215016 0.07360938936471939 378880
1770658224045 0.07364022731781006 384000
1770658230739 0.0736357644200325 389120
1770658238660 0.07359784841537476 394240
1770658246003 0.07349371910095215 399360
1770658253571 0.07355786859989166 404480
1770658261504 0.0735778659582138 409600
1770658273485 0.07355397939682007 414720
1770658283418 0.07351350784301758 419840
1770658291393 0.07352393865585327 424960
1770658299121 0.07336991280317307 430080
1770658306841 0.0733749195933342 435200
1770658319396 0.07336976379156113 440320
1770658326967 0.07331686466932297 445440
1770658335986 0.07332829385995865 450560
1770658345827 0.07329268753528595 455680
1770658374279 0.07332486659288406 460800
1770658391340 0.07330068945884705 465920
1770658398734 0.07321645319461823 471040
1770658405792 0.07308198511600494 476160
1770658418120 0.07305622845888138 481280
1770658429258 0.07305349409580231 486400
1770658443735 0.07306359708309174 491520
1770658451789 0.0731239914894104 496640
1770658461196 0.07299734652042389 501760
1770658468455 0.07304786145687103 506880
1770658476010 0.07308469712734222 512000
1770658483933 0.07311160117387772 517120
1770658493038 0.07308824360370636 522240
1770658500621 0.07313194125890732 527360
1770658507741 0.07317114621400833 532480
1770658516781 0.07323309779167175 537600
1770658525077 0.07327520847320557 542720
1770658531979 0.07328157871961594 547840
1770658539190 0.07328297197818756 552960
1770658548292 0.07324784994125366 558080
1770658555234 0.07333802431821823 563200
1770658562093 0.07338351756334305 568320
1770658568853 0.07341668754816055 573440
1770658578247 0.0734100490808487 578560
1770658585069 0.07340476661920547 583680
1770658591826 0.07342258095741272 588800
1770658598601 0.07346294075250626 593920
1770658607826 0.07346493005752563 599040
1770658614989 0.07351382076740265 604160
1770658622040 0.07352657616138458 609280
1770658628732 0.07353411614894867 614400
1770658637640 0.07354399561882019 619520
1770658644007 0.07354198396205902 624640
1770658650796 0.07357659935951233 629760
1770658657632 0.07359059900045395 634880
1770658667037 0.07359426468610764 640000
1770658674195 0.07361549884080887 645120
1770658680993 0.07360504567623138 650240
1770658688129 0.07361110299825668 655360
1770658697273 0.07362931221723557 660480
1770658703835 0.07365592569112778 665600
1770658710751 0.07362616807222366 670720
1770658717539 0.0736633688211441 675840
1770658727921 0.07361803203821182 680960
1770658735661 0.07368200272321701 686080
1770658742736 0.07361963391304016 691200
1770658749557 0.07365217059850693 696320
1770658759237 0.07364223152399063 701440
1770658766117 0.07362370938062668 706560
1770658772571 0.07355733215808868 711680
1770658779368 0.07347547262907028 716800
1770658789821 0.07344423234462738 721920
1770658796627 0.07344066351652145 727040
1770658803306 0.073460154235363 732160
1770658810267 0.07344891875982285 737280
1770658819638 0.07347001135349274 742400
1770658826565 0.07346894592046738 747520
1770658833395 0.07344809919595718 752640
1770658839916 0.07346164435148239 757760
1770658849016 0.07340119779109955 762880
1770658855925 0.07337136566638947 768000
1770658862966 0.07335644215345383 773120
1770658870483 0.07340003550052643 778240
1770658878930 0.0734194666147232 783360
1770658885761 0.07343276590108871 788480
1770658893137 0.07343242317438126 793600
1770658901382 0.07342851161956787 798720
1770658909469 0.0734097808599472 803840
1770658917025 0.07338313013315201 808960
1770658924668 0.07338200509548187 814080
1770658932315 0.07339821010828018 819200
1770658939254 0.07340513169765472 824320
1770658946945 0.07339595258235931 829440
1770658954796 0.07336260378360748 834560
1770658962712 0.07336992025375366 839680
1770658969950 0.07334152609109879 844800
1770658976810 0.07329490780830383 849920
1770658984411 0.07328908145427704 855040
1770658993533 0.07327015697956085 860160
1770659000382 0.07324546575546265 865280
1770659006974 0.07322824746370316 870400
1770659014459 0.07326171547174454 875520
1770659023309 0.07323628664016724 880640
1770659029861 0.0732450932264328 885760
1770659036752 0.07328203320503235 890880
1770659043753 0.07331343740224838 896000
1770659053114 0.0732761025428772 901120
1770659060123 0.0732879638671875 906240
1770659066592 0.07325058430433273 911360
1770659073365 0.07321783900260925 916480
1770659082867 0.07320047169923782 921600
1770659089300 0.07322463393211365 926720
1770659096078 0.07321515679359436 931840
1770659102773 0.07321738451719284 936960
1770659112048 0.07322946190834045 942080
1770659118644 0.0732334777712822 947200
1770659125382 0.0732613354921341 952320
1770659132261 0.0732453316450119 957440
1770659141271 0.07322937995195389 962560
1770659148545 0.07320850342512131 967680
1770659155213 0.07323544472455978 972800
1770659161789 0.07319768518209457 977920
1770659171169 0.07320770621299744 983040
1770659178640 0.0732249990105629 988160
1770659185365 0.07319843024015427 993280
1770659192470 0.07315637171268463 998400
1770659195457 0.07315325736999512 1000448
