1770657671683 19.29648780822754 5120
1770657679397 20.584854125976562 10240
1770657687709 20.781503677368164 15360
1770657695794 21.126895904541016 20480
1770657703389 21.400503158569336 25600
1770657710711 21.545795440673828 30720
1770657717402 21.685562133789062 35840
1770657724994 21.8781795501709 40960
1770657733013 21.889995574951172 46080
1770657739696 21.941036224365234 51200
1770657746453 21.969457626342773 56320
1770657753136 21.99233627319336 61440
1770657761890 21.977205276489258 66560
1770657768291 21.931629180908203 71680
1770657774908 21.93984031677246 76800
1770657781482 21.930742263793945 81920
1770657790325 21.943456649780273 87040
1770657796508 21.90079116821289 92160
1770657803345 21.90558433532715 97280
1770657810558 21.955503463745117 102400
1770657820018 21.96259117126465 107520
1770657827126 21.961137771606445 112640
1770657834107 21.975473403930664 117760
1770657840950 22.009571075439453 122880
1770657850988 22.028474807739258 128000
1770657858318 21.984712600708008 133120
1770657865221 21.990442276000977 138240
1770657871991 22.01502227783203 143360
1770657879233 21.987436294555664 148480
1770657889533 21.99976348876953 153600
1770657896734 22.01244354248047 158720
1770657903937 21.98819923400879 163840
1770657911377 22.019880294799805 168960
1770657920726 22.034883499145508 174080
1770657927447 22.06947135925293 179200
1770657934237 22.036319732666016 184320
1770657940999 22.032115936279297 189440
1770657949464 22.041217803955078 194560
1770657956589 22.05935287475586 199680
1770657963234 22.08453369140625 204800
1770657970376 22.06830406188965 209920
1770657977604 22.07740592956543 215040
1770657985363 22.08045196533203 220160
1770657991798 22.06374740600586 225280
1770657999458 22.087535858154297 230400
1770658006051 22.08697509765625 235520
1770658014244 22.104272842407227 240640
1770658020867 22.11122703552246 245760
1770658029165 22.128612518310547 250880
1770658035443 22.1276912689209 256000
1770658043409 22.116470336914062 261120
1770658050490 22.103580474853516 266240
1770658059869 22.097055435180664 271360
1770658066835 22.101716995239258 276480
1770658074561 22.115076065063477 281600
1770658081278 22.120004653930664 286720
1770658090605 22.12270164489746 291840
1770658096958 22.14478874206543 296960
1770658103552 22.143749237060547 302080
1770658110354 22.13390350341797 307200
1770658118546 22.134769439697266 312320
1770658125450 22.13241195678711 317440
1770658132420 22.14771270751953 322560
1770658138865 22.15882110595703 327680
1770658146432 22.15123176574707 332800
1770658153676 22.15218162536621 337920
1770658161982 22.165069580078125 343040
1770658169102 22.165311813354492 348160
1770658176631 22.164505004882812 353280
1770658184722 22.155160903930664 358400
1770658194318 22.167924880981445 363520
1770658201626 22.178382873535156 368640
1770658208393 22.178085327148438 373760
1770658215016 22.1755313873291 378880
1770658224045 22.16632080078125 384000
1770658230739 22.176288604736328 389120
1770658238660 22.18221664428711 394240
1770658246003 22.180835723876953 399360
1770658253571 22.178279876708984 404480
1770658261504 22.176040649414062 409600
1770658273485 22.171152114868164 414720
1770658283418 22.1668701171875 419840
1770658291393 22.167388916015625 424960
1770658299121 22.16672706604004 430080
1770658306841 22.17166519165039 435200
1770658319396 22.17563819885254 440320
1770658326967 22.180728912353516 445440
1770658335986 22.178232192993164 450560
1770658345827 22.177133560180664 455680
1770658374279 22.177366256713867 460800
1770658391340 22.18058967590332 465920
1770658398734 22.17629623413086 471040
1770658405792 22.175640106201172 476160
1770658418120 22.176345825195312 481280
1770658429258 22.167255401611328 486400
1770658443735 22.16481590270996 491520
1770658451789 22.172910690307617 496640
1770658461196 22.169574737548828 501760
1770658468455 22.17340850830078 506880
1770658476010 22.170297622680664 512000
1770658483933 22.175832748413086 517120
1770658493038 22.168567657470703 522240
1770658500621 22.173263549804688 527360
1770658507741 22.165414810180664 532480
1770658516781 22.17641258239746 537600
1770658525077 22.18459129333496 542720
1770658531979 22.173927307128906 547840
1770658539190 22.16600799560547 552960
1770658548292 22.16409683227539 558080
1770658555234 22.1664981842041 563200
1770658562093 22.168277740478516 568320
1770658568853 22.172470092773438 573440
1770658578247 22.169506072998047 578560
1770658585069 22.169309616088867 583680
1770658591826 22.174453735351562 588800
1770658598601 22.177648544311523 593920
1770658607826 22.17658042907715 599040
1770658614989 22.176467895507812 604160
1770658622040 22.173545837402344 609280
1770658628732 22.17254066467285 614400
1770658637640 22.178739547729492 619520
1770658644007 22.17957878112793 624640
1770658650796 22.17976188659668 629760
1770658657632 22.181743621826172 634880
1770658667037 22.182218551635742 640000
1770658674195 22.178264617919922 645120
1770658680993 22.1669864654541 650240
1770658688129 22.15768814086914 655360
1770658697273 22.155641555786133 660480
1770658703835 22.15697479248047 665600
1770658710751 22.150775909423828 670720
1770658717539 22.155832290649414 675840
1770658727921 22.156949996948242 680960
1770658735661 22.155263900756836 686080
1770658742736 22.157302856445312 691200
1770658749557 22.15410041809082 696320
1770658759237 22.150819778442383 701440
1770658766117 22.15856170654297 706560
1770658772571 22.15288543701172 711680
1770658779368 22.15714454650879 716800
1770658789821 22.15160369873047 721920
1770658796627 22.158199310302734 727040
1770658803306 22.15188217163086 732160
1770658810267 22.151721954345703 737280
1770658819638 22.1538028717041 742400
1770658826565 22.156265258789062 747520
1770658833395 22.157129287719727 752640
1770658839916 22.15755844116211 757760
1770658849016 22.15531349182129 762880
1770658855925 22.1540470123291 768000
1770658862966 22.16015625 773120
1770658870483 22.165550231933594 778240
1770658878930 22.16807746887207 783360
1770658885761 22.171823501586914 788480
1770658893137 22.176328659057617 793600
1770658901382 22.183088302612305 798720
1770658909469 22.17788314819336 803840
1770658917025 22.17296028137207 808960
1770658924668 22.17228126525879 814080
1770658932315 22.170225143432617 819200
1770658939254 22.1690673828125 824320
1770658946945 22.169225692749023 829440
1770658954796 22.174419403076172 834560
1770658962712 22.17840003967285 839680
1770658969950 22.170997619628906 844800
1770658976810 22.169015884399414 849920
1770658984411 22.170095443725586 855040
1770658993533 22.169233322143555 860160
1770659000382 22.1688289642334 865280
1770659006974 22.1713924407959 870400
1770659014459 22.175079345703125 875520
1770659023309 22.1763858795166 880640
1770659029861 22.179004669189453 885760
1770659036752 22.18121337890625 890880
1770659043753 22.183340072631836 896000
1770659053114 22.18494415283203 901120
1770659060123 22.18094825744629 906240
1770659066592 22.179595947265625 911360
1770659073365 22.175569534301758 916480
1770659082867 22.179302215576172 921600
1770659089300 22.18053436279297 926720
1770659096078 22.181055068969727 931840
1770659102773 22.1787166595459 936960
1770659112048 22.1726131439209 942080
1770659118644 22.171371459960938 947200
1770659125382 22.167945861816406 952320
1770659132261 22.163986206054688 957440
1770659141271 22.163618087768555 962560
1770659148545 22.166929244995117 967680
1770659155213 22.160541534423828 972800
1770659161789 22.16323471069336 977920
1770659171169 22.16402244567871 983040
1770659178640 22.161670684814453 988160
1770659185365 22.15753173828125 993280
1770659192470 22.155277252197266 998400
1770659195457 22.15546226501465 1000448
