1770657671683 24.967872619628906 5120
1770657679397 25.993576049804688 10240
1770657687709 26.24176788330078 15360
1770657695794 26.627685546875 20480
1770657703389 26.950475692749023 25600
1770657710711 27.124347686767578 30720
1770657717402 27.280969619750977 35840
1770657724994 27.487091064453125 40960
1770657733013 27.48050308227539 46080
1770657739696 27.512359619140625 51200
1770657746453 27.523305892944336 56320
1770657753136 27.527009963989258 61440
1770657761890 27.514312744140625 66560
1770657768291 27.459808349609375 71680
1770657774908 27.497961044311523 76800
1770657781482 27.463897705078125 81920
1770657790325 27.474828720092773 87040
1770657796508 27.444000244140625 92160
1770657803345 27.459646224975586 97280
1770657810558 27.506664276123047 102400
1770657820018 27.52552032470703 107520
1770657827126 27.503246307373047 112640
1770657834107 27.515539169311523 117760
1770657840950 27.557146072387695 122880
1770657850988 27.574071884155273 128000
1770657858318 27.529525756835938 133120
1770657865221 27.518301010131836 138240
1770657871991 27.540781021118164 143360
1770657879233 27.520389556884766 148480
1770657889533 27.535627365112305 153600
1770657896734 27.55089569091797 158720
1770657903937 27.530668258666992 163840
1770657911377 27.571569442749023 168960
1770657920726 27.5916690826416 174080
1770657927447 27.62551498413086 179200
1770657934237 27.58371353149414 184320
1770657940999 27.582483291625977 189440
1770657949464 27.590831756591797 194560
1770657956589 27.603967666625977 199680
1770657963234 27.626949310302734 204800
1770657970376 27.604671478271484 209920
1770657977604 27.609527587890625 215040
1770657985363 27.60907745361328 220160
1770657991798 27.58541488647461 225280
1770657999458 27.604406356811523 230400
1770658006051 27.603422164916992 235520
1770658014244 27.617835998535156 240640
1770658020867 27.627517700195312 245760
1770658029165 27.63983917236328 250880
1770658035443 27.64110565185547 256000
1770658043409 27.62830352783203 261120
1770658050490 27.613616943359375 266240
1770658059869 27.601707458496094 271360
1770658066835 27.608051300048828 276480
1770658074561 27.621814727783203 281600
1770658081278 27.62725830078125 286720
1770658090605 27.634910583496094 291840
1770658096958 27.66264533996582 296960
1770658103552 27.65845489501953 302080
1770658110354 27.64385223388672 307200
1770658118546 27.64286994934082 312320
1770658125450 27.634098052978516 317440
1770658132420 27.65357208251953 322560
1770658138865 27.66903305053711 327680
1770658146432 27.656246185302734 332800
1770658153676 27.657405853271484 337920
1770658161982 27.671754837036133 343040
1770658169102 27.67304039001465 348160
1770658176631 27.667165756225586 353280
1770658184722 27.655929565429688 358400
1770658194318 27.66973304748535 363520
1770658201626 27.679973602294922 368640
1770658208393 27.677627563476562 373760
1770658215016 27.675260543823242 378880
1770658224045 27.66473388671875 384000
1770658230739 27.676959991455078 389120
1770658238660 27.68120002746582 394240
1770658246003 27.676437377929688 399360
1770658253571 27.67542839050293 404480
1770658261504 27.67336082458496 409600
1770658273485 27.665332794189453 414720
1770658283418 27.659107208251953 419840
1770658291393 27.659914016723633 424960
1770658299121 27.654935836791992 430080
1770658306841 27.661849975585938 435200
1770658319396 27.667829513549805 440320
1770658326967 27.6733341217041 445440
1770658335986 27.672311782836914 450560
1770658345827 27.670469284057617 455680
1770658374279 27.67304801940918 460800
1770658391340 27.67603874206543 465920
1770658398734 27.667171478271484 471040
1770658405792 27.661176681518555 476160
1770658418120 27.661272048950195 481280
1770658429258 27.6535587310791 486400
1770658443735 27.649980545043945 491520
1770658451789 27.659509658813477 496640
1770658461196 27.65059471130371 501760
1770658468455 27.655838012695312 506880
1770658476010 27.653053283691406 512000
1770658483933 27.657737731933594 517120
1770658493038 27.64914321899414 522240
1770658500621 27.655879974365234 527360
1770658507741 27.648517608642578 532480
1770658516781 27.66362953186035 537600
1770658525077 27.673355102539062 542720
1770658531979 27.663835525512695 547840
1770658539190 27.65645408630371 552960
1770658548292 27.654983520507812 558080
1770658555234 27.658180236816406 563200
1770658562093 27.6623477935791 568320
1770658568853 27.66765785217285 573440
1770658578247 27.66353416442871 578560
1770658585069 27.66458511352539 583680
1770658591826 27.670005798339844 588800
1770658598601 27.674047470092773 593920
1770658607826 27.672740936279297 599040
1770658614989 27.674264907836914 604160
1770658622040 27.671661376953125 609280
1770658628732 27.671764373779297 614400
1770658637640 27.67888069152832 619520
1770658644007 27.679128646850586 624640
1770658650796 27.679367065429688 629760
1770658657632 27.67950439453125 634880
1770658667037 27.679893493652344 640000
1770658674195 27.67515754699707 645120
1770658680993 27.663373947143555 650240
1770658688129 27.652996063232422 655360
1770658697273 27.651826858520508 660480
1770658703835 27.65284538269043 665600
1770658710751 27.644521713256836 670720
1770658717539 27.653207778930664 675840
1770658727921 27.65263557434082 680960
1770658735661 27.65226173400879 686080
1770658742736 27.653182983398438 691200
1770658749557 27.650827407836914 696320
1770658759237 27.647005081176758 701440
1770658766117 27.65558624267578 706560
1770658772571 27.64959716796875 711680
1770658779368 27.650196075439453 716800
1770658789821 27.64411163330078 721920
1770658796627 27.652956008911133 727040
1770658803306 27.646848678588867 732160
1770658810267 27.64655303955078 737280
1770658819638 27.650421142578125 742400
1770658826565 27.65235710144043 747520
1770658833395 27.65287208557129 752640
1770658839916 27.653284072875977 757760
1770658849016 27.648883819580078 762880
1770658855925 27.647075653076172 768000
1770658862966 27.653230667114258 773120
1770658870483 27.66155433654785 778240
1770658878930 27.664518356323242 783360
1770658885761 27.670473098754883 788480
1770658893137 27.675312042236328 793600
1770658901382 27.682218551635742 798720
1770658909469 27.677167892456055 803840
1770658917025 27.670726776123047 808960
1770658924668 27.67096519470215 814080
1770658932315 27.670146942138672 819200
1770658939254 27.66953468322754 824320
1770658946945 27.66939353942871 829440
1770658954796 27.674121856689453 834560
1770658962712 27.67803382873535 839680
1770658969950 27.66954803466797 844800
1770658976810 27.66575050354004 849920
1770658984411 27.668472290039062 855040
1770658993533 27.666296005249023 860160
1770659000382 27.66436195373535 865280
1770659006974 27.665584564208984 870400
1770659014459 27.67105484008789 875520
1770659023309 27.6721134185791 880640
1770659029861 27.674415588378906 885760
1770659036752 27.678844451904297 890880
1770659043753 27.68255043029785 896000
1770659053114 27.682701110839844 901120
1770659060123 27.678861618041992 906240
1770659066592 27.676156997680664 911360
1770659073365 27.670230865478516 916480
1770659082867 27.674638748168945 921600
1770659089300 27.67710304260254 926720
1770659096078 27.6769962310791 931840
1770659102773 27.672910690307617 936960
1770659112048 27.66655731201172 942080
1770659118644 27.66539764404297 947200
1770659125382 27.66364860534668 952320
1770659132261 27.658475875854492 957440
1770659141271 27.657651901245117 962560
1770659148545 27.659244537353516 967680
1770659155213 27.6524658203125 972800
1770659161789 27.65419578552246 977920
1770659171169 27.65496253967285 983040
1770659178640 27.65288543701172 988160
1770659185365 27.647348403930664 993280
1770659192470 27.644750595092773 998400
1770659195457 27.645137786865234 1000448
