1770657671683 1.1219019889831543 5120
1770657679397 1.1284624338150024 10240
1770657687709 1.122393012046814 15360
1770657695794 1.132269263267517 20480
1770657703389 1.1425628662109375 25600
1770657710711 1.1475462913513184 30720
1770657717402 1.1523044109344482 35840
1770657724994 1.159096598625183 40960
1770657733013 1.1587570905685425 46080
1770657739696 1.1576251983642578 51200
1770657746453 1.1565639972686768 56320
1770657753136 1.1550984382629395 61440
1770657761890 1.1546099185943604 66560
1770657768291 1.15259850025177 71680
1770657774908 1.1546621322631836 76800
1770657781482 1.1527332067489624 81920
1770657790325 1.1528692245483398 87040
1770657796508 1.1521658897399902 92160
1770657803345 1.1521797180175781 97280
1770657810558 1.1535063982009888 102400
1770657820018 1.1539770364761353 107520
1770657827126 1.1532591581344604 112640
1770657834107 1.153321623802185 117760
1770657840950 1.1549949645996094 122880
1770657850988 1.1551203727722168 128000
1770657858318 1.153607964515686 133120
1770657865221 1.1530193090438843 138240
1770657871991 1.153389573097229 143360
1770657879233 1.1524182558059692 148480
1770657889533 1.1530883312225342 153600
1770657896734 1.1536206007003784 158720
1770657903937 1.152833104133606 163840
1770657911377 1.1543654203414917 168960
1770657920726 1.1556354761123657 174080
1770657927447 1.1567606925964355 179200
1770657934237 1.1549885272979736 184320
1770657940999 1.155346393585205 189440
1770657949464 1.1555415391921997 194560
1770657956589 1.1562669277191162 199680
1770657963234 1.1569592952728271 204800
1770657970376 1.156102180480957 209920
1770657977604 1.1560152769088745 215040
1770657985363 1.1559906005859375 220160
1770657991798 1.1547753810882568 225280
1770657999458 1.1553906202316284 230400
1770658006051 1.1554261445999146 235520
1770658014244 1.1557120084762573 240640
1770658020867 1.1557472944259644 245760
1770658029165 1.1559993028640747 250880
1770658035443 1.1559343338012695 256000
1770658043409 1.1551618576049805 261120
1770658050490 1.1544712781906128 266240
1770658059869 1.154000997543335 271360
1770658066835 1.154189109802246 276480
1770658074561 1.154787540435791 281600
1770658081278 1.1548700332641602 286720
1770658090605 1.1550496816635132 291840
1770658096958 1.156370759010315 296960
1770658103552 1.1563103199005127 302080
1770658110354 1.1555081605911255 307200
1770658118546 1.1554837226867676 312320
1770658125450 1.1550534963607788 317440
1770658132420 1.1555893421173096 322560
1770658138865 1.156162142753601 327680
1770658146432 1.1554945707321167 332800
1770658153676 1.155579686164856 337920
1770658161982 1.155961036682129 343040
1770658169102 1.1559317111968994 348160
1770658176631 1.1555113792419434 353280
1770658184722 1.154938817024231 358400
1770658194318 1.1555540561676025 363520
1770658201626 1.1559077501296997 368640
1770658208393 1.1559526920318604 373760
1770658215016 1.1557950973510742 378880
1770658224045 1.155508279800415 384000
1770658230739 1.155869722366333 389120
1770658238660 1.15581476688385 394240
1770658246003 1.1555382013320923 399360
1770658253571 1.155471920967102 404480
1770658261504 1.1553258895874023 409600
1770658273485 1.154995322227478 414720
1770658283418 1.1547653675079346 419840
1770658291393 1.1549166440963745 424960
1770658299121 1.1546608209609985 430080
1770658306841 1.155090093612671 435200
1770658319396 1.1553157567977905 440320
1770658326967 1.1553552150726318 445440
1770658335986 1.1553139686584473 450560
1770658345827 1.1553467512130737 455680
1770658374279 1.1553878784179688 460800
1770658391340 1.1555906534194946 465920
1770658398734 1.1552616357803345 471040
1770658405792 1.155163049697876 476160
1770658418120 1.1552340984344482 481280
1770658429258 1.1550769805908203 486400
1770658443735 1.1549421548843384 491520
1770658451789 1.1552828550338745 496640
1770658461196 1.1549890041351318 501760
1770658468455 1.1552653312683105 506880
1770658476010 1.1551614999771118 512000
1770658483933 1.1553301811218262 517120
1770658493038 1.1549711227416992 522240
1770658500621 1.1552739143371582 527360
1770658507741 1.1551443338394165 532480
1770658516781 1.155814528465271 537600
1770658525077 1.156112551689148 542720
1770658531979 1.1557345390319824 547840
1770658539190 1.155503511428833 552960
1770658548292 1.1554292440414429 558080
1770658555234 1.1556440591812134 563200
1770658562093 1.1558055877685547 568320
1770658568853 1.155990481376648 573440
1770658578247 1.155956506729126 578560
1770658585069 1.1560344696044922 583680
1770658591826 1.1562824249267578 588800
1770658598601 1.1564955711364746 593920
1770658607826 1.1564598083496094 599040
1770658614989 1.156496286392212 604160
1770658622040 1.1564453840255737 609280
1770658628732 1.1564452648162842 614400
1770658637640 1.1567214727401733 619520
1770658644007 1.1566370725631714 624640
1770658650796 1.1566489934921265 629760
1770658657632 1.1566258668899536 634880
1770658667037 1.1565489768981934 640000
1770658674195 1.1564947366714478 645120
1770658680993 1.1561170816421509 650240
1770658688129 1.1558277606964111 655360
1770658697273 1.1558046340942383 660480
1770658703835 1.1558071374893188 665600
1770658710751 1.155421257019043 670720
1770658717539 1.1558589935302734 675840
1770658727921 1.1558785438537598 680960
1770658735661 1.1558619737625122 686080
1770658742736 1.1559395790100098 691200
1770658749557 1.1559423208236694 696320
1770658759237 1.1559102535247803 701440
1770658766117 1.156225562095642 706560
1770658772571 1.1559500694274902 711680
1770658779368 1.1559648513793945 716800
1770658789821 1.1556971073150635 721920
1770658796627 1.156012773513794 727040
1770658803306 1.155729055404663 732160
1770658810267 1.1556719541549683 737280
1770658819638 1.1558001041412354 742400
1770658826565 1.1558692455291748 747520
1770658833395 1.1558136940002441 752640
1770658839916 1.1559019088745117 757760
1770658849016 1.1557233333587646 762880
1770658855925 1.1556408405303955 768000
1770658862966 1.1558187007904053 773120
1770658870483 1.1562020778656006 778240
1770658878930 1.1562683582305908 783360
1770658885761 1.156531810760498 788480
1770658893137 1.1567280292510986 793600
1770658901382 1.156944751739502 798720
1770658909469 1.15677809715271 803840
1770658917025 1.1565204858779907 808960
1770658924668 1.1565800905227661 814080
1770658932315 1.156532883644104 819200
1770658939254 1.1564539670944214 824320
1770658946945 1.1564149856567383 829440
1770658954796 1.156546950340271 834560
1770658962712 1.1566110849380493 839680
1770658969950 1.15631902217865 844800
1770658976810 1.1562204360961914 849920
1770658984411 1.1563888788223267 855040
1770658993533 1.1562913656234741 860160
1770659000382 1.1562706232070923 865280
1770659006974 1.1562570333480835 870400
1770659014459 1.1564675569534302 875520
1770659023309 1.1564664840698242 880640
1770659029861 1.1565723419189453 885760
1770659036752 1.1567656993865967 890880
1770659043753 1.1569303274154663 896000
1770659053114 1.1569154262542725 901120
1770659060123 1.1567174196243286 906240
1770659066592 1.1565800905227661 911360
1770659073365 1.156333327293396 916480
1770659082867 1.1565371751785278 921600
1770659089300 1.1566522121429443 926720
1770659096078 1.1566916704177856 931840
1770659102773 1.1564416885375977 936960
1770659112048 1.1561893224716187 942080
1770659118644 1.1561757326126099 947200
1770659125382 1.156111717224121 952320
1770659132261 1.1559633016586304 957440
1770659141271 1.1558958292007446 962560
1770659148545 1.1559425592422485 967680
1770659155213 1.155788540840149 972800
1770659161789 1.1558382511138916 977920
1770659171169 1.1558972597122192 983040
1770659178640 1.1558033227920532 988160
1770659185365 1.1555982828140259 993280
1770659192470 1.1554996967315674 998400
1770659195457 1.155535340309143 1000448
