1770657671678 -2.6504499912261963 5120
1770657679391 -3.3446877002716064 10240
1770657687704 -3.390625 15360
1770657695789 -3.5453124046325684 20480
1770657703381 -3.643749952316284 25600
1770657710705 -3.799999952316284 30720
1770657717397 -3.963125228881836 35840
1770657724987 -4.083437919616699 40960
1770657733006 -4.145625114440918 46080
1770657739690 -4.373125076293945 51200
1770657746448 -4.440000057220459 56320
1770657753126 -4.542812824249268 61440
1770657761883 -4.684374809265137 66560
1770657768286 -4.800000190734863 71680
1770657774902 -4.972500324249268 76800
1770657781475 -5.031874656677246 81920
1770657790319 -5.246250152587891 87040
1770657796501 -5.328125 92160
1770657803339 -5.4356255531311035 97280
1770657810549 -5.555624961853027 102400
1770657820011 -5.657500267028809 107520
1770657827119 -5.750624656677246 112640
1770657834101 -5.79562520980835 117760
1770657840944 -5.973125457763672 122880
1770657850981 -6.026249885559082 128000
1770657858310 -6.098750114440918 133120
1770657865214 -6.159375190734863 138240
1770657871984 -6.296875 143360
1770657879226 -6.343125343322754 148480
1770657889526 -6.463124752044678 153600
1770657896724 -6.521874904632568 158720
1770657903925 -6.606249809265137 163840
1770657911370 -6.71875 168960
1770657920717 -6.7387495040893555 174080
1770657927440 -6.840624809265137 179200
1770657934230 -6.95187520980835 184320
1770657940991 -7.037499904632568 189440
1770657949457 -7.149374961853027 194560
1770657956582 -7.258749961853027 199680
1770657963226 -7.228125095367432 204800
1770657970368 -7.273750305175781 209920
1770657977596 -7.358750343322754 215040
1770657985355 -7.4800004959106445 220160
1770657991787 -7.587500095367432 225280
1770657999451 -7.6256256103515625 230400
1770658006042 -7.625 235520
1770658014232 -7.784999847412109 240640
1770658020859 -7.796250343322754 245760
1770658029157 -7.898750305175781 250880
1770658035436 -8.0443754196167 256000
1770658043400 -7.96875 261120
1770658050481 -8.010000228881836 266240
1770658059861 -8.03499984741211 271360
1770658066826 -8.176249504089355 276480
1770658074553 -8.258749961853027 281600
1770658081268 -8.29625129699707 286720
1770658090598 -8.363750457763672 291840
1770658096950 -8.393750190734863 296960
1770658103544 -8.41562557220459 302080
1770658110344 -8.52125072479248 307200
1770658118538 -8.576250076293945 312320
1770658125441 -8.675000190734863 317440
1770658132412 -8.735000610351562 322560
1770658138852 -8.723750114440918 327680
1770658146421 -8.776250839233398 332800
1770658153668 -8.943750381469727 337920
1770658161974 -8.941250801086426 343040
1770658169092 -8.926250457763672 348160
1770658176622 -9.068750381469727 353280
1770658184711 -9.102500915527344 358400
1770658194304 -9.103750228881836 363520
1770658201617 -9.165000915527344 368640
1770658208383 -9.273750305175781 373760
1770658215005 -9.2162504196167 378880
1770658224029 -9.3125 384000
1770658230730 -9.326250076293945 389120
1770658238650 -9.381250381469727 394240
1770658245991 -9.484999656677246 399360
1770658253562 -9.492501258850098 404480
1770658261494 -9.582500457763672 409600
1770658273470 -9.680000305175781 414720
1770658283409 -9.64000129699707 419840
1770658291384 -9.805000305175781 424960
1770658299111 -9.772500038146973 430080
1770658306831 -9.887499809265137 435200
1770658319386 -9.880000114440918 440320
1770658326957 -9.9375 445440
1770658335972 -10.008749961853027 450560
1770658345817 -9.931249618530273 455680
1770658374252 -10.003750801086426 460800
1770658391325 -9.995000839233398 465920
1770658398724 -10.063749313354492 471040
1770658405775 -10.0600004196167 476160
1770658418109 -10.132500648498535 481280
1770658429219 -10.227499961853027 486400
1770658443723 -10.296250343322754 491520
1770658451779 -10.21250057220459 496640
1770658461186 -10.287500381469727 501760
1770658468443 -10.286250114440918 506880
1770658475997 -10.321250915527344 512000
1770658483916 -10.326250076293945 517120
1770658493024 -10.329999923706055 522240
1770658500607 -10.467500686645508 527360
1770658507728 -10.456250190734863 532480
1770658516765 -10.500000953674316 537600
1770658525066 -10.40999984741211 542720
1770658531968 -10.572500228881836 547840
1770658539178 -10.523751258850098 552960
1770658548283 -10.543749809265137 558080
1770658555223 -10.623750686645508 563200
1770658562083 -10.537500381469727 568320
1770658568838 -10.657500267028809 573440
1770658578235 -10.605000495910645 578560
1770658585056 -10.726250648498535 583680
1770658591815 -10.728750228881836 588800
1770658598591 -10.684999465942383 593920
1770658607814 -10.796250343322754 599040
1770658614974 -10.746249198913574 604160
1770658622029 -10.774999618530273 609280
1770658628721 -10.942500114440918 614400
1770658637629 -10.879999160766602 619520
1770658643991 -10.963750839233398 624640
1770658650786 -10.908750534057617 629760
1770658657620 -10.913749694824219 634880
1770658667026 -10.991250038146973 640000
1770658674181 -10.893750190734863 645120
1770658680981 -11.008749961853027 650240
1770658688117 -11.036250114440918 655360
1770658697262 -11.008749961853027 660480
1770658703824 -10.967499732971191 665600
1770658710736 -11.09749984741211 670720
1770658717525 -11.08750057220459 675840
1770658727905 -11.147500038146973 680960
1770658735492 -11.119999885559082 686080
1770658742719 -11.206250190734863 691200
1770658749542 -11.228750228881836 696320
1770658759224 -11.155000686645508 701440
1770658766106 -11.1875 706560
1770658772557 -11.17500114440918 711680
1770658779357 -11.197500228881836 716800
1770658789808 -11.27500057220459 721920
1770658796614 -11.258750915527344 727040
1770658803293 -11.3125 732160
1770658810253 -11.352499008178711 737280
1770658819626 -11.362500190734863 742400
1770658826550 -11.387500762939453 747520
1770658833380 -11.369999885559082 752640
1770658839903 -11.461250305175781 757760
1770658849003 -11.386249542236328 762880
1770658855909 -11.460000038146973 768000
1770658862950 -11.573751449584961 773120
1770658870468 -11.446249961853027 778240
1770658878912 -11.523750305175781 783360
1770658885742 -11.573749542236328 788480
1770658893123 -11.589999198913574 793600
1770658901368 -11.55875015258789 798720
1770658909453 -11.630000114440918 803840
1770658917012 -11.673749923706055 808960
1770658924655 -11.579999923706055 814080
1770658932301 -11.787500381469727 819200
1770658939241 -11.677499771118164 824320
1770658946929 -11.680000305175781 829440
1770658954782 -11.728750228881836 834560
1770658962697 -11.698750495910645 839680
1770658969937 -11.706250190734863 844800
1770658976794 -11.753750801086426 849920
1770658984398 -11.655000686645508 855040
1770658993519 -11.688749313354492 860160
1770659000368 -11.753750801086426 865280
1770659006959 -11.908750534057617 870400
1770659014444 -11.791250228881836 875520
1770659023296 -11.797499656677246 880640
1770659029848 -11.78125 885760
1770659036738 -11.767499923706055 890880
1770659043737 -11.975000381469727 896000
1770659053101 -11.952500343322754 901120
1770659060110 -11.892499923706055 906240
1770659066578 -11.9662504196167 911360
1770659073351 -11.901249885559082 916480
1770659082853 -11.931249618530273 921600
1770659089283 -11.942500114440918 926720
1770659096064 -11.848750114440918 931840
1770659102757 -11.9037504196167 936960
1770659112029 -11.953749656677246 942080
1770659118629 -11.993749618530273 947200
1770659125367 -12.001251220703125 952320
1770659132243 -11.897500991821289 957440
1770659141257 -11.981249809265137 962560
1770659148531 -11.991250991821289 967680
1770659155199 -12.011250495910645 972800
1770659161774 -11.968750953674316 977920
1770659171155 -12.002500534057617 983040
1770659178617 -12.042500495910645 988160
1770659185350 -12.042500495910645 993280
1770659192450 -11.960000991821289 998400
1770659195442 -12.05625057220459 1000448
