1770657671683 1.0712502002716064 5120
1770657679397 1.0764081478118896 10240
1770657687709 1.076949954032898 15360
1770657695794 1.0938531160354614 20480
1770657703389 1.1089130640029907 25600
1770657710711 1.1118971109390259 30720
1770657717402 1.114377498626709 35840
1770657724994 1.1230766773223877 40960
1770657733013 1.1218193769454956 46080
1770657739696 1.1210685968399048 51200
1770657746453 1.1171194314956665 56320
1770657753136 1.113593578338623 61440
1770657761890 1.1182353496551514 66560
1770657768291 1.1147018671035767 71680
1770657774908 1.120788812637329 76800
1770657781482 1.1181377172470093 81920
1770657790325 1.1174675226211548 87040
1770657796508 1.1210907697677612 92160
1770657803345 1.1219531297683716 97280
1770657810558 1.1234393119812012 102400
1770657820018 1.1241337060928345 107520
1770657827126 1.1189379692077637 112640
1770657834107 1.1208982467651367 117760
1770657840950 1.1221681833267212 122880
1770657850988 1.1234225034713745 128000
1770657858318 1.1217396259307861 133120
1770657865221 1.1182645559310913 138240
1770657871991 1.1174359321594238 143360
1770657879233 1.1192741394042969 148480
1770657889533 1.119856357574463 153600
1770657896734 1.1204578876495361 158720
1770657903937 1.1223201751708984 163840
1770657911377 1.125685214996338 168960
1770657920726 1.1277886629104614 174080
1770657927447 1.1278351545333862 179200
1770657934237 1.125165581703186 184320
1770657940999 1.126821756362915 189440
1770657949464 1.1265642642974854 194560
1770657956589 1.1255515813827515 199680
1770657963234 1.1243202686309814 204800
1770657970376 1.1230711936950684 209920
1770657977604 1.1240366697311401 215040
1770657985363 1.1244255304336548 220160
1770657991798 1.1236540079116821 225280
1770657999458 1.1231695413589478 230400
1770658006051 1.123822808265686 235520
1770658014244 1.123762845993042 240640
1770658020867 1.1247600317001343 245760
1770658029165 1.1236480474472046 250880
1770658035443 1.1222805976867676 256000
1770658043409 1.1221576929092407 261120
1770658050490 1.1210662126541138 266240
1770658059869 1.1202943325042725 271360
1770658066835 1.1213335990905762 276480
1770658074561 1.1213576793670654 281600
1770658081278 1.1210628747940063 286720
1770658090605 1.121620774269104 291840
1770658096958 1.1227222681045532 296960
1770658103552 1.123255968093872 302080
1770658110354 1.123403787612915 307200
1770658118546 1.1224499940872192 312320
1770658125450 1.1214988231658936 317440
1770658132420 1.1233333349227905 322560
1770658138865 1.124082326889038 327680
1770658146432 1.1235241889953613 332800
1770658153676 1.1234556436538696 337920
1770658161982 1.1241841316223145 343040
1770658169102 1.1245567798614502 348160
1770658176631 1.124263048171997 353280
1770658184722 1.1236183643341064 358400
1770658194318 1.1240779161453247 363520
1770658201626 1.1238620281219482 368640
1770658208393 1.1238611936569214 373760
1770658215016 1.1243956089019775 378880
1770658224045 1.1246508359909058 384000
1770658230739 1.1248944997787476 389120
1770658238660 1.1250394582748413 394240
1770658246003 1.123975157737732 399360
1770658253571 1.1244808435440063 404480
1770658261504 1.1248644590377808 409600
1770658273485 1.1244912147521973 414720
1770658283418 1.1237351894378662 419840
1770658291393 1.1241198778152466 424960
1770658299121 1.1228694915771484 430080
1770658306841 1.1234489679336548 435200
1770658319396 1.1233166456222534 440320
1770658326967 1.1228059530258179 445440
1770658335986 1.122565746307373 450560
1770658345827 1.1222994327545166 455680
1770658374279 1.1224415302276611 460800
1770658391340 1.1224822998046875 465920
1770658398734 1.121325969696045 471040
1770658405792 1.1201268434524536 476160
1770658418120 1.12018620967865 481280
1770658429258 1.119646668434143 486400
1770658443735 1.1194905042648315 491520
1770658451789 1.1199976205825806 496640
1770658461196 1.1185165643692017 501760
1770658468455 1.1190937757492065 506880
1770658476010 1.1191129684448242 512000
1770658483933 1.1193121671676636 517120
1770658493038 1.119026780128479 522240
1770658500621 1.11942720413208 527360
1770658507741 1.1196050643920898 532480
1770658516781 1.1206083297729492 537600
1770658525077 1.1210607290267944 542720
1770658531979 1.1212869882583618 547840
1770658539190 1.1205497980117798 552960
1770658548292 1.120118498802185 558080
1770658555234 1.120915412902832 563200
1770658562093 1.1214494705200195 568320
1770658568853 1.1215803623199463 573440
1770658578247 1.121657133102417 578560
1770658585069 1.121530532836914 583680
1770658591826 1.1216236352920532 588800
1770658598601 1.1219792366027832 593920
1770658607826 1.121852159500122 599040
1770658614989 1.1222115755081177 604160
1770658622040 1.122063159942627 609280
1770658628732 1.1221531629562378 614400
1770658637640 1.122392177581787 619520
1770658644007 1.1224472522735596 624640
1770658650796 1.1225202083587646 629760
1770658657632 1.1225764751434326 634880
1770658667037 1.1227353811264038 640000
1770658674195 1.1225953102111816 645120
1770658680993 1.1224331855773926 650240
1770658688129 1.1226035356521606 655360
1770658697273 1.1226269006729126 660480
1770658703835 1.1228264570236206 665600
1770658710751 1.1221129894256592 670720
1770658717539 1.1223913431167603 675840
1770658727921 1.1222316026687622 680960
1770658735661 1.1227929592132568 686080
1770658742736 1.1227946281433105 691200
1770658749557 1.1230008602142334 696320
1770658759237 1.1230279207229614 701440
1770658766117 1.1231293678283691 706560
1770658772571 1.1223983764648438 711680
1770658779368 1.1217854022979736 716800
1770658789821 1.121334433555603 721920
1770658796627 1.1212608814239502 727040
1770658803306 1.1215474605560303 732160
1770658810267 1.1215461492538452 737280
1770658819638 1.1218156814575195 742400
1770658826565 1.1220674514770508 747520
1770658833395 1.1219239234924316 752640
1770658839916 1.121812105178833 757760
1770658849016 1.1214728355407715 762880
1770658855925 1.121451735496521 768000
1770658862966 1.1213914155960083 773120
1770658870483 1.1220396757125854 778240
1770658878930 1.122337818145752 783360
1770658885761 1.1224191188812256 788480
1770658893137 1.1225076913833618 793600
1770658901382 1.1225907802581787 798720
1770658909469 1.122256875038147 803840
1770658917025 1.1219117641448975 808960
1770658924668 1.1219744682312012 814080
1770658932315 1.1220742464065552 819200
1770658939254 1.1222376823425293 824320
1770658946945 1.1219861507415771 829440
1770658954796 1.1221531629562378 834560
1770658962712 1.1222789287567139 839680
1770658969950 1.1218645572662354 844800
1770658976810 1.1211907863616943 849920
1770658984411 1.1210559606552124 855040
1770658993533 1.1209098100662231 860160
1770659000382 1.1205945014953613 865280
1770659006974 1.1206763982772827 870400
1770659014459 1.1208781003952026 875520
1770659023309 1.120604395866394 880640
1770659029861 1.1207009553909302 885760
1770659036752 1.12087082862854 890880
1770659043753 1.1213874816894531 896000
1770659053114 1.1209558248519897 901120
1770659060123 1.120996117591858 906240
1770659066592 1.1206969022750854 911360
1770659073365 1.1202969551086426 916480
1770659082867 1.120106816291809 921600
1770659089300 1.1201592683792114 926720
1770659096078 1.1200441122055054 931840
1770659102773 1.119982361793518 936960
1770659112048 1.120017409324646 942080
1770659118644 1.1201889514923096 947200
1770659125382 1.120267629623413 952320
1770659132261 1.120157241821289 957440
1770659141271 1.1199852228164673 962560
1770659148545 1.120079755783081 967680
1770659155213 1.120046854019165 972800
1770659161789 1.1200157403945923 977920
1770659171169 1.1199225187301636 983040
1770659178640 1.1200032234191895 988160
1770659185365 1.1197235584259033 993280
1770659192470 1.119261384010315 998400
1770659195457 1.1192046403884888 1000448
