1770657671683 0.2750137746334076 5120
1770657679397 0.2647531032562256 10240
1770657687709 0.26372119784355164 15360
1770657695794 0.2656974196434021 20480
1770657703389 0.26714444160461426 25600
1770657710711 0.2677692472934723 30720
1770657717402 0.26880744099617004 35840
1770657724994 0.2694866955280304 40960
1770657733013 0.26909735798835754 46080
1770657739696 0.2677854895591736 51200
1770657746453 0.2670608162879944 56320
1770657753136 0.2652064561843872 61440
1770657761890 0.2657267451286316 66560
1770657768291 0.2649744749069214 71680
1770657774908 0.26633039116859436 76800
1770657781482 0.26560479402542114 81920
1770657790325 0.26577985286712646 87040
1770657796508 0.26668891310691833 92160
1770657803345 0.26743409037590027 97280
1770657810558 0.2675151526927948 102400
1770657820018 0.26750320196151733 107520
1770657827126 0.2663365602493286 112640
1770657834107 0.26671522855758667 117760
1770657840950 0.2671532928943634 122880
1770657850988 0.26755669713020325 128000
1770657858318 0.2676140069961548 133120
1770657865221 0.26666998863220215 138240
1770657871991 0.26669222116470337 143360
1770657879233 0.2670711278915405 148480
1770657889533 0.26715338230133057 153600
1770657896734 0.2674350440502167 158720
1770657903937 0.26783740520477295 163840
1770657911377 0.26852309703826904 168960
1770657920726 0.26902538537979126 174080
1770657927447 0.2689444124698639 179200
1770657934237 0.2685953378677368 184320
1770657940999 0.26886096596717834 189440
1770657949464 0.26885920763015747 194560
1770657956589 0.26853805780410767 199680
1770657963234 0.26824840903282166 204800
1770657970376 0.2678911089897156 209920
1770657977604 0.26782312989234924 215040
1770657985363 0.2677701711654663 220160
1770657991798 0.26731136441230774 225280
1770657999458 0.26718127727508545 230400
1770658006051 0.267212450504303 235520
1770658014244 0.2671445906162262 240640
1770658020867 0.26735326647758484 245760
1770658029165 0.2671552896499634 250880
1770658035443 0.2670969069004059 256000
1770658043409 0.2670280635356903 261120
1770658050490 0.2670079469680786 266240
1770658059869 0.2667296528816223 271360
1770658066835 0.26700884103775024 276480
1770658074561 0.26699113845825195 281600
1770658081278 0.2670367360115051 286720
1770658090605 0.2671394348144531 291840
1770658096958 0.2674715518951416 296960
1770658103552 0.26755452156066895 302080
1770658110354 0.26751944422721863 307200
1770658118546 0.2674270570278168 312320
1770658125450 0.26715683937072754 317440
1770658132420 0.26738929748535156 322560
1770658138865 0.2675769627094269 327680
1770658146432 0.26724448800086975 332800
1770658153676 0.26726287603378296 337920
1770658161982 0.2673368453979492 343040
1770658169102 0.26743820309638977 348160
1770658176631 0.2671225965023041 353280
1770658184722 0.2669668197631836 358400
1770658194318 0.2670128345489502 363520
1770658201626 0.26691535115242004 368640
1770658208393 0.2669715881347656 373760
1770658215016 0.2670985162258148 378880
1770658224045 0.26716065406799316 384000
1770658230739 0.2671997845172882 389120
1770658238660 0.26712438464164734 394240
1770658246003 0.26690199971199036 399360
1770658253571 0.26700007915496826 404480
1770658261504 0.26701536774635315 409600
1770658273485 0.2669485807418823 414720
1770658283418 0.266825795173645 419840
1770658291393 0.26679807901382446 424960
1770658299121 0.2664645314216614 430080
1770658306841 0.2665107846260071 435200
1770658319396 0.2664923071861267 440320
1770658326967 0.2664315402507782 445440
1770658335986 0.26646625995635986 450560
1770658345827 0.2663954496383667 455680
1770658374279 0.2664928734302521 460800
1770658391340 0.2664828896522522 465920
1770658398734 0.2662876546382904 471040
1770658405792 0.2660450041294098 476160
1770658418120 0.2659990191459656 481280
1770658429258 0.266018271446228 486400
1770658443735 0.2659875750541687 491520
1770658451789 0.2661483585834503 496640
1770658461196 0.2659083902835846 501760
1770658468455 0.2660205662250519 506880
1770658476010 0.2661115229129791 512000
1770658483933 0.26620420813560486 517120
1770658493038 0.26613059639930725 522240
1770658500621 0.26624947786331177 527360
1770658507741 0.2663339078426361 532480
1770658516781 0.266546368598938 537600
1770658525077 0.26663804054260254 542720
1770658531979 0.2666235566139221 547840
1770658539190 0.26657363772392273 552960
1770658548292 0.2665058672428131 558080
1770658555234 0.26670488715171814 563200
1770658562093 0.26679807901382446 568320
1770658568853 0.26687246561050415 573440
1770658578247 0.2668600082397461 578560
1770658585069 0.2668647766113281 583680
1770658591826 0.26693499088287354 588800
1770658598601 0.2670498788356781 593920
1770658607826 0.2670505940914154 599040
1770658614989 0.26717039942741394 604160
1770658622040 0.26722490787506104 609280
1770658628732 0.2672450542449951 614400
1770658637640 0.26730653643608093 619520
1770658644007 0.2672980725765228 624640
1770658650796 0.2673664093017578 629760
1770658657632 0.2673693895339966 634880
1770658667037 0.2673732340335846 640000
1770658674195 0.26738154888153076 645120
1770658680993 0.2673368752002716 650240
1770658688129 0.26733076572418213 655360
1770658697273 0.26735544204711914 660480
1770658703835 0.2674206495285034 665600
1770658710751 0.26731523871421814 670720
1770658717539 0.2674230635166168 675840
1770658727921 0.26734834909439087 680960
1770658735661 0.2675023078918457 686080
1770658742736 0.2673756182193756 691200
1770658749557 0.2674407958984375 696320
1770658759237 0.26740989089012146 701440
1770658766117 0.2673920691013336 706560
1770658772571 0.2672329545021057 711680
1770658779368 0.26706165075302124 716800
1770658789821 0.26696422696113586 721920
1770658796627 0.26699936389923096 727040
1770658803306 0.26699748635292053 732160
1770658810267 0.2669781744480133 737280
1770658819638 0.2670251727104187 742400
1770658826565 0.26704540848731995 747520
1770658833395 0.2669849395751953 752640
1770658839916 0.2670162320137024 757760
1770658849016 0.26688018441200256 762880
1770658855925 0.2668077349662781 768000
1770658862966 0.26677656173706055 773120
1770658870483 0.2668898105621338 778240
1770658878930 0.2669190466403961 783360
1770658885761 0.2669719457626343 788480
1770658893137 0.2669925391674042 793600
1770658901382 0.2670096158981323 798720
1770658909469 0.26695066690444946 803840
1770658917025 0.26688352227211 808960
1770658924668 0.26690778136253357 814080
1770658932315 0.26694557070732117 819200
1770658939254 0.2669387757778168 824320
1770658946945 0.26691147685050964 829440
1770658954796 0.2668599784374237 834560
1770658962712 0.2668939530849457 839680
1770658969950 0.26681405305862427 844800
1770658976810 0.26672038435935974 849920
1770658984411 0.26671287417411804 855040
1770658993533 0.2666289806365967 860160
1770659000382 0.2665797173976898 865280
1770659006974 0.2665611505508423 870400
1770659014459 0.2666226923465729 875520
1770659023309 0.26658305525779724 880640
1770659029861 0.26660746335983276 885760
1770659036752 0.2666938304901123 890880
1770659043753 0.2667744755744934 896000
1770659053114 0.26668187975883484 901120
1770659060123 0.26668834686279297 906240
1770659066592 0.26658883690834045 911360
1770659073365 0.2665013074874878 916480
1770659082867 0.26651865243911743 921600
1770659089300 0.2665901184082031 926720
1770659096078 0.26657506823539734 931840
1770659102773 0.26654642820358276 936960
1770659112048 0.26653680205345154 942080
1770659118644 0.26654717326164246 947200
1770659125382 0.2666061818599701 952320
1770659132261 0.2665477395057678 957440
1770659141271 0.2664868235588074 962560
1770659148545 0.26642680168151855 967680
1770659155213 0.2664625346660614 972800
1770659161789 0.26637595891952515 977920
1770659171169 0.26639729738235474 983040
1770659178640 0.2664230167865753 988160
1770659185365 0.26635271310806274 993280
1770659192470 0.2662625312805176 998400
1770659195457 0.2662661075592041 1000448
