1770657671678 112.00940020295893 5120
1770657679391 151.3042098048411 10240
1770657687704 171.18210758305443 15360
1770657695789 191.48575602629657 20480
1770657703381 106.58697364742955 25600
1770657710705 127.54847342172485 30720
1770657717397 152.32627564917377 35840
1770657724987 145.8989842771671 40960
1770657733006 159.06192878000684 46080
1770657739690 160.9788524275571 51200
1770657746448 149.01954096496837 56320
1770657753126 90.17681458548331 61440
1770657761883 168.64913550462404 66560
1770657768286 135.10401030761798 71680
1770657774902 180.93714680125964 76800
1770657781475 133.5127805188604 81920
1770657790319 149.68430819742335 87040
1770657796501 146.25510844549828 92160
1770657803339 181.28907330567083 97280
1770657810549 141.5130065116907 102400
1770657820011 158.53286464829725 107520
1770657827119 177.70215650552896 112640
1770657834101 178.26861611696702 117760
1770657840944 182.41656156221458 122880
1770657850981 120.64037736934449 128000
1770657858310 176.25347732907508 133120
1770657865214 123.83171444598624 138240
1770657871984 181.22640857241618 143360
1770657879226 155.50585792673883 148480
1770657889526 146.58735539789606 153600
1770657896724 158.86311643057343 158720
1770657903925 117.66548841384727 163840
1770657911370 180.05941444148706 168960
1770657920717 150.6358281856055 174080
1770657927440 162.9235550031075 179200
1770657934230 135.96239748452138 184320
1770657940991 146.94170403587444 189440
1770657949457 157.71617658118373 194560
1770657956582 181.53230902402078 199680
1770657963226 157.60949947392155 204800
1770657970368 160.8307066988765 209920
1770657977596 151.83000904977376 215040
1770657985355 128.97217182743458 220160
1770657991787 138.75100069469715 225280
1770657999451 196.29821687649178 230400
1770658006042 108.30438712009709 235520
1770658014232 120.02586922306482 240640
1770658020859 171.72879135276776 245760
1770658029157 115.8871605006493 250880
1770658035436 171.92588949008035 256000
1770658043400 106.02118247769268 261120
1770658050481 167.12371996652988 266240
1770658059861 162.89191813274303 271360
1770658066826 173.555013034303 276480
1770658074553 184.7304118035675 281600
1770658081268 152.67003967531758 286720
1770658090598 191.97656536067373 291840
1770658096950 185.19533733663016 296960
1770658103544 189.7359992762146 302080
1770658110344 102.1182772137414 307200
1770658118538 180.59435952637244 312320
1770658125441 171.01459675446466 317440
1770658132412 185.63795697972913 322560
1770658138852 123.33648954626989 327680
1770658146421 182.81410451989714 332800
1770658153668 166.04528899445765 337920
1770658161974 144.98112685793294 343040
1770658169092 165.488419806668 348160
1770658176622 158.32939488883017 353280
1770658184711 123.17711667792429 358400
1770658194304 133.69577967614433 363520
1770658201617 168.65591700510677 368640
1770658208383 188.08538116591927 373760
1770658215005 105.61539042630876 378880
1770658224029 144.1638825874751 384000
1770658230730 163.2469544233838 389120
1770658238650 153.166228454572 394240
1770658245991 121.28926289002632 399360
1770658253562 151.36973546501136 404480
1770658261494 162.49434371610104 409600
1770658273470 111.53284050417487 414720
1770658283409 146.60785067636058 419840
1770658291384 172.8683180150847 424960
1770658299111 190.98875278903512 430080
1770658306831 173.72034459907223 435200
1770658319386 137.2346955469031 440320
1770658326957 135.993255949679 445440
1770658335972 138.2843955029508 450560
1770658345817 175.69237213588573 455680
1770658374252 57.118204597450706 460800
1770658391325 135.413701814425 465920
1770658398724 167.19700231204655 471040
1770658405775 127.2891262784134 476160
1770658418109 147.4479364409759 481280
1770658429219 50.53500084339382 486400
1770658443723 183.81558418792181 491520
1770658451779 120.16341498352672 496640
1770658461186 174.60988301902503 501760
1770658468443 167.48408736972408 506880
1770658475997 129.23444769681097 512000
1770658483916 123.59817297775159 517120
1770658493024 170.76394430420976 522240
1770658500607 99.82872783529692 527360
1770658507728 144.98112685793294 532480
1770658516765 156.00327307892584 537600
1770658525066 153.06002992373098 542720
1770658531968 175.89867896833718 547840
1770658539178 178.03404219194363 552960
1770658548283 186.81204347051488 558080
1770658555223 205.6434595018631 563200
1770658562083 208.13338626439062 568320
1770658568838 144.7259928918947 573440
1770658578235 132.40013889327315 578560
1770658585056 175.20066833751045 583680
1770658591815 112.99614752552601 588800
1770658598591 189.55592714782844 593920
1770658607814 162.8286812376257 599040
1770658614974 135.03006889446914 604160
1770658622029 176.1720430107527 609280
1770658628721 198.99909854343596 614400
1770658637629 119.02786764288552 619520
1770658643991 152.07773749093545 624640
1770658650786 126.55936755076793 629760
1770658657620 183.1813774730314 634880
1770658667026 162.8476471501786 640000
1770658674181 133.93913460003193 645120
1770658680981 171.56020942408378 650240
1770658688117 192.3375063053148 655360
1770658697262 194.68548087634608 660480
1770658703824 189.89061934081855 665600
1770658710736 165.1495845966059 670720
1770658717525 143.01851536127117 675840
1770658727905 171.3989620366965 680960
1770658735492 133.45755377370497 686080
1770658742719 158.92933196923192 691200
1770658749542 183.9687705601123 696320
1770658759224 172.07401025641025 701440
1770658766106 186.67070185589034 706560
1770658772557 176.5948381120795 711680
1770658779357 134.96489365125333 716800
1770658789808 143.6848343667569 721920
1770658796614 179.3203933304831 727040
1770658803293 188.19509130883475 732160
1770658810253 158.88718842336542 737280
1770658819626 163.58439937597504 742400
1770658826550 174.27614575975403 747520
1770658833380 161.72369385000965 752640
1770658839903 177.01219666596327 757760
1770658849003 175.22262606007436 762880
1770658855909 128.39182074201054 768000
1770658862950 181.9812565081569 773120
1770658870468 177.852860111097 778240
1770658878912 188.36412628553464 783360
1770658885742 119.16313426899255 788480
1770658893123 194.08190273471843 793600
1770658901368 168.04102564102564 798720
1770658909453 151.35881058063586 803840
1770658917012 182.6151166840822 808960
1770658924655 182.7503812470045 814080
1770658932301 155.18940318940318 819200
1770658939241 190.67618311587944 824320
1770658946929 173.94368183137726 829440
1770658954782 194.19872210389852 834560
1770658962697 139.47539239159352 839680
1770658969937 113.61135489463135 844800
1770658976794 174.36308459779673 849920
1770658984398 175.87655149278766 855040
1770658993519 136.5422228009636 860160
1770659000368 152.84807404977954 865280
1770659006959 172.6548388424649 870400
1770659014444 139.1191747653322 875520
1770659023296 165.52107340173637 880640
1770659029848 152.94840097728184 885760
1770659036738 166.71187249095752 890880
1770659043737 168.80524811848514 896000
1770659053101 198.43421488385295 901120
1770659060110 188.98368928539244 906240
1770659066578 188.28802298437782 911360
1770659073351 188.53346518631724 916480
1770659082853 185.05643061989852 921600
1770659089283 131.21551697168778 926720
1770659096064 162.3999690246641 931840
1770659102757 164.25062656641603 936960
1770659112029 168.42565152792835 942080
1770659118629 137.54973272554358 947200
1770659125367 176.70643747893496 952320
1770659132243 157.15478286934692 957440
1770659141257 196.87870822380773 962560
1770659148531 163.9552810569932 967680
1770659155199 175.60410299351057 972800
1770659161774 172.1870355925941 977920
1770659171155 173.9941923172654 983040
1770659178617 131.43756071574066 988160
1770659185350 180.51663438777706 993280
1770659192450 172.34976988823144 998400
1770659195442 175.78073006160682 1000448
