1770657671683 1.742679238319397 5120
1770657679397 1.593470811843872 10240
1770657687709 1.5756362676620483 15360
1770657695794 1.5849531888961792 20480
1770657703389 1.5913970470428467 25600
1770657710711 1.5972141027450562 30720
1770657717402 1.6018632650375366 35840
1770657724994 1.6004862785339355 40960
1770657733013 1.5975253582000732 46080
1770657739696 1.5840073823928833 51200
1770657746453 1.5772860050201416 56320
1770657753136 1.5621942281723022 61440
1770657761890 1.5692936182022095 66560
1770657768291 1.5633093118667603 71680
1770657774908 1.5737193822860718 76800
1770657781482 1.568802833557129 81920
1770657790325 1.5687283277511597 87040
1770657796508 1.5797375440597534 92160
1770657803345 1.5870035886764526 97280
1770657810558 1.5851744413375854 102400
1770657820018 1.5855004787445068 107520
1770657827126 1.5741926431655884 112640
1770657834107 1.5767649412155151 117760
1770657840950 1.5790064334869385 122880
1770657850988 1.581727147102356 128000
1770657858318 1.5830180644989014 133120
1770657865221 1.5750820636749268 138240
1770657871991 1.575364112854004 143360
1770657879233 1.5803906917572021 148480
1770657889533 1.5793447494506836 153600
1770657896734 1.582083821296692 158720
1770657903937 1.5875205993652344 163840
1770657911377 1.5921307802200317 168960
1770657920726 1.5968961715698242 174080
1770657927447 1.5951660871505737 179200
1770657934237 1.5940943956375122 184320
1770657940999 1.5963764190673828 189440
1770657949464 1.5960265398025513 194560
1770657956589 1.5918965339660645 199680
1770657963234 1.5877962112426758 204800
1770657970376 1.5844391584396362 209920
1770657977604 1.5842723846435547 215040
1770657985363 1.5831347703933716 220160
1770657991798 1.579689383506775 225280
1770657999458 1.5777329206466675 230400
1770658006051 1.5778756141662598 235520
1770658014244 1.5770503282546997 240640
1770658020867 1.5794589519500732 245760
1770658029165 1.577202558517456 250880
1770658035443 1.5760732889175415 256000
1770658043409 1.575899600982666 261120
1770658050490 1.5759780406951904 266240
1770658059869 1.5737183094024658 271360
1770658066835 1.5757626295089722 276480
1770658074561 1.57505202293396 281600
1770658081278 1.5749218463897705 286720
1770658090605 1.5759499073028564 291840
1770658096958 1.5779509544372559 296960
1770658103552 1.5785540342330933 302080
1770658110354 1.5786681175231934 307200
1770658118546 1.57731294631958 312320
1770658125450 1.5746090412139893 317440
1770658132420 1.576168179512024 322560
1770658138865 1.5776145458221436 327680
1770658146432 1.5748566389083862 332800
1770658153676 1.5751562118530273 337920
1770658161982 1.5751957893371582 343040
1770658169102 1.5758886337280273 348160
1770658176631 1.57285475730896 353280
1770658184722 1.5716925859451294 358400
1770658194318 1.5716632604599 363520
1770658201626 1.5700914859771729 368640
1770658208393 1.5703132152557373 373760
1770658215016 1.5717616081237793 378880
1770658224045 1.5725011825561523 384000
1770658230739 1.5722861289978027 389120
1770658238660 1.5713273286819458 394240
1770658246003 1.5689423084259033 399360
1770658253571 1.5700784921646118 404480
1770658261504 1.5702499151229858 409600
1770658273485 1.5699007511138916 414720
1770658283418 1.5688893795013428 419840
1770658291393 1.5688791275024414 424960
1770658299121 1.5657658576965332 430080
1770658306841 1.5659524202346802 435200
1770658319396 1.5657191276550293 440320
1770658326967 1.5646934509277344 445440
1770658335986 1.5648815631866455 450560
1770658345827 1.5641772747039795 455680
1770658374279 1.564824104309082 460800
1770658391340 1.5642472505569458 465920
1770658398734 1.5625290870666504 471040
1770658405792 1.559800624847412 476160
1770658418120 1.5594167709350586 481280
1770658429258 1.559651494026184 486400
1770658443735 1.560013771057129 491520
1770658451789 1.5614608526229858 496640
1770658461196 1.559058427810669 501760
1770658468455 1.5602259635925293 506880
1770658476010 1.5611015558242798 512000
1770658483933 1.5616858005523682 517120
1770658493038 1.5610899925231934 522240
1770658500621 1.5620023012161255 527360
1770658507741 1.5630240440368652 532480
1770658516781 1.564497947692871 537600
1770658525077 1.5653260946273804 542720
1770658531979 1.5655436515808105 547840
1770658539190 1.5656170845031738 552960
1770658548292 1.5648733377456665 558080
1770658555234 1.5666987895965576 563200
1770658562093 1.567541480064392 568320
1770658568853 1.5681235790252686 573440
1770658578247 1.5681164264678955 578560
1770658585069 1.5682448148727417 583680
1770658591826 1.5687068700790405 588800
1770658598601 1.56972336769104 593920
1770658607826 1.5697401762008667 599040
1770658614989 1.5707600116729736 604160
1770658622040 1.5711570978164673 609280
1770658628732 1.571336030960083 614400
1770658637640 1.5714484453201294 619520
1770658644007 1.5713151693344116 624640
1770658650796 1.5718984603881836 629760
1770658657632 1.5721142292022705 634880
1770658667037 1.5722788572311401 640000
1770658674195 1.572780966758728 645120
1770658680993 1.5726728439331055 650240
1770658688129 1.5729893445968628 655360
1770658697273 1.573325276374817 660480
1770658703835 1.5736724138259888 665600
1770658710751 1.572988510131836 670720
1770658717539 1.5736507177352905 675840
1770658727921 1.5728310346603394 680960
1770658735661 1.5742158889770508 686080
1770658742736 1.5729535818099976 691200
1770658749557 1.5737459659576416 696320
1770658759237 1.5736013650894165 701440
1770658766117 1.5731950998306274 706560
1770658772571 1.571762204170227 711680
1770658779368 1.5700033903121948 716800
1770658789821 1.5693607330322266 721920
1770658796627 1.5693596601486206 727040
1770658803306 1.5697439908981323 732160
1770658810267 1.5694375038146973 737280
1770658819638 1.5698844194412231 742400
1770658826565 1.5698723793029785 747520
1770658833395 1.5693286657333374 752640
1770658839916 1.5696709156036377 757760
1770658849016 1.5684282779693604 762880
1770658855925 1.5677272081375122 768000
1770658862966 1.5673606395721436 773120
1770658870483 1.5681999921798706 778240
1770658878930 1.5685454607009888 783360
1770658885761 1.568820595741272 788480
1770658893137 1.5687941312789917 793600
1770658901382 1.5686802864074707 798720
1770658909469 1.5682134628295898 803840
1770658917025 1.567750334739685 808960
1770658924668 1.567738652229309 814080
1770658932315 1.568145513534546 819200
1770658939254 1.5682635307312012 824320
1770658946945 1.5681039094924927 829440
1770658954796 1.5673681497573853 834560
1770658962712 1.567409873008728 839680
1770658969950 1.5669403076171875 844800
1770658976810 1.566052794456482 849920
1770658984411 1.5660490989685059 855040
1770658993533 1.5655757188796997 860160
1770659000382 1.5651310682296753 865280
1770659006974 1.5647382736206055 870400
1770659014459 1.5654088258743286 875520
1770659023309 1.5649107694625854 880640
1770659029861 1.565161108970642 885760
1770659036752 1.5659599304199219 890880
1770659043753 1.5665935277938843 896000
1770659053114 1.565852403640747 901120
1770659060123 1.566046118736267 906240
1770659066592 1.5652449131011963 911360
1770659073365 1.564543604850769 916480
1770659082867 1.5643788576126099 921600
1770659089300 1.564907431602478 926720
1770659096078 1.5646973848342896 931840
1770659102773 1.5646765232086182 936960
1770659112048 1.5648928880691528 942080
1770659118644 1.5650461912155151 947200
1770659125382 1.565613031387329 952320
1770659132261 1.5652705430984497 957440
1770659141271 1.5649152994155884 962560
1770659148545 1.564478874206543 967680
1770659155213 1.565202236175537 972800
1770659161789 1.5644012689590454 977920
1770659171169 1.5646916627883911 983040
1770659178640 1.5650986433029175 988160
1770659185365 1.5645873546600342 993280
1770659192470 1.5637056827545166 998400
1770659195457 1.5636892318725586 1000448
