1770902117395 0.08605585247278214 5120
1770902143910 0.08905161917209625 10240
1770902170184 0.0861034095287323 15360
1770902196567 0.0805864930152893 20480
1770902223640 0.06427737325429916 25600
1770902250945 0.05511650815606117 30720
1770902280160 0.06140311434864998 35840
1770902307688 0.06725563108921051 40960
1770902335173 0.07160073518753052 46080
1770902362932 0.07429858297109604 51200
1770902390779 0.07725702971220016 56320
1770902468170 0.0780712142586708 61440
1770902624405 0.07826624810695648 66560
1770902693212 0.07793189585208893 71680
1770902768809 0.07747782766819 76800
1770902888787 0.07919075340032578 81920
1770902995064 0.08037889748811722 87040
1770903082437 0.08101942390203476 92160
1770903169305 0.0817594900727272 97280
1770903310015 0.0825188159942627 102400
1770903369742 0.08292999863624573 107520
1770903398307 0.0838439092040062 112640
1770903425552 0.08488042652606964 117760
1770903458492 0.086069256067276 122880
1770903485446 0.08688418567180634 128000
1770903511276 0.08769812434911728 133120
1770903537582 0.08813922107219696 138240
1770903565677 0.08851826936006546 143360
1770903593686 0.08908257633447647 148480
1770903621772 0.09046942740678787 153600
1770903649716 0.09201084077358246 158720
1770903677786 0.09332495182752609 163840
1770903706273 0.09449561685323715 168960
1770903733856 0.09529401361942291 174080
1770903761425 0.0963948518037796 179200
1770903789054 0.09672325849533081 184320
1770903816559 0.09708747267723083 189440
1770903844206 0.09759660810232162 194560
1770903871799 0.09771641343832016 199680
1770903899423 0.09760146588087082 204800
1770903927004 0.09760954976081848 209920
1770903954473 0.09765857458114624 215040
1770903982042 0.0972127914428711 220160
1770904009612 0.09662969410419464 225280
1770904037081 0.09657393395900726 230400
1770904064742 0.09595596045255661 235520
1770904092128 0.0953921526670456 240640
1770904119800 0.09494255483150482 245760
1770904147291 0.09456802904605865 250880
1770904174850 0.09453155845403671 256000
1770904202453 0.09421040117740631 261120
1770904230083 0.09416911005973816 266240
1770904258715 0.09412745386362076 271360
1770904286743 0.09392832964658737 276480
1770904389211 0.09393811225891113 281600
1770904438818 0.09398584812879562 286720
1770904469313 0.09395068883895874 291840
1770904500133 0.0939888209104538 296960
1770904512253 0.09408168494701385 300032
