1770902117395 25.896413803100586 5120
1770902143910 26.538619995117188 10240
1770902170184 26.487281799316406 15360
1770902196567 26.437700271606445 20480
1770902223640 25.934368133544922 25600
1770902250945 25.72545051574707 30720
1770902280160 25.77849769592285 35840
1770902307688 25.389877319335938 40960
1770902335173 24.829017639160156 46080
1770902362932 24.763267517089844 51200
1770902390779 24.812196731567383 56320
1770902468170 24.445016860961914 61440
1770902624405 24.08418846130371 66560
1770902693212 23.58431053161621 71680
1770902768809 23.118074417114258 76800
1770902888787 23.01680564880371 81920
1770902995064 23.008331298828125 87040
1770903082437 22.98447608947754 92160
1770903169305 22.586023330688477 97280
1770903310015 22.29540252685547 102400
1770903369742 22.00623893737793 107520
1770903398307 21.8707218170166 112640
1770903425552 21.858823776245117 117760
1770903458492 21.877437591552734 122880
1770903485446 21.890613555908203 128000
1770903511276 21.90326499938965 133120
1770903537582 21.937442779541016 138240
1770903565677 21.901676177978516 143360
1770903593686 21.8719539642334 148480
1770903621772 21.898921966552734 153600
1770903649716 21.948392868041992 158720
1770903677786 21.971351623535156 163840
1770903706273 21.936798095703125 168960
1770903733856 21.796764373779297 174080
1770903761425 21.6871395111084 179200
1770903789054 21.49701690673828 184320
1770903816559 21.343963623046875 189440
1770903844206 21.18741226196289 194560
1770903871799 21.007129669189453 199680
1770903899423 20.816951751708984 204800
1770903927004 20.652368545532227 209920
1770903954473 20.490474700927734 215040
1770903982042 20.312938690185547 220160
1770904009612 20.106082916259766 225280
1770904037081 19.989660263061523 230400
1770904064742 19.828752517700195 235520
1770904092128 19.68876838684082 240640
1770904119800 19.586557388305664 245760
1770904147291 19.506183624267578 250880
1770904174850 19.449501037597656 256000
1770904202453 19.375459671020508 261120
1770904230083 19.30812644958496 266240
1770904258715 19.235153198242188 271360
1770904286743 19.123308181762695 276480
1770904389211 19.045780181884766 281600
1770904438818 19.00996971130371 286720
1770904469313 18.949064254760742 291840
1770904500133 18.89699935913086 296960
1770904512253 18.89725112915039 300032
