1770902117395 0.0 5120
1770902143910 0.0 10240
1770902170184 0.0 15360
1770902196567 0.0 20480
1770902223640 0.0 25600
1770902250945 0.0 30720
1770902280160 0.0 35840
1770902307688 0.0 40960
1770902335173 0.0 46080
1770902362932 0.0 51200
1770902390779 0.0 56320
1770902468170 0.0 61440
1770902624405 0.0 66560
1770902693212 0.0 71680
1770902768809 0.0 76800
1770902888787 0.0 81920
1770902995064 0.0 87040
1770903082437 0.0 92160
1770903169305 0.0 97280
1770903310015 0.0 102400
1770903369742 0.0 107520
1770903398307 0.0 112640
1770903425552 0.0 117760
1770903458492 0.0 122880
1770903485446 0.0 128000
1770903511276 0.0 133120
1770903537582 0.0 138240
1770903565677 0.0 143360
1770903593686 0.0 148480
1770903621772 0.0 153600
1770903649716 0.0 158720
1770903677786 0.0 163840
1770903706273 0.0 168960
1770903733856 0.0 174080
1770903761425 0.0 179200
1770903789054 0.0 184320
1770903816559 0.0 189440
1770903844206 0.0 194560
1770903871799 0.0 199680
1770903899423 0.0 204800
1770903927004 0.0 209920
1770903954473 0.0 215040
1770903982042 0.0 220160
1770904009612 0.0 225280
1770904037081 0.0 230400
1770904064742 0.0 235520
1770904092128 0.0 240640
1770904119800 0.0 245760
1770904147291 0.0 250880
1770904174850 0.0 256000
1770904202453 0.0 261120
1770904230083 0.0 266240
1770904258715 0.0 271360
1770904286743 0.0 276480
1770904389211 0.0 281600
1770904438818 0.0 286720
1770904469313 0.0 291840
1770904500133 0.0 296960
1770904512253 0.0 300032
