1770902117395 1.159172773361206 5120
1770902143910 1.1583023071289062 10240
1770902170184 1.1431574821472168 15360
1770902196567 1.1411608457565308 20480
1770902223640 1.1407681703567505 25600
1770902250945 1.1420146226882935 30720
1770902280160 1.1431376934051514 35840
1770902307688 1.143118977546692 40960
1770902335173 1.146262764930725 46080
1770902362932 1.1461131572723389 51200
1770902390779 1.151289939880371 56320
1770902468170 1.146872639656067 61440
1770902624405 1.147363543510437 66560
1770902693212 1.143239974975586 71680
1770902768809 1.140795350074768 76800
1770902888787 1.1442700624465942 81920
1770902995064 1.1440249681472778 87040
1770903082437 1.1438359022140503 92160
1770903169305 1.1447627544403076 97280
1770903310015 1.1492478847503662 102400
1770903369742 1.149449348449707 107520
1770903398307 1.1499214172363281 112640
1770903425552 1.1496869325637817 117760
1770903458492 1.148883581161499 122880
1770903485446 1.1492059230804443 128000
1770903511276 1.1503938436508179 133120
1770903537582 1.1502662897109985 138240
1770903565677 1.1483310461044312 143360
1770903593686 1.1465448141098022 148480
1770903621772 1.1466734409332275 153600
1770903649716 1.1489337682724 158720
1770903677786 1.1493340730667114 163840
1770903706273 1.1491566896438599 168960
1770903733856 1.1482232809066772 174080
1770903761425 1.1483054161071777 179200
1770903789054 1.1469391584396362 184320
1770903816559 1.1472787857055664 189440
1770903844206 1.1474101543426514 194560
1770903871799 1.1466922760009766 199680
1770903899423 1.146332025527954 204800
1770903927004 1.145768642425537 209920
1770903954473 1.1462178230285645 215040
1770903982042 1.14508056640625 220160
1770904009612 1.1429686546325684 225280
1770904037081 1.1453911066055298 230400
1770904064742 1.1442360877990723 235520
1770904092128 1.1435052156448364 240640
1770904119800 1.143334984779358 245760
1770904147291 1.1435352563858032 250880
1770904174850 1.1436494588851929 256000
1770904202453 1.1434240341186523 261120
1770904230083 1.1436923742294312 266240
1770904258715 1.1438225507736206 271360
1770904286743 1.1428577899932861 276480
1770904389211 1.1423851251602173 281600
1770904438818 1.1434775590896606 286720
1770904469313 1.1425244808197021 291840
1770904500133 1.1432819366455078 296960
1770904512253 1.143682837486267 300032
