1770902117388 -0.9375281929969788 5120
1770902143905 -1.9575027227401733 10240
1770902170179 -3.2970595359802246 15360
1770902196561 -4.298616886138916 20480
1770902223632 -4.88742733001709 25600
1770902250936 -5.838445663452148 30720
1770902280150 -6.962663173675537 35840
1770902307683 -7.739099025726318 40960
1770902335163 -8.641942024230957 46080
1770902362926 -9.681602478027344 51200
1770902390771 -10.461336135864258 56320
1770902468160 -10.967081069946289 61440
1770902624395 -11.454370498657227 66560
1770902693203 -11.901718139648438 71680
1770902768800 -12.477785110473633 76800
1770902888780 -12.761175155639648 81920
1770902995058 -12.995641708374023 87040
1770903082430 -13.153393745422363 92160
1770903169298 -13.230939865112305 97280
1770903310009 -13.633596420288086 102400
1770903369736 -14.217226028442383 107520
1770903398300 -14.660807609558105 112640
1770903425545 -14.991869926452637 117760
1770903458486 -15.156808853149414 122880
1770903485440 -15.362945556640625 128000
1770903511270 -15.455162048339844 133120
1770903537574 -15.605600357055664 138240
1770903565670 -15.59613037109375 143360
1770903593678 -15.628254890441895 148480
1770903621764 -15.669219970703125 153600
1770903649709 -15.623985290527344 158720
1770903677773 -15.679716110229492 163840
1770903706261 -15.868334770202637 168960
1770903733849 -16.037992477416992 174080
1770903761417 -16.40871238708496 179200
1770903789046 -16.74292755126953 184320
1770903816552 -17.163707733154297 189440
1770903844198 -17.625288009643555 194560
1770903871787 -18.050342559814453 199680
1770903899416 -18.699604034423828 204800
1770903926992 -19.308080673217773 209920
1770903954465 -19.711400985717773 215040
1770903982035 -20.50891876220703 220160
1770904009605 -21.317346572875977 225280
1770904037073 -21.899703979492188 230400
1770904064731 -22.763687133789062 235520
1770904092118 -23.414155960083008 240640
1770904119793 -24.213659286499023 245760
1770904147284 -24.889663696289062 250880
1770904174843 -25.687734603881836 256000
1770904202445 -26.319011688232422 261120
1770904230075 -26.904830932617188 266240
1770904258708 -27.444793701171875 271360
1770904286736 -28.176971435546875 276480
1770904389202 -28.588848114013672 281600
1770904438811 -29.20509910583496 286720
1770904469304 -29.485509872436523 291840
1770904500120 -29.854862213134766 296960
1770904512245 -30.08460235595703 300032
