1770902117395 0.2995636463165283 5120
1770902143910 0.3020446002483368 10240
1770902170184 0.29325205087661743 15360
1770902196567 0.2832268476486206 20480
1770902223640 0.2521612048149109 25600
1770902250945 0.23572617769241333 30720
1770902280160 0.2481219470500946 35840
1770902307688 0.262681245803833 40960
1770902335173 0.27791890501976013 46080
1770902362932 0.2840123176574707 51200
1770902390779 0.29083842039108276 56320
1770902468170 0.29350587725639343 61440
1770902624405 0.29722830653190613 66560
1770902693212 0.2992022931575775 71680
1770902768809 0.3005790412425995 76800
1770902888787 0.3057887852191925 81920
1770902995064 0.3082660734653473 87040
1770903082437 0.3096907436847687 92160
1770903169305 0.31557467579841614 97280
1770903310015 0.32115837931632996 102400
1770903369742 0.32473525404930115 107520
1770903398307 0.3278580605983734 112640
1770903425552 0.32982105016708374 117760
1770903458492 0.3318256139755249 122880
1770903485446 0.3335653245449066 128000
1770903511276 0.3353003263473511 133120
1770903537582 0.3357483148574829 138240
1770903565677 0.33588674664497375 143360
1770903593686 0.3367413580417633 148480
1770903621772 0.3394908308982849 153600
1770903649716 0.34320417046546936 158720
1770903677786 0.3460714519023895 163840
1770903706273 0.3490876853466034 168960
1770903733856 0.35231813788414 174080
1770903761425 0.356324702501297 179200
1770903789054 0.3590351939201355 184320
1770903816559 0.36170750856399536 189440
1770903844206 0.36508262157440186 194560
1770903871799 0.36714842915534973 199680
1770903899423 0.3689112067222595 204800
1770903927004 0.3705242872238159 209920
1770903954473 0.37282460927963257 215040
1770903982042 0.3731577396392822 220160
1770904009612 0.3729792535305023 225280
1770904037081 0.374668151140213 230400
1770904064742 0.3744024932384491 235520
1770904092128 0.37401995062828064 240640
1770904119800 0.3736168444156647 245760
1770904147291 0.37339693307876587 250880
1770904174850 0.3738141655921936 256000
1770904202453 0.37344786524772644 261120
1770904230083 0.3740304112434387 266240
1770904258715 0.3747963309288025 271360
1770904286743 0.3752762973308563 276480
1770904389211 0.3759291172027588 281600
1770904438818 0.37675613164901733 286720
1770904469313 0.3771040439605713 291840
1770904500133 0.37794384360313416 296960
1770904512253 0.378324955701828 300032
