1770902117388 93.64794141287845 5120
1770902143905 99.57277496854451 10240
1770902170179 105.32101245480112 15360
1770902196561 78.54501872659176 20480
1770902223632 69.27123486762787 25600
1770902250936 60.61220537869044 30720
1770902280150 59.5105561861521 35840
1770902307683 88.55468288151339 40960
1770902335163 63.95901064381347 46080
1770902362926 92.44460117696326 51200
1770902390771 69.16956363996174 56320
1770902468160 55.91659778696174 61440
1770902624395 56.1509029813781 66560
1770902693203 75.3003357210822 71680
1770902768800 80.74975934696393 76800
1770902888780 84.95825315481375 81920
1770902995058 86.68783068783068 87040
1770903082430 67.57377154825197 92160
1770903169298 88.04349377610781 97280
1770903310009 94.52378698758254 102400
1770903369736 92.93208960184344 107520
1770903398300 101.16507477086348 112640
1770903425545 90.51543010056541 117760
1770903458486 101.52749806351666 122880
1770903485440 115.1743416536233 128000
1770903511270 112.66530568389385 133120
1770903537574 71.38025867937372 138240
1770903565670 93.68559303104757 143360
1770903593678 78.63189666485442 148480
1770903621764 69.48353323172752 153600
1770903649709 57.113537950379914 158720
1770903677773 82.80955577492597 163840
1770903706261 62.86615306214215 168960
1770903733849 101.52012586227762 174080
1770903761417 91.24796588783013 179200
1770903789046 98.70808622799586 184320
1770903816552 99.14440373478313 189440
1770903844198 60.885843688305656 194560
1770903871787 82.08673868795992 199680
1770903899416 100.80522976350701 204800
1770903926992 90.14967974895757 209920
1770903954465 97.5873429502094 215040
1770903982035 62.57353423840072 220160
1770904009605 99.06478660336805 225280
1770904037073 55.78347896633816 230400
1770904064731 71.8128959353491 235520
1770904092118 106.08554012696968 240640
1770904119793 96.89747262394307 245760
1770904147284 101.91480986514397 250880
1770904174843 101.8950027937711 256000
1770904202445 81.81294009791874 261120
1770904230075 97.6850734797494 266240
1770904258708 73.30392533818029 271360
1770904286736 88.50049585381808 276480
1770904389202 105.9007221128112 281600
1770904438811 98.30553602400038 286720
1770904469304 96.20845949169649 291840
1770904500120 66.72346924166017 296960
1770904512245 102.56526629823446 300032
