1769354804252 0.12260454893112183 5120
1769354814233 0.11518147587776184 10240
1769354821169 0.11146808415651321 15360
1769354827411 0.1132003664970398 20480
1769354834336 0.11394492536783218 25600
1769354842596 0.11279995739459991 30720
1769354848526 0.1146136075258255 35840
1769354854676 0.11360134184360504 40960
1769354861551 0.11346437782049179 46080
1769354870574 0.11273375153541565 51200
1769354876610 0.11255453526973724 56320
1769354882448 0.11227767914533615 61440
1769354889216 0.11178489029407501 66560
1769354898161 0.11131574958562851 71680
1769354903832 0.11138735711574554 76800
1769354909535 0.11115938425064087 81920
1769354916554 0.11110282689332962 87040
1769354925338 0.11060237884521484 92160
1769354931127 0.11040470004081726 97280
1769354937310 0.11043429374694824 102400
1769354944558 0.11003360152244568 107520
1769354953099 0.11041463166475296 112640
1769354959065 0.11013388633728027 117760
1769354964956 0.1100803092122078 122880
1769354971207 0.10999476909637451 128000
1769354980934 0.10980292409658432 133120
1769354986492 0.10991546511650085 138240
1769354992207 0.10995712876319885 143360
1769354998404 0.1099734678864479 148480
1769355008531 0.10993969440460205 153600
1769355014376 0.109718918800354 158720
1769355020151 0.10964711755514145 163840
1769355026690 0.10939992219209671 168960
1769355035913 0.10939053446054459 174080
1769355041342 0.10928401350975037 179200
1769355047448 0.10932052135467529 184320
1769355054194 0.10949449241161346 189440
1769355063086 0.10954702645540237 194560
1769355069675 0.1094762310385704 199680
1769355075791 0.1094793751835823 204800
1769355082199 0.10952397435903549 209920
1769355091295 0.10944459587335587 215040
1769355097416 0.10948849469423294 220160
1769355103241 0.10952222347259521 225280
1769355109633 0.10976092517375946 230400
1769355118677 0.10976748168468475 235520
1769355125377 0.109740249812603 240640
1769355131500 0.10979772359132767 245760
1769355137513 0.10970257222652435 250880
1769355146258 0.10986290872097015 256000
1769355152614 0.10987371951341629 261120
1769355159135 0.10983467847108841 266240
1769355164746 0.10977085679769516 271360
1769355173891 0.10976987332105637 276480
1769355180370 0.10973118990659714 281600
1769355186767 0.1097884550690651 286720
1769355192628 0.10977358371019363 291840
1769355202247 0.10986316204071045 296960
1769355203542 0.10989520698785782 300032
