1769354804252 21.33934211730957 5120
1769354814233 20.725130081176758 10240
1769354821169 20.74848175048828 15360
1769354827411 20.839183807373047 20480
1769354834336 20.83673667907715 25600
1769354842596 20.781797409057617 30720
1769354848526 20.934003829956055 35840
1769354854676 20.969486236572266 40960
1769354861551 20.927255630493164 46080
1769354870574 20.770713806152344 51200
1769354876610 20.756505966186523 56320
1769354882448 20.75543975830078 61440
1769354889216 20.682233810424805 66560
1769354898161 20.611635208129883 71680
1769354903832 20.65983772277832 76800
1769354909535 20.63809585571289 81920
1769354916554 20.67643928527832 87040
1769354925338 20.659610748291016 92160
1769354931127 20.610836029052734 97280
1769354937310 20.6510066986084 102400
1769354944558 20.633663177490234 107520
1769354953099 20.62743377685547 112640
1769354959065 20.618616104125977 117760
1769354964956 20.628591537475586 122880
1769354971207 20.642892837524414 128000
1769354980934 20.62758445739746 133120
1769354986492 20.62080192565918 138240
1769354992207 20.61058807373047 143360
1769354998404 20.619083404541016 148480
1769355008531 20.61405372619629 153600
1769355014376 20.61733627319336 158720
1769355020151 20.648183822631836 163840
1769355026690 20.65276336669922 168960
1769355035913 20.678850173950195 174080
1769355041342 20.663644790649414 179200
1769355047448 20.662616729736328 184320
1769355054194 20.672351837158203 189440
1769355063086 20.669885635375977 194560
1769355069675 20.661529541015625 199680
1769355075791 20.63797378540039 204800
1769355082199 20.631261825561523 209920
1769355091295 20.627504348754883 215040
1769355097416 20.603744506835938 220160
1769355103241 20.601743698120117 225280
1769355109633 20.590055465698242 230400
1769355118677 20.58333969116211 235520
1769355125377 20.589527130126953 240640
1769355131500 20.594980239868164 245760
1769355137513 20.590394973754883 250880
1769355146258 20.581266403198242 256000
1769355152614 20.581369400024414 261120
1769355159135 20.59022331237793 266240
1769355164746 20.578149795532227 271360
1769355173891 20.58026885986328 276480
1769355180370 20.578243255615234 281600
1769355186767 20.57440757751465 286720
1769355192628 20.59312629699707 291840
1769355202247 20.590192794799805 296960
1769355203542 20.584095001220703 300032
