1769354804252 0.0 5120
1769354814233 0.0 10240
1769354821169 0.0 15360
1769354827411 0.0 20480
1769354834336 0.0 25600
1769354842596 0.0 30720
1769354848526 0.0 35840
1769354854676 0.0 40960
1769354861551 0.0 46080
1769354870574 0.0 51200
1769354876610 0.0 56320
1769354882448 0.0 61440
1769354889216 0.0 66560
1769354898161 0.0 71680
1769354903832 0.0 76800
1769354909535 0.0 81920
1769354916554 0.0 87040
1769354925338 0.0 92160
1769354931127 0.0 97280
1769354937310 0.0 102400
1769354944558 0.0 107520
1769354953099 0.0 112640
1769354959065 0.0 117760
1769354964956 0.0 122880
1769354971207 0.0 128000
1769354980934 0.0 133120
1769354986492 0.0 138240
1769354992207 0.0 143360
1769354998404 0.0 148480
1769355008531 0.0 153600
1769355014376 0.0 158720
1769355020151 0.0 163840
1769355026690 0.0 168960
1769355035913 0.0 174080
1769355041342 0.0 179200
1769355047448 0.0 184320
1769355054194 0.0 189440
1769355063086 0.0 194560
1769355069675 0.0 199680
1769355075791 0.0 204800
1769355082199 0.0 209920
1769355091295 0.0 215040
1769355097416 0.0 220160
1769355103241 0.0 225280
1769355109633 0.0 230400
1769355118677 0.0 235520
1769355125377 0.0 240640
1769355131500 0.0 245760
1769355137513 0.0 250880
1769355146258 0.0 256000
1769355152614 0.0 261120
1769355159135 0.0 266240
1769355164746 0.0 271360
1769355173891 0.0 276480
1769355180370 0.0 281600
1769355186767 0.0 286720
1769355192628 0.0 291840
1769355202247 0.0 296960
1769355203542 0.0 300032
