1769354804252 1.2113065719604492 5120
1769354814233 1.1791937351226807 10240
1769354821169 1.1747238636016846 15360
1769354827411 1.1837871074676514 20480
1769354834336 1.1854971647262573 25600
1769354842596 1.1822279691696167 30720
1769354848526 1.1921024322509766 35840
1769354854676 1.1910912990570068 40960
1769354861551 1.1877633333206177 46080
1769354870574 1.179645299911499 51200
1769354876610 1.1775565147399902 56320
1769354882448 1.1768032312393188 61440
1769354889216 1.1719118356704712 66560
1769354898161 1.1685795783996582 71680
1769354903832 1.1709486246109009 76800
1769354909535 1.1704586744308472 81920
1769354916554 1.17174232006073 87040
1769354925338 1.1703511476516724 92160
1769354931127 1.1674070358276367 97280
1769354937310 1.1691802740097046 102400
1769354944558 1.1675398349761963 107520
1769354953099 1.1670860052108765 112640
1769354959065 1.1661887168884277 117760
1769354964956 1.166495680809021 122880
1769354971207 1.1668732166290283 128000
1769354980934 1.1655383110046387 133120
1769354986492 1.166168451309204 138240
1769354992207 1.165630578994751 143360
1769354998404 1.1663610935211182 148480
1769355008531 1.1657932996749878 153600
1769355014376 1.1656304597854614 158720
1769355020151 1.1664767265319824 163840
1769355026690 1.1664584875106812 168960
1769355035913 1.1672754287719727 174080
1769355041342 1.1663484573364258 179200
1769355047448 1.1665302515029907 184320
1769355054194 1.1672090291976929 189440
1769355063086 1.166982889175415 194560
1769355069675 1.1664893627166748 199680
1769355075791 1.1657859086990356 204800
1769355082199 1.1654640436172485 209920
1769355091295 1.165187120437622 215040
1769355097416 1.164237141609192 220160
1769355103241 1.1639952659606934 225280
1769355109633 1.1641002893447876 230400
1769355118677 1.1638952493667603 235520
1769355125377 1.1643362045288086 240640
1769355131500 1.1648117303848267 245760
1769355137513 1.1646422147750854 250880
1769355146258 1.1642889976501465 256000
1769355152614 1.16435968875885 261120
1769355159135 1.1645677089691162 266240
1769355164746 1.1638023853302002 271360
1769355173891 1.1638822555541992 276480
1769355180370 1.1637723445892334 281600
1769355186767 1.1633260250091553 286720
1769355192628 1.1642957925796509 291840
1769355202247 1.1640864610671997 296960
1769355203542 1.1638696193695068 300032
