1769354804244 30.425870895385742 5120
1769354814227 31.051273345947266 10240
1769354821163 29.281269073486328 15360
1769354827403 27.888513565063477 20480
1769354834329 29.78164291381836 25600
1769354842590 27.61227798461914 30720
1769354848518 34.41566467285156 35840
1769354854670 35.644840240478516 40960
1769354861546 28.440698623657227 46080
1769354870567 29.516468048095703 51200
1769354876605 28.20687484741211 56320
1769354882440 31.945125579833984 61440
1769354889209 35.55546188354492 66560
1769354898151 32.7629508972168 71680
1769354903826 34.43451690673828 76800
1769354909523 28.5567569732666 81920
1769354916549 36.025360107421875 87040
1769354925331 30.20719337463379 92160
1769354931120 31.62449073791504 97280
1769354937302 33.09656524658203 102400
1769354944552 34.586395263671875 107520
1769354953093 30.39689064025879 112640
1769354959059 29.39470863342285 117760
1769354964949 31.4432315826416 122880
1769354971200 28.402603149414062 128000
1769354980925 31.19509506225586 133120
1769354986485 32.31351089477539 138240
1769354992194 32.91136932373047 143360
1769354998395 32.422462463378906 148480
1769355008523 31.398101806640625 153600
1769355014364 32.42313766479492 158720
1769355020145 30.4173583984375 163840
1769355026684 32.86355209350586 168960
1769355035905 31.567758560180664 174080
1769355041336 31.326305389404297 179200
1769355047439 31.660457611083984 184320
1769355054187 30.964427947998047 189440
1769355063076 31.672714233398438 194560
1769355069665 29.18316650390625 199680
1769355075784 30.46366310119629 204800
1769355082191 26.989538192749023 209920
1769355091288 32.66175079345703 215040
1769355097408 29.354907989501953 220160
1769355103233 33.619384765625 225280
1769355109624 30.608728408813477 230400
1769355118667 29.995010375976562 235520
1769355125367 31.794910430908203 240640
1769355131492 30.077865600585938 245760
1769355137502 30.674816131591797 250880
1769355146245 33.29487228393555 256000
1769355152601 32.09374237060547 261120
1769355159126 30.247045516967773 266240
1769355164738 31.56243324279785 271360
1769355173882 28.708301544189453 276480
1769355180359 32.82108688354492 281600
1769355186759 30.89069175720215 286720
1769355192616 29.731441497802734 291840
1769355202238 30.999542236328125 296960
1769355203532 29.463685989379883 300032
