1769354804244 -1.414871335029602 5120
1769354814227 -2.0454418659210205 10240
1769354821163 -3.112499952316284 15360
1769354827403 -3.378124952316284 20480
1769354834329 -4.021874904632568 25600
1769354842590 -3.424999952316284 30720
1769354848518 -3.6937499046325684 35840
1769354854670 -3.7249999046325684 40960
1769354861546 -3.8125 46080
1769354870567 -4.034375190734863 51200
1769354876605 -3.549999952316284 56320
1769354882440 -4.403124809265137 61440
1769354889209 -3.168750047683716 66560
1769354898151 -4.449999809265137 71680
1769354903826 -4.493750095367432 76800
1769354909523 -3.453125 81920
1769354916549 -4.875 87040
1769354925331 -3.71875 92160
1769354931120 -3.987499952316284 97280
1769354937302 -4.481249809265137 102400
1769354944552 -3.21875 107520
1769354953093 -4.849999904632568 112640
1769354959059 -3.28125 117760
1769354964949 -4.34375 122880
1769354971200 -4.284375190734863 128000
1769354980925 -4.168749809265137 133120
1769354986485 -4.512499809265137 138240
1769354992194 -3.9593749046325684 143360
1769354998395 -4.337500095367432 148480
1769355008523 -3.987499952316284 153600
1769355014364 -4.3125 158720
1769355020145 -4.212500095367432 163840
1769355026684 -4.53125 168960
1769355035905 -3.9124999046325684 174080
1769355041336 -4.393750190734863 179200
1769355047439 -4.300000190734863 184320
1769355054187 -4.359375 189440
1769355063076 -4.537499904632568 194560
1769355069665 -4.875 199680
1769355075784 -4.587500095367432 204800
1769355082191 -3.996875047683716 209920
1769355091288 -4.443749904632568 215040
1769355097408 -4.699999809265137 220160
1769355103233 -4.300000190734863 225280
1769355109624 -4.574999809265137 230400
1769355118667 -4.512499809265137 235520
1769355125367 -4.931250095367432 240640
1769355131492 -4.574999809265137 245760
1769355137502 -4.824999809265137 250880
1769355146245 -4.087500095367432 256000
1769355152601 -5.337500095367432 261120
1769355159126 -4.393750190734863 266240
1769355164738 -4.681250095367432 271360
1769355173882 -4.8125 276480
1769355180359 -4.356249809265137 281600
1769355186759 -5.224999904632568 286720
1769355192616 -4.506249904632568 291840
1769355202238 -4.706250190734863 296960
1769355203532 -5.09375 300032
