1769354804252 1.4046471118927002 5120
1769354814233 1.3367739915847778 10240
1769354821169 1.3092890977859497 15360
1769354827411 1.3216747045516968 20480
1769354834336 1.335878610610962 25600
1769354842596 1.3263875246047974 30720
1769354848526 1.3440781831741333 35840
1769354854676 1.3385014533996582 40960
1769354861551 1.3335307836532593 46080
1769354870574 1.323021650314331 51200
1769354876610 1.3231759071350098 56320
1769354882448 1.321126937866211 61440
1769354889216 1.3135632276535034 66560
1769354898161 1.3069205284118652 71680
1769354903832 1.3089946508407593 76800
1769354909535 1.3048399686813354 81920
1769354916554 1.3052704334259033 87040
1769354925338 1.3008471727371216 92160
1769354931127 1.2988483905792236 97280
1769354937310 1.2997065782546997 102400
1769354944558 1.295631766319275 107520
1769354953099 1.2981395721435547 112640
1769354959065 1.2968796491622925 117760
1769354964956 1.2969245910644531 122880
1769354971207 1.2973285913467407 128000
1769354980934 1.29656982421875 133120
1769354986492 1.2991786003112793 138240
1769354992207 1.299592137336731 143360
1769354998404 1.300263524055481 148480
1769355008531 1.300261378288269 153600
1769355014376 1.2993180751800537 158720
1769355020151 1.2986165285110474 163840
1769355026690 1.29707932472229 168960
1769355035913 1.297968864440918 174080
1769355041342 1.2963099479675293 179200
1769355047448 1.2962791919708252 184320
1769355054194 1.297902226448059 189440
1769355063086 1.2990998029708862 194560
1769355069675 1.298567771911621 199680
1769355075791 1.2980601787567139 204800
1769355082199 1.2985265254974365 209920
1769355091295 1.2972791194915771 215040
1769355097416 1.2970281839370728 220160
1769355103241 1.2970372438430786 225280
1769355109633 1.2981172800064087 230400
1769355118677 1.2976367473602295 235520
1769355125377 1.2970391511917114 240640
1769355131500 1.2980453968048096 245760
1769355137513 1.297231912612915 250880
1769355146258 1.2975407838821411 256000
1769355152614 1.2973575592041016 261120
1769355159135 1.2972490787506104 266240
1769355164746 1.2963355779647827 271360
1769355173891 1.2965669631958008 276480
1769355180370 1.2964118719100952 281600
1769355186767 1.2971431016921997 286720
1769355192628 1.2967630624771118 291840
1769355202247 1.2971370220184326 296960
1769355203542 1.2973101139068604 300032
