1769354804252 0.36924293637275696 5120
1769354814233 0.35051438212394714 10240
1769354821169 0.3414861559867859 15360
1769354827411 0.34569603204727173 20480
1769354834336 0.3473726511001587 25600
1769354842596 0.34523099660873413 30720
1769354848526 0.35015037655830383 35840
1769354854676 0.34811490774154663 40960
1769354861551 0.3473697602748871 46080
1769354870574 0.34526148438453674 51200
1769354876610 0.3447433412075043 56320
1769354882448 0.343919038772583 61440
1769354889216 0.34250521659851074 66560
1769354898161 0.3410493731498718 71680
1769354903832 0.3413103222846985 76800
1769354909535 0.3407480716705322 81920
1769354916554 0.34055638313293457 87040
1769354925338 0.3393458127975464 92160
1769354931127 0.3385912775993347 97280
1769354937310 0.3388015925884247 102400
1769354944558 0.3379949927330017 107520
1769354953099 0.33863896131515503 112640
1769354959065 0.33800452947616577 117760
1769354964956 0.3379718065261841 122880
1769354971207 0.33786141872406006 128000
1769354980934 0.33746427297592163 133120
1769354986492 0.33771300315856934 138240
1769354992207 0.3378733992576599 143360
1769354998404 0.33799609541893005 148480
1769355008531 0.3378825783729553 153600
1769355014376 0.33737611770629883 158720
1769355020151 0.3373127281665802 163840
1769355026690 0.3368561267852783 168960
1769355035913 0.33698391914367676 174080
1769355041342 0.33677437901496887 179200
1769355047448 0.33683064579963684 184320
1769355054194 0.3372374475002289 189440
1769355063086 0.3374149799346924 194560
1769355069675 0.33720991015434265 199680
1769355075791 0.33713388442993164 204800
1769355082199 0.3372156023979187 209920
1769355091295 0.337099552154541 215040
1769355097416 0.33704468607902527 220160
1769355103241 0.3370952904224396 225280
1769355109633 0.3376527428627014 230400
1769355118677 0.3377164602279663 235520
1769355125377 0.33767780661582947 240640
1769355131500 0.3378739356994629 245760
1769355137513 0.33769506216049194 250880
1769355146258 0.33800098299980164 256000
1769355152614 0.33804795145988464 261120
1769355159135 0.3379685580730438 266240
1769355164746 0.3376546800136566 271360
1769355173891 0.33767169713974 276480
1769355180370 0.33760103583335876 281600
1769355186767 0.3376181125640869 286720
1769355192628 0.3377675712108612 291840
1769355202247 0.3379077911376953 296960
1769355203542 0.33791878819465637 300032
