1769354804244 186.49639839928858 5120
1769354814227 509.82180624772093 10240
1769354821163 515.9680157460942 15360
1769354827403 400.44911208707276 20480
1769354834329 177.61937833488608 25600
1769354842590 393.1668541432321 30720
1769354848518 310.3902908310516 35840
1769354854670 496.2498816848083 40960
1769354861546 174.95219821473262 46080
1769354870567 518.9043671903996 51200
1769354876605 501.8911092497308 56320
1769354882440 133.41934662976746 61440
1769354889209 354.21873152605355 66560
1769354898151 403.9587787729943 71680
1769354903826 622.6698337292162 76800
1769354909523 320.71448233674874 81920
1769354916549 534.3062420382165 87040
1769354925331 543.7262120819289 92160
1769354931120 510.4422538639406 97280
1769354937302 601.6789556735046 102400
1769354944552 579.4838353136225 107520
1769354953093 554.1424230413529 112640
1769354959059 651.8967982592477 117760
1769354964949 364.56358105171665 122880
1769354971200 438.1389324140813 128000
1769354980925 414.4159668016994 133120
1769354986485 405.2859213450575 138240
1769354992194 361.51560075848994 143360
1769354998395 573.1489477999453 148480
1769355008523 341.6669925057022 153600
1769355014364 375.63173920831093 158720
1769355020145 309.1320754716981 163840
1769355026684 500.99187768752984 168960
1769355035905 500.15549725733365 174080
1769355041336 575.9033365371413 179200
1769355047439 176.5948381120795 184320
1769355054187 582.1379597501735 189440
1769355063076 544.6440721984158 194560
1769355069665 368.85973089438045 199680
1769355075784 553.9228737453777 204800
1769355082191 578.6843267108168 209920
1769355091288 597.3941034040735 215040
1769355097408 149.6255707762557 220160
1769355103233 499.5002977253781 225280
1769355109624 334.76765903104797 230400
1769355118667 386.75002305209773 235520
1769355125367 192.42574666238474 240640
1769355131492 142.85290010558222 245760
1769355137502 380.0221074567364 250880
1769355146245 430.1850256410256 256000
1769355152601 332.9605461617846 261120
1769355159126 445.3024737233252 266240
1769355164738 595.190009933305 271360
1769355173882 442.4371308016878 276480
1769355180359 431.9126763464113 281600
1769355186759 482.32566697332106 286720
1769355192616 491.82739212007505 291840
1769355202238 497.7811535722763 296960
1769355203532 411.4483029232882 300032
