1770911544993 19.308063507080078 5120
1770911553341 20.24983024597168 10240
1770911563317 20.422941207885742 15360
1770911573017 20.40155029296875 20480
1770911581318 20.475177764892578 25600
1770911589323 20.87653923034668 30720
1770911598479 20.933183670043945 35840
1770911609663 21.128711700439453 40960
1770911617936 21.266874313354492 46080
1770911626142 21.375410079956055 51200
1770911634724 21.49608612060547 56320
1770911645694 21.39362907409668 61440
1770911655322 21.372051239013672 66560
1770911663576 21.355865478515625 71680
1770911671823 21.348491668701172 76800
1770911682250 21.382226943969727 81920
1770911691847 21.44869041442871 87040
1770911700111 21.45161247253418 92160
1770911708665 21.470949172973633 97280
1770911719451 21.506895065307617 102400
1770911729070 21.53367805480957 107520
1770911737765 21.58051300048828 112640
1770911745698 21.546966552734375 117760
1770911755708 21.468000411987305 122880
1770911765713 21.400060653686523 128000
1770911773746 21.34773063659668 133120
1770911781979 21.244861602783203 138240
1770911792631 21.184572219848633 143360
1770911802085 21.09833526611328 148480
1770911810356 21.030391693115234 153600
1770911818861 20.99990463256836 158720
1770911829271 20.970199584960938 163840
1770911838877 20.95549964904785 168960
1770911847267 20.9506893157959 174080
1770911855698 20.893924713134766 179200
1770911864849 20.81080436706543 184320
1770911876292 20.774782180786133 189440
1770911885608 20.757829666137695 194560
1770911893955 20.704402923583984 199680
1770911902726 20.69085693359375 204800
1770911914426 20.680971145629883 209920
1770911922617 20.68268585205078 215040
1770911930786 20.65086555480957 220160
1770911939086 20.65471649169922 225280
1770911950166 20.638046264648438 230400
1770911958415 20.627979278564453 235520
1770911966427 20.624483108520508 240640
1770911974290 20.640378952026367 245760
1770911985911 20.63484764099121 250880
1770911993845 20.638120651245117 256000
1770912001753 20.630674362182617 261120
1770912010032 20.614721298217773 266240
1770912020970 20.599227905273438 271360
1770912029575 20.576045989990234 276480
1770912037882 20.565160751342773 281600
1770912045940 20.524776458740234 286720
1770912056961 20.481098175048828 291840
1770912065075 20.427722930908203 296960
1770912066827 20.41729164123535 300032
