1770911544993 24.626453399658203 5120
1770911553341 25.49333953857422 10240
1770911563317 25.736806869506836 15360
1770911573017 25.595905303955078 20480
1770911581318 25.648216247558594 25600
1770911589323 26.10200309753418 30720
1770911598479 26.196575164794922 35840
1770911609663 26.420188903808594 40960
1770911617936 26.571590423583984 46080
1770911626142 26.697845458984375 51200
1770911634724 26.82464027404785 56320
1770911645694 26.773488998413086 61440
1770911655322 26.744861602783203 66560
1770911663576 26.72137451171875 71680
1770911671823 26.702913284301758 76800
1770911682250 26.73261833190918 81920
1770911691847 26.824949264526367 87040
1770911700111 26.8226261138916 92160
1770911708665 26.839374542236328 97280
1770911719451 26.880279541015625 102400
1770911729070 26.901897430419922 107520
1770911737765 26.963973999023438 112640
1770911745698 26.952341079711914 117760
1770911755708 26.913053512573242 122880
1770911765713 26.889299392700195 128000
1770911773746 26.87990951538086 133120
1770911781979 26.815767288208008 138240
1770911792631 26.8129940032959 143360
1770911802085 26.766992568969727 148480
1770911810356 26.734411239624023 153600
1770911818861 26.757352828979492 158720
1770911829271 26.784086227416992 163840
1770911838877 26.797012329101562 168960
1770911847267 26.830251693725586 174080
1770911855698 26.813688278198242 179200
1770911864849 26.742265701293945 184320
1770911876292 26.733627319335938 189440
1770911885608 26.758834838867188 194560
1770911893955 26.726415634155273 199680
1770911902726 26.73168182373047 204800
1770911914426 26.743125915527344 209920
1770911922617 26.7700252532959 215040
1770911930786 26.75283432006836 220160
1770911939086 26.797880172729492 225280
1770911950166 26.81585693359375 230400
1770911958415 26.831222534179688 235520
1770911966427 26.85083770751953 240640
1770911974290 26.883710861206055 245760
1770911985911 26.899198532104492 250880
1770911993845 26.92022132873535 256000
1770912001753 26.925537109375 261120
1770912010032 26.926454544067383 266240
1770912020970 26.924448013305664 271360
1770912029575 26.91338539123535 276480
1770912037882 26.918577194213867 281600
1770912045940 26.893529891967773 286720
1770912056961 26.859365463256836 291840
1770912065075 26.812955856323242 296960
1770912066827 26.808067321777344 300032
