1770911544989 -0.9525444507598877 5120
1770911553335 -1.0261921882629395 10240
1770911563312 -1.3952248096466064 15360
1770911573011 -1.7090705633163452 20480
1770911581314 -1.8796043395996094 25600
1770911589317 -1.3741309642791748 30720
1770911598474 -2.9013264179229736 35840
1770911609657 -3.323697566986084 40960
1770911617931 -3.6101112365722656 46080
1770911626135 -3.859797954559326 51200
1770911634719 -3.9181320667266846 56320
1770911645685 -4.701755523681641 61440
1770911655317 -5.1067094802856445 66560
1770911663570 -5.448521614074707 71680
1770911671816 -5.62386417388916 76800
1770911682244 -5.613404273986816 81920
1770911691841 -5.592826843261719 87040
1770911700106 -5.677937984466553 92160
1770911708659 -5.757126808166504 97280
1770911719445 -5.734404563903809 102400
1770911729064 -5.7442216873168945 107520
1770911737759 -5.814075469970703 112640
1770911745691 -6.078089714050293 117760
1770911755702 -6.304396629333496 122880
1770911765706 -6.574232578277588 128000
1770911773740 -7.107937812805176 133120
1770911781973 -7.560172080993652 138240
1770911792624 -8.00069522857666 143360
1770911802079 -8.261743545532227 148480
1770911810351 -8.632564544677734 153600
1770911818854 -8.833897590637207 158720
1770911829265 -9.159841537475586 163840
1770911838870 -9.520505905151367 168960
1770911847258 -9.704221725463867 174080
1770911855692 -9.939343452453613 179200
1770911864842 -10.205263137817383 184320
1770911876285 -10.569226264953613 189440
1770911885597 -10.706197738647461 194560
1770911893948 -10.961018562316895 199680
1770911902715 -11.281984329223633 204800
1770911914419 -11.277263641357422 209920
1770911922611 -11.394798278808594 215040
1770911930780 -11.704364776611328 220160
1770911939079 -11.768366813659668 225280
1770911950159 -11.880760192871094 230400
1770911958409 -11.946680068969727 235520
1770911966419 -12.029552459716797 240640
1770911974278 -12.1610107421875 245760
1770911985903 -12.156641006469727 250880
1770911993838 -12.372644424438477 256000
1770912001745 -12.449560165405273 261120
1770912010025 -12.392847061157227 266240
1770912020963 -12.486442565917969 271360
1770912029568 -12.593289375305176 276480
1770912037875 -12.50792121887207 281600
1770912045929 -12.646305084228516 286720
1770912056950 -12.57330322265625 291840
1770912065067 -12.76639175415039 296960
1770912066820 -12.486223220825195 300032
