1770911544989 19.764326095581055 5120
1770911553335 14.321670532226562 10240
1770911563312 12.608633041381836 15360
1770911573011 12.9593505859375 20480
1770911581314 14.426180839538574 25600
1770911589317 13.543695449829102 30720
1770911598474 12.856857299804688 35840
1770911609657 12.434896469116211 40960
1770911617931 12.149866104125977 46080
1770911626135 12.460210800170898 51200
1770911634719 12.05551815032959 56320
1770911645685 11.61580753326416 61440
1770911655317 11.455144882202148 66560
1770911663570 11.114209175109863 71680
1770911671816 10.749174118041992 76800
1770911682244 10.44653606414795 81920
1770911691841 9.073870658874512 87040
1770911700106 9.081111907958984 92160
1770911708659 8.95683479309082 97280
1770911719445 8.53439712524414 102400
1770911729064 8.924196243286133 107520
1770911737759 9.055415153503418 112640
1770911745691 8.243490219116211 117760
1770911755702 8.67037296295166 122880
1770911765706 9.18452262878418 128000
1770911773740 9.882475852966309 133120
1770911781973 10.32986831665039 138240
1770911792624 10.513525009155273 143360
1770911802079 11.866140365600586 148480
1770911810351 11.822779655456543 153600
1770911818854 12.442495346069336 158720
1770911829265 13.009511947631836 163840
1770911838870 13.615849494934082 168960
1770911847258 14.021530151367188 174080
1770911855692 13.902589797973633 179200
1770911864842 14.804328918457031 184320
1770911876285 15.034846305847168 189440
1770911885597 15.1655855178833 194560
1770911893948 15.983884811401367 199680
1770911902715 15.220309257507324 204800
1770911914419 16.055376052856445 209920
1770911922611 15.428659439086914 215040
1770911930780 16.183181762695312 220160
1770911939079 15.833892822265625 225280
1770911950159 15.232645034790039 230400
1770911958409 15.36577320098877 235520
1770911966419 16.177583694458008 240640
1770911974278 15.638925552368164 245760
1770911985903 15.564526557922363 250880
1770911993838 15.872625350952148 256000
1770912001745 15.68474006652832 261120
1770912010025 15.225245475769043 266240
1770912020963 15.602643013000488 271360
1770912029568 15.96496295928955 276480
1770912037875 15.220254898071289 281600
1770912045929 15.437349319458008 286720
1770912056950 14.95677661895752 291840
1770912065067 15.38221263885498 296960
1770912066820 14.496434211730957 300032
