1770911544993 0.9196004271507263 5120
1770911553341 0.9676709175109863 10240
1770911563317 0.9945645332336426 15360
1770911573017 0.9650600552558899 20480
1770911581318 0.9665135741233826 25600
1770911589323 1.000292181968689 30720
1770911598479 1.0113192796707153 35840
1770911609663 1.0225459337234497 40960
1770911617936 1.0287305116653442 46080
1770911626142 1.035013198852539 51200
1770911634724 1.0418989658355713 56320
1770911645694 1.0518097877502441 61440
1770911655322 1.0494977235794067 66560
1770911663576 1.046193242073059 71680
1770911671823 1.042704463005066 76800
1770911682250 1.04386305809021 81920
1770911691847 1.0495960712432861 87040
1770911700111 1.0508735179901123 92160
1770911708665 1.0521900653839111 97280
1770911719451 1.0531513690948486 102400
1770911729070 1.053916573524475 107520
1770911737765 1.0591304302215576 112640
1770911745698 1.0620083808898926 117760
1770911755708 1.0629404783248901 122880
1770911765713 1.0632967948913574 128000
1770911773746 1.0683963298797607 133120
1770911781979 1.0690650939941406 138240
1770911792631 1.073386788368225 143360
1770911802085 1.0757642984390259 148480
1770911810356 1.0780608654022217 153600
1770911818861 1.0856293439865112 158720
1770911829271 1.0953412055969238 163840
1770911838877 1.0989863872528076 168960
1770911847267 1.1049391031265259 174080
1770911855698 1.1112126111984253 179200
1770911864849 1.113383412361145 184320
1770911876292 1.119568109512329 189440
1770911885608 1.1265419721603394 194560
1770911893955 1.1326982975006104 199680
1770911902726 1.1362931728363037 204800
1770911914426 1.1416391134262085 209920
1770911922617 1.1470105648040771 215040
1770911930786 1.1503807306289673 220160
1770911939086 1.1590609550476074 225280
1770911950166 1.164160132408142 230400
1770911958415 1.1686100959777832 235520
1770911966427 1.1730375289916992 240640
1770911974290 1.1770339012145996 245760
1770911985911 1.181470274925232 250880
1770911993845 1.1854389905929565 256000
1770912001753 1.187741756439209 261120
1770912010032 1.1912975311279297 266240
1770912020970 1.1925466060638428 271360
1770912029575 1.1954139471054077 276480
1770912037882 1.200345516204834 281600
1770912045940 1.2024667263031006 286720
1770912056961 1.2038252353668213 291840
1770912065075 1.2041528224945068 296960
1770912066827 1.205094575881958 300032
