1770911544993 0.2624976933002472 5120
1770911553341 0.25503355264663696 10240
1770911563317 0.2565455734729767 15360
1770911573017 0.25046658515930176 20480
1770911581318 0.24927736818790436 25600
1770911589323 0.2535519003868103 30720
1770911598479 0.25584229826927185 35840
1770911609663 0.2572869062423706 40960
1770911617936 0.25786101818084717 46080
1770911626142 0.2581345736980438 51200
1770911634724 0.25821492075920105 56320
1770911645694 0.26153647899627686 61440
1770911655322 0.2610291540622711 66560
1770911663576 0.2603885531425476 71680
1770911671823 0.2594441771507263 76800
1770911682250 0.2591007649898529 81920
1770911691847 0.25995934009552 87040
1770911700111 0.25979700684547424 92160
1770911708665 0.25923794507980347 97280
1770911719451 0.25938326120376587 102400
1770911729070 0.258760005235672 107520
1770911737765 0.2597182095050812 112640
1770911745698 0.26086363196372986 117760
1770911755708 0.2632930874824524 122880
1770911765713 0.2652832269668579 128000
1770911773746 0.2674771249294281 133120
1770911781979 0.26933786273002625 138240
1770911792631 0.2718108594417572 143360
1770911802085 0.2734728753566742 148480
1770911810356 0.2750551104545593 153600
1770911818861 0.2774718701839447 158720
1770911829271 0.2805297076702118 163840
1770911838877 0.28180742263793945 168960
1770911847267 0.2835114002227783 174080
1770911855698 0.28545838594436646 179200
1770911864849 0.2862456738948822 184320
1770911876292 0.2877878248691559 189440
1770911885608 0.28999656438827515 194560
1770911893955 0.29138803482055664 199680
1770911902726 0.2921786606311798 204800
1770911914426 0.29326462745666504 209920
1770911922617 0.2944409251213074 215040
1770911930786 0.295298308134079 220160
1770911939086 0.297294944524765 225280
1770911950166 0.2989322543144226 230400
1770911958415 0.30014514923095703 235520
1770911966427 0.3011655807495117 240640
1770911974290 0.3020545244216919 245760
1770911985911 0.3032473623752594 250880
1770911993845 0.30412963032722473 256000
1770912001753 0.30470600724220276 261120
1770912010032 0.3056583106517792 266240
1770912020970 0.30613717436790466 271360
1770912029575 0.3068038523197174 276480
1770912037882 0.3079990744590759 281600
1770912045940 0.30886396765708923 286720
1770912056961 0.30943599343299866 291840
1770912065075 0.30988040566444397 296960
1770912066827 0.3101848065853119 300032
