1770911544993 1.6157588958740234 5120
1770911553341 1.5101728439331055 10240
1770911563317 1.5314390659332275 15360
1770911573017 1.4440646171569824 20480
1770911581318 1.4265629053115845 25600
1770911589323 1.4614626169204712 30720
1770911598479 1.4876281023025513 35840
1770911609663 1.4940491914749146 40960
1770911617936 1.499237298965454 46080
1770911626142 1.4987356662750244 51200
1770911634724 1.4958378076553345 56320
1770911645694 1.5337437391281128 61440
1770911655322 1.5278635025024414 66560
1770911663576 1.5190339088439941 71680
1770911671823 1.511734962463379 76800
1770911682250 1.508381724357605 81920
1770911691847 1.5132144689559937 87040
1770911700111 1.5111100673675537 92160
1770911708665 1.505062460899353 97280
1770911719451 1.505200982093811 102400
1770911729070 1.4999758005142212 107520
1770911737765 1.5079227685928345 112640
1770911745698 1.5194708108901978 117760
1770911755708 1.5452964305877686 122880
1770911765713 1.5669374465942383 128000
1770911773746 1.5913746356964111 133120
1770911781979 1.6134450435638428 138240
1770911792631 1.6405049562454224 143360
1770911802085 1.660946011543274 148480
1770911810356 1.6791630983352661 153600
1770911818861 1.70545494556427 158720
1770911829271 1.7380023002624512 163840
1770911838877 1.7521545886993408 168960
1770911847267 1.770098090171814 174080
1770911855698 1.7917932271957397 179200
1770911864849 1.8033827543258667 184320
1770911876292 1.8212412595748901 189440
1770911885608 1.8440128564834595 194560
1770911893955 1.8603852987289429 199680
1770911902726 1.8703272342681885 204800
1770911914426 1.8814371824264526 209920
1770911922617 1.8929295539855957 215040
1770911930786 1.9028483629226685 220160
1770911939086 1.92316734790802 225280
1770911950166 1.9403538703918457 230400
1770911958415 1.9535349607467651 235520
1770911966427 1.9646070003509521 240640
1770911974290 1.9732437133789062 245760
1770911985911 1.9862173795700073 250880
1770911993845 1.9957714080810547 256000
1770912001753 2.0025131702423096 261120
1770912010032 2.0131654739379883 266240
1770912020970 2.018681287765503 271360
1770912029575 2.0264687538146973 276480
1770912037882 2.0384747982025146 281600
1770912045940 2.0484237670898438 286720
1770912056961 2.055129051208496 291840
1770912065075 2.060925245285034 296960
1770912066827 2.064290761947632 300032
