1769367042416 23.961063385009766 5120
1769367051347 24.05232810974121 10240
1769367059766 24.117231369018555 15360
1769367068117 23.984846115112305 20480
1769367076548 24.167282104492188 25600
1769367085401 24.166818618774414 30720
1769367093751 24.079452514648438 35840
1769367102461 24.126066207885742 40960
1769367111265 24.145288467407227 46080
1769367120173 24.040048599243164 51200
1769367128905 23.955921173095703 56320
1769367137395 23.960166931152344 61440
1769367145883 23.919113159179688 66560
1769367154707 23.866348266601562 71680
1769367163386 23.83289909362793 76800
1769367172341 23.818695068359375 81920
1769367181593 23.81569480895996 87040
1769367190229 23.780717849731445 92160
1769367199091 23.777788162231445 97280
1769367207852 23.76178741455078 102400
1769367217031 23.735605239868164 107520
1769367225753 23.735349655151367 112640
1769367235773 23.75811004638672 117760
1769367245751 23.80207061767578 122880
1769367254541 23.87196159362793 128000
1769367262736 23.855165481567383 133120
1769367271871 23.874801635742188 138240
1769367280256 23.867944717407227 143360
1769367289126 23.902294158935547 148480
1769367297869 23.90169906616211 153600
1769367307255 23.930030822753906 158720
1769367316122 23.932971954345703 163840
1769367324713 23.955873489379883 168960
1769367333430 23.929767608642578 174080
1769367342445 23.921043395996094 179200
1769367350876 23.92520523071289 184320
1769367359711 23.90912437438965 189440
1769367368207 23.92376708984375 194560
1769367377107 23.938114166259766 199680
1769367386214 23.952362060546875 204800
1769367395249 23.962495803833008 209920
1769367403900 23.948808670043945 215040
1769367412289 23.934614181518555 220160
1769367421008 23.939022064208984 225280
1769367429703 23.91901969909668 230400
1769367438810 23.907438278198242 235520
1769367448030 23.901506423950195 240640
1769367456783 23.907440185546875 245760
1769367465595 23.902935028076172 250880
1769367474432 23.891620635986328 256000
1769367483448 23.915966033935547 261120
1769367494168 23.92343521118164 266240
1769367503693 23.93294906616211 271360
1769367513145 23.934589385986328 276480
1769367521709 23.917728424072266 281600
1769367530485 23.911563873291016 286720
1769367539037 23.905471801757812 291840
1769367548241 23.925264358520508 296960
1769367551520 23.93120574951172 300032
