1769367042416 1.1467615365982056 5120
1769367051347 1.1578079462051392 10240
1769367059766 1.1565678119659424 15360
1769367068117 1.1465237140655518 20480
1769367076548 1.1549485921859741 25600
1769367085401 1.1545802354812622 30720
1769367093751 1.1505355834960938 35840
1769367102461 1.1548857688903809 40960
1769367111265 1.15497624874115 46080
1769367120173 1.1483771800994873 51200
1769367128905 1.1444143056869507 56320
1769367137395 1.1450814008712769 61440
1769367145883 1.1431761980056763 66560
1769367154707 1.1407015323638916 71680
1769367163386 1.1400082111358643 76800
1769367172341 1.1405736207962036 81920
1769367181593 1.1404063701629639 87040
1769367190229 1.1381261348724365 92160
1769367199091 1.1389230489730835 97280
1769367207852 1.1389354467391968 102400
1769367217031 1.1382181644439697 107520
1769367225753 1.1384854316711426 112640
1769367235773 1.1395447254180908 117760
1769367245751 1.1406946182250977 122880
1769367254541 1.1430368423461914 128000
1769367262736 1.1426112651824951 133120
1769367271871 1.142813801765442 138240
1769367280256 1.1426219940185547 143360
1769367289126 1.1441715955734253 148480
1769367297869 1.144135594367981 153600
1769367307255 1.1451573371887207 158720
1769367316122 1.145613431930542 163840
1769367324713 1.1468254327774048 168960
1769367333430 1.1452467441558838 174080
1769367342445 1.1451659202575684 179200
1769367350876 1.1453994512557983 184320
1769367359711 1.1447950601577759 189440
1769367368207 1.1455813646316528 194560
1769367377107 1.145643949508667 199680
1769367386214 1.1462820768356323 204800
1769367395249 1.1461937427520752 209920
1769367403900 1.145893931388855 215040
1769367412289 1.1446325778961182 220160
1769367421008 1.1448534727096558 225280
1769367429703 1.1442312002182007 230400
1769367438810 1.144300937652588 235520
1769367448030 1.1439677476882935 240640
1769367456783 1.1440658569335938 245760
1769367465595 1.1436264514923096 250880
1769367474432 1.1434030532836914 256000
1769367483448 1.1442903280258179 261120
1769367494168 1.144615650177002 266240
1769367503693 1.1450356245040894 271360
1769367513145 1.1449609994888306 276480
1769367521709 1.1444987058639526 281600
1769367530485 1.1449416875839233 286720
1769367539037 1.1444920301437378 291840
1769367548241 1.145050287246704 296960
1769367551520 1.1451406478881836 300032
