1769367042406 24.021764755249023 5120
1769367051340 24.5693359375 10240
1769367059759 25.533321380615234 15360
1769367068111 24.551036834716797 20480
1769367076539 24.558290481567383 25600
1769367085395 24.564167022705078 30720
1769367093745 26.00522232055664 35840
1769367102454 26.268627166748047 40960
1769367111257 26.349294662475586 46080
1769367120163 26.8336124420166 51200
1769367128899 27.004663467407227 56320
1769367137388 27.06355857849121 61440
1769367145873 27.503820419311523 66560
1769367154699 27.643381118774414 71680
1769367163376 28.428226470947266 76800
1769367172335 29.686199188232422 81920
1769367181585 29.49209213256836 87040
1769367190222 29.431997299194336 92160
1769367199085 29.55990219116211 97280
1769367207841 30.667837142944336 102400
1769367217024 30.634716033935547 107520
1769367225747 30.696727752685547 112640
1769367235762 31.93023681640625 117760
1769367245743 31.6064453125 122880
1769367254535 32.61235427856445 128000
1769367262729 32.6373291015625 133120
1769367271859 32.78656005859375 138240
1769367280243 34.040401458740234 143360
1769367289120 34.022621154785156 148480
1769367297857 33.80414581298828 153600
1769367307247 34.450767517089844 158720
1769367316112 34.964195251464844 163840
1769367324703 35.56775665283203 168960
1769367333423 35.87583541870117 174080
1769367342438 35.269309997558594 179200
1769367350869 36.72285842895508 184320
1769367359696 37.07400131225586 189440
1769367368199 36.74799728393555 194560
1769367377099 37.2845458984375 199680
1769367386202 37.62626266479492 204800
1769367395235 38.429988861083984 209920
1769367403893 39.287113189697266 215040
1769367412278 39.24626922607422 220160
1769367421000 39.56775665283203 225280
1769367429688 39.45925521850586 230400
1769367438797 40.08489990234375 235520
1769367448022 39.742610931396484 240640
1769367456774 41.16607666015625 245760
1769367465587 40.8421630859375 250880
1769367474425 40.62908172607422 256000
1769367483433 41.42543411254883 261120
1769367494157 42.15898132324219 266240
1769367503683 41.94505310058594 271360
1769367513136 42.14501190185547 276480
1769367521694 42.69074249267578 281600
1769367530471 41.740203857421875 286720
1769367539027 42.81670379638672 291840
1769367548233 43.28730392456055 296960
1769367551507 41.852210998535156 300032
