1769367042416 2.0396101474761963 5120
1769367051347 2.025160074234009 10240
1769367059766 1.96462082862854 15360
1769367068117 1.9452003240585327 20480
1769367076548 1.989914894104004 25600
1769367085401 1.9871697425842285 30720
1769367093751 1.992987036705017 35840
1769367102461 1.982801079750061 40960
1769367111265 1.9884778261184692 46080
1769367120173 1.9681555032730103 51200
1769367128905 1.9651294946670532 56320
1769367137395 1.9673455953598022 61440
1769367145883 1.9591083526611328 66560
1769367154707 1.9597638845443726 71680
1769367163386 1.9578986167907715 76800
1769367172341 1.9591647386550903 81920
1769367181593 1.9597697257995605 87040
1769367190229 1.945718765258789 92160
1769367199091 1.945656418800354 97280
1769367207852 1.9443299770355225 102400
1769367217031 1.9398082494735718 107520
1769367225753 1.9454655647277832 112640
1769367235773 1.9464091062545776 117760
1769367245751 1.950147032737732 122880
1769367254541 1.9580212831497192 128000
1769367262736 1.9587007761001587 133120
1769367271871 1.9625027179718018 138240
1769367280256 1.9668762683868408 143360
1769367289126 1.9686509370803833 148480
1769367297869 1.969897985458374 153600
1769367307255 1.975754976272583 158720
1769367316122 1.9733781814575195 163840
1769367324713 1.9803537130355835 168960
1769367333430 1.9799622297286987 174080
1769367342445 1.982199788093567 179200
1769367350876 1.9850496053695679 184320
1769367359711 1.9834449291229248 189440
1769367368207 1.9886435270309448 194560
1769367377107 1.9899299144744873 199680
1769367386214 1.99459969997406 204800
1769367395249 1.9935731887817383 209920
1769367403900 1.9895366430282593 215040
1769367412289 1.9859511852264404 220160
1769367421008 1.9860759973526 225280
1769367429703 1.984825611114502 230400
1769367438810 1.9828768968582153 235520
1769367448030 1.982634425163269 240640
1769367456783 1.980614185333252 245760
1769367465595 1.9812432527542114 250880
1769367474432 1.9784680604934692 256000
1769367483448 1.9790657758712769 261120
1769367494168 1.9812729358673096 266240
1769367503693 1.9819450378417969 271360
1769367513145 1.9825319051742554 276480
1769367521709 1.9830676317214966 281600
1769367530485 1.9824806451797485 286720
1769367539037 1.9808967113494873 291840
1769367548241 1.9844306707382202 296960
1769367551520 1.9835944175720215 300032
