1769364595573 0.0764985904097557 5120
1769364615157 0.07851310819387436 10240
1769364634774 0.07577887177467346 15360
1769364654370 0.07509563118219376 20480
1769364674628 0.07536879926919937 25600
1769364694026 0.07478044182062149 30720
1769364713955 0.07423083484172821 35840
1769364733919 0.07413982599973679 40960
1769364753900 0.07335954904556274 46080
1769364773796 0.07425160706043243 51200
1769364793299 0.07514210790395737 56320
1769364812949 0.07572466135025024 61440
1769364836377 0.07634471356868744 66560
1769364860981 0.07619237899780273 71680
1769364882665 0.07626905292272568 76800
1769364904630 0.07616186141967773 81920
1769364927520 0.07551877945661545 87040
1769364950321 0.07541430741548538 92160
1769364971780 0.07527617365121841 97280
1769364994627 0.07523055374622345 102400
1769365018585 0.07508222758769989 107520
1769365040759 0.07461821287870407 112640
1769365063240 0.0744897723197937 117760
1769365087128 0.07463841885328293 122880
1769365110401 0.07424207776784897 128000
1769365134198 0.07411910593509674 133120
1769365158089 0.07408063113689423 138240
1769365181497 0.07409700006246567 143360
1769365205088 0.07409191131591797 148480
1769365228502 0.07407522201538086 153600
1769365252725 0.07412432134151459 158720
1769365273577 0.07382471859455109 163840
1769365294090 0.07381833344697952 168960
1769365314183 0.07392267882823944 174080
1769365334437 0.07388114929199219 179200
1769365357046 0.07392121851444244 184320
1769365378507 0.0740322694182396 189440
1769365398995 0.07388949394226074 194560
1769365418978 0.073895663022995 199680
1769365438796 0.07382654398679733 204800
1769365458810 0.07381555438041687 209920
1769365479294 0.07383356988430023 215040
1769365501382 0.07390698045492172 220160
1769365526726 0.07384142279624939 225280
1769365549651 0.07364758104085922 230400
1769365572160 0.07368837296962738 235520
1769365594760 0.07368779927492142 240640
1769365616606 0.07369355857372284 245760
1769365638815 0.0737038403749466 250880
1769365660975 0.07355768978595734 256000
1769365684312 0.07348842173814774 261120
1769365706952 0.07351070642471313 266240
1769365729219 0.07351546734571457 271360
1769365751703 0.07356873154640198 276480
1769365774279 0.07361811399459839 281600
1769365796150 0.0735124945640564 286720
1769365818588 0.0735078677535057 291840
1769365839045 0.0736754909157753 296960
1769365847135 0.07365137338638306 300032
