1769364595573 18.022090911865234 5120
1769364615157 18.285659790039062 10240
1769364634774 18.70674705505371 15360
1769364654370 18.391918182373047 20480
1769364674628 18.390356063842773 25600
1769364694026 18.264663696289062 30720
1769364713955 18.13503074645996 35840
1769364733919 18.00876235961914 40960
1769364753900 18.038097381591797 46080
1769364773796 18.123931884765625 51200
1769364793299 18.213987350463867 56320
1769364812949 18.252962112426758 61440
1769364836377 18.27404022216797 66560
1769364860981 18.246232986450195 71680
1769364882665 18.260225296020508 76800
1769364904630 18.19231414794922 81920
1769364927520 18.167522430419922 87040
1769364950321 18.177907943725586 92160
1769364971780 18.180755615234375 97280
1769364994627 18.193681716918945 102400
1769365018585 18.166059494018555 107520
1769365040759 18.173261642456055 112640
1769365063240 18.17011070251465 117760
1769365087128 18.209714889526367 122880
1769365110401 18.218400955200195 128000
1769365134198 18.249698638916016 133120
1769365158089 18.212688446044922 138240
1769365181497 18.192941665649414 143360
1769365205088 18.185792922973633 148480
1769365228502 18.16146469116211 153600
1769365252725 18.16965675354004 158720
1769365273577 18.166261672973633 163840
1769365294090 18.172325134277344 168960
1769365314183 18.162532806396484 174080
1769365334437 18.14232063293457 179200
1769365357046 18.14942741394043 184320
1769365378507 18.134050369262695 189440
1769365398995 18.120702743530273 194560
1769365418978 18.148393630981445 199680
1769365438796 18.172208786010742 204800
1769365458810 18.17981719970703 209920
1769365479294 18.178647994995117 215040
1769365501382 18.192522048950195 220160
1769365526726 18.183391571044922 225280
1769365549651 18.18489646911621 230400
1769365572160 18.173931121826172 235520
1769365594760 18.157066345214844 240640
1769365616606 18.146690368652344 245760
1769365638815 18.154008865356445 250880
1769365660975 18.138900756835938 256000
1769365684312 18.14056396484375 261120
1769365706952 18.144224166870117 266240
1769365729219 18.145832061767578 271360
1769365751703 18.137025833129883 276480
1769365774279 18.130306243896484 281600
1769365796150 18.14012336730957 286720
1769365818588 18.134185791015625 291840
1769365839045 18.148311614990234 296960
1769365847135 18.149927139282227 300032
