1769364595573 0.0 5120
1769364615157 0.0 10240
1769364634774 0.0 15360
1769364654370 0.0 20480
1769364674628 0.0 25600
1769364694026 0.0 30720
1769364713955 0.0 35840
1769364733919 0.0 40960
1769364753900 0.0 46080
1769364773796 0.0 51200
1769364793299 0.0 56320
1769364812949 0.0 61440
1769364836377 0.0 66560
1769364860981 0.0 71680
1769364882665 0.0 76800
1769364904630 0.0 81920
1769364927520 0.0 87040
1769364950321 0.0 92160
1769364971780 0.0 97280
1769364994627 0.0 102400
1769365018585 0.0 107520
1769365040759 0.0 112640
1769365063240 0.0 117760
1769365087128 0.0 122880
1769365110401 0.0 128000
1769365134198 0.0 133120
1769365158089 0.0 138240
1769365181497 0.0 143360
1769365205088 0.0 148480
1769365228502 0.0 153600
1769365252725 0.0 158720
1769365273577 0.0 163840
1769365294090 0.0 168960
1769365314183 0.0 174080
1769365334437 0.0 179200
1769365357046 0.0 184320
1769365378507 0.0 189440
1769365398995 0.0 194560
1769365418978 0.0 199680
1769365438796 0.0 204800
1769365458810 0.0 209920
1769365479294 0.0 215040
1769365501382 0.0 220160
1769365526726 0.0 225280
1769365549651 0.0 230400
1769365572160 0.0 235520
1769365594760 0.0 240640
1769365616606 0.0 245760
1769365638815 0.0 250880
1769365660975 0.0 256000
1769365684312 0.0 261120
1769365706952 0.0 266240
1769365729219 0.0 271360
1769365751703 0.0 276480
1769365774279 0.0 281600
1769365796150 0.0 286720
1769365818588 0.0 291840
1769365839045 0.0 296960
1769365847135 0.0 300032
