1769364595573 1.165432095527649 5120
1769364615157 1.1746411323547363 10240
1769364634774 1.189171552658081 15360
1769364654370 1.1723556518554688 20480
1769364674628 1.1726961135864258 25600
1769364694026 1.1608787775039673 30720
1769364713955 1.1539280414581299 35840
1769364733919 1.1466618776321411 40960
1769364753900 1.1455349922180176 46080
1769364773796 1.1532942056655884 51200
1769364793299 1.1601099967956543 56320
1769364812949 1.16304612159729 61440
1769364836377 1.1658072471618652 66560
1769364860981 1.1641952991485596 71680
1769364882665 1.1643558740615845 76800
1769364904630 1.1609530448913574 81920
1769364927520 1.1590849161148071 87040
1769364950321 1.1605610847473145 92160
1769364971780 1.1602157354354858 97280
1769364994627 1.1612309217453003 102400
1769365018585 1.1601966619491577 107520
1769365040759 1.1594188213348389 112640
1769365063240 1.159075140953064 117760
1769365087128 1.1615679264068604 122880
1769365110401 1.161460518836975 128000
1769365134198 1.1630489826202393 133120
1769365158089 1.161121129989624 138240
1769365181497 1.1600598096847534 143360
1769365205088 1.1593339443206787 148480
1769365228502 1.158204197883606 153600
1769365252725 1.159180760383606 158720
1769365273577 1.1589704751968384 163840
1769365294090 1.1594748497009277 168960
1769365314183 1.1589795351028442 174080
1769365334437 1.1579749584197998 179200
1769365357046 1.1588678359985352 184320
1769365378507 1.1584135293960571 189440
1769365398995 1.1578993797302246 194560
1769365418978 1.15945565700531 199680
1769365438796 1.1603723764419556 204800
1769365458810 1.1604769229888916 209920
1769365479294 1.1600573062896729 215040
1769365501382 1.160616397857666 220160
1769365526726 1.1604688167572021 225280
1769365549651 1.160296082496643 230400
1769365572160 1.1597020626068115 235520
1769365594760 1.1589914560317993 240640
1769365616606 1.1582285165786743 245760
1769365638815 1.1586253643035889 250880
1769365660975 1.1574128866195679 256000
1769365684312 1.1575514078140259 261120
1769365706952 1.1579431295394897 266240
1769365729219 1.1583564281463623 271360
1769365751703 1.1575156450271606 276480
1769365774279 1.1571767330169678 281600
1769365796150 1.1573505401611328 286720
1769365818588 1.1571379899978638 291840
1769365839045 1.158212661743164 296960
1769365847135 1.158197045326233 300032
