1769364595573 0.9244170188903809 5120
1769364615157 0.9580984115600586 10240
1769364634774 0.9429700970649719 15360
1769364654370 0.9341367483139038 20480
1769364674628 0.9329354166984558 25600
1769364694026 0.931213915348053 30720
1769364713955 0.9249582886695862 35840
1769364733919 0.9194545149803162 40960
1769364753900 0.9135101437568665 46080
1769364773796 0.9238405227661133 51200
1769364793299 0.9277226328849792 56320
1769364812949 0.9322187900543213 61440
1769364836377 0.9380121827125549 66560
1769364860981 0.9357391595840454 71680
1769364882665 0.9378271698951721 76800
1769364904630 0.935398519039154 81920
1769364927520 0.9300934672355652 87040
1769364950321 0.9284769892692566 92160
1769364971780 0.9283514618873596 97280
1769364994627 0.9291923642158508 102400
1769365018585 0.9275071024894714 107520
1769365040759 0.9256002306938171 112640
1769365063240 0.9237019419670105 117760
1769365087128 0.9264164566993713 122880
1769365110401 0.9234976172447205 128000
1769365134198 0.9227321147918701 133120
1769365158089 0.9204180836677551 138240
1769365181497 0.9199287295341492 143360
1769365205088 0.9196926951408386 148480
1769365228502 0.9201076626777649 153600
1769365252725 0.9195249080657959 158720
1769365273577 0.9175670742988586 163840
1769365294090 0.9169139266014099 168960
1769365314183 0.9189925193786621 174080
1769365334437 0.91701340675354 179200
1769365357046 0.9173058867454529 184320
1769365378507 0.9164177775382996 189440
1769365398995 0.9159915447235107 194560
1769365418978 0.9166895747184753 199680
1769365438796 0.9179868102073669 204800
1769365458810 0.9177757501602173 209920
1769365479294 0.918602705001831 215040
1769365501382 0.9191917777061462 220160
1769365526726 0.918448805809021 225280
1769365549651 0.9171936511993408 230400
1769365572160 0.9174243211746216 235520
1769365594760 0.9165843725204468 240640
1769365616606 0.9161843061447144 245760
1769365638815 0.9160206317901611 250880
1769365660975 0.9152117371559143 256000
1769365684312 0.9146749377250671 261120
1769365706952 0.9150252342224121 266240
1769365729219 0.9150770902633667 271360
1769365751703 0.9146010279655457 276480
1769365774279 0.9140928387641907 281600
1769365796150 0.9133574366569519 286720
1769365818588 0.9130667448043823 291840
1769365839045 0.9139062762260437 296960
1769365847135 0.9137047529220581 300032
