1769364595573 0.29230770468711853 5120
1769364615157 0.2959226071834564 10240
1769364634774 0.28984561562538147 15360
1769364654370 0.28765854239463806 20480
1769364674628 0.2879588007926941 25600
1769364694026 0.28542184829711914 30720
1769364713955 0.28358957171440125 35840
1769364733919 0.2826158106327057 40960
1769364753900 0.28085872530937195 46080
1769364773796 0.2836041748523712 51200
1769364793299 0.2861763536930084 56320
1769364812949 0.2877831757068634 61440
1769364836377 0.2894986569881439 66560
1769364860981 0.2888871133327484 71680
1769364882665 0.28924185037612915 76800
1769364904630 0.28875792026519775 81920
1769364927520 0.2869478166103363 87040
1769364950321 0.2868175506591797 92160
1769364971780 0.28653043508529663 97280
1769364994627 0.286556601524353 102400
1769365018585 0.28625649213790894 107520
1769365040759 0.28504377603530884 112640
1769365063240 0.2847815155982971 117760
1769365087128 0.285390168428421 122880
1769365110401 0.28454530239105225 128000
1769365134198 0.2843862473964691 133120
1769365158089 0.28408220410346985 138240
1769365181497 0.2841097116470337 143360
1769365205088 0.28407901525497437 148480
1769365228502 0.28400203585624695 153600
1769365252725 0.2841581106185913 158720
1769365273577 0.28338512778282166 163840
1769365294090 0.283331960439682 168960
1769365314183 0.28344324231147766 174080
1769365334437 0.28320950269699097 179200
1769365357046 0.28345268964767456 184320
1769365378507 0.2836500108242035 189440
1769365398995 0.2833080589771271 194560
1769365418978 0.2833651006221771 199680
1769365438796 0.28327205777168274 204800
1769365458810 0.2832100987434387 209920
1769365479294 0.28318706154823303 215040
1769365501382 0.2834455668926239 220160
1769365526726 0.28326836228370667 225280
1769365549651 0.2828296422958374 230400
1769365572160 0.28285345435142517 235520
1769365594760 0.2827538549900055 240640
1769365616606 0.28273093700408936 245760
1769365638815 0.28279799222946167 250880
1769365660975 0.2823351323604584 256000
1769365684312 0.2822383642196655 261120
1769365706952 0.2822990417480469 266240
1769365729219 0.2824203670024872 271360
1769365751703 0.2824395000934601 276480
1769365774279 0.2825145423412323 281600
1769365796150 0.28228816390037537 286720
1769365818588 0.282236784696579 291840
1769365839045 0.2826816141605377 296960
1769365847135 0.282627671957016 300032
