1769364595566 380.91944419217145 5120
1769364615148 388.18176770013883 10240
1769364634767 404.777456089558 15360
1769364654363 327.0922561023161 20480
1769364674621 216.33505260986178 25600
1769364694020 502.31185628742514 30720
1769364713950 533.3550356052899 35840
1769364733912 385.8605335786568 40960
1769364753894 465.6715887642944 46080
1769364773790 402.56300988578556 51200
1769364793288 235.31777378815082 56320
1769364812942 463.8177595930554 61440
1769364836370 123.73308159773438 66560
1769364860972 351.78260504906484 71680
1769364882657 416.9288270377734 76800
1769364904622 107.74793844889152 81920
1769364927509 351.60566686226844 87040
1769364950314 263.59376571141274 92160
1769364971770 274.38859086746044 97280
1769364994618 329.3007772630918 102400
1769365018577 402.17700642439354 107520
1769365040748 292.16383393702984 112640
1769365063231 402.4471310688927 117760
1769365087120 361.3598690445421 122880
1769365110392 375.5981015492075 128000
1769365134186 329.9483952171177 133120
1769365158081 265.0094142920326 138240
1769365181482 316.3840989665837 143360
1769365205075 328.01313834363026 148480
1769365228494 111.55953932494614 153600
1769365252718 226.87856331476172 158720
1769365273569 265.8155776665188 163840
1769365294077 330.49436608620283 168960
1769365314174 178.9913370033713 174080
1769365334424 148.99836589698046 179200
1769365357038 416.060311477036 184320
1769365378497 371.9014009576166 189440
1769365398983 217.96518214415633 194560
1769365418970 480.50223393286745 199680
1769365438789 531.2607979734009 204800
1769365458803 241.12124173613108 209920
1769365479285 116.3307169601997 215040
1769365501370 388.4334135951102 220160
1769365526715 401.2536114034248 225280
1769365549639 272.83575099199896 230400
1769365572147 375.1613595706619 235520
1769365594747 351.95972140639424 240640
1769365616596 400.1053133644949 245760
1769365638806 422.77028525350266 250880
1769365660958 368.66520172277404 256000
1769365684298 319.2012176560122 261120
1769365706939 244.46604884303784 266240
1769365729205 197.3697237777046 271360
1769365751692 313.00776119402985 276480
1769365774270 313.6631767873168 281600
1769365796138 282.84469620338524 286720
1769365818571 345.5230249608699 291840
1769365839033 464.8458384129447 296960
1769365847124 215.1476788920236 300032
