1769364595573 1.894237995147705 5120
1769364615157 1.9419324398040771 10240
1769364634774 1.8716812133789062 15360
1769364654370 1.8550002574920654 20480
1769364674628 1.860039234161377 25600
1769364694026 1.8450356721878052 30720
1769364713955 1.8332241773605347 35840
1769364733919 1.8291698694229126 40960
1769364753900 1.8102054595947266 46080
1769364773796 1.8330739736557007 51200
1769364793299 1.8554282188415527 56320
1769364812949 1.8701915740966797 61440
1769364836377 1.886346697807312 66560
1769364860981 1.8827900886535645 71680
1769364882665 1.8839161396026611 76800
1769364904630 1.8814918994903564 81920
1769364927520 1.8654488325119019 87040
1769364950321 1.863145112991333 92160
1769364971780 1.8594456911087036 97280
1769364994627 1.8592249155044556 102400
1769365018585 1.856101632118225 107520
1769365040759 1.844208836555481 112640
1769365063240 1.8402667045593262 117760
1769365087128 1.844011664390564 122880
1769365110401 1.8350834846496582 128000
1769365134198 1.8315205574035645 133120
1769365158089 1.8310574293136597 138240
1769365181497 1.832235336303711 143360
1769365205088 1.832466721534729 148480
1769365228502 1.8317482471466064 153600
1769365252725 1.83332097530365 158720
1769365273577 1.8264167308807373 163840
1769365294090 1.8260319232940674 168960
1769365314183 1.8273842334747314 174080
1769365334437 1.8261207342147827 179200
1769365357046 1.8278324604034424 184320
1769365378507 1.8302292823791504 189440
1769365398995 1.8271037340164185 194560
1769365418978 1.8268872499465942 199680
1769365438796 1.8248168230056763 204800
1769365458810 1.824434518814087 209920
1769365479294 1.824690580368042 215040
1769365501382 1.8265973329544067 220160
1769365526726 1.8250609636306763 225280
1769365549651 1.820790410041809 230400
1769365572160 1.8216432332992554 235520
1769365594760 1.821683406829834 240640
1769365616606 1.8214119672775269 245760
1769365638815 1.8216700553894043 250880
1769365660975 1.8181731700897217 256000
1769365684312 1.816588282585144 261120
1769365706952 1.8168457746505737 266240
1769365729219 1.8174785375595093 271360
1769365751703 1.8183807134628296 276480
1769365774279 1.8196632862091064 281600
1769365796150 1.8171011209487915 286720
1769365818588 1.8167470693588257 291840
1769365839045 1.8206621408462524 296960
1769365847135 1.8199564218521118 300032
