1770924247644 18.382015228271484 5120
1770924263706 19.733051300048828 10240
1770924281093 20.273298263549805 15360
1770924298308 20.541831970214844 20480
1770924314675 20.836185455322266 25600
1770924331417 21.105878829956055 30720
1770924348715 21.249347686767578 35840
1770924365680 21.383440017700195 40960
1770924383571 21.528322219848633 46080
1770924400904 21.617469787597656 51200
1770924417959 21.510759353637695 56320
1770924435866 21.22264862060547 61440
1770924453656 21.103271484375 66560
1770924471567 21.176753997802734 71680
1770924489809 21.271465301513672 76800
1770924508016 21.385482788085938 81920
1770924525637 21.391145706176758 87040
1770924542617 21.446273803710938 92160
1770924559572 21.48396873474121 97280
1770924576421 21.49542808532715 102400
1770924593282 21.513927459716797 107520
1770924610258 21.614429473876953 112640
1770924627069 21.67198371887207 117760
1770924642881 21.64128303527832 122880
1770924659062 21.636093139648438 128000
1770924675200 21.612146377563477 133120
1770924691739 21.621139526367188 138240
1770924709123 21.639131546020508 143360
1770924726081 21.6939697265625 148480
1770924743120 21.706308364868164 153600
1770924760243 21.6712703704834 158720
1770924776195 21.70464324951172 163840
1770924791521 21.71776580810547 168960
