1770924247644 0.09674979746341705 5120
1770924263706 0.10008300840854645 10240
1770924281093 0.09505750238895416 15360
1770924298308 0.09128550440073013 20480
1770924314675 0.08784270286560059 25600
1770924331417 0.08535711467266083 30720
1770924348715 0.08243432641029358 35840
1770924365680 0.08118829131126404 40960
1770924383571 0.0802665650844574 46080
1770924400904 0.0828167274594307 51200
1770924417959 0.08603128045797348 56320
1770924435866 0.08762000501155853 61440
1770924453656 0.08998983353376389 66560
1770924471567 0.08981017023324966 71680
1770924489809 0.08884578943252563 76800
1770924508016 0.08802948147058487 81920
1770924525637 0.08716028928756714 87040
1770924542617 0.08630628138780594 92160
1770924559572 0.08579909056425095 97280
1770924576421 0.08513622730970383 102400
1770924593282 0.08437610417604446 107520
1770924610258 0.08388888090848923 112640
1770924627069 0.08363322913646698 117760
1770924642881 0.08312080055475235 122880
1770924659062 0.08252383023500443 128000
1770924675200 0.08230766654014587 133120
1770924691739 0.08186542242765427 138240
1770924709123 0.0818055048584938 143360
1770924726081 0.0818118155002594 148480
1770924743120 0.08154425770044327 153600
1770924760243 0.0812646672129631 158720
1770924776195 0.08125767856836319 163840
1770924791521 0.08114463835954666 168960
