1770924247644 1.1366586685180664 5120
1770924263706 1.1616933345794678 10240
1770924281093 1.151886224746704 15360
1770924298308 1.1459177732467651 20480
1770924314675 1.1478126049041748 25600
1770924331417 1.1484822034835815 30720
1770924348715 1.1469699144363403 35840
1770924365680 1.1503167152404785 40960
1770924383571 1.1521776914596558 46080
1770924400904 1.1583164930343628 51200
1770924417959 1.1607338190078735 56320
1770924435866 1.1579923629760742 61440
1770924453656 1.1559003591537476 66560
1770924471567 1.1560367345809937 71680
1770924489809 1.157345175743103 76800
1770924508016 1.1600823402404785 81920
1770924525637 1.1572089195251465 87040
1770924542617 1.1580183506011963 92160
1770924559572 1.1586438417434692 97280
1770924576421 1.1578280925750732 102400
1770924593282 1.1567729711532593 107520
1770924610258 1.1598279476165771 112640
1770924627069 1.1610661745071411 117760
1770924642881 1.159257411956787 122880
1770924659062 1.157637119293213 128000
1770924675200 1.1558756828308105 133120
1770924691739 1.1548994779586792 138240
1770924709123 1.1552382707595825 143360
1770924726081 1.1574872732162476 148480
1770924743120 1.1567542552947998 153600
1770924760243 1.1543145179748535 158720
1770924776195 1.1555348634719849 163840
1770924791521 1.155928611755371 168960
