1770924247637 25.789865493774414 5120
1770924263699 24.49071502685547 10240
1770924281085 21.132347106933594 15360
1770924298301 21.192649841308594 20480
1770924314666 20.43401527404785 25600
1770924331409 19.323209762573242 30720
1770924348703 18.0986385345459 35840
1770924365672 18.019872665405273 40960
1770924383557 17.26871109008789 46080
1770924400893 16.928863525390625 51200
1770924417947 17.39309310913086 56320
1770924435858 18.131439208984375 61440
1770924453638 20.24764060974121 66560
1770924471555 22.144289016723633 71680
1770924489798 23.451007843017578 76800
1770924508001 24.64798355102539 81920
1770924525624 25.874126434326172 87040
1770924542608 27.092554092407227 92160
1770924559564 28.420700073242188 97280
1770924576412 29.198339462280273 102400
1770924593273 30.00874900817871 107520
1770924610245 31.246265411376953 112640
1770924627056 32.004302978515625 117760
1770924642872 32.98217010498047 122880
1770924659047 33.906158447265625 128000
1770924675186 34.19766616821289 133120
1770924691724 35.642208099365234 138240
1770924709103 36.41172790527344 143360
1770924726070 36.563690185546875 148480
1770924743110 37.84628677368164 153600
1770924760226 38.785682678222656 158720
1770924776185 38.77077102661133 163840
1770924791504 39.58655548095703 168960
