1770924247644 0.32041534781455994 5120
1770924263706 0.32400619983673096 10240
1770924281093 0.3105996549129486 15360
1770924298308 0.30180132389068604 20480
1770924314675 0.29484856128692627 25600
1770924331417 0.2894660532474518 30720
1770924348715 0.2834397852420807 35840
1770924365680 0.2814359664916992 40960
1770924383571 0.2799960970878601 46080
1770924400904 0.2855113446712494 51200
1770924417959 0.2921678125858307 56320
1770924435866 0.29537782073020935 61440
1770924453656 0.2998254895210266 66560
1770924471567 0.2990756928920746 71680
1770924489809 0.297301709651947 76800
1770924508016 0.2959541976451874 81920
1770924525637 0.2939467132091522 87040
1770924542617 0.2922675311565399 92160
1770924559572 0.29126179218292236 97280
1770924576421 0.2899247109889984 102400
1770924593282 0.28831854462623596 107520
1770924610258 0.28763318061828613 112640
1770924627069 0.287169486284256 117760
1770924642881 0.2859738767147064 122880
1770924659062 0.284598171710968 128000
1770924675200 0.28393635153770447 133120
1770924691739 0.28295889496803284 138240
1770924709123 0.2828097641468048 143360
1770924726081 0.2829503118991852 148480
1770924743120 0.2823822796344757 153600
1770924760243 0.28169023990631104 158720
1770924776195 0.2817104756832123 163840
1770924791521 0.2814977765083313 168960
