1770924247637 186.48810635365257 5120
1770924263699 134.878091134193 10240
1770924281085 124.1395803119543 15360
1770924298301 97.18485564669355 20480
1770924314666 156.06131864860842 25600
1770924331409 151.45172239474255 30720
1770924348703 103.82454576959256 35840
1770924365672 137.05980001307105 40960
1770924383557 94.8036707201302 46080
1770924400893 141.4843649856637 51200
1770924417947 136.2981834725246 56320
1770924435858 152.54788143298782 61440
1770924453638 53.36604109676188 66560
1770924471555 113.35956756756757 71680
1770924489798 106.55177319378112 76800
1770924508001 83.46375340775676 81920
1770924525624 98.70808622799586 87040
1770924542608 140.3434383992505 92160
1770924559564 138.84745762711864 97280
1770924576412 119.44139423624559 102400
1770924593273 114.88725758737812 107520
1770924610245 118.01975294746616 112640
1770924627056 127.51357431672392 117760
1770924642872 142.7896779464833 122880
1770924659047 94.18629300278451 128000
1770924675186 110.59761628520198 133120
1770924691724 124.18000947418285 138240
1770924709103 49.16774904461585 143360
1770924726070 114.38594960183266 148480
1770924743110 148.71836329468496 153600
1770924760226 106.58697364742955 158720
1770924776185 115.72728526887951 163840
1770924791504 79.2050609007648 168960
