1770924247644 2.2130699157714844 5120
1770924263706 2.210982084274292 10240
1770924281093 2.0747575759887695 15360
1770924298308 1.9853169918060303 20480
1770924314675 1.9057008028030396 25600
1770924331417 1.846571683883667 30720
1770924348715 1.7803678512573242 35840
1770924365680 1.7536684274673462 40960
1770924383571 1.73216712474823 46080
1770924400904 1.7832897901535034 51200
1770924417959 1.8556249141693115 56320
1770924435866 1.8992433547973633 61440
1770924453656 1.94782292842865 66560
1770924471567 1.9397706985473633 71680
1770924489809 1.9168736934661865 76800
1770924508016 1.8974827527999878 81920
1770924525637 1.87788987159729 87040
1770924542617 1.8590209484100342 92160
1770924559572 1.8468599319458008 97280
1770924576421 1.8323320150375366 102400
1770924593282 1.8151804208755493 107520
1770924610258 1.8043962717056274 112640
1770924627069 1.7978317737579346 117760
1770924642881 1.7874501943588257 122880
1770924659062 1.774600863456726 128000
1770924675200 1.7694010734558105 133120
1770924691739 1.7591848373413086 138240
1770924709123 1.7568155527114868 143360
1770924726081 1.7560399770736694 148480
1770924743120 1.7497119903564453 153600
1770924760243 1.7435940504074097 158720
1770924776195 1.7430566549301147 163840
1770924791521 1.7408198118209839 168960
