1760282985058 0.0 5120
1760283010769 0.0 10240
1760283036221 0.0 15360
1760283067456 0.0 20480
1760283093387 0.0 25600
1760283118989 0.0 30720
1760283145846 0.0 35840
1760283176800 0.0 40960
1760283202805 0.0 46080
1760283229444 0.0 51200
1760283260529 0.0 56320
1760283290654 0.0 61440
1760283320393 0.0 66560
1760283351771 0.0 71680
1760283380574 0.0 76800
1760283408235 0.0 81920
1760283439743 0.0 87040
1760283487640 0.0 92160
1760290181701 0.0 97280
1760290208949 0.0 102400
1760290235363 0.0 107520
1760290261210 0.0 112640
1760290292654 0.0 117760
1760290318660 0.0 122880
1760290344645 0.0 128000
1760290370870 0.0 133120
1760290402036 0.0 138240
1760290427677 0.0 143360
1760290453625 0.0 148480
1760290479556 0.0 153600
1760290511272 0.0 158720
1760290537554 0.0 163840
1760290563742 0.0 168960
1760290589308 0.0 174080
1760290621573 0.0 179200
1760290647305 0.0 184320
1760290672926 0.0 189440
1760290698967 0.0 194560
1760290731158 0.0 199680
1760290757188 0.0 204800
1760290783147 0.0 209920
1760290809577 0.0 215040
1760290840178 0.0 220160
1760290868932 0.0 225280
1760290895481 0.0 230400
1760290920628 0.0 235520
1760290948598 0.0 240640
1760290974421 0.0 245760
1760290999974 0.0 250880
1760291024212 0.0 256000
1760291050897 0.0 261120
1760291078173 0.0 266240
1760291102974 0.0 271360
1760291127809 0.0 276480
1760291152115 0.0 281600
1760291179391 0.0 286720
1760291206860 0.0 291840
1760291233105 0.0 296960
1760291260197 0.0 302080
1760291287836 0.0 307200
1760291318724 0.0 312320
1760291344455 0.0 317440
1760291371101 0.0 322560
1760291396924 0.0 327680
1760291427055 0.0 332800
1760291453587 0.0 337920
1760291481767 0.0 343040
1760291507246 0.0 348160
1760291533394 0.0 353280
1760291558960 0.0 358400
1760291589442 0.0 363520
1760291614266 0.0 368640
1760291640130 0.0 373760
1760291665353 0.0 378880
1760291694893 0.0 384000
1760291721913 0.0 389120
1760291746759 0.0 394240
1760291772263 0.0 399360
1760291800068 0.0 404480
1760291828108 0.0 409600
1760291853727 0.0 414720
1760291881678 0.0 419840
1760291909533 0.0 424960
1760291938393 0.0 430080
1760291964584 0.0 435200
1760291990000 0.0 440320
1760292016846 5.379814934366258e-05 445440
1760292045399 0.00010678056593699947 450560
1760292072050 0.00010598834128245893 455680
1760292100964 0.00010529640939243972 460800
1760292127141 0.0004186508974828615 465920
1760292153574 0.0006759567387687189 471040
1760292182080 0.000878462174452253 476160
1760292211899 0.0010269049086054631 481280
1760292237012 0.0012751849018107625 486400
1760292262306 0.001774667883581787 491520
1760292287938 0.0022170714501662803 496640
1760292319971 0.002403364710594833 501760
1760292344914 0.0025875796178343948 506880
1760292369856 0.0027210211250185525 512000
1760292395091 0.0027044303486256577 517120
1760292427771 0.003228488969329355 522240
1760292452640 0.0035026269702276708 527360
1760292478117 0.003628095975232198 532480
1760292504420 0.004187524066230266 537600
1760292536405 0.005270723526593196 542720
1760292561998 0.006105996279158517 547840
1760292587594 0.007172374483446539 552960
1760292613304 0.008513455990162228 558080
1760292645319 0.009752190709507207 563200
1760292670939 0.011547127300037551 568320
1760292696705 0.013325229100430148 573440
1760292722361 0.014995575839426257 578560
1760292754258 0.016425389755011136 583680
1760292780454 0.01858701683003514 588800
1760292805881 0.020596230935815325 593920
1760292831787 0.022499770410506017 599040
1760292863661 0.024197237215259355 604160
1760292888819 0.02579057687050032 609280
1760292914952 0.027368038850814687 614400
1760292940923 0.028532670133393626 619520
1760292970723 0.029952256553463653 624640
1760292998709 0.031499596159023605 629760
1760293024206 0.03307853918018864 634880
1760293049838 0.03450578806767587 640000
1760293078123 0.036243456658681575 645120
1760293105894 0.0381453323903819 650240
1760293133225 0.04019901373723142 655360
1760293159152 0.04175621737795517 660480
1760293185274 0.04357898417693854 665600
1760293211672 0.045250642393623974 670720
1760293243116 0.046875 675840
1760293268786 0.04852731283248994 680960
1760293294007 0.04985994397759104 686080
1760293319638 0.05097483466460534 691200
1760293351991 0.05258428889269211 696320
1760293377156 0.053975698145384776 701440
1760293402774 0.0550174186421956 706560
1760293428498 0.056312981624184945 711680
1760293460115 0.05721518987341772 716800
1760293485692 0.05810384696237124 721920
1760293511159 0.059198123088524866 727040
1760293536722 0.06011271133375078 732160
1760293568111 0.0610283717447375 737280
1760293593609 0.061673643635760764 742400
1760293619184 0.0629852965471667 747520
1760293644247 0.06385606653217506 752640
1760293675681 0.0643891235697002 757760
1760293701301 0.06502636203866433 762880
1760293727373 0.06595241974906306 768000
1760293753757 0.06698603442676193 773120
1760293783687 0.06830413142880265 778240
1760293811725 0.06881954523463957 783360
1760293837414 0.06939087110253937 788480
1760293862800 0.07018456980421989 793600
1760293890673 0.07032590051457976 798720
1760293919097 0.0706083363134263 803840
1760293944895 0.07081782915050273 808960
1760293970234 0.07112706615645588 814080
1760293997076 0.07162231219780651 819200
1760294026107 0.07187340879714857 824320
1760294051710 0.07187731689234012 829440
1760294077724 0.07220904460084769 834560
1760294104486 0.07234471267485566 839680
1760294133626 0.07254826254826255 844800
1760294160796 0.0727062896710906 849920
1760294186119 0.07267430717927095 855040
1760294211597 0.07271616254201038 860160
1760294240121 0.07284213731161517 865280
1760294268015 0.07320033376317986 870400
1760294293580 0.07374508618082855 875520
1760294319000 0.07436708860759493 880640
1760294347133 0.0750657153586181 885760
1760294374827 0.07576835248755287 890880
1760294402468 0.07612792476769788 896000
1760294429139 0.07632224949787994 901120
1760294455944 0.07669780545670225 906240
1760294482951 0.07676961726023349 911360
1760294508583 0.07699672276024598 916480
1760294536448 0.07733529087906038 921600
1760294562076 0.07764895212318496 926720
1760294588788 0.07809537698702056 931840
1760294613442 0.07846343945340893 936960
1760294644160 0.07863377884023326 942080
1760294670069 0.07896921355614105 947200
1760294695751 0.07913384410632711 952320
1760294721428 0.07926151640078867 957440
1760294753111 0.07931404072883172 962560
1760294778087 0.07963246554364471 967680
1760294803944 0.07979270933162957 972800
1760294829307 0.0798641813744562 977920
1760294858500 0.08031307290932167 983040
1760294883145 0.08049894588896697 988160
1760294912959 0.08062314020654647 993280
1760294939111 0.08102449577779329 998400
1760294964927 0.08146653680256018 1003520
1760294990005 0.08191493049537213 1008640
1760295017052 0.08259321975325708 1013760
1760295045766 0.08312950012057739 1018880
1760295071306 0.08346781115879828 1024000
1760295096320 0.08364992983536981 1029120
1760295121527 0.08424608455317842 1034240
1760295151533 0.08472269479414767 1039360
1760295177689 0.08515691263782867 1044480
1760295202394 0.0856591900943875 1049600
1760295227833 0.08623946037099495 1054720
1760295254828 0.08675184936112978 1059840
1760295283811 0.08763871659905455 1064960
1760295309075 0.08843787615353751 1070080
1760295334594 0.08920297343244775 1075200
1760295359931 0.09041934089321937 1080320
1760295388181 0.091035717839021 1085440
1760295413588 0.09187115549970236 1090560
1760295439424 0.09281377854031939 1095680
1760295463759 0.09363172618068126 1100800
1760295491761 0.09440341375348761 1105920
1760295516183 0.09543296775249632 1111040
1760295540773 0.09641819309759363 1116160
1760295565340 0.09742437563088144 1121280
1760295594433 0.09810989867498052 1126400
1760295617669 0.09937807722207825 1131520
1760295642695 0.10039420964198009 1136640
1760295669888 0.1012890750886239 1141760
1760295694667 0.10220550411522633 1146880
1760295719151 0.10355997434252726 1152000
1760295743344 0.10481033710740101 1157120
1760295772091 0.10605915573848952 1162240
1760295796307 0.10749299719887956 1167360
1760295820337 0.10885304204242348 1172480
1760295845605 0.11025941528618036 1177600
1760295871509 0.11148317801295214 1182720
1760295897435 0.11289000945477466 1187840
1760295920992 0.1143836047023323 1192960
1760295946846 0.11576933931203161 1198080
1760295971695 0.11737103888384896 1203200
1760295997875 0.11867686066469028 1208320
1760296021865 0.12003486489851824 1213440
1760296048649 0.12161490683229814 1218560
1760296072342 0.12311409894978159 1223680
1760296097876 0.12449389584299181 1228800
1760296121629 0.12550107924761023 1233920
1760296149047 0.12673413516257037 1239040
1760296173267 0.1281335337976742 1244160
1760296197506 0.12905496388786877 1249280
1760296221486 0.1300750961597167 1254400
1760296249945 0.13141064685101717 1259520
1760296274046 0.13268716577540107 1264640
1760296297947 0.1340103061533798 1269760
1760296322880 0.13532311228038343 1274880
1760296349526 0.13661185699200482 1280000
1760296374574 0.13778781038374718 1285120
1760296398746 0.13923252462166708 1290240
1760296423695 0.14054215965253858 1295360
1760296451793 0.1420417189647959 1300480
1760296475988 0.14373881932021468 1305600
1760296499901 0.14496891823562655 1310720
1760296524097 0.14654916622158923 1315840
1760296553742 0.14793547432292437 1320960
1760296577182 0.14953491805699098 1326080
1760296601837 0.15114018030758353 1331200
1760296628296 0.1528083943214884 1336320
1760296659102 0.15442125014659316 1341440
1760296684652 0.1561119723871647 1346560
1760296709272 0.1576059995914675 1351680
1760296734363 0.15922324443926866 1356800
1760296765748 0.1607122109910538 1361920
1760296790474 0.16243625405656004 1367040
1760296815533 0.16390125455281263 1372160
1760296841591 0.16549874556622546 1377280
1760296882940 0.16711745410600218 1382400
1760296912861 0.16888671987139003 1387520
1760296938538 0.1704571494042163 1392640
1760296964310 0.17219602800400058 1397760
1760296999154 0.17368496079828938 1402880
1760297029338 0.17512517068730085 1408000
1760297054586 0.1768095373261425 1413120
1760297080962 0.17846624376982329 1418240
1760297111279 0.18025654065660845 1423360
1760297137154 0.18169260261614795 1428480
1760297169495 0.18338302300725656 1433600
1760297202811 0.18491286167316814 1438720
1760297229939 0.1864307115056142 1443840
1760297256767 0.18794177632497974 1448960
1760297282697 0.1894355400696864 1454080
1760297315296 0.19096092337644277 1459200
1760297341518 0.19252969252969254 1464320
1760297366615 0.19401910563477778 1469440
1760297391788 0.19572904580363557 1474560
1760297422420 0.1972269695132036 1479680
1760297448727 0.198756909875966 1484800
1760297475012 0.20027438606118808 1489920
1760297501941 0.2018835897716695 1495040
1760297529207 0.20349631248292815 1500160
1760297555121 0.2049982285449541 1505280
1760297580585 0.20662932347182944 1510400
1760297607892 0.20811742044005535 1515520
1760297637597 0.20968571505914838 1520640
1760297663568 0.2111873379429559 1525760
1760297689240 0.21273040853724265 1530880
1760297716422 0.2143049206776015 1536000
1760297744476 0.21593561368209255 1541120
1760297769567 0.21732030518002945 1546240
1760297794837 0.21868739482330316 1551360
1760297822242 0.2201050022652773 1556480
1760297848962 0.22140084029144286 1561600
1760297874355 0.22275283879868407 1566720
1760297900210 0.22420183194790066 1571840
1760297927029 0.2256999471737982 1576960
1760297954830 0.2270127816576624 1582080
1760297979047 0.22846097201767304 1587200
1760298004931 0.22989712366155785 1592320
1760298029491 0.231413831932333 1597440
1760298058400 0.23280547716107453 1602560
1760298083448 0.23428496936514145 1607680
1760298108076 0.23576389792149008 1612800
1760298132792 0.23723622394684246 1617920
1760298160524 0.2386169386169386 1623040
1760298186357 0.23988730646953915 1628160
1760298210861 0.24135974414525946 1633280
1760298236240 0.2427939057031089 1638400
1760298264616 0.2442469693856585 1643520
1760298290889 0.24554029116259996 1648640
1760298315529 0.2468346335848574 1653760
1760298340984 0.24825174825174826 1658880
1760298366093 0.249637081370177 1664000
1760298395281 0.2510800508259212 1669120
1760298419898 0.25251679979713454 1674240
1760298445910 0.25380877663612894 1679360
1760298471139 0.2550827124636949 1684480
1760298499753 0.2563456254883674 1689600
1760298524407 0.25752811250031443 1694720
1760298550630 0.2588241200984084 1699840
1760298576254 0.26027706104862347 1704960
1760298604115 0.2615738426157384 1710080
1760298629895 0.26284146189347635 1715200
1760298657510 0.26417865856694717 1720320
1760298684381 0.2656513962039153 1725440
1760298708995 0.2670748940178992 1730560
1760298734671 0.2683952694344104 1735680
1760298761521 0.26965626234689843 1740800
1760298790052 0.27088570161171077 1745920
1760298815963 0.27223984849602795 1751040
1760298842066 0.2734770016199499 1756160
1760298867344 0.27471154552803706 1761280
1760298898282 0.2759902200488998 1766400
1760298924768 0.2772016300236695 1771520
1760298949532 0.27839068702661895 1776640
1760298974447 0.2797491736340657 1781760
1760299003947 0.2809732903131899 1786880
1760299030020 0.28220338983050847 1792000
1760299055921 0.28342879238260954 1797120
1760299080140 0.28467364561725117 1802240
1760299108558 0.28569021137271894 1807360
1760299135181 0.28693270547533817 1812480
1760299160758 0.2880575539568345 1817600
1760299187576 0.28918834821321715 1822720
1760299215293 0.2902909838023795 1827840
1760299242721 0.2911956884628225 1832960
1760299269324 0.29198400609291697 1838080
1760299294912 0.2930235872586047 1843200
1760299322993 0.2939990990350191 1848320
1760299351903 0.29513667021654244 1853440
1760299377531 0.296239429300326 1858560
1760299403231 0.297106746209531 1863680
1760299428749 0.2982183623996799 1868800
1760299457965 0.2993328321744033 1873920
1760299484844 0.3003892327893453 1879040
1760299510423 0.30143014301430143 1884160
1760299536115 0.30251629634821614 1889280
1760299561716 0.30369178385689966 1894400
1760299591139 0.30482553132056145 1899520
1760299617815 0.3058459965611785 1904640
1760299643732 0.3069072691005242 1909760
1760299669345 0.3081054800546385 1914880
1760299698034 0.3092459501305664 1920000
1760299723942 0.3102263027982191 1925120
1760299748775 0.31124516485540615 1930240
1760299773856 0.3124267426627749 1935360
1760299805550 0.31349788952101304 1940480
1760299829507 0.3145722659827807 1945600
1760299854361 0.31549836582634333 1950720
1760299879232 0.3166263630971392 1955840
1760299910239 0.31768188546054876 1960960
1760299935288 0.31873451669356123 1966080
1760299960673 0.31977311401020986 1971200
1760299986404 0.32087135707977626 1976320
1760300013581 0.321919356296899 1981440
1760300040118 0.3230456852791878 1986560
1760300064737 0.32413808633773955 1991680
1760300094631 0.32513544500146124 1996800
1760300120089 0.3262206067133369 2001920
1760300145283 0.3273688218036862 2007040
1760300170698 0.3284379470672389 2012160
1760300202123 0.32954038375725125 2017280
1760300226819 0.3306086995256019 2022400
1760300251806 0.3316586265922682 2027520
1760300277036 0.332778554468189 2032640
1760300305926 0.33380593708462564 2037760
1760300332282 0.33485183547103053 2042880
1760300359206 0.33592335879210633 2048000
1760300383538 0.3369246700597087 2053120
1760300410822 0.33791571353158545 2058240
1760300435474 0.33905598243688256 2063360
1760300463263 0.34011264765828747 2068480
1760300488642 0.3412163640341282 2073600
1760300514287 0.34230063761027163 2078720
1760300539857 0.34329496904699625 2083840
1760300569181 0.34438714450464564 2088960
1760300595060 0.3455532631121729 2094080
1760300622014 0.3465140478668054 2099200
1760300647704 0.34747890067085047 2104320
1760300676552 0.34846193726777847 2109440
1760300701582 0.34948462500539096 2114560
1760300726291 0.35049082924308966 2119680
1760300750160 0.35141524640546756 2124800
1760300780178 0.3522583413796803 2129920
1760300805005 0.353218378494163 2135040
1760300830021 0.3541234578460091 2140160
1760300858440 0.35509411413205855 2145280
1760300886542 0.35614920858098464 2150400
1760300911131 0.35702134898358423 2155520
1760300936119 0.35799953299794096 2160640
1760300966478 0.35898033565011017 2165760
1760300992124 0.36000592254161645 2170880
1760301017256 0.36095861486486486 2176000
1760301042261 0.36192503899827144 2181120
1760301071495 0.36281565656565656 2186240
1760301097918 0.3637356635718187 2191360
1760301122789 0.36471155660871935 2196480
1760301148430 0.36564789616914384 2201600
1760301175241 0.366478578892372 2206720
1760301216473 0.3673426806876982 2211840
1760301254582 0.3682226249244933 2216960
1760301286383 0.36913351770601566 2222080
1760301329227 0.36998359872942055 2227200
1760301379587 0.3708854987148661 2232320
1760301414785 0.3717152907097041 2237440
1760301444922 0.37249839938866974 2242560
1760301474645 0.37317525773195875 2247680
1760301504962 0.3740711006813644 2252800
1760301546287 0.37504109814236397 2257920
1760301576665 0.37576403987365137 2263040
1760301605581 0.37670980424277173 2268160
1760301635802 0.37775688326553974 2273280
1760301677182 0.37848922624877573 2278400
1760301707729 0.37923659768616585 2283520
1760301737213 0.3798698657991053 2288640
1760301766803 0.3806188329881837 2293760
1760301805364 0.38121490970265726 2298880
1760301836120 0.3816721298207276 2304000
1760301866111 0.3825347446670976 2309120
1760301896302 0.3834240774349667 2314240
1760301934055 0.3843304613898059 2319360
1760301963759 0.3853356641951494 2324480
1760301993496 0.38615529657192144 2329600
1760302022943 0.38710904649393296 2334720
1760302059128 0.3879305175205389 2339840
1760302088965 0.3888456549935149 2344960
1760302118721 0.38964479949000935 2350080
1760302153944 0.39058491279011953 2355200
1760302184394 0.3914346980105627 2360320
1760302214599 0.39241259018473 2365440
1760302244757 0.3933235713154979 2370560
1760302282721 0.3941998063968075 2375680
1760302312714 0.3950809648724877 2380800
1760302341780 0.39599905489485704 2385920
1760302370868 0.3969255568005347 2391040
1760302408342 0.3978374347501864 2396160
1760302440616 0.3987853854442159 2401280
1760302471032 0.3994875105138587 2406400
1760302508188 0.40035927676026084 2411520
1760302536893 0.4012280701754386 2416640
1760302566416 0.40210579580397804 2421760
1760302596330 0.4029685466166728 2426880
1760302634069 0.403812959407304 2432000
1760302664933 0.4046973628160942 2437120
1760302693951 0.40559035026675944 2442240
1760302722758 0.4064423986258275 2447360
1760302758753 0.407310352800632 2452480
1760302784980 0.4081455972604321 2457600
