1760282985058 398.46309720552887 5120
1760283010769 405.9394471092146 10240
1760283036221 407.7563911799269 15360
1760283067456 405.0201620989305 20480
1760283093387 406.00488784632734 25600
1760283118989 406.84332789095936 30720
1760283145846 408.3547621992996 35840
1760283176800 409.00947073531364 40960
1760283202805 409.8738416011933 46080
1760283229444 410.6110999561916 51200
1760283260529 410.8748371767657 56320
1760283290654 411.2695671251325 61440
1760283320393 411.5051907146642 66560
1760283351771 411.73782583668134 71680
1760283380574 412.0370828694869 76800
1760283408235 412.402197731641 81920
1760283439743 412.4086372069095 87040
1760283487640 412.6388898084393 92160
1760290181701 412.56052595333074 97280
1760290208949 412.72731226802756 102400
1760290235363 412.92801987116394 107520
1760290261210 413.06071888851415 112640
1760290292654 413.3096390642278 117760
1760290318660 413.2596077201015 122880
1760290344645 413.42364686970785 128000
1760290370870 413.5702686166965 133120
1760290402036 413.5887532424628 138240
1760290427677 413.6677225453842 143360
1760290453625 413.6425698719583 148480
1760290479556 413.4778487176891 153600
1760290511272 413.5361493147826 158720
1760290537554 413.5544034325462 163840
1760290563742 413.6123000580557 168960
1760290589308 413.8068703187158 174080
1760290621573 413.72798805946485 179200
1760290647305 413.77924731843945 184320
1760290672926 413.69147923273056 189440
1760290698967 413.77760429704887 194560
1760290731158 413.8623096629404 199680
1760290757188 413.9307202935156 204800
1760290783147 413.9099356125026 209920
1760290809577 413.96412493242053 215040
1760290840178 414.03549264498184 220160
1760290868932 414.0019758270293 225280
1760290895481 413.93198389039003 230400
1760290920628 413.96659867204016 235520
1760290948598 413.8995423494579 240640
1760290974421 413.2951046513074 245760
1760290999974 412.35189512938814 250880
1760291024212 411.5300923724659 256000
1760291050897 410.5626307579675 261120
1760291078173 409.659660820397 266240
1760291102974 408.7710799214332 271360
1760291127809 408.19305859122903 276480
1760291152115 407.85874410003174 281600
1760291179391 407.4676681824612 286720
1760291206860 407.0275534045194 291840
1760291233105 406.755716765873 296960
1760291260197 406.47605891566013 302080
1760291287836 406.1173967736208 307200
1760291318724 405.7408351520746 312320
1760291344455 405.5022298408606 317440
1760291371101 405.29504946986214 322560
1760291396924 404.77571466159327 327680
1760291427055 404.18737195131035 332800
1760291453587 403.6373299873186 337920
1760291481767 403.1955181704715 343040
1760291507246 402.7332364012202 348160
1760291533394 402.1403183651796 353280
1760291558960 401.5808956441176 358400
1760291589442 401.11863572507644 363520
1760291614266 400.61520365974945 368640
1760291640130 400.0757507294167 373760
1760291665353 399.5881075530657 378880
1760291694893 399.23988718276826 384000
1760291721913 399.0980787336639 389120
1760291746759 398.8296561669956 394240
1760291772263 398.16263936443545 399360
1760291800068 397.5067294085304 404480
1760291828108 396.94781996865174 409600
1760291853727 396.4671070193613 414720
1760291881678 396.0288732892368 419840
1760291909533 395.4939999852529 424960
1760291938393 395.0209342890595 430080
1760291964584 394.48569472948395 435200
1760291990000 393.91272793335906 440320
1760292016846 393.22276828569676 445440
1760292045399 392.51531738020554 450560
1760292072050 391.9181211599927 455680
1760292100964 391.21273566241314 460800
1760292127141 390.35848337375387 465920
1760292153574 389.6328585048682 471040
1760292182080 388.8753780950047 476160
1760292211899 388.0910547757496 481280
1760292237012 387.2806331542097 486400
1760292262306 386.4580565118824 491520
1760292287938 385.6414884847702 496640
1760292319971 384.89173639481993 501760
1760292344914 384.13456806255755 506880
1760292369856 383.3652666001614 512000
1760292395091 382.6228146791024 517120
1760292427771 381.82881483490297 522240
1760292452640 381.0330238557553 527360
1760292478117 380.2773171770314 532480
1760292504420 379.3067777602086 537600
1760292536405 378.3489239095442 542720
1760292561998 377.42913731303554 547840
1760292587594 376.41772846520354 552960
1760292613304 375.38967527587903 558080
1760292645319 374.3644893786061 563200
1760292670939 373.30786279785065 568320
1760292696705 372.26926856311167 573440
1760292722361 371.25323161724447 578560
1760292754258 370.28300514306153 583680
1760292780454 369.2471878393225 588800
1760292805881 368.2499840599334 593920
1760292831787 367.291037754378 599040
1760292863661 366.32325588425584 604160
1760292888819 365.3764296232443 609280
1760292914952 364.4176390000404 614400
1760292940923 363.5396509379681 619520
1760292970723 362.62152956223855 624640
1760292998709 361.66817548516127 629760
1760293024206 360.73859321655965 634880
1760293049838 359.85375089025456 640000
1760293078123 358.96231525588 645120
1760293105894 358.0400804954 650240
1760293133225 357.0483886299523 655360
1760293159152 356.092850891298 660480
1760293185274 355.1673816407787 665600
1760293211672 354.3203843514121 670720
1760293243116 353.4751208782196 675840
1760293268786 352.69064008601316 680960
1760293294007 351.8235954628245 686080
1760293319638 350.9832162022396 691200
1760293351991 350.0701196746591 696320
1760293377156 349.2151161767963 701440
1760293402774 348.4146359887967 706560
1760293428498 347.658009734159 711680
1760293460115 346.9336915092629 716800
1760293485692 346.14815168559164 721920
1760293511159 345.3407175686658 727040
1760293536722 344.64293471503373 732160
1760293568111 343.8338628429791 737280
1760293593609 343.0727468027262 742400
1760293619184 342.24464275083443 747520
1760293644247 341.5308184443302 752640
1760293675681 340.787426423387 757760
1760293701301 340.05975647384264 762880
1760293727373 339.30608725582755 768000
1760293753757 338.5432527399017 773120
1760293783687 337.8006387103242 778240
1760293811725 337.162840207264 783360
1760293837414 336.4786399564188 788480
1760293862800 335.7712084522057 793600
1760293890673 335.1715756065992 798720
1760293919097 334.57872563133736 803840
1760293944895 333.9773968565295 808960
1760293970234 333.41116504322315 814080
1760293997076 332.85508064807755 819200
1760294026107 332.3242636890493 824320
1760294051710 331.7615039563604 829440
1760294077724 331.21393989236356 834560
1760294104486 330.68379861640466 839680
1760294133626 330.11802260704485 844800
1760294160796 329.5618087566043 849920
1760294186119 329.0219450829298 855040
1760294211597 328.5001407416997 860160
1760294240121 327.9472660105928 865280
1760294268015 327.42937086999916 870400
1760294293580 326.83882921816974 875520
1760294319000 326.28238794787814 880640
1760294347133 325.76008565274566 885760
1760294374827 325.18552544769136 890880
1760294402468 324.6229261895207 896000
1760294429139 324.06991401212093 901120
1760294455944 323.4803217597138 906240
1760294482951 322.9390468628417 911360
1760294508583 322.3507022991813 916480
1760294536448 321.7666281092646 921600
1760294562076 321.177310542196 926720
1760294588788 320.5948400387563 931840
1760294613442 320.0077588513487 936960
1760294644160 319.428410888327 942080
1760294670069 318.9059955895552 947200
1760294695751 318.3963694530084 952320
1760294721428 317.83736591301505 957440
1760294753111 317.3314526175294 962560
1760294778087 316.81961710483006 967680
1760294803944 316.3497948527222 972800
1760294829307 315.83677228685355 977920
1760294858500 315.3312951570639 983040
1760294883145 314.8276751198571 988160
1760294912959 314.3486913284737 993280
1760294939111 313.80056707534084 998400
1760294964927 313.2860915350022 1003520
1760294990005 312.7452956487365 1008640
1760295017052 312.17445627435245 1013760
1760295045766 311.6464657114093 1018880
1760295071306 311.1202957685086 1024000
1760295096320 310.6929606462392 1029120
1760295121527 310.22276243830134 1034240
1760295151533 309.7377919802255 1039360
1760295177689 309.27940659125846 1044480
1760295202394 308.8381740433659 1049600
1760295227833 308.313660174365 1054720
1760295254828 307.85240391498456 1059840
1760295283811 307.33463086841147 1064960
1760295309075 306.82373504006034 1070080
1760295334594 306.3368846669889 1075200
1760295359931 305.83708841792526 1080320
1760295388181 305.33012078665735 1085440
1760295413588 304.8340217009511 1090560
1760295439424 304.34134497962845 1095680
1760295463759 303.8623557814685 1100800
1760295491761 303.41969660689006 1105920
1760295516183 302.9153516336361 1111040
1760295540773 302.4293383877545 1116160
1760295565340 301.9372063253242 1121280
1760295594433 301.47934978402844 1126400
1760295617669 300.95404187766155 1131520
1760295642695 300.47063526805863 1136640
1760295669888 299.97119494876745 1141760
1760295694667 299.49792043466135 1146880
1760295719151 298.9852784436356 1152000
1760295743344 298.4509339479905 1157120
1760295772091 297.99821110184956 1162240
1760295796307 297.48389395375517 1167360
1760295820337 296.95126466231443 1172480
1760295845605 296.4101068415084 1177600
1760295871509 295.9172256674591 1182720
1760295897435 295.38964990519065 1187840
1760295920992 294.8474633621002 1192960
1760295946846 294.2883511785169 1198080
1760295971695 293.74593395539006 1203200
1760295997875 293.22914497374296 1208320
1760296021865 292.75159896757486 1213440
1760296048649 292.2192471275566 1218560
1760296072342 291.68608721926284 1223680
1760296097876 291.1829121294465 1228800
1760296121629 290.76017333156267 1233920
1760296149047 290.30215087898137 1239040
1760296173267 289.815797250571 1244160
1760296197506 289.36739214223434 1249280
1760296221486 288.93209359462287 1254400
1760296249945 288.44849341754167 1259520
1760296274046 288.0046917809174 1264640
1760296297947 287.51417501263995 1269760
1760296322880 287.0415753271096 1274880
1760296349526 286.54717145831466 1280000
1760296374574 286.0614289464441 1285120
1760296398746 285.56512902924396 1290240
1760296423695 285.11879783540104 1295360
1760296451793 284.6207664981774 1300480
1760296475988 284.08938252694134 1305600
1760296499901 283.6364074200538 1310720
1760296524097 283.1216619445283 1315840
1760296553742 282.63982840133383 1320960
1760296577182 282.13296157248914 1326080
1760296601837 281.6299045817417 1331200
1760296628296 281.11103686838453 1336320
1760296659102 280.58933072220447 1341440
1760296684652 280.0696704320087 1346560
1760296709272 279.5822889266835 1351680
1760296734363 279.07794010335164 1356800
1760296765748 278.54853369082474 1361920
1760296790474 278.0188374685147 1367040
1760296815533 277.51868111923085 1372160
1760296841591 277.01312421485244 1377280
1760296882940 276.5098556076869 1382400
1760296912861 275.98031963666625 1387520
1760296938538 275.4787766905032 1392640
1760296964310 274.9387508082209 1397760
1760296999154 274.47911674863855 1402880
1760297029338 274.0360502052915 1408000
1760297054586 273.5457296804038 1413120
1760297080962 273.0399937977551 1418240
1760297111279 272.51378466087783 1423360
1760297137154 272.0361357943991 1428480
1760297169495 271.5239998083077 1433600
1760297202811 271.052826701101 1438720
1760297229939 270.5719560791884 1443840
1760297256767 270.1019514467165 1448960
1760297282697 269.63068385575457 1454080
1760297315296 269.1372977055059 1459200
1760297341518 268.6534830017801 1464320
1760297366615 268.17764027793703 1469440
1760297391788 267.6622051835699 1474560
1760297422420 267.2187942529278 1479680
1760297448727 266.73200595937857 1484800
1760297475012 266.2279218565111 1489920
1760297501941 265.730152319995 1495040
1760297529207 265.24390479689316 1500160
1760297555121 264.7518206933655 1505280
1760297580585 264.25610482342637 1510400
1760297607892 263.7679380865363 1515520
1760297637597 263.282557610605 1520640
1760297663568 262.7931125133122 1525760
1760297689240 262.29879911241187 1530880
1760297716422 261.8227218738709 1536000
1760297744476 261.3204221029301 1541120
1760297769567 260.86571508628936 1546240
1760297794837 260.4091338259474 1551360
1760297822242 259.9220933572851 1556480
1760297848962 259.4738303417159 1561600
1760297874355 258.9930544447066 1566720
1760297900210 258.52406102354837 1571840
1760297927029 258.0363714686664 1576960
1760297954830 257.59270006341416 1582080
1760297979047 257.15692137869286 1587200
1760298004931 256.72438341645716 1592320
1760298029491 256.25861317665573 1597440
1760298058400 255.81431168414363 1602560
1760298083448 255.33495857916077 1607680
1760298108076 254.86297267640822 1612800
1760298132792 254.3860617305518 1617920
1760298160524 253.97813647669605 1623040
1760298186357 253.57834557940453 1628160
1760298210861 253.13048767165407 1633280
1760298236240 252.68759085058502 1638400
1760298264616 252.25008699108693 1643520
1760298290889 251.8399066545691 1648640
1760298315529 251.4308014154099 1653760
1760298340984 250.98368076443046 1658880
1760298366093 250.5500431684025 1664000
1760298395281 250.10428472380778 1669120
1760298419898 249.66540251845896 1674240
1760298445910 249.25800387705002 1679360
1760298471139 248.84312608027372 1684480
1760298499753 248.4563789416714 1689600
1760298524407 248.09690800391127 1694720
1760298550630 247.68750373865998 1699840
1760298576254 247.24752213992613 1704960
1760298604115 246.82279148794106 1710080
1760298629895 246.4416822336641 1715200
1760298657510 246.02597094372805 1720320
1760298684381 245.5902908933242 1725440
1760298708995 245.15816088292803 1730560
1760298734671 244.75971309320772 1735680
1760298761521 244.37310505403167 1740800
1760298790052 243.97728984990135 1745920
1760298815963 243.57385604724422 1751040
1760298842066 243.1671021023155 1756160
1760298867344 242.78429866127374 1761280
1760298898282 242.3977549046001 1766400
1760298924768 242.01371721238053 1771520
1760298949532 241.6327793030943 1776640
1760298974447 241.2284772925958 1781760
1760299003947 240.86718142772673 1786880
1760299030020 240.49934014641343 1792000
1760299055921 240.15127461035914 1797120
1760299080140 239.79006314501933 1802240
1760299108558 239.48603535226545 1807360
1760299135181 239.10228396654617 1812480
1760299160758 238.7494455607389 1817600
1760299187576 238.38785994482313 1822720
1760299215293 238.03398873719536 1827840
1760299242721 237.71644996697285 1832960
1760299269324 237.37339540991454 1838080
1760299294912 237.00600316622538 1843200
1760299322993 236.68485847160386 1848320
1760299351903 236.34910767627122 1853440
1760299377531 236.03538807229046 1858560
1760299403231 235.78360812533435 1863680
1760299428749 235.43012108246492 1868800
1760299457965 235.09757377195797 1873920
1760299484844 234.75499024943056 1879040
1760299510423 234.4506517025487 1884160
1760299536115 234.13475419828785 1889280
1760299561716 233.7999202712525 1894400
1760299591139 233.4487248453149 1899520
1760299617815 233.14022107427684 1904640
1760299643732 232.81956462326576 1909760
1760299669345 232.4768476623319 1914880
1760299698034 232.14638138408017 1920000
1760299723942 231.83095483815768 1925120
1760299748775 231.49938926478956 1930240
1760299773856 231.15704398446613 1935360
1760299805550 230.82841871138734 1940480
1760299829507 230.4975412455774 1945600
1760299854361 230.18088923260663 1950720
1760299879232 229.84768392844222 1955840
1760299910239 229.5102681535775 1960960
1760299935288 229.18106685652214 1966080
1760299960673 228.87241528611122 1971200
1760299986404 228.5325789095383 1976320
1760300013581 228.21186773156873 1981440
1760300040118 227.87210555935604 1986560
1760300064737 227.53091355275535 1991680
1760300094631 227.24001089409552 1996800
1760300120089 226.91680291524548 2001920
1760300145283 226.56142446467413 2007040
1760300170698 226.23563109412896 2012160
1760300202123 225.9069400812887 2017280
1760300226819 225.5987530218105 2022400
1760300251806 225.28704040091796 2027520
1760300277036 224.97845140555393 2032640
1760300305926 224.69560975500266 2037760
1760300332282 224.39513465041136 2042880
1760300359206 224.07225651324418 2048000
1760300383538 223.7695779068565 2053120
1760300410822 223.49859759968265 2058240
1760300435474 223.19252220714915 2063360
1760300463263 222.9106944854 2068480
1760300488642 222.6011298233663 2073600
1760300514287 222.30974829883095 2078720
1760300539857 222.02515219062195 2083840
1760300569181 221.72514277554333 2088960
1760300595060 221.40084802480717 2094080
1760300622014 221.12042298384767 2099200
1760300647704 220.83841657739674 2104320
1760300676552 220.56598944760003 2109440
1760300701582 220.27575559217541 2114560
1760300726291 219.99357549138006 2119680
1760300750160 219.7249314174674 2124800
1760300780178 219.4591181612337 2129920
1760300805005 219.19544917377604 2135040
1760300830021 218.93210351027957 2140160
1760300858440 218.64888780393522 2145280
1760300886542 218.35369491162692 2150400
1760300911131 218.12436910870835 2155520
1760300936119 217.8570501330794 2160640
1760300966478 217.5803012023398 2165760
1760300992124 217.28061123972685 2170880
1760301017256 217.02348600336023 2176000
1760301042261 216.76062127000802 2181120
1760301071495 216.52802345198813 2186240
1760301097918 216.2736580706903 2191360
1760301122789 216.00233763099743 2196480
1760301148430 215.73683125554007 2201600
1760301175241 215.51501640869907 2206720
1760301216473 215.29208652405285 2211840
1760301254582 215.0515943630239 2216960
1760301286383 214.8049700733172 2222080
1760301329227 214.58555313576983 2227200
1760301379587 214.3408086226558 2232320
1760301414785 214.12387493756304 2237440
1760301444922 213.93760475018928 2242560
1760301474645 213.77752906783584 2247680
1760301504962 213.5313226117208 2252800
1760301546287 213.27450372262277 2257920
1760301576665 213.0698481726139 2263040
1760301605581 212.8229013412217 2268160
1760301635802 212.52495703872546 2273280
1760301677182 212.32972866111902 2278400
1760301707729 212.14046868754264 2283520
1760301737213 211.974773117506 2288640
1760301766803 211.78903285109539 2293760
1760301805364 211.63078509784864 2298880
1760301836120 211.5189517297004 2304000
1760301866111 211.27719064304424 2309120
1760301896302 211.01385647834707 2314240
1760301934055 210.7729853894152 2319360
1760301963759 210.48747275340196 2324480
1760301993496 210.24269833902494 2329600
1760302022943 209.97434892028463 2334720
1760302059128 209.72859476195356 2339840
1760302088965 209.4559710249434 2344960
1760302118721 209.2207186874632 2350080
1760302153944 208.9458766403224 2355200
1760302184394 208.6814221025143 2360320
1760302214599 208.3899063767255 2365440
1760302244757 208.11738636064553 2370560
1760302282721 207.85578356595735 2375680
1760302312714 207.6036656144333 2380800
1760302341780 207.33703956504857 2385920
1760302370868 207.06477864943275 2391040
1760302408342 206.80191260186277 2396160
1760302440616 206.5324681407126 2401280
1760302471032 206.29962116178254 2406400
1760302508188 206.04378436317194 2411520
1760302536893 205.78264297455607 2416640
1760302566416 205.52338439506644 2421760
1760302596330 205.26920300268543 2426880
1760302634069 205.01494340938592 2432000
1760302664933 204.75209591105533 2437120
1760302693951 204.49039423538548 2442240
1760302722758 204.24940549239273 2447360
1760302758753 203.98684425010748 2452480
1760302784980 203.7566775119388 2457600
