1760282985058 1.2182378182044395 5120
1760283010769 1.0320214304835889 10240
1760283036221 0.9824426964464958 15360
1760283067456 1.0325795913125104 20480
1760283093387 1.0365933880363543 25600
1760283118989 1.0218048231747963 30720
1760283145846 1.0049231665143141 35840
1760283176800 0.9815294122771974 40960
1760283202805 0.9650694994935467 46080
1760283229444 0.9567196496786865 51200
1760283260529 0.9604647153135157 56320
1760283290654 0.9488022769562813 61440
1760283320393 0.9444778642632653 66560
1760283351771 0.9446264762022483 71680
1760283380574 0.9399340890847191 76800
1760283408235 0.9361290790116926 81920
1760283439743 0.9355604471961707 87040
1760283487640 0.9341596888059052 92160
1760290181701 0.9346036176760264 97280
1760290208949 0.9331246429637533 102400
1760290235363 0.9296614860443787 107520
1760290261210 0.926097430620471 112640
1760290292654 0.9198901067129853 117760
1760290318660 0.9223801931867742 122880
1760290344645 0.9205874211297612 128000
1760290370870 0.9189859133751141 133120
1760290402036 0.9193937231435754 138240
1760290427677 0.9198265870412191 143360
1760290453625 0.9224774247961143 148480
1760290479556 0.9277305221503882 153600
1760290511272 0.9252561853574647 158720
1760290537554 0.9259238778521237 163840
1760290563742 0.9249189422040471 168960
1760290589308 0.9217657096821061 174080
1760290621573 0.922074298807952 179200
1760290647305 0.9192525724063507 184320
1760290672926 0.9202995548764851 189440
1760290698967 0.9188406243555589 194560
1760290731158 0.9180784743394309 199680
1760290757188 0.9149891560630576 204800
1760290783147 0.9158123512165838 209920
1760290809577 0.9143760401438573 215040
1760290840178 0.912008162401214 220160
1760290868932 0.9134933605432282 225280
1760290895481 0.9137709483168179 230400
1760290920628 0.9123457994451417 235520
1760290948598 0.9157681524356707 240640
1760290974421 0.9232975699500879 245760
1760290999974 0.9365160681381213 250880
1760291024212 0.946091551202741 256000
1760291050897 0.9586929287473679 261120
1760291078173 0.9710784574809159 266240
1760291102974 0.9841497714017577 271360
1760291127809 0.9930193466538574 276480
1760291152115 0.9993226520224221 281600
1760291179391 1.0065920408572375 286720
1760291206860 1.0154566078821867 291840
1760291233105 1.0203863175637957 296960
1760291260197 1.0248989165428273 302080
1760291287836 1.031786008174818 307200
1760291318724 1.0381742038255686 312320
1760291344455 1.0424621217111776 317440
1760291371101 1.0467515967883398 322560
1760291396924 1.0567394723052188 327680
1760291427055 1.0684497074002215 332800
1760291453587 1.0782345435017702 337920
1760291481767 1.0858155423456128 343040
1760291507246 1.0932383839293507 348160
1760291533394 1.1025340437257547 353280
1760291558960 1.1121494409289097 358400
1760291589442 1.1192097260554381 363520
1760291614266 1.126796790955966 368640
1760291640130 1.135165441452958 373760
1760291665353 1.1428113666060025 378880
1760291694893 1.1498944343787392 384000
1760291721913 1.1525287576113046 389120
1760291746759 1.1548837025587086 394240
1760291772263 1.1614518461357266 399360
1760291800068 1.1677258638129442 404480
1760291828108 1.1734046492313583 409600
1760291853727 1.1803546193809054 414720
1760291881678 1.1859342950086078 419840
1760291909533 1.1915753891064065 424960
1760291938393 1.1952074933326409 430080
1760291964584 1.1998732957611933 435200
1760291990000 1.2051430235214395 440320
1760292016846 1.2111041415037842 445440
1760292045399 1.217952736520029 450560
1760292072050 1.2231935695169083 455680
1760292100964 1.2292634224507561 460800
1760292127141 1.236315352681281 465920
1760292153574 1.240816481002357 471040
1760292182080 1.2469042362679919 476160
1760292211899 1.2542596830923127 481280
1760292237012 1.2617102585286397 486400
1760292262306 1.2687623123890028 491520
1760292287938 1.275501957322205 496640
1760292319971 1.2822611603640421 501760
1760292344914 1.2893784789332918 506880
1760292369856 1.296248432341166 512000
1760292395091 1.3033862336462576 517120
1760292427771 1.3091068876143603 522240
1760292452640 1.3158005256786447 527360
1760292478117 1.3217421547731747 532480
1760292504420 1.3296785768656534 537600
1760292536405 1.3352739229919697 542720
1760292561998 1.341701240887119 547840
1760292587594 1.3488385214044811 552960
1760292613304 1.355415959031874 558080
1760292645319 1.3624058629726696 563200
1760292670939 1.3689607287366454 568320
1760292696705 1.3747516843076284 573440
1760292722361 1.381227681063109 578560
1760292754258 1.3881622400651972 583680
1760292780454 1.3947031497514377 588800
1760292805881 1.3997323664960644 593920
1760292831787 1.4058536395891736 599040
1760292863661 1.4121375981237432 604160
1760292888819 1.4178791712749887 609280
1760292914952 1.4240504213626681 614400
1760292940923 1.4300908283817533 619520
1760292970723 1.4355334750210613 624640
1760292998709 1.4418108258953024 629760
1760293024206 1.4479996240974022 634880
1760293049838 1.4536720932326144 640000
1760293078123 1.4587942502818252 645120
1760293105894 1.4645976511895908 650240
1760293133225 1.4709537914413178 655360
1760293159152 1.4776375687453323 660480
1760293185274 1.4841194655555707 665600
1760293211672 1.4887186821046687 670720
1760293243116 1.493935360097223 675840
1760293268786 1.4984996691381616 680960
1760293294007 1.5036359518618707 686080
1760293319638 1.5093218987620616 691200
1760293351991 1.5154621324860722 696320
1760293377156 1.521300000215334 701440
1760293402774 1.526510606293002 706560
1760293428498 1.530962797050725 711680
1760293460115 1.5347214590949851 716800
1760293485692 1.5396072154338805 721920
1760293511159 1.5443992618741544 727040
1760293536722 1.548281002422883 732160
1760293568111 1.5534085954462533 737280
1760293593609 1.5575534656755656 742400
1760293619184 1.563710311257542 747520
1760293644247 1.5677734984214489 752640
1760293675681 1.5736163680304975 757760
1760293701301 1.57818878271429 762880
1760293727373 1.5831112295986485 768000
1760293753757 1.5882581477430047 773120
1760293783687 1.5922690902356167 778240
1760293811725 1.5962368887944522 783360
1760293837414 1.6009548242281426 788480
1760293862800 1.6049646394439965 793600
1760293890673 1.6091941272148684 798720
1760293919097 1.6134836366891188 803840
1760293944895 1.6170006249090827 808960
1760293970234 1.619834515182096 814080
1760293997076 1.6229151478306323 819200
1760294026107 1.6260446509838309 824320
1760294051710 1.6303327171690973 829440
1760294077724 1.6338173579654218 834560
1760294104486 1.6375479000303077 839680
1760294133626 1.6411345319858388 844800
1760294160796 1.6449140483036617 849920
1760294186119 1.6490125241963722 855040
1760294211597 1.6527138543791848 860160
1760294240121 1.6563649697288527 865280
1760294268015 1.6598224170398055 870400
1760294293580 1.6635811011669388 875520
1760294319000 1.66649970834409 880640
1760294347133 1.6695818732387357 885760
1760294374827 1.6729125341803044 890880
1760294402468 1.676086293034853 896000
1760294429139 1.679328185838221 901120
1760294455944 1.6839758939024676 906240
1760294482951 1.6883226638885267 911360
1760294508583 1.692595587329125 916480
1760294536448 1.6954133573333634 921600
1760294562076 1.6991830698630486 926720
1760294588788 1.702856552919007 931840
1760294613442 1.7067738190035537 936960
1760294644160 1.7109371652865324 942080
1760294670069 1.7150897821404432 947200
1760294695751 1.7187348768473623 952320
1760294721428 1.7228569616744074 957440
1760294753111 1.7264696148473393 962560
1760294778087 1.7299872257459954 967680
1760294803944 1.7335897603490433 972800
1760294829307 1.737346322722073 977920
1760294858500 1.7411089531878727 983040
1760294883145 1.7446657446849874 988160
1760294912959 1.7490416964319444 993280
1760294939111 1.7526935968339814 998400
1760294964927 1.7562076137479563 1003520
1760294990005 1.7601743727807764 1008640
1760295017052 1.76454080739265 1013760
1760295045766 1.767735811879379 1018880
1760295071306 1.7714382572419654 1024000
1760295096320 1.7746813562888484 1029120
1760295121527 1.7770965252195299 1034240
1760295151533 1.7800293205627256 1039360
1760295177689 1.7828256972994816 1044480
1760295202394 1.785182862349714 1049600
1760295227833 1.7884875904488524 1054720
1760295254828 1.7915516926445412 1059840
1760295283811 1.7950663299130822 1064960
1760295309075 1.7978567343688001 1070080
1760295334594 1.800701030028129 1075200
1760295359931 1.8028846411023005 1080320
1760295388181 1.8056444820193664 1085440
1760295413588 1.808350810693034 1090560
1760295439424 1.8110687023136158 1095680
1760295463759 1.8137389559837593 1100800
1760295491761 1.8159838967735733 1105920
1760295516183 1.818385462746095 1111040
1760295540773 1.8206801380081867 1116160
1760295565340 1.8233415180010166 1121280
1760295594433 1.8254978971439202 1126400
1760295617669 1.8279048168279248 1131520
1760295642695 1.8305900647564115 1136640
1760295669888 1.8337707725448682 1141760
1760295694667 1.8365306185228834 1146880
1760295719151 1.8396450217065328 1152000
1760295743344 1.8426098487110731 1157120
1760295772091 1.8447029728069557 1162240
1760295796307 1.8475467397385286 1167360
1760295820337 1.850798820731571 1172480
1760295845605 1.8533925432870546 1177600
1760295871509 1.8564231724935654 1182720
1760295897435 1.8591845156227493 1187840
1760295920992 1.8621639309383888 1192960
1760295946846 1.8654190923640497 1198080
1760295971695 1.8688532412546266 1203200
1760295997875 1.871752248589344 1208320
1760296021865 1.8750789283355345 1213440
1760296048649 1.8784900359041201 1218560
1760296072342 1.8817977999225677 1223680
1760296097876 1.8846585600476713 1228800
1760296121629 1.8867122737779831 1233920
1760296149047 1.8891199043234264 1239040
1760296173267 1.8922802796152707 1244160
1760296197506 1.8949770238644958 1249280
1760296221486 1.8972536242847384 1254400
1760296249945 1.9004629646647004 1259520
1760296274046 1.9031935963864806 1264640
1760296297947 1.9060687881774996 1269760
1760296322880 1.908856720237867 1274880
1760296349526 1.9115003460078313 1280000
1760296374574 1.914398820531198 1285120
1760296398746 1.9170104600533882 1290240
1760296423695 1.9196457035441197 1295360
1760296451793 1.9225936627104423 1300480
1760296475988 1.9259462646024883 1305600
1760296499901 1.9288220375936733 1310720
1760296524097 1.932041985154838 1315840
1760296553742 1.9349215054310902 1320960
1760296577182 1.9384588766217707 1326080
1760296601837 1.9418354059711285 1331200
1760296628296 1.9456762398438168 1336320
1760296659102 1.9491950787566283 1341440
1760296684652 1.9522245336639656 1346560
1760296709272 1.9553770955114222 1351680
1760296734363 1.9586795191277833 1356800
1760296765748 1.9613919937335005 1361920
1760296790474 1.9647487463860474 1367040
1760296815533 1.9680942371207635 1372160
1760296841591 1.9711131201410017 1377280
1760296882940 1.9742566296013877 1382400
1760296912861 1.9775840666521742 1387520
1760296938538 1.980486835884895 1392640
1760296964310 1.9840073056417902 1397760
1760296999154 1.9868686097431252 1402880
1760297029338 1.9895179459980308 1408000
1760297054586 1.9929055668432674 1413120
1760297080962 1.996269802783591 1418240
1760297111279 1.9999047680992914 1423360
1760297137154 2.0031242702369707 1428480
1760297169495 2.0061945912808072 1433600
1760297202811 2.009330634587982 1438720
1760297229939 2.0123992547456684 1443840
1760297256767 2.0153716379920796 1448960
1760297282697 2.018492527925179 1454080
1760297315296 2.0213872308244363 1459200
1760297341518 2.0244621188887506 1464320
1760297366615 2.0273371642470672 1469440
1760297391788 2.031225886461623 1474560
1760297422420 2.0338993919507575 1479680
1760297448727 2.037619298973387 1484800
1760297475012 2.0417700907382343 1489920
1760297501941 2.044829457467927 1495040
1760297529207 2.0484593779296376 1500160
1760297555121 2.0525546108351165 1505280
1760297580585 2.055736904328923 1510400
1760297607892 2.0591381619655063 1515520
1760297637597 2.0627036191347 1520640
1760297663568 2.0666970902202246 1525760
1760297689240 2.0704024274171626 1530880
1760297716422 2.0736753799159477 1536000
1760297744476 2.077330720518996 1541120
1760297769567 2.0807427129182545 1546240
1760297794837 2.083821447422213 1551360
1760297822242 2.0876523100154007 1556480
1760297848962 2.0906937643358607 1561600
1760297874355 2.0938856085305964 1566720
1760297900210 2.0974284271682153 1571840
1760297927029 2.1008559479892286 1576960
1760297954830 2.1038273763461834 1582080
1760297979047 2.1067699793637638 1587200
1760298004931 2.1098260200251406 1592320
1760298029491 2.112897569643036 1597440
1760298058400 2.116023131594135 1602560
1760298083448 2.1196185675799932 1607680
1760298108076 2.123190261363698 1612800
1760298132792 2.127041614599899 1617920
1760298160524 2.1297496394029216 1623040
1760298186357 2.1321082120226538 1628160
1760298210861 2.1352432732191984 1633280
1760298236240 2.138306961890133 1638400
1760298264616 2.1414037022669996 1643520
1760298290889 2.1442205674193153 1648640
1760298315529 2.1469332655367452 1653760
1760298340984 2.1499541181255024 1658880
1760298366093 2.153110524698168 1664000
1760298395281 2.1561686739988217 1669120
1760298419898 2.159034041855383 1674240
1760298445910 2.16131657864296 1679360
1760298471139 2.1640874694311676 1684480
1760298499753 2.1671311436627825 1689600
1760298524407 2.1691352229775585 1694720
1760298550630 2.1719382119393047 1699840
1760298576254 2.174777164754034 1704960
1760298604115 2.177770491564659 1710080
1760298629895 2.1807415717525704 1715200
1760298657510 2.183644762767155 1720320
1760298684381 2.1873204243013733 1725440
1760298708995 2.189872026792211 1730560
1760298734671 2.192606958053946 1735680
1760298761521 2.194982704698027 1740800
1760298790052 2.197882109850776 1745920
1760298815963 2.200284892210539 1751040
1760298842066 2.203507230334614 1756160
1760298867344 2.2061722961184307 1761280
1760298898282 2.208652260600792 1766400
1760298924768 2.2114566524097254 1771520
1760298949532 2.2139317470775457 1776640
1760298974447 2.2162926416788356 1781760
1760299003947 2.218302530532222 1786880
1760299030020 2.2206249533092137 1792000
1760299055921 2.2227440693018967 1797120
1760299080140 2.225254813026856 1802240
1760299108558 2.22669053246447 1807360
1760299135181 2.228995277288025 1812480
1760299160758 2.2308021462621164 1817600
1760299187576 2.2331013428525455 1822720
1760299215293 2.235174808860355 1827840
1760299242721 2.2368086456325753 1832960
1760299269324 2.23892307068134 1838080
1760299294912 2.2410121725988477 1843200
1760299322993 2.2429829339320606 1848320
1760299351903 2.2452064478500344 1853440
1760299377531 2.24677703960327 1858560
1760299403231 2.2478315389868353 1863680
1760299428749 2.25003167965617 1868800
1760299457965 2.2519613346912832 1873920
1760299484844 2.2539065172202233 1879040
1760299510423 2.25544369902958 1884160
1760299536115 2.257349915527963 1889280
1760299561716 2.2597111430824595 1894400
1760299591139 2.261827693532423 1899520
1760299617815 2.263669352919435 1904640
1760299643732 2.265748114678116 1909760
1760299669345 2.2679384944863576 1914880
1760299698034 2.2698969614998052 1920000
1760299723942 2.271600230996503 1925120
1760299748775 2.2735167436341506 1930240
1760299773856 2.27551590976328 1935360
1760299805550 2.277494967716684 1940480
1760299829507 2.2791330264064062 1945600
1760299854361 2.281305967013615 1950720
1760299879232 2.2834981991088688 1955840
1760299910239 2.2862145047435916 1960960
1760299935288 2.2882415593143226 1966080
1760299960673 2.2903842181694216 1971200
1760299986404 2.292765820086595 1976320
1760300013581 2.294742003238155 1981440
1760300040118 2.296998101378052 1986560
1760300064737 2.299243900930374 1991680
1760300094631 2.3009630022772947 1996800
1760300120089 2.302898556812514 2001920
1760300145283 2.3052914819586485 2007040
1760300170698 2.3080006341139474 2012160
1760300202123 2.310098279410843 2017280
1760300226819 2.3122619726697216 2022400
1760300251806 2.314464231702715 2027520
1760300277036 2.31655777706736 2032640
1760300305926 2.31846124951587 2037760
1760300332282 2.3202479875388264 2042880
1760300359206 2.3227882144003904 2048000
1760300383538 2.3249387294162376 2053120
1760300410822 2.3266464768634094 2058240
1760300435474 2.3284558638521395 2063360
1760300463263 2.3301292434398437 2068480
1760300488642 2.3324283763841267 2073600
1760300514287 2.3344177728303603 2078720
1760300539857 2.3363134403862382 2083840
1760300569181 2.3381898488923087 2088960
1760300595060 2.3407370404630674 2094080
1760300622014 2.3428630825136008 2099200
1760300647704 2.3447100723339247 2104320
1760300676552 2.346416959290392 2109440
1760300701582 2.348564101678308 2114560
1760300726291 2.3501714015206163 2119680
1760300750160 2.3516941814983796 2124800
1760300780178 2.35285770120366 2129920
1760300805005 2.354019660823054 2135040
1760300830021 2.355535643659813 2140160
1760300858440 2.35780600515593 2145280
1760300886542 2.3597305113622027 2150400
1760300911131 2.361340375987711 2155520
1760300936119 2.362559986331113 2160640
1760300966478 2.364320967637557 2165760
1760300992124 2.366194011571154 2170880
1760301017256 2.3678194578837704 2176000
1760301042261 2.369367660642439 2181120
1760301071495 2.370660688941326 2186240
1760301097918 2.372276796992324 2191360
1760301122789 2.3740587019111903 2196480
1760301148430 2.3757707189360695 2201600
1760301175241 2.376955766787474 2206720
1760301216473 2.3780049282408897 2211840
1760301254582 2.3794756604109044 2216960
1760301286383 2.3806960486306767 2222080
1760301329227 2.38194469478277 2227200
1760301379587 2.38374474281676 2232320
1760301414785 2.385274133025157 2237440
1760301444922 2.386369879945616 2242560
1760301474645 2.387082155168671 2247680
1760301504962 2.3885595224322738 2252800
1760301546287 2.390122313258798 2257920
1760301576665 2.3917196242662686 2263040
1760301605581 2.3934567787204153 2268160
1760301635802 2.3953649833430775 2273280
1760301677182 2.3961949903047284 2278400
1760301707729 2.3969389943204757 2283520
1760301737213 2.397981523100367 2288640
1760301766803 2.398883991479225 2293760
1760301805364 2.3992675353906794 2298880
1760301836120 2.3997005626512826 2304000
1760301866111 2.401456507583857 2309120
1760301896302 2.4032552676807613 2314240
1760301934055 2.4050287920089244 2319360
1760301963759 2.4069440774873336 2324480
1760301993496 2.408909823244903 2329600
1760302022943 2.411075691682051 2334720
1760302059128 2.4125967395010868 2339840
1760302088965 2.414741953910973 2344960
1760302118721 2.41634466735638 2350080
1760302153944 2.4181206583068704 2355200
1760302184394 2.419772784950309 2360320
1760302214599 2.4221963531235855 2365440
1760302244757 2.4241454759805814 2370560
1760302282721 2.426061765295893 2375680
1760302312714 2.427779244021343 2380800
1760302341780 2.4298167620022917 2385920
1760302370868 2.4318591444786337 2391040
1760302408342 2.4342339870632994 2396160
1760302440616 2.436461497002384 2401280
1760302471032 2.437759455862598 2406400
1760302508188 2.439676149412754 2411520
1760302536893 2.441842654453151 2416640
1760302566416 2.4438100361349817 2421760
1760302596330 2.4455568707014996 2426880
1760302634069 2.447423989906754 2432000
1760302664933 2.4497696055877736 2437120
1760302693951 2.4517214981261386 2442240
1760302722758 2.453563332040007 2447360
1760302758753 2.455395683975527 2452480
1760302784980 2.45734626958483 2457600
