1760282985058 0.0 5120
1760283010769 0.0 10240
1760283036221 0.0 15360
1760283067456 0.0 20480
1760283093387 0.0 25600
1760283118989 0.0 30720
1760283145846 0.0 35840
1760283176800 0.0 40960
1760283202805 0.0 46080
1760283229444 0.0 51200
1760283260529 0.0 56320
1760283290654 0.0 61440
1760283320393 0.0 66560
1760283351771 0.0 71680
1760283380574 0.0 76800
1760283408235 0.0 81920
1760283439743 0.0 87040
1760283487640 0.0 92160
1760290181701 0.0 97280
1760290208949 0.0 102400
1760290235363 0.0 107520
1760290261210 0.0 112640
1760290292654 0.0 117760
1760290318660 0.0 122880
1760290344645 0.0 128000
1760290370870 0.0 133120
1760290402036 0.0 138240
1760290427677 0.0 143360
1760290453625 0.0 148480
1760290479556 0.0 153600
1760290511272 0.0 158720
1760290537554 0.0 163840
1760290563742 0.0 168960
1760290589308 0.0 174080
1760290621573 0.0 179200
1760290647305 0.0 184320
1760290672926 0.0 189440
1760290698967 0.0 194560
1760290731158 0.0 199680
1760290757188 0.0 204800
1760290783147 0.0 209920
1760290809577 0.0 215040
1760290840178 0.0 220160
1760290868932 0.0 225280
1760290895481 0.0 230400
1760290920628 0.0 235520
1760290948598 0.0 240640
1760290974421 0.0 245760
1760290999974 0.0 250880
1760291024212 0.0 256000
1760291050897 0.0 261120
1760291078173 0.0 266240
1760291102974 0.0 271360
1760291127809 0.0 276480
1760291152115 0.0 281600
1760291179391 0.0 286720
1760291206860 0.0 291840
1760291233105 0.0 296960
1760291260197 0.0 302080
1760291287836 0.0 307200
1760291318724 0.0 312320
1760291344455 0.0 317440
1760291371101 0.0 322560
1760291396924 0.0 327680
1760291427055 0.0 332800
1760291453587 0.0 337920
1760291481767 0.0 343040
1760291507246 0.0 348160
1760291533394 0.0 353280
1760291558960 0.0 358400
1760291589442 0.0 363520
1760291614266 0.0 368640
1760291640130 0.0 373760
1760291665353 0.0 378880
1760291694893 0.0 384000
1760291721913 0.0 389120
1760291746759 0.0 394240
1760291772263 0.0 399360
1760291800068 0.0 404480
1760291828108 0.0 409600
1760291853727 0.0 414720
1760291881678 0.0 419840
1760291909533 0.0 424960
1760291938393 0.0 430080
1760291964584 0.0 435200
1760291990000 0.0 440320
1760292016846 0.0 445440
1760292045399 0.0 450560
1760292072050 0.0 455680
1760292100964 0.0 460800
1760292127141 0.0 465920
1760292153574 0.0 471040
1760292182080 0.0 476160
1760292211899 0.0 481280
1760292237012 0.0 486400
1760292262306 0.0 491520
1760292287938 0.0 496640
1760292319971 0.0 501760
1760292344914 0.0 506880
1760292369856 0.0 512000
1760292395091 0.0 517120
1760292427771 0.0 522240
1760292452640 0.0 527360
1760292478117 0.0 532480
1760292504420 0.0 537600
1760292536405 0.0 542720
1760292561998 0.0 547840
1760292587594 0.0 552960
1760292613304 0.0 558080
1760292645319 0.0 563200
1760292670939 0.0 568320
1760292696705 0.0 573440
1760292722361 0.0 578560
1760292754258 0.0 583680
1760292780454 0.0 588800
1760292805881 0.0 593920
1760292831787 0.0 599040
1760292863661 0.0 604160
1760292888819 0.0 609280
1760292914952 0.0 614400
1760292940923 0.0 619520
1760292970723 0.0 624640
1760292998709 0.0 629760
1760293024206 0.0 634880
1760293049838 0.0 640000
1760293078123 0.0 645120
1760293105894 0.0 650240
1760293133225 0.0 655360
1760293159152 0.0 660480
1760293185274 0.0 665600
1760293211672 0.0 670720
1760293243116 0.0 675840
1760293268786 0.0 680960
1760293294007 0.0 686080
1760293319638 0.0 691200
1760293351991 0.0 696320
1760293377156 0.0 701440
1760293402774 0.0 706560
1760293428498 0.0 711680
1760293460115 0.0 716800
1760293485692 0.0 721920
1760293511159 0.0 727040
1760293536722 0.0 732160
1760293568111 0.0 737280
1760293593609 0.0 742400
1760293619184 0.0 747520
1760293644247 0.0 752640
1760293675681 0.0 757760
1760293701301 0.0 762880
1760293727373 0.0 768000
1760293753757 0.0 773120
1760293783687 0.0 778240
1760293811725 0.0 783360
1760293837414 0.0 788480
1760293862800 0.0 793600
1760293890673 0.0 798720
1760293919097 0.0 803840
1760293944895 0.0 808960
1760293970234 0.0 814080
1760293997076 0.0 819200
1760294026107 0.0 824320
1760294051710 0.0 829440
1760294077724 0.0 834560
1760294104486 0.0 839680
1760294133626 0.0 844800
1760294160796 0.0 849920
1760294186119 0.0 855040
1760294211597 0.0 860160
1760294240121 0.0 865280
1760294268015 0.0 870400
1760294293580 0.0 875520
1760294319000 0.0 880640
1760294347133 0.0 885760
1760294374827 0.0 890880
1760294402468 0.0 896000
1760294429139 0.0 901120
1760294455944 0.0 906240
1760294482951 0.0 911360
1760294508583 0.0 916480
1760294536448 0.0 921600
1760294562076 0.0 926720
1760294588788 0.0 931840
1760294613442 0.0 936960
1760294644160 0.0 942080
1760294670069 0.0 947200
1760294695751 0.0 952320
1760294721428 0.0 957440
1760294753111 0.0 962560
1760294778087 0.0 967680
1760294803944 0.0 972800
1760294829307 0.0 977920
1760294858500 0.0 983040
1760294883145 0.0 988160
1760294912959 0.0 993280
1760294939111 0.0 998400
1760294964927 0.0 1003520
1760294990005 0.0 1008640
1760295017052 0.0 1013760
1760295045766 0.0 1018880
1760295071306 0.0 1024000
1760295096320 0.0 1029120
1760295121527 0.0 1034240
1760295151533 0.0 1039360
1760295177689 0.0 1044480
1760295202394 0.0 1049600
1760295227833 0.0 1054720
1760295254828 0.0 1059840
1760295283811 0.0 1064960
1760295309075 0.0 1070080
1760295334594 0.0 1075200
1760295359931 0.0 1080320
1760295388181 0.0 1085440
1760295413588 0.0 1090560
1760295439424 0.0 1095680
1760295463759 0.0 1100800
1760295491761 0.0 1105920
1760295516183 0.0 1111040
1760295540773 0.0 1116160
1760295565340 0.0 1121280
1760295594433 0.0 1126400
1760295617669 0.0 1131520
1760295642695 0.0 1136640
1760295669888 0.0 1141760
1760295694667 0.0 1146880
1760295719151 0.0 1152000
1760295743344 0.0 1157120
1760295772091 0.0 1162240
1760295796307 0.0 1167360
1760295820337 0.0 1172480
1760295845605 0.0 1177600
1760295871509 0.0 1182720
1760295897435 0.0 1187840
1760295920992 0.0 1192960
1760295946846 0.0 1198080
1760295971695 0.0 1203200
1760295997875 0.0 1208320
1760296021865 0.0 1213440
1760296048649 0.0 1218560
1760296072342 0.0 1223680
1760296097876 0.0 1228800
1760296121629 0.0 1233920
1760296149047 0.0 1239040
1760296173267 0.0 1244160
1760296197506 0.0 1249280
1760296221486 0.0 1254400
1760296249945 0.0 1259520
1760296274046 0.0 1264640
1760296297947 0.0 1269760
1760296322880 0.0 1274880
1760296349526 0.0 1280000
1760296374574 0.0 1285120
1760296398746 0.0 1290240
1760296423695 0.0 1295360
1760296451793 0.0 1300480
1760296475988 0.0 1305600
1760296499901 0.0 1310720
1760296524097 0.0 1315840
1760296553742 0.0 1320960
1760296577182 0.0 1326080
1760296601837 0.0 1331200
1760296628296 0.0 1336320
1760296659102 0.0 1341440
1760296684652 0.0 1346560
1760296709272 0.0 1351680
1760296734363 0.0 1356800
1760296765748 0.0 1361920
1760296790474 0.0 1367040
1760296815533 0.0 1372160
1760296841591 0.0 1377280
1760296882940 0.0 1382400
1760296912861 0.0 1387520
1760296938538 0.0 1392640
1760296964310 0.0 1397760
1760296999154 0.0 1402880
1760297029338 0.0 1408000
1760297054586 0.0 1413120
1760297080962 0.0 1418240
1760297111279 0.0 1423360
1760297137154 0.0 1428480
1760297169495 0.0 1433600
1760297202811 0.0 1438720
1760297229939 0.0 1443840
1760297256767 0.0 1448960
1760297282697 0.0 1454080
1760297315296 0.0 1459200
1760297341518 0.0 1464320
1760297366615 0.0 1469440
1760297391788 0.0 1474560
1760297422420 0.0 1479680
1760297448727 0.0 1484800
1760297475012 0.0 1489920
1760297501941 0.0 1495040
1760297529207 0.0 1500160
1760297555121 0.0 1505280
1760297580585 0.0 1510400
1760297607892 0.0 1515520
1760297637597 0.0 1520640
1760297663568 0.0 1525760
1760297689240 0.0 1530880
1760297716422 0.0 1536000
1760297744476 0.0 1541120
1760297769567 0.0 1546240
1760297794837 0.0 1551360
1760297822242 0.0 1556480
1760297848962 0.0 1561600
1760297874355 0.0 1566720
1760297900210 0.0 1571840
1760297927029 0.0 1576960
1760297954830 0.0 1582080
1760297979047 0.0 1587200
1760298004931 0.0 1592320
1760298029491 0.0 1597440
1760298058400 0.0 1602560
1760298083448 0.0 1607680
1760298108076 0.0 1612800
1760298132792 0.0 1617920
1760298160524 0.0 1623040
1760298186357 0.0 1628160
1760298210861 0.0 1633280
1760298236240 0.0 1638400
1760298264616 0.0 1643520
1760298290889 0.0 1648640
1760298315529 0.0 1653760
1760298340984 0.0 1658880
1760298366093 0.0 1664000
1760298395281 0.0 1669120
1760298419898 0.0 1674240
1760298445910 0.0 1679360
1760298471139 0.0 1684480
1760298499753 0.0 1689600
1760298524407 0.0 1694720
1760298550630 0.0 1699840
1760298576254 0.0 1704960
1760298604115 0.0 1710080
1760298629895 0.0 1715200
1760298657510 0.0 1720320
1760298684381 0.0 1725440
1760298708995 0.0 1730560
1760298734671 0.0 1735680
1760298761521 0.0 1740800
1760298790052 0.0 1745920
1760298815963 0.0 1751040
1760298842066 0.0 1756160
1760298867344 0.0 1761280
1760298898282 0.0 1766400
1760298924768 0.0 1771520
1760298949532 0.0 1776640
1760298974447 0.0 1781760
1760299003947 0.0 1786880
1760299030020 0.0 1792000
1760299055921 0.0 1797120
1760299080140 0.0 1802240
1760299108558 0.0 1807360
1760299135181 0.0 1812480
1760299160758 0.0 1817600
1760299187576 0.0 1822720
1760299215293 0.0 1827840
1760299242721 0.0 1832960
1760299269324 0.0 1838080
1760299294912 0.0 1843200
1760299322993 0.0 1848320
1760299351903 0.0 1853440
1760299377531 0.0 1858560
1760299403231 0.0 1863680
1760299428749 0.0 1868800
1760299457965 0.0 1873920
1760299484844 0.0 1879040
1760299510423 0.0 1884160
1760299536115 0.0 1889280
1760299561716 0.0 1894400
1760299591139 0.0 1899520
1760299617815 0.0 1904640
1760299643732 0.0 1909760
1760299669345 0.0 1914880
1760299698034 0.0 1920000
1760299723942 0.0 1925120
1760299748775 0.0 1930240
1760299773856 0.0 1935360
1760299805550 0.0 1940480
1760299829507 0.0 1945600
1760299854361 0.0 1950720
1760299879232 0.0 1955840
1760299910239 0.0 1960960
1760299935288 0.0 1966080
1760299960673 0.0 1971200
1760299986404 0.0 1976320
1760300013581 0.0 1981440
1760300040118 0.0 1986560
1760300064737 0.0 1991680
1760300094631 0.0 1996800
1760300120089 0.0 2001920
1760300145283 0.0 2007040
1760300170698 0.0 2012160
1760300202123 0.0 2017280
1760300226819 0.0 2022400
1760300251806 0.0 2027520
1760300277036 0.0 2032640
1760300305926 0.0 2037760
1760300332282 0.0 2042880
1760300359206 0.0 2048000
1760300383538 0.0 2053120
1760300410822 0.0 2058240
1760300435474 0.0 2063360
1760300463263 0.0 2068480
1760300488642 0.0 2073600
1760300514287 0.0 2078720
1760300539857 0.0 2083840
1760300569181 0.0 2088960
1760300595060 0.0 2094080
1760300622014 0.0 2099200
1760300647704 0.0 2104320
1760300676552 0.0 2109440
1760300701582 0.0 2114560
1760300726291 0.0 2119680
1760300750160 0.0 2124800
1760300780178 0.0 2129920
1760300805005 0.0 2135040
1760300830021 0.0 2140160
1760300858440 0.0 2145280
1760300886542 0.0 2150400
1760300911131 0.0 2155520
1760300936119 0.0 2160640
1760300966478 0.0 2165760
1760300992124 0.0 2170880
1760301017256 0.0 2176000
1760301042261 0.0 2181120
1760301071495 0.0 2186240
1760301097918 0.0 2191360
1760301122789 0.0 2196480
1760301148430 0.0 2201600
1760301175241 0.0 2206720
1760301216473 0.0 2211840
1760301254582 0.0 2216960
1760301286383 0.0 2222080
1760301329227 0.0 2227200
1760301379587 0.0 2232320
1760301414785 0.0 2237440
1760301444922 0.0 2242560
1760301474645 0.0 2247680
1760301504962 0.0 2252800
1760301546287 0.0 2257920
1760301576665 0.0 2263040
1760301605581 0.0 2268160
1760301635802 0.0 2273280
1760301677182 0.0 2278400
1760301707729 0.0 2283520
1760301737213 0.0 2288640
1760301766803 0.0 2293760
1760301805364 0.0 2298880
1760301836120 0.0 2304000
1760301866111 0.0 2309120
1760301896302 0.0 2314240
1760301934055 0.0 2319360
1760301963759 0.0 2324480
1760301993496 0.0 2329600
1760302022943 0.0 2334720
1760302059128 0.0 2339840
1760302088965 0.0 2344960
1760302118721 0.0 2350080
1760302153944 0.0 2355200
1760302184394 0.0 2360320
1760302214599 0.0 2365440
1760302244757 0.0 2370560
1760302282721 0.0 2375680
1760302312714 0.0 2380800
1760302341780 0.0 2385920
1760302370868 0.0 2391040
1760302408342 0.0 2396160
1760302440616 0.0 2401280
1760302471032 0.0 2406400
1760302508188 0.0 2411520
1760302536893 0.0 2416640
1760302566416 0.0 2421760
1760302596330 0.0 2426880
1760302634069 0.0 2432000
1760302664933 0.0 2437120
1760302693951 0.0 2442240
1760302722758 0.0 2447360
1760302758753 0.0 2452480
1760302784980 0.0 2457600
