1760282985054 -2.0895182291666665 5120
1760283010764 -1.798792613636364 10240
1760283036217 -1.77421875 15360
1760283067450 -1.6183779761904762 20480
1760283093382 -1.4321514423076922 25600
1760283118982 -1.3172379032258066 30720
1760283145838 -1.1799913194444445 35840
1760283176785 -1.040548780487805 40960
1760283202799 -0.9134171195652175 46080
1760283229436 -0.8053308823529413 51200
1760283260521 -0.7128348214285714 56320
1760283290646 -0.6315573770491804 61440
1760283320388 -0.560842803030303 66560
1760283351763 -0.4955765845070423 71680
1760283380569 -0.4427220394736842 76800
1760283408228 -0.39483024691358026 81920
1760283439735 -0.3530159883720931 87040
1760283487620 -0.3148351648351648 92160
1760290181668 -0.28277994791666666 97280
1760290208939 -0.25136138613861386 102400
1760290235357 -0.22296580188679244 107520
1760290261205 -0.19967623873873874 112640
1760290292649 -0.17774784482758618 117760
1760290318653 -0.15886492768595042 122880
1760290344637 -0.14226810515873015 128000
1760290370864 -0.12355081106870228 133120
1760290402031 -0.11123621323529412 138240
1760290427671 -0.09721298758865247 143360
1760290453620 -0.08658229880136986 148480
1760290479550 -0.07471802566225166 153600
1760290511266 -0.06579026442307691 158720
1760290537548 -0.056771642080745345 163840
1760290563734 -0.04678675640060241 168960
1760290589301 -0.040501644736842105 174080
1760290621564 -0.03332075639204545 179200
1760290647299 -0.027010315953038672 184320
1760290672921 -0.02158180154779906 189440
1760290698918 -0.016593381871727746 194560
1760290731148 -0.012681486168686223 199680
1760290757178 -0.006876842062271648 204800
1760290783141 -0.003996499070843447 209920
1760290809567 -0.000612513826921653 215040
1760290840171 0.00411544022736726 220160
1760290868922 0.0067787584675922654 225280
1760290895476 0.009447446333623566 230400
1760290920622 0.010769666531385282 235520
1760290948593 0.010658755544888772 240640
1760290974415 -0.03234164289419087 245760
1760290999968 -0.027831832761686992 250880
1760291024207 -0.030891278635458163 256000
1760291050888 -0.046911621093749994 261120
1760291078165 -0.06694204980842912 266240
1760291102968 -0.08182565789473684 271360
1760291127803 -0.09775138376383763 276480
1760291152109 -0.10585371376811593 281600
1760291179384 -0.11031472419928826 286720
1760291206853 -0.1194055944055944 291840
1760291233095 -0.12451675257731959 296960
1760291260168 -0.12972972972972974 302080
1760291287829 -0.13135901162790697 307200
1760291318715 -0.13351205065359475 312320
1760291344449 -0.13697246784565917 317440
1760291371095 -0.13371242088607596 322560
1760291396917 -0.13646806853582555 327680
1760291427048 -0.14155483128834356 332800
1760291453581 -0.14730929003021148 337920
1760291481759 -0.15221354166666667 343040
1760291507239 -0.1532349706744868 348160
1760291533385 -0.15770411849710983 353280
1760291558953 -0.15662393162393162 358400
1760291589430 -0.15678546348314606 363520
1760291614258 -0.1552198753462604 368640
1760291640122 -0.15429474043715846 373760
1760291665344 -0.15065700808625337 378880
1760291694885 -0.1499002659574468 384000
1760291721904 -0.14391404199475066 389120
1760291746747 -0.14602493523316062 394240
1760291772256 -0.14215952685421993 399360
1760291800057 -0.1480981691919192 404480
1760291828101 -0.1830423940149626 409600
1760291853719 -0.21389316502463052 414720
1760291881665 -0.22966849148418492 419840
1760291909525 -0.24343449519230773 424960
1760291938382 -0.25788301662707835 430080
1760291964576 -0.2683538732394366 435200
1760291989992 -0.27849477958236657 440320
1760292016835 -0.29281823394495415 445440
1760292045385 -0.3031462585034014 450560
1760292072037 -0.31418161434977576 455680
1760292100955 -0.3215770509977827 460800
1760292127129 -0.3290570175438597 465920
1760292153562 -0.3377847071583514 471040
1760292182054 -0.342449034334764 476160
1760292211882 -0.3496417197452229 481280
1760292237005 -0.35529149159663875 486400
1760292262297 -0.358939708939709 491520
1760292287930 -0.3645576131687243 496640
1760292319962 -0.37051934826883914 501760
1760292344901 -0.37348790322580644 506880
1760292369847 -0.3748253493013972 512000
1760292395081 -0.3774703557312253 517120
1760292427764 -0.37893835616438354 522240
1760292452631 -0.38301841085271315 527360
1760292478103 -0.3862763915547025 532480
1760292504406 -0.3849334600760456 537600
1760292536390 -0.3846045197740112 542720
1760292561988 -0.3873833955223881 547840
1760292587584 -0.3854898336414048 552960
1760292613296 -0.38779761904761906 558080
1760292645310 -0.38963248638838477 563200
1760292670930 -0.3890287769784173 568320
1760292696697 -0.39053030303030306 573440
1760292722352 -0.3902606007067138 578560
1760292754249 -0.3909369527145359 583680
1760292780444 -0.39092881944444446 588800
1760292805870 -0.3892426850258175 593920
1760292831773 -0.3923421501706485 599040
1760292862919 -0.39390862944162436 604160
1760292888803 -0.3927852348993288 609280
1760292914936 -0.3942595673876872 614400
1760292940908 -0.39573019801980197 619520
1760292970713 -0.39613338788870706 624640
1760292998699 -0.3966112012987013 629760
1760293024196 -0.3975644122383253 634880
1760293049828 -0.39828274760383386 640000
1760293078112 -0.39768225039619653 645120
1760293105878 -0.3977790880503145 650240
1760293133213 -0.39797191887675504 655360
1760293159138 -0.39616873065015484 660480
1760293185197 -0.39592933947772657 665600
1760293211662 -0.39729420731707316 670720
1760293243105 -0.39519667170953104 675840
1760293268775 -0.3928115615615616 680960
1760293293995 -0.39230625931445606 686080
1760293319623 -0.39243713017751475 691200
1760293351981 -0.39179515418502203 696320
1760293377145 -0.38912172011661805 701440
1760293402763 -0.3888929088277859 706560
1760293428484 -0.38848778735632183 711680
1760293460098 -0.38544935805991437 716800
1760293485682 -0.38845609065155806 721920
1760293511142 -0.3847398030942335 727040
1760293536711 -0.38276885474860334 732160
1760293568094 -0.3825069348127601 737280
1760293593596 -0.37975206611570245 742400
1760293619172 -0.37828317373461007 747520
1760293644230 -0.3769021739130434 752640
1760293675661 -0.37489878542510124 757760
1760293701289 -0.37471514745308315 762880
1760293727356 -0.37273635153129164 768000
1760293753737 -0.3710482804232804 773120
1760293783674 -0.3695466491458607 778240
1760293811711 -0.3672813315926893 783360
1760293837404 -0.3664072632944228 788480
1760293862789 -0.3629832474226804 793600
1760293890661 -0.3613156209987196 798720
1760293919084 -0.36017811704834607 803840
1760293944881 -0.358043615676359 808960
1760293970217 -0.35543341708542714 814080
1760293997061 -0.35446317103620467 819200
1760294026095 -0.3536910669975186 824320
1760294051699 -0.3514334155363748 829440
1760294077707 -0.34822303921568626 834560
1760294104468 -0.3455542021924482 839680
1760294133615 -0.3434019370460048 844800
1760294160785 -0.34347172081829125 849920
1760294186107 -0.34053528708133973 855040
1760294211580 -0.3387187871581451 860160
1760294240107 -0.33747044917257685 865280
1760294268001 -0.33554641598119855 870400
1760294293567 -0.33240362149532704 875520
1760294318988 -0.33125725900116143 880640
1760294347120 -0.33062933025404156 885760
1760294374810 -0.32650688863375427 890880
1760294402457 -0.32549942922374425 896000
1760294429127 -0.3228149829738933 901120
1760294455931 -0.3205981941309255 906240
1760294482938 -0.31767676767676767 911360
1760294508571 -0.3165876116071429 916480
1760294536436 -0.3136792452830189 921600
1760294562064 -0.31296909492273733 926720
1760294588730 -0.3111004390779363 931840
1760294613424 -0.3082014192139738 936960
1760294644148 -0.30656894679695984 942080
1760294670053 -0.3050080993520518 947200
1760294695738 -0.30264500537056926 952320
1760294721407 -0.30367254273504274 957440
1760294753098 -0.30134165781083955 962560
1760294778069 -0.29970930232558135 967680
1760294803926 -0.29817297581493163 972800
1760294829292 -0.2962996861924686 977920
1760294858487 -0.2954994797086369 983040
1760294883124 -0.2943064182194617 988160
1760294912940 -0.29281668383110193 993280
1760294939097 -0.29112448770491806 998400
1760294964909 -0.2879204892966361 1003520
1760294989991 -0.28725912778904666 1008640
1760295017035 -0.2858602421796166 1013760
1760295045754 -0.28296937751004014 1018880
1760295071292 -0.28035714285714286 1024000
1760295096297 -0.2780939363817097 1029120
1760295121511 -0.2774233432245302 1034240
1760295151512 -0.27443405511811025 1039360
1760295177676 -0.27118021547502447 1044480
1760295202380 -0.26884746588693953 1049600
1760295227818 -0.26709505334626577 1054720
1760295254814 -0.2650096525096525 1059840
1760295283790 -0.2635326609029779 1064960
1760295309062 -0.2616993307839388 1070080
1760295334581 -0.25922930542340633 1075200
1760295359915 -0.25642755681818186 1080320
1760295388158 -0.25567860508953816 1085440
1760295413572 -0.2523686679174484 1090560
1760295439413 -0.25038515406162465 1095680
1760295463734 -0.24771143122676575 1100800
1760295491747 -0.24557123034227565 1105920
1760295516170 -0.24332412523020258 1111040
1760295540761 -0.24209440879926672 1116160
1760295565321 -0.23946167883211678 1121280
1760295594409 -0.23738646684831965 1126400
1760295617654 -0.2361663652802893 1131520
1760295642682 -0.2346984698469847 1136640
1760295669876 -0.23244847670250898 1141760
1760295694649 -0.23060883140053523 1146880
1760295719137 -0.22969582593250443 1152000
1760295743332 -0.22743147656940763 1157120
1760295772078 -0.2251430457746479 1162240
1760295796294 -0.22369631901840487 1167360
1760295820324 -0.22142233856893542 1172480
1760295845592 -0.21987402258905298 1177600
1760295871495 -0.2179606401384083 1182720
1760295897418 -0.21640826873385013 1187840
1760295920963 -0.2146655231560892 1192960
1760295946832 -0.2125853970964987 1198080
1760295971682 -0.21143707482993196 1203200
1760295997862 -0.20930355630821337 1208320
1760296021850 -0.20797849915682967 1213440
1760296048626 -0.20727329974811085 1218560
1760296072328 -0.2049958193979933 1223680
1760296097851 -0.20316402997502084 1228800
1760296121606 -0.20202114427860696 1233920
1760296149033 -0.20103220478943024 1239040
1760296173252 -0.19988692434210525 1244160
1760296197490 -0.19872031122031122 1249280
1760296221471 -0.19676794453507343 1254400
1760296249926 -0.1959585702680747 1259520
1760296274027 -0.1947411003236246 1264640
1760296297933 -0.19292908944399678 1269760
1760296322867 -0.19237560192616374 1274880
1760296349503 -0.19073741007194245 1280000
1760296374554 -0.18964968152866243 1285120
1760296398731 -0.18914551942902463 1290240
1760296423671 -0.18782582938388626 1295360
1760296451779 -0.1863493312352478 1300480
1760296475974 -0.18551136363636364 1305600
1760296499887 -0.1840066354410617 1310720
1760296524076 -0.18305793157076206 1315840
1760296553727 -0.18187451587916345 1320960
1760296577168 -0.18136574074074074 1326080
1760296601819 -0.18052459646425828 1331200
1760296628280 -0.17958460949464014 1336320
1760296659087 -0.178384820747521 1341440
1760296684637 -0.17699468085106385 1346560
1760296709257 -0.17615442846328538 1351680
1760296734342 -0.1757447209653092 1356800
1760296765728 -0.1744459053343351 1361920
1760296790457 -0.173624625748503 1367040
1760296815515 -0.17239000745712155 1372160
1760296841573 -0.1713410104011887 1377280
1760296882917 -0.17065136935603256 1382400
1760296912839 -0.1699575958702065 1387520
1760296938521 -0.1686719324026451 1392640
1760296964291 -0.16802708638360178 1397760
1760296999133 -0.16657549234135666 1402880
1760297029320 -0.1662699854651163 1408000
1760297054569 -0.1649076755973932 1413120
1760297080945 -0.16491702741702743 1418240
1760297111250 -0.16350647016534867 1423360
1760297137124 -0.16297457020057307 1428480
1760297169451 -0.16216095645967166 1433600
1760297202782 -0.16151315789473686 1438720
1760297229922 -0.16058646350106306 1443840
1760297256744 -0.15990466101694917 1448960
1760297282680 -0.15943877551020408 1454080
1760297315281 -0.1582836605890603 1459200
1760297341495 -0.15825471698113205 1464320
1760297366596 -0.15742513927576604 1469440
1760297391770 -0.15658396946564884 1474560
1760297422399 -0.15596473029045643 1479680
1760297448706 -0.15542729152308754 1484800
1760297474989 -0.155365728021978 1489920
1760297501923 -0.15439767282683098 1495040
1760297529185 -0.1542888813096862 1500160
1760297555104 -0.15350101971447996 1505280
1760297580568 -0.15274390243902441 1510400
1760297607868 -0.15140952059419313 1515520
1760297637546 -0.15130383580080753 1520640
1760297663549 -0.15031019450033536 1525760
1760297689223 -0.15018382352941176 1530880
1760297716397 -0.14935876082611593 1536000
1760297744452 -0.14850597609561753 1541120
1760297769550 -0.14875909993381864 1546240
1760297794818 -0.1481942612137203 1551360
1760297822217 -0.14807692307692308 1556480
1760297848938 -0.14697739187418085 1561600
1760297874336 -0.14679947746570868 1566720
1760297900179 -0.14615885416666666 1571840
1760297927010 -0.14520603504218038 1576960
1760297954813 -0.14507600258732214 1582080
1760297979002 -0.14436653771760155 1587200
1760298004913 -0.14456137532133678 1592320
1760298029471 -0.14421044202434335 1597440
1760298058381 -0.14364623243933589 1602560
1760298083418 -0.1427514322087842 1607680
1760298108057 -0.14200507614213198 1612800
1760298132774 -0.14214895635673624 1617920
1760298160506 -0.1417559899117276 1623040
1760298186339 -0.14098837209302326 1628160
1760298210842 -0.1400219298245614 1633280
1760298236217 -0.14001405371642722 1638400
1760298264590 -0.13913449564134497 1643520
1760298290871 -0.13843885785226567 1648640
1760298315511 -0.138490099009901 1653760
1760298340965 -0.13822486119679211 1658880
1760298366073 -0.13739237392373924 1664000
1760298395262 -0.1372394236664623 1669120
1760298419866 -0.13670537897310514 1674240
1760298445882 -0.13624314442413163 1679360
1760298471122 -0.1352976913730255 1684480
1760298499733 -0.13501665657177467 1689600
1760298524387 -0.13469202898550725 1694720
1760298550611 -0.134023178807947 1699840
1760298576230 -0.1333658463385354 1704960
1760298604096 -0.1330116696588869 1710080
1760298629866 -0.13274164677804298 1715200
1760298657488 -0.131714753123141 1720320
1760298684358 -0.13169483985765124 1725440
1760298708971 -0.1307584269662921 1730560
1760298734632 -0.13066774764150943 1735680
1760298761500 -0.1299015285126396 1740800
1760298790032 -0.12887602579132473 1745920
1760298815933 -0.12838983050847458 1751040
1760298842035 -0.12822698135198132 1756160
1760298867322 -0.1278544450900639 1761280
1760298898244 -0.12736819235225957 1766400
1760298924749 -0.1270436164067013 1771520
1760298949496 -0.12612327188940092 1776640
1760298974427 -0.12574669730040205 1781760
1760299003926 -0.1255512600229095 1786880
1760299029997 -0.12457167332952598 1792000
1760299055900 -0.12427391799544421 1797120
1760299080121 -0.1235945485519591 1802240
1760299108532 -0.12334371460928652 1807360
1760299135156 -0.12238848108413326 1812480
1760299160737 -0.12172719594594596 1817600
1760299187544 -0.12153986524424479 1822720
1760299215267 -0.12098964165733485 1827840
1760299242699 -0.1198073701842546 1832960
1760299269291 -0.11996102449888642 1838080
1760299294893 -0.11925319267073847 1843200
1760299322974 -0.11860465116279069 1848320
1760299351882 -0.11827029265599116 1853440
1760299377509 -0.11746971365638766 1858560
1760299403208 -0.11694810543657332 1863680
1760299428725 -0.116552573932092 1868800
1760299457930 -0.11606362643364283 1873920
1760299484817 -0.1153526688453159 1879040
1760299510402 -0.11481531776208583 1884160
1760299536072 -0.11425379198266523 1889280
1760299561692 -0.11376958400864398 1894400
1760299591119 -0.11320043103448277 1899520
1760299617790 -0.11342692101020957 1904640
1760299643702 -0.11310959271168275 1909760
1760299669314 -0.11226616782469269 1914880
1760299698013 -0.11143390191897655 1920000
1760299723921 -0.11088516746411482 1925120
1760299748753 -0.11031283138918346 1930240
1760299773835 -0.11014674775251192 1935360
1760299805515 -0.10993539029535865 1940480
1760299829486 -0.10958048395581271 1945600
1760299854335 -0.10862408184679957 1950720
1760299879201 -0.10842490842490843 1955840
1760299910204 -0.10767875782881002 1960960
1760299935261 -0.10707313899010931 1966080
1760299960637 -0.10693146417445483 1971200
1760299986376 -0.1059943034697048 1976320
1760300013561 -0.10582386363636363 1981440
1760300040095 -0.10512622359608449 1986560
1760300064708 -0.10447713257965056 1991680
1760300094606 -0.10400435674013327 1996800
1760300120059 -0.10361068507157464 2001920
1760300145261 -0.10345486996430393 2007040
1760300170670 -0.1026767548321465 2012160
1760300202100 -0.10236555048198884 2017280
1760300226787 -0.10251138663967613 2022400
1760300251772 -0.10172892478546187 2027520
1760300277011 -0.10118957703927492 2032640
1760300305903 -0.10094801607232547 2037760
1760300332260 -0.10070140280561123 2042880
1760300359165 -0.10013743128435783 2048000
1760300383515 -0.09993145563310069 2053120
1760300410793 -0.09924788662357037 2058240
1760300435449 -0.09871651785714285 2063360
1760300463238 -0.09902894606630382 2068480
1760300488621 -0.09852541954590326 2073600
1760300514256 -0.09817208271787296 2078720
1760300539828 -0.0975380648330059 2083840
1760300569063 -0.09751347378735913 2088960
1760300595039 -0.09774560117302053 2094080
1760300621979 -0.09715992198927353 2099200
1760300647663 -0.09660141050583658 2104320
1760300676530 -0.0963124696749151 2109440
1760300701559 -0.09602492739593417 2114560
1760300726264 -0.0954671656204732 2119680
1760300750133 -0.09524927745664741 2124800
1760300780154 -0.09556102835175395 2129920
1760300804977 -0.09496644295302015 2135040
1760300829951 -0.09436274509803921 2140160
1760300858416 -0.09416746183206107 2145280
1760300886517 -0.09388981437410758 2150400
1760300911109 -0.09365503323836656 2155520
1760300936094 -0.09316082425390809 2160640
1760300966456 -0.09344872400756143 2165760
1760300992095 -0.0929809052333805 2170880
1760301017234 -0.09283278457196613 2176000
1760301042219 -0.0927674800563116 2181120
1760301071468 -0.09235720973782771 2186240
1760301097895 -0.09203643157403084 2191360
1760301122765 -0.0921074091332712 2196480
1760301148406 -0.09182357043235703 2201600
1760301175197 -0.09182513914656772 2206720
1760301216385 -0.09151434521055068 2211840
1760301254538 -0.09115881809787628 2216960
1760301286290 -0.09119069553201291 2222080
1760301328976 -0.09067670036764706 2227200
1760301379513 -0.09083562585969739 2232320
1760301414745 -0.09010178408051234 2237440
1760301444881 -0.0903297581013236 2242560
1760301474598 -0.09018101092896173 2247680
1760301504915 -0.0896637891867333 2252800
1760301546257 -0.08917724388032638 2257920
1760301576632 -0.08917910447761195 2263040
1760301605542 -0.08887071299638989 2268160
1760301635759 -0.0884342638451148 2273280
1760301677142 -0.08847708894878706 2278400
1760301707684 -0.08826759300761991 2283520
1760301737169 -0.08829941860465117 2288640
1760301766743 -0.08807452030343596 2293760
1760301805324 -0.08780609973285841 2298880
1760301836084 -0.08756108396268326 2304000
1760301866081 -0.08762189716312058 2309120
1760301896264 -0.08720698805838126 2314240
1760301934012 -0.08725728155339806 2319360
1760301963721 -0.08673491853808896 2324480
1760301993457 -0.0867860281195079 2329600
1760302022890 -0.08663415168785621 2334720
1760302059091 -0.08638998250218723 2339840
1760302088909 -0.08632693147097338 2344960
1760302118678 -0.08606271777003484 2350080
1760302153889 -0.08588113863537591 2355200
1760302184361 -0.08560277536860364 2360320
1760302214564 -0.08515253137170056 2365440
1760302244708 -0.08522236614853196 2370560
1760302282680 -0.08536191296854805 2375680
1760302312677 -0.08489896818572658 2380800
1760302341736 -0.08456670956670957 2385920
1760302370826 -0.08444456335616439 2391040
1760302408304 -0.0841947885519009 2396160
1760302440554 -0.08388213981244672 2401280
1760302470985 -0.08359208847299021 2406400
1760302508152 -0.08362691001697793 2411520
1760302536851 -0.0831745023295214 2416640
1760302566341 -0.08326289095519866 2421760
1760302596290 -0.08293968789540279 2426880
1760302634021 -0.08310185185185184 2432000
1760302664887 -0.08259134817303654 2437120
1760302693914 -0.08192057837384743 2442240
1760302722719 -0.08177540777917189 2447360
1760302758723 -0.082220367278798 2452480
1760302784939 -0.0815597667638484 2457600
