1760282985058 5.007692307692308 5120
1760283010769 4.601642710472279 10240
1760283036221 4.456824512534819 15360
1760283067456 4.60427807486631 20480
1760283093387 4.5893470790378 25600
1760283118989 4.534950071326676 30720
1760283145846 4.4683313032886725 35840
1760283176800 4.402977139819245 40960
1760283202805 4.363421550094518 46080
1760283229444 4.336873406966865 51200
1760283260529 4.333461983790042 56320
1760283290654 4.302719886965736 61440
1760283320393 4.292142158461036 66560
1760283351771 4.291995148574894 71680
1760283380574 4.2773536895674305 76800
1760283408235 4.264316012725344 81920
1760283439743 4.263407333499626 87040
1760283487640 4.254237288135593 92160
1760290181701 4.252399018076322 97280
1760290208949 4.251113467656416 102400
1760290235363 4.240056531395114 107520
1760290261210 4.229909423781075 112640
1760290292654 4.211942499078511 117760
1760290318660 4.2141218005295675 122880
1760290344645 4.205927180355631 128000
1760290370870 4.200423314881146 133120
1760290402036 4.197180892717306 138240
1760290427677 4.197463768115942 143360
1760290453625 4.202243916654524 148480
1760290479556 4.2131286096633325 153600
1760290511272 4.2070046334150994 158720
1760290537554 4.209247027741084 163840
1760290563742 4.2078155028827675 168960
1760290589308 4.200646444554947 174080
1760290621573 4.201377144237739 179200
1760290647305 4.193703747210149 184320
1760290672926 4.196320420523369 189440
1760290698967 4.1910324877614595 194560
1760290731158 4.189593495934959 199680
1760290757188 4.183412572636027 204800
1760290783147 4.18491032776747 209920
1760290809577 4.180446590223295 215040
1760290840178 4.1753782668500685 220160
1760290868932 4.179634966378482 225280
1760290895481 4.182612781954887 230400
1760290920628 4.1788767349940255 235520
1760290948598 4.186701457621019 240640
1760290974421 4.214304659181328 245760
1760290999974 4.262310770836958 250880
1760291024212 4.301902965883765 256000
1760291050897 4.347150696496412 261120
1760291078173 4.391282648477791 266240
1760291102974 4.434729164959436 271360
1760291127809 4.464666021297193 276480
1760291152115 4.4834999206726955 281600
1760291179391 4.504565675485835 286720
1760291206860 4.530455488132729 291840
1760291233105 4.545351473922903 296960
1760291260197 4.560559815380034 302080
1760291287836 4.580131964809384 307200
1760291318724 4.5990899898887765 312320
1760291344455 4.608819345661451 317440
1760291371101 4.6194479473168 322560
1760291396924 4.646701208981002 327680
1760291427055 4.6758395204686325 332800
1760291453587 4.702969631819403 337920
1760291481767 4.725223732184289 343040
1760291507246 4.747906307249411 348160
1760291533394 4.776133867424732 353280
1760291558960 4.802500637917836 358400
1760291589442 4.825412832471953 363520
1760291614266 4.849900348779273 368640
1760291640130 4.875307730182176 373760
1760291665353 4.900523241664638 378880
1760291694893 4.919365499008592 384000
1760291721913 4.926956624933246 389120
1760291746759 4.941535571730453 394240
1760291772263 4.976201559408821 399360
1760291800068 5.010268243438131 404480
1760291828108 5.040297227779366 409600
1760291853727 5.06528257057193 414720
1760291881678 5.091637708777043 419840
1760291909533 5.118865200977126 424960
1760291938393 5.143533557231735 430080
1760291964584 5.1695054045201445 435200
1760291990000 5.201690232406956 440320
1760292016846 5.240262534968797 445440
1760292045399 5.280459156433529 450560
1760292072050 5.315474297827239 455680
1760292100964 5.3576392545014215 460800
1760292127141 5.405515725574337 465920
1760292153574 5.441971713810316 471040
1760292182080 5.486306324927656 476160
1760292211899 5.532039433148491 481280
1760292237012 5.575873501657741 486400
1760292262306 5.62011966332015 491520
1760292287938 5.663609795424771 496640
1760292319971 5.704336070498698 501760
1760292344914 5.748009554140127 506880
1760292369856 5.792559244050858 512000
1760292395091 5.8366032354821265 517120
1760292427771 5.880888323631561 522240
1760292452640 5.92751508075501 527360
1760292478117 5.968508126934984 532480
1760292504420 6.02122641509434 537600
1760292536405 6.069765213224724 542720
1760292561998 6.12312169059772 547840
1760292587594 6.176221916116468 552960
1760292613304 6.229153857068534 558080
1760292645319 6.2860171487797984 563200
1760292670939 6.343972962823883 568320
1760292696705 6.395502150738732 573440
1760292722361 6.450286406184511 578560
1760292754258 6.5090478841870825 583680
1760292780454 6.567042722396893 588800
1760292805881 6.6170114730682394 593920
1760292831787 6.676416567177886 599040
1760292863661 6.732000731863508 604160
1760292888819 6.780597831039825 609280
1760292914952 6.830390777470158 614400
1760292940923 6.881166628984852 619520
1760292970723 6.927664174398703 624640
1760292998709 6.976173382392534 629760
1760293024206 7.028653167046623 634880
1760293049838 7.073953695458593 640000
1760293078123 7.120308756986958 645120
1760293105894 7.169952263083451 650240
1760293133225 7.218827051778796 655360
1760293159152 7.271327689810956 660480
1760293185274 7.32690794649882 665600
1760293211672 7.369104133095249 670720
1760293243116 7.4176649305555555 675840
1760293268786 7.460057955970763 680960
1760293294007 7.50458952811894 686080
1760293319638 7.552649660740359 691200
1760293351991 7.603114838268013 696320
1760293377156 7.64839053506715 701440
1760293402774 7.694961339111225 706560
1760293428498 7.73630281988314 711680
1760293460115 7.774345991561181 716800
1760293485692 7.815219676266555 721920
1760293511159 7.857555825547782 727040
1760293536722 7.895303694427051 732160
1760293568111 7.938347616274233 737280
1760293593609 7.974053964438181 742400
1760293619184 8.021766066413349 747520
1760293644247 8.059697805591009 752640
1760293675681 8.102612475905344 757760
1760293701301 8.14072015367638 762880
1760293727373 8.18254032915105 768000
1760293753757 8.225438454043521 773120
1760293783687 8.261765062922349 778240
1760293811725 8.295315271730367 783360
1760293837414 8.33313243330119 788480
1760293862800 8.369499939944749 793600
1760293890673 8.40228968048187 798720
1760293919097 8.432749235109469 803840
1760293944895 8.46239410973003 808960
1760293970234 8.492800504950885 814080
1760293997076 8.520146232163214 819200
1760294026107 8.550585562649328 824320
1760294051710 8.582744761384477 829440
1760294077724 8.613290819302406 834560
1760294104486 8.643662572170342 839680
1760294133626 8.675019305019305 844800
1760294160796 8.706866705135603 849920
1760294186119 8.738165510368354 855040
1760294211597 8.767720745493431 860160
1760294240121 8.79787638910032 865280
1760294268015 8.828642949252826 870400
1760294293580 8.860145146658603 875520
1760294319000 8.889918625678119 880640
1760294347133 8.919489297784454 885760
1760294374827 8.951222251338299 890880
1760294402468 8.98182632384222 896000
1760294429139 9.010377147958046 901120
1760294455944 9.043853795966784 906240
1760294482951 9.07669572927442 911360
1760294508583 9.110431932834997 916480
1760294536448 9.13741971003854 921600
1760294562076 9.164441680991917 926720
1760294588788 9.197170774391132 931840
1760294613442 9.228666957406599 936960
1760294644160 9.259299503784998 942080
1760294670069 9.286931100443931 947200
1760294695751 9.313370022661056 952320
1760294721428 9.344506183903926 957440
1760294753111 9.370953912111469 962560
1760294778087 9.399159514227714 967680
1760294803944 9.425797749618429 972800
1760294829307 9.450854171824709 977920
1760294858500 9.479057960795375 983040
1760294883145 9.505832747716093 988160
1760294912959 9.531559600910205 993280
1760294939111 9.559180682531927 998400
1760294964927 9.586475580909976 1003520
1760294990005 9.61226470690193 1008640
1760295017052 9.643432283927153 1013760
1760295045766 9.668549970716919 1018880
1760295071306 9.692944206008583 1024000
1760295096320 9.717082520450422 1029120
1760295121527 9.74009622274542 1034240
1760295151533 9.767471929227629 1039360
1760295177689 9.793418150975404 1044480
1760295202394 9.817923475083731 1049600
1760295227833 9.844654300168633 1054720
1760295254828 9.86960322797579 1059840
1760295283811 9.896167901565695 1064960
1760295309075 9.92450180553698 1070080
1760295334594 9.94803160105337 1075200
1760295359931 9.974526952878188 1080320
1760295388181 10.001426060425166 1085440
1760295413588 10.026919769826046 1090560
1760295439424 10.055595882275307 1095680
1760295463759 10.084350831002139 1100800
1760295491761 10.10851797144264 1105920
1760295516183 10.134653789490915 1111040
1760295540773 10.157899892251935 1116160
1760295565340 10.18364755299404 1121280
1760295594433 10.20635229929852 1126400
1760295617669 10.230856439492097 1131520
1760295642695 10.25872431174874 1136640
1760295669888 10.286915887850467 1141760
1760295694667 10.31613297325103 1146880
1760295719151 10.344772289929441 1152000
1760295743344 10.36992259962899 1157120
1760295772091 10.394148240324176 1162240
1760295796307 10.425070028011204 1167360
1760295820337 10.456623904483678 1172480
1760295845605 10.481992968230339 1177600
1760295871509 10.508102985310378 1182720
1760295897435 10.534762054837692 1187840
1760295920992 10.561796693279689 1192960
1760295946846 10.591985199586091 1198080
1760295971695 10.621828760909688 1203200
1760295997875 10.650429084100484 1208320
1760296021865 10.6800211679741 1213440
1760296048649 10.711149068322982 1218560
1760296072342 10.740047709036835 1223680
1760296097876 10.766311234739607 1228800
1760296121629 10.789793401171755 1233920
1760296149047 10.815128118367221 1239040
1760296173267 10.841459298579363 1244160
1760296197506 10.864242869384258 1249280
1760296221486 10.885798888821052 1254400
1760296249945 10.913022292605676 1259520
1760296274046 10.94056878949927 1264640
1760296297947 10.967838739011821 1269760
1760296322880 10.993014605824186 1274880
1760296349526 11.01867551666918 1280000
1760296374574 11.04418359668924 1285120
1760296398746 11.06840019216911 1290240
1760296423695 11.091987419499775 1295360
1760296451793 11.118761580300042 1300480
1760296475988 11.147257006559332 1305600
1760296499901 11.173373784241992 1310720
1760296524097 11.201234348109905 1315840
1760296553742 11.225869468699127 1320960
1760296577182 11.254805846744427 1326080
1760296601837 11.285310235106946 1331200
1760296628296 11.314434353231638 1336320
1760296659102 11.341034361440132 1341440
1760296684652 11.36841489455056 1346560
1760296709272 11.393825323178383 1351680
1760296734363 11.421683940840806 1356800
1760296765748 11.445364238410596 1361920
1760296790474 11.471864858599908 1367040
1760296815533 11.498121061455743 1372160
1760296841591 11.523113302765521 1377280
1760296882940 11.550843068423779 1382400
1760296912861 11.57736694034564 1387520
1760296938538 11.603631989000917 1392640
1760296964310 11.629947135305043 1397760
1760296999154 11.656022808267997 1402880
1760297029338 11.680700955848884 1408000
1760297054586 11.709480556344024 1413120
1760297080962 11.73586882646126 1418240
1760297111279 11.763858281064588 1423360
1760297137154 11.790567207938656 1428480
1760297169495 11.815913821229678 1433600
1760297202811 11.842561670361743 1438720
1760297229939 11.867499229972278 1443840
1760297256767 11.892213561310871 1448960
1760297282697 11.917212543554006 1454080
1760297315296 11.941009595327493 1459200
1760297341518 11.965645465645466 1464320
1760297366615 11.990419493285339 1469440
1760297391788 12.020001105033428 1474560
1760297422420 12.043800650532003 1479680
1760297448727 12.070872638266275 1484800
1760297475012 12.099245438331733 1489920
1760297501941 12.123418934457646 1495040
1760297529207 12.150204862059546 1500160
1760297555121 12.179652794811 1505280
1760297580585 12.204046117032847 1510400
1760297607892 12.22892644944247 1515520
1760297637597 12.254622235456539 1520640
1760297663568 12.282492437337943 1525760
1760297689240 12.30955589091301 1530880
1760297716422 12.334659854799677 1536000
1760297744476 12.359570757880617 1541120
1760297769567 12.3856779547584 1546240
1760297794837 12.409327670486418 1551360
1760297822242 12.43575940090078 1556480
1760297848962 12.458543849385736 1561600
1760297874355 12.48190597474265 1566720
1760297900210 12.507333086249801 1571840
1760297927029 12.531405176967777 1576960
1760297954830 12.553458953748846 1582080
1760297979047 12.577424784346729 1587200
1760298004931 12.602692630694941 1592320
1760298029491 12.624924712598528 1597440
1760298058400 12.648557541549074 1602560
1760298083448 12.672480771737714 1607680
1760298108076 12.696834109414427 1612800
1760298132792 12.721727619591455 1617920
1760298160524 12.742501942501942 1623040
1760298186357 12.763576210292332 1628160
1760298210861 12.787862374909729 1633280
1760298236240 12.810505456042824 1638400
1760298264616 12.833675775631805 1643520
1760298290889 12.8571611646504 1648640
1760298315529 12.87888476787313 1653760
1760298340984 12.899749885151344 1658880
1760298366093 12.922882974659366 1664000
1760298395281 12.944726810673444 1669120
1760298419898 12.965081780144542 1674240
1760298445910 12.985068583286937 1679360
1760298471139 13.00717262280591 1684480
1760298499753 13.032314168326065 1689600
1760298524407 13.050665392065609 1694720
1760298550630 13.071597128081539 1699840
1760298576254 13.092737794032917 1704960
1760298604115 13.113063693630638 1710080
1760298629895 13.135961082699264 1715200
1760298657510 13.156923766369566 1720320
1760298684381 13.182251813574482 1725440
1760298708995 13.19964300766046 1730560
1760298734671 13.2201989212727 1735680
1760298761521 13.240863295140262 1740800
1760298790052 13.263788259648086 1745920
1760298815963 13.282053173959024 1751040
1760298842066 13.305262382799077 1756160
1760298867344 13.3271600401754 1761280
1760298898282 13.34718826405868 1766400
1760298924768 13.369951928942681 1771520
1760298949532 13.389396264094882 1776640
1760298974447 13.408103247132024 1781760
1760299003947 13.426384609786274 1786880
1760299030020 13.445302663438257 1792000
1760299055921 13.464704318615723 1797120
1760299080140 13.485358676250664 1802240
1760299108558 13.501685203909673 1807360
1760299135181 13.519856809936813 1812480
1760299160758 13.537146282973621 1817600
1760299187576 13.55637999952129 1822720
1760299215293 13.574274929523627 1827840
1760299242721 13.591310154051605 1832960
1760299269324 13.60829207920792 1838080
1760299294912 13.624741680324949 1843200
1760299322993 13.642103516134386 1848320
1760299351903 13.662264820731274 1853440
1760299377531 13.678532621533519 1858560
1760299403231 13.692848216180527 1863680
1760299428749 13.711548871472617 1868800
1760299457965 13.728692914865627 1873920
1760299484844 13.74519320952917 1879040
1760299510423 13.762001732088102 1884160
1760299536115 13.77937431368426 1889280
1760299561716 13.800088621469717 1894400
1760299591139 13.817127959216927 1899520
1760299617815 13.833565686137831 1904640
1760299643732 13.853852576889178 1909760
1760299669345 13.871437501446994 1914880
1760299698034 13.888706583782035 1920000
1760299723942 13.905257330042215 1925120
1760299748775 13.920611530668632 1930240
1760299773856 13.937487072234607 1935360
1760299805550 13.95334006239677 1940480
1760299829507 13.968858765341638 1945600
1760299854361 13.985349576029073 1950720
1760299879232 14.003285121138841 1955840
1760299910239 14.023044517818514 1960960
1760299935288 14.039841814586696 1966080
1760299960673 14.058309699376064 1971200
1760299986404 14.07538325671973 1976320
1760300013581 14.091244010487298 1981440
1760300040118 14.108268471517203 1986560
1760300064737 14.125363118427275 1991680
1760300094631 14.141627138457388 1996800
1760300120089 14.156569736133548 2001920
1760300145283 14.173650146686672 2007040
1760300170698 14.192596566523605 2012160
1760300202123 14.208277554663097 2017280
1760300226819 14.22597385242433 2022400
1760300251806 14.243158526554476 2027520
1760300277036 14.259392406186894 2032640
1760300305926 14.276650420912716 2037760
1760300332282 14.292326404245909 2042880
1760300359206 14.311575647874266 2048000
1760300383538 14.326591314693635 2053120
1760300410822 14.343348583494633 2058240
1760300435474 14.356684961580681 2063360
1760300463263 14.371781104122379 2068480
1760300488642 14.38989280245023 2073600
1760300514287 14.404140099572015 2078720
1760300539857 14.42006713750109 2083840
1760300569181 14.435972757142546 2088960
1760300595060 14.452535563036161 2094080
1760300622014 14.468479014915019 2099200
1760300647704 14.483510062756979 2104320
1760300676552 14.497537371468072 2109440
1760300701582 14.513757709061112 2114560
1760300726291 14.528782399035563 2119680
1760300750160 14.543489006855939 2124800
1760300780178 14.554790258555949 2129920
1760300805005 14.56733426154011 2135040
1760300830021 14.579892663944065 2140160
1760300858440 14.595543983951513 2145280
1760300886542 14.609083743422595 2150400
1760300911131 14.622586544186442 2155520
1760300936119 14.63399774989917 2160640
1760300966478 14.648457365655196 2165760
1760300992124 14.662393975929099 2170880
1760301017256 14.675506756756757 2176000
1760301042261 14.689805641047261 2181120
1760301071495 14.70267255892256 2186240
1760301097918 14.715981178843004 2191360
1760301122789 14.730261916245517 2196480
1760301148430 14.743227967343522 2201600
1760301175241 14.755235109717868 2206720
1760301216473 14.767338507761643 2211840
1760301254582 14.78068695452936 2216960
1760301286383 14.79208167848454 2222080
1760301329227 14.805821413000603 2227200
1760301379587 14.82173949092115 2232320
1760301414785 14.834657562590523 2237440
1760301444922 14.844585803093826 2242560
1760301474645 14.856659793814433 2247680
1760301504962 14.86988204779843 2252800
1760301546287 14.88143185927996 2257920
1760301576665 14.892685728350495 2263040
1760301605581 14.906728642804488 2268160
1760301635802 14.918749872248227 2273280
1760301677182 14.928215801501796 2278400
1760301707729 14.936125142577806 2283520
1760301737213 14.946339975599837 2288640
1760301766803 14.959312949202095 2293760
1760301805364 14.96690110870138 2298880
1760301836120 14.974100602970337 2304000
1760301866111 14.988546380090497 2309120
1760301896302 15.00040330711837 2314240
1760301934055 15.013507528786537 2319360
1760301963759 15.025358169067855 2324480
1760301993496 15.038673700679999 2329600
1760302022943 15.052340715229667 2334720
1760302059128 15.063545685329922 2339840
1760302088965 15.078020552728724 2344960
1760302118721 15.090901846723908 2350080
1760302153944 15.104035321493209 2355200
1760302184394 15.11599094627328 2360320
1760302214599 15.130797589788314 2365440
1760302244757 15.144431692258983 2370560
1760302282721 15.158359509275174 2375680
1760302312714 15.171633695587857 2380800
1760302341780 15.185004331731905 2385920
1760302370868 15.199308053704469 2391040
1760302408342 15.214392244593586 2396160
1760302440616 15.22915074933882 2401280
1760302471032 15.240713573147115 2406400
1760302508188 15.252821494122701 2411520
1760302536893 15.266998050682261 2416640
1760302566416 15.281246350862169 2421760
1760302596330 15.291822897441378 2426880
1760302634069 15.303310641764124 2432000
1760302664933 15.31940518142741 2437120
1760302693951 15.332057527255857 2442240
1760302722758 15.347113658734294 2447360
1760302758753 15.359351817954103 2452480
1760302784980 15.37434348486889 2457600
