1760282985054 62.07530191806772 5120
1760283010764 123.7768990143422 10240
1760283036217 161.9922756063649 15360
1760283067450 162.412545982575 20480
1760283093382 195.34739881700898 25600
1760283118982 181.84712768263603 30720
1760283145838 40.20806211954177 35840
1760283176785 95.4291954859847 40960
1760283202799 67.40328153373937 46080
1760283229436 80.22616246820068 51200
1760283260521 139.5960860014644 56320
1760283290646 109.74682086974724 61440
1760283320388 67.72215584331708 66560
1760283351763 58.99991559994373 71680
1760283380569 63.62428894316096 76800
1760283408228 84.94792911392405 81920
1760283439735 82.5894260116176 87040
1760283487620 17.623718444317458 92160
1760290181668 103.35889600788566 97280
1760290208939 47.94421773373112 102400
1760290235357 106.1096943938474 107520
1760290261205 53.172551057922696 112640
1760290292649 112.61992857718229 117760
1760290318653 73.2041329237643 122880
1760290344637 58.7758579616317 128000
1760290370864 67.0220034834854 133120
1760290402031 58.744576254569395 138240
1760290427671 100.32540005262277 143360
1760290453620 46.02348190576514 148480
1760290479550 63.98340274281879 153600
1760290511266 101.7639751552795 158720
1760290537548 95.78442074493594 163840
1760290563734 108.10340472692594 168960
1760290589301 96.56729750886403 174080
1760290621564 48.81695550460317 179200
1760290647299 84.20606303955029 184320
1760290672921 61.43070140750179 189440
1760290698918 55.68941526368899 194560
1760290731148 87.07294996886029 199680
1760290757178 81.48076773642086 204800
1760290783141 96.91314494327503 209920
1760290809567 90.92947731263685 215040
1760290840171 106.70628641208945 220160
1760290868922 120.86983084060978 225280
1760290895476 40.56229933078024 230400
1760290920622 111.29903144487197 235520
1760290948593 93.44139728651949 240640
1760290974415 120.1599724975649 245760
1760290999968 135.47931134726574 250880
1760291024207 73.16965266995796 256000
1760291050888 73.16709986916703 261120
1760291078165 78.12949854705313 266240
1760291102968 109.28928031684819 271360
1760291127803 28.985404688191068 276480
1760291152109 88.55842236392044 281600
1760291179384 94.66245373296019 286720
1760291206853 121.66571909264954 291840
1760291233095 97.14208953841165 296960
1760291260168 60.78701449275362 302080
1760291287829 98.25487256371814 307200
1760291318715 92.38148099202678 312320
1760291344449 72.14269251277112 317440
1760291371095 130.7614415762564 322560
1760291396917 90.10707226948526 327680
1760291427048 106.35723704229638 332800
1760291453581 122.01256690714452 337920
1760291481759 113.91064881453518 343040
1760291507239 129.63387420800495 348160
1760291533385 59.80158832000228 353280
1760291558953 89.07373428474347 358400
1760291589430 58.722370005320194 363520
1760291614258 229.92566604538976 368640
1760291640122 109.54903753232168 373760
1760291665344 106.37072354239051 378880
1760291694885 44.26986405471587 384000
1760291721904 243.55751698507635 389120
1760291746747 125.07243178768451 394240
1760291772256 104.78686886351713 399360
1760291800057 77.77743987242012 404480
1760291828101 108.35195040041333 409600
1760291853719 84.29067524115756 414720
1760291881665 73.88500563697858 419840
1760291909525 61.15572145106731 424960
1760291938382 70.87606880935483 430080
1760291964576 77.38711046329269 435200
1760291989992 103.64751525934712 440320
1760292016835 154.01549590570264 445440
1760292045385 145.00618841832326 450560
1760292072037 34.06624323841393 455680
1760292100955 71.22752436911999 460800
1760292127129 96.69419277497292 465920
1760292153562 67.92835163411395 471040
1760292182054 102.29261273565349 476160
1760292211882 84.33982827612556 481280
1760292237005 82.19451684336357 486400
1760292262297 104.48927530455146 491520
1760292287930 59.34132227897172 496640
1760292319962 104.90480716322345 501760
1760292344901 44.071703267836504 506880
1760292369847 99.97625914714085 512000
1760292395081 56.21713198139635 517120
1760292427764 104.831392151962 522240
1760292452631 91.18646868274018 527360
1760292478103 104.33851588347969 532480
1760292504406 88.81533086289042 537600
1760292536390 101.72201877137245 542720
1760292561988 76.10233334542947 547840
1760292587584 91.24598081232189 552960
1760292613296 86.62337876910368 558080
1760292645310 119.77907873318674 563200
1760292670930 95.86761445452676 568320
1760292696697 114.69561650578359 573440
1760292722352 127.94143305981758 578560
1760292754249 84.93760758186347 583680
1760292780444 85.99466929101571 588800
1760292805870 82.00007820136852 593920
1760292831773 111.99743658210949 599040
1760292862919 84.9530908207081 604160
1760292888803 63.670648956356736 609280
1760292914936 84.94792911392405 614400
1760292940908 84.83624595469256 619520
1760292970713 101.80349514563108 624640
1760292998699 138.65467768595042 629760
1760293024196 149.3804402022936 634880
1760293049828 30.49294074881861 640000
1760293078112 72.49808137726 645120
1760293105878 99.98817583675026 650240
1760293133213 91.9722831330585 655360
1760293159138 83.97509359921517 660480
1760293185197 29.117203173919986 665600
1760293211662 107.60143663417136 670720
1760293243105 100.90223248652809 675840
1760293268775 119.2512225634027 680960
1760293293995 67.00273167302993 686080
1760293319623 95.46177481393813 691200
1760293351981 53.56368048017368 696320
1760293377145 95.2536506710876 701440
1760293402763 58.768446125823175 706560
1760293428484 42.44173033139388 711680
1760293460098 126.8656120504522 716800
1760293485682 124.76734985275307 721920
1760293511142 63.947309041012346 727040
1760293536711 82.03536222813331 732160
1760293568094 104.69270898335122 737280
1760293593596 116.90462121634428 742400
1760293619172 179.1748472809603 747520
1760293644230 137.6671152394394 752640
1760293675661 182.11558334418828 757760
1760293701289 59.357278310831845 762880
1760293727356 41.00284476943681 768000
1760293753737 102.64056382145654 773120
1760293783674 118.78516001132823 778240
1760293811711 266.4403506543006 783360
1760293837404 215.80078205392056 788480
1760293862789 120.54329645063946 793600
1760293890661 65.37154969529777 798720
1760293919084 66.21470068199041 803840
1760293944881 32.98342298134692 808960
1760293970217 42.64454272787352 814080
1760293997061 87.13807287987701 819200
1760294026095 86.4662323740414 824320
1760294051699 112.97484242848678 829440
1760294077707 110.88122240727523 834560
1760294104468 89.03591746624777 839680
1760294133615 101.18215810677152 844800
1760294160785 115.37393409253453 849920
1760294186107 132.57171755483913 855040
1760294211580 79.76388254982504 860160
1760294240107 88.57151303980572 865280
1760294268001 73.00154903837786 870400
1760294293567 109.50613544984596 875520
1760294318988 101.49310361515752 880640
1760294347120 110.82848460827057 885760
1760294374810 123.99645243303968 890880
1760294402457 103.34361602523038 896000
1760294429127 165.11057749084753 901120
1760294455931 92.95680503534939 906240
1760294482938 81.62030045925118 911360
1760294508571 80.0638326302327 916480
1760294536436 128.35645867123665 921600
1760294562064 34.974975609349336 926720
1760294588730 61.5903671071953 931840
1760294613424 38.7758301900747 936960
1760294644148 88.57151303980572 942080
1760294670053 98.87795563308894 947200
1760294695738 53.93909465020576 952320
1760294721407 50.2203596829426 957440
1760294753098 36.4009893686266 962560
1760294778069 44.76693847927251 967680
1760294803926 88.01762743164124 972800
1760294829292 77.1025937976801 977920
1760294858487 101.83315528794795 983040
1760294883124 198.22789356774894 988160
1760294912940 140.49387016815166 993280
1760294939097 114.9029942744432 998400
1760294964909 130.7899840967913 1003520
1760294989991 77.91469757764898 1008640
1760295017035 97.93597496906158 1013760
1760295045754 64.56748768472906 1018880
1760295071292 40.18456350118801 1024000
1760295096297 232.57757569036264 1029120
1760295121511 73.78232800323676 1034240
1760295151512 107.09590440200184 1039360
1760295177676 98.21345946705381 1044480
1760295202380 91.01827177639859 1049600
1760295227818 128.18777506112468 1054720
1760295254814 89.81956014304987 1059840
1760295283790 74.58794657941067 1064960
1760295309062 335.43698016634676 1070080
1760295334581 47.16622809976835 1075200
1760295359915 66.38027411135378 1080320
1760295388158 33.46634857056228 1085440
1760295413572 94.77153896558737 1090560
1760295439413 129.30217645970774 1095680
1760295463734 107.28766562643884 1100800
1760295491747 107.19169925119476 1105920
1760295516170 125.02023905332499 1111040
1760295540761 127.49031885467643 1116160
1760295565321 106.0453074433657 1121280
1760295594409 140.5079896820877 1126400
1760295617654 132.55076952248524 1131520
1760295642682 140.73901080464398 1136640
1760295669876 102.73609954440798 1141760
1760295694649 103.16060799842589 1146880
1760295719137 86.04583034157349 1152000
1760295743332 88.67075387932857 1157120
1760295772078 74.71283777765902 1162240
1760295796294 97.60551056501909 1167360
1760295820324 105.98903292649028 1172480
1760295845592 73.58169888775832 1177600
1760295871495 28.21843820852143 1182720
1760295897418 128.47834344176928 1187840
1760295920963 72.94314881480322 1192960
1760295946832 81.48868294767928 1198080
1760295971682 116.27911618751907 1203200
1760295997862 89.51285827090936 1208320
1760296021850 43.81160495116728 1213440
1760296048626 99.01801270096084 1218560
1760296072328 109.34056308654849 1223680
1760296097851 108.33236046181264 1228800
1760296121606 74.29595777092854 1233920
1760296149033 94.21591266454018 1239040
1760296173252 149.5615461417772 1244160
1760296197490 101.47346010548218 1249280
1760296221471 93.93317208635672 1254400
1760296249926 108.587583492984 1259520
1760296274027 97.95427263597935 1264640
1760296297933 112.5474011860359 1269760
1760296322867 139.90806898162046 1274880
1760296349503 39.537573997963875 1280000
1760296374554 34.11279014916148 1285120
1760296398731 41.368840493944056 1290240
1760296423671 107.97816908660282 1295360
1760296451779 151.10252900064847 1300480
1760296475974 128.5452818045297 1305600
1760296499887 95.69918773386875 1310720
1760296524076 85.19986187003596 1315840
1760296553727 87.28132348350847 1320960
1760296577168 122.07293576646585 1326080
1760296601819 93.53099634287753 1331200
1760296628280 115.15853055845368 1336320
1760296659087 129.56980012974577 1341440
1760296684637 135.71164175241054 1346560
1760296709257 53.948807655699326 1351680
1760296734342 55.9964754415711 1356800
1760296765728 88.36811056800944 1361920
1760296790457 133.5297825602496 1367040
1760296815515 79.88846139194698 1372160
1760296841573 34.663669421487604 1377280
1760296882917 84.62229395742963 1382400
1760296912839 144.4220095034777 1387520
1760296938521 73.54557250569876 1392640
1760296964291 210.61029374843082 1397760
1760296999133 69.7724989187211 1402880
1760297029320 57.48456773203223 1408000
1760297054569 159.3338398419693 1413120
1760297080945 105.51442731000478 1418240
1760297111250 71.3219970072099 1423360
1760297137124 109.46326695722526 1428480
1760297169451 65.55751105831601 1433600
1760297202782 40.369050712711385 1438720
1760297229922 90.51152352179543 1443840
1760297256744 103.39201814282545 1448960
1760297282680 90.93539155320441 1454080
1760297315281 109.34341354049897 1459200
1760297341495 70.55535182599627 1464320
1760297366596 83.07361999643487 1469440
1760297391770 40.259005787892455 1474560
1760297422399 122.94603546826909 1479680
1760297448706 106.0587149467722 1484800
1760297474989 111.12505298855447 1489920
1760297501923 201.01140611521134 1495040
1760297529185 89.45749264172674 1500160
1760297555104 113.10889380292325 1505280
1760297580568 110.9222754079285 1510400
1760297607868 68.3913383772502 1515520
1760297637546 50.41715549572074 1520640
1760297663549 55.40033549511947 1525760
1760297689223 119.61170364455597 1530880
1760297716397 102.80912812216584 1536000
1760297744452 175.64087102177555 1541120
1760297769550 121.94162111873473 1546240
1760297794818 77.05160282906219 1551360
1760297822217 101.14068000964552 1556480
1760297848938 131.66449020592668 1561600
1760297874336 104.11319068659087 1566720
1760297900179 62.54833947238916 1571840
1760297927010 116.29523651084124 1576960
1760297954813 86.62337876910368 1582080
1760297979002 105.5941189798847 1587200
1760298004913 90.63474296086609 1592320
1760298029471 41.29389989367149 1597440
1760298058381 159.73432858557393 1602560
1760298083418 93.24819919964429 1607680
1760298108057 70.62663545893882 1612800
1760298132774 125.22179429765637 1617920
1760298160506 89.42697539550552 1623040
1760298186339 93.94790010079517 1628160
1760298210842 170.72918956323522 1633280
1760298236217 182.90179661608232 1638400
1760298264590 105.16257145722595 1643520
1760298290871 70.32113337245369 1648640
1760298315511 83.10324740940342 1653760
1760298340965 65.11681053219897 1658880
1760298366073 91.29165941145743 1664000
1760298395262 137.62194441710142 1669120
1760298419866 198.14361300075586 1674240
1760298445882 102.4725513669346 1679360
1760298471122 60.91060121986639 1684480
1760298499733 88.06382800033593 1689600
1760298524387 79.88693979391654 1694720
1760298550611 46.42849710534764 1699840
1760298576230 68.13691375473138 1704960
1760298604096 118.71119664893016 1710080
1760298629866 100.64558237750155 1715200
1760298657488 103.44301674599848 1720320
1760298684358 234.52829344665622 1725440
1760298708971 109.70089449181357 1730560
1760298734632 189.47029859511227 1735680
1760298761500 37.05084625984948 1740800
1760298790032 132.81519949335024 1745920
1760298815933 60.083428833371535 1751040
1760298842035 86.09175065169646 1756160
1760298867322 80.34603375284945 1761280
1760298898244 22.69608177356428 1766400
1760298924749 84.8293827360246 1771520
1760298949496 69.74813336659183 1776640
1760298974427 45.09422440115254 1781760
1760299003926 39.86033737229746 1786880
1760299029997 121.95580367527332 1792000
1760299055900 86.02994626081963 1797120
1760299080121 70.93360392355827 1802240
1760299108532 78.1892138769271 1807360
1760299135156 54.215891317554906 1812480
1760299160737 118.06293981872432 1817600
1760299187544 182.55947769314471 1822720
1760299215267 83.00785687427022 1827840
1760299242699 94.97325815728098 1832960
1760299269291 85.03748758185836 1838080
1760299294893 105.554258103483 1843200
1760299322974 118.98397208589827 1848320
1760299351882 123.74038234599952 1853440
1760299377509 133.4448156278833 1858560
1760299403208 116.33394352915072 1863680
1760299428725 79.21104417291458 1868800
1760299457930 158.97752340522305 1873920
1760299484817 91.47483206839397 1879040
1760299510402 125.64191354881227 1884160
1760299536072 178.14746856948693 1889280
1760299561692 85.70473446535483 1894400
1760299591119 35.2210941764286 1899520
1760299617790 91.26782139437724 1904640
1760299643702 56.21713198139635 1909760
1760299669314 52.37903991208352 1914880
1760299698013 97.46488822791281 1920000
1760299723921 42.80469858246502 1925120
1760299748753 43.75356241263483 1930240
1760299773835 98.3816292543335 1935360
1760299805515 109.96261437223082 1940480
1760299829486 186.30586772087239 1945600
1760299854335 81.7204870920604 1950720
1760299879201 69.3697633263318 1955840
1760299910204 86.34519104084322 1960960
1760299935261 49.34475294117647 1966080
1760299960637 92.11165037882947 1971200
1760299986376 94.09121295735468 1976320
1760300013561 114.46399039379963 1981440
1760300040095 114.10277755107593 1986560
1760300064708 121.06869876457684 1991680
1760300094606 130.95741226426875 1996800
1760300120059 114.03142841607308 2001920
1760300145261 93.50805930219596 2007040
1760300170670 66.0208405477727 2012160
1760300202100 83.89111346680801 2017280
1760300226787 94.13344704535763 2022400
1760300251772 111.79742516725751 2027520
1760300277011 117.40529041287614 2032640
1760300305903 118.95360181508792 2037760
1760300332260 85.71524329184804 2042880
1760300359165 107.5049083685762 2048000
1760300383515 35.054190485741984 2053120
1760300410793 99.5444167556663 2058240
1760300435449 68.59378219700066 2063360
1760300463238 104.51791677049589 2068480
1760300488621 80.3521906549934 2073600
1760300514256 103.48385186647258 2078720
1760300539828 48.32370155306696 2083840
1760300569063 10.882226725164557 2088960
1760300595039 78.92189293442469 2094080
1760300621979 87.27769107518155 2099200
1760300647663 72.12532457482847 2104320
1760300676530 118.15273669680836 2109440
1760300701559 128.74256422849075 2114560
1760300726264 64.63016780436692 2119680
1760300750133 112.60481099656357 2124800
1760300780154 101.92719319562576 2129920
1760300804977 93.09504150574865 2135040
1760300829951 154.47495580436063 2140160
1760300858416 109.1499206287246 2145280
1760300886517 160.16741131095583 2150400
1760300911109 97.68734861188746 2155520
1760300936094 100.82461538461538 2160640
1760300966456 102.7713417622268 2165760
1760300992095 84.01209814722083 2170880
1760301017234 45.27237009692809 2176000
1760301042219 55.6886758633509 2181120
1760301071468 159.24309958616502 2186240
1760301097895 126.95393183606755 2191360
1760301122765 116.3662190655865 2196480
1760301148406 119.66971953550743 2201600
1760301175197 86.7990563304499 2206720
1760301216385 31.439202458586312 2211840
1760301254538 111.72000106544496 2216960
1760301286290 67.74731469367318 2222080
1760301328976 68.61510273524408 2227200
1760301379513 103.77573793205829 2232320
1760301414745 146.6796293058227 2237440
1760301444881 67.38487243750401 2242560
1760301474598 118.94348183648583 2247680
1760301504915 63.63587261610353 2252800
1760301546257 164.23776333307228 2257920
1760301576632 111.99145573000106 2263040
1760301605542 106.733440211721 2268160
1760301635759 102.88730805082668 2273280
1760301677142 69.27123486762787 2278400
1760301707684 127.0039061317184 2283520
1760301737169 77.73419574846638 2288640
1760301766743 36.70038937743361 2293760
1760301805324 88.45756706596929 2298880
1760301836084 33.50885995046736 2304000
1760301866081 43.945182515401704 2309120
1760301896264 84.37206308336016 2314240
1760301934012 49.913769918244455 2319360
1760301963721 81.15285194644377 2324480
1760301993457 22.768773105046876 2329600
1760302022890 166.89761648959453 2334720
1760302059091 33.49976039104182 2339840
1760302088909 87.9474953345495 2344960
1760302118678 91.18845116966693 2350080
1760302153889 49.59447571300194 2355200
1760302184361 106.6493083807974 2360320
1760302214564 51.59235888163155 2365440
1760302244708 67.50742785405032 2370560
1760302282680 99.72429206590742 2375680
1760302312677 169.15244394257138 2380800
1760302341736 165.54720555730975 2385920
1760302370826 65.20082699870976 2391040
1760302408304 93.1301818504785 2396160
1760302440554 106.17953521340692 2401280
1760302470985 51.601245032786686 2406400
1760302508152 120.06366290719643 2411520
1760302536851 66.41075415235049 2416640
1760302566341 115.18383039490305 2421760
1760302596290 62.45706202069839 2426880
1760302634021 116.61858421842851 2432000
1760302664887 136.7425423010465 2437120
1760302693914 51.97595945326344 2442240
1760302722719 74.08467720568754 2447360
1760302758723 78.58328024881028 2452480
1760302784939 102.35002440214738 2457600
