1770861082675 0.0979163721203804 5120
1770861099738 0.07129393517971039 10240
1770861116785 0.04199501499533653 15360
1770861133807 0.02643120102584362 20480
1770861150810 0.030228905379772186 25600
1770861167784 0.03623537719249725 30720
1770861184809 0.042830269783735275 35840
1770861201792 0.04652795568108559 40960
1770861218646 0.0492371991276741 46080
1770861235561 0.05119847133755684 51200
1770861252547 0.05292290076613426 56320
1770861269501 0.05436969920992851 61440
1770861286292 0.05584900453686714 66560
1770861303152 0.057067129760980606 71680
1770861320042 0.05796882510185242 76800
1770861336924 0.05861620604991913 81920
1770861353970 0.059453725814819336 87040
1770861370886 0.06040455400943756 92160
1770861388475 0.06118130683898926 97280
1770861406175 0.06157837435603142 102400
1770861423773 0.0619046576321125 107520
1770861441417 0.06233430281281471 112640
1770861459208 0.0627111867070198 117760
1770861477010 0.06308016926050186 122880
1770861494606 0.06353947520256042 128000
1770861512199 0.06344343721866608 133120
1770861529696 0.06516241282224655 138240
1770861547041 0.06793083995580673 143360
1770861565037 0.06986737996339798 148480
1770861583164 0.071541927754879 153600
1770861601249 0.07345328480005264 158720
1770861618930 0.07513418793678284 163840
1770861636587 0.076265849173069 168960
1770861654221 0.07794080674648285 174080
1770861671913 0.0793570727109909 179200
1770861689695 0.08031916618347168 184320
1770861707577 0.08143077790737152 189440
1770861725220 0.08257291465997696 194560
1770861743143 0.08376681059598923 199680
1770861760871 0.0845135897397995 204800
1770861778611 0.08565834164619446 209920
1770861796388 0.08611973375082016 215040
1770861814128 0.08669179677963257 220160
1770861831918 0.0879257470369339 225280
1770861849668 0.08920898288488388 230400
1770861867213 0.09083753079175949 235520
1770861884718 0.09239482879638672 240640
1770861902801 0.09396889805793762 245760
1770861921115 0.09456153959035873 250880
1770861939219 0.09322773665189743 256000
1770861957016 0.09187522530555725 261120
1770861975098 0.0907546728849411 266240
1770861993069 0.09154897183179855 271360
1770862011156 0.0925770178437233 276480
1770862029568 0.0934048742055893 281600
1770862047425 0.0942382663488388 286720
1770862064867 0.09577067941427231 291840
1770862082262 0.09705017507076263 296960
1770862089216 0.0976409912109375 300032
