1770861082675 0.0 5120
1770861099738 0.0 10240
1770861116785 0.0 15360
1770861133807 0.0 20480
1770861150810 0.0 25600
1770861167784 0.0 30720
1770861184809 0.0 35840
1770861201792 0.0 40960
1770861218646 0.0 46080
1770861235561 0.0 51200
1770861252547 0.0 56320
1770861269501 0.0 61440
1770861286292 0.0 66560
1770861303152 0.0 71680
1770861320042 0.0 76800
1770861336924 0.0 81920
1770861353970 0.0 87040
1770861370886 0.0 92160
1770861388475 0.0 97280
1770861406175 0.0 102400
1770861423773 0.0 107520
1770861441417 0.0 112640
1770861459208 0.0 117760
1770861477010 0.0 122880
1770861494606 0.0 128000
1770861512199 0.0 133120
1770861529696 0.0 138240
1770861547041 0.0 143360
1770861565037 0.0 148480
1770861583164 0.0 153600
1770861601249 0.0 158720
1770861618930 0.0 163840
1770861636587 0.0 168960
1770861654221 0.0 174080
1770861671913 0.0 179200
1770861689695 0.0 184320
1770861707577 0.0 189440
1770861725220 0.0 194560
1770861743143 0.0 199680
1770861760871 0.0 204800
1770861778611 0.0 209920
1770861796388 0.0 215040
1770861814128 0.0 220160
1770861831918 0.0 225280
1770861849668 0.0 230400
1770861867213 0.0 235520
1770861884718 0.0 240640
1770861902801 0.0 245760
1770861921115 0.0 250880
1770861939219 0.0 256000
1770861957016 0.0 261120
1770861975098 0.0 266240
1770861993069 0.0 271360
1770862011156 0.0 276480
1770862029568 0.0 281600
1770862047425 0.0 286720
1770862064867 0.0 291840
1770862082262 0.0 296960
1770862089216 0.0 300032
