1770861082675 1.1421366930007935 5120
1770861099738 1.1839081048965454 10240
1770861116785 1.1984144449234009 15360
1770861133807 1.1855521202087402 20480
1770861150810 1.1905721426010132 25600
1770861167784 1.1823301315307617 30720
1770861184809 1.1761680841445923 35840
1770861201792 1.1785553693771362 40960
1770861218646 1.1752458810806274 46080
1770861235561 1.1677961349487305 51200
1770861252547 1.1640808582305908 56320
1770861269501 1.16493821144104 61440
1770861286292 1.1628215312957764 66560
1770861303152 1.1589829921722412 71680
1770861320042 1.1591850519180298 76800
1770861336924 1.1566088199615479 81920
1770861353970 1.1585884094238281 87040
1770861370886 1.1625874042510986 92160
1770861388475 1.1606160402297974 97280
1770861406175 1.1620789766311646 102400
1770861423773 1.1641907691955566 107520
1770861441417 1.1637842655181885 112640
1770861459208 1.163558006286621 117760
1770861477010 1.1637563705444336 122880
1770861494606 1.1668157577514648 128000
1770861512199 1.1650577783584595 133120
1770861529696 1.1616930961608887 138240
1770861547041 1.1611841917037964 143360
1770861565037 1.1621545553207397 148480
1770861583164 1.1622337102890015 153600
1770861601249 1.1619337797164917 158720
1770861618930 1.1608198881149292 163840
1770861636587 1.1604474782943726 168960
1770861654221 1.1623464822769165 174080
1770861671913 1.1636691093444824 179200
1770861689695 1.163354516029358 184320
1770861707577 1.1627142429351807 189440
1770861725220 1.1616625785827637 194560
1770861743143 1.1611313819885254 199680
1770861760871 1.160575270652771 204800
1770861778611 1.1627610921859741 209920
1770861796388 1.1615108251571655 215040
1770861814128 1.1612845659255981 220160
1770861831918 1.1604728698730469 225280
1770861849668 1.1602953672409058 230400
1770861867213 1.161232590675354 235520
1770861884718 1.161841630935669 240640
1770861902801 1.1623551845550537 245760
1770861921115 1.1622670888900757 250880
1770861939219 1.1625950336456299 256000
1770861957016 1.1613799333572388 261120
1770861975098 1.1613982915878296 266240
1770861993069 1.1614925861358643 271360
1770862011156 1.1607451438903809 276480
1770862029568 1.160526156425476 281600
1770862047425 1.1594719886779785 286720
1770862064867 1.1596975326538086 291840
1770862082262 1.1602838039398193 296960
1770862089216 1.1604018211364746 300032
