1770861082670 18.237016677856445 5120
1770861099733 17.16577911376953 10240
1770861116780 12.525627136230469 15360
1770861133802 9.379480361938477 20480
1770861150805 10.907252311706543 25600
1770861167779 12.737265586853027 30720
1770861184801 13.63623332977295 35840
1770861201787 13.917808532714844 40960
1770861218641 15.25769329071045 46080
1770861235554 15.868820190429688 51200
1770861252542 14.569557189941406 56320
1770861269497 15.475271224975586 61440
1770861286286 14.629648208618164 66560
1770861303146 14.644613265991211 71680
1770861320037 15.026681900024414 76800
1770861336919 14.924398422241211 81920
1770861353965 13.246198654174805 87040
1770861370876 14.261283874511719 92160
1770861388467 12.423433303833008 97280
1770861406168 13.091207504272461 102400
1770861423766 13.033533096313477 107520
1770861441411 13.613362312316895 112640
1770861459202 11.883137702941895 117760
1770861477001 11.411176681518555 122880
1770861494599 11.088407516479492 128000
1770861512192 12.484987258911133 133120
1770861529689 13.646265983581543 138240
1770861547034 15.378847122192383 143360
1770861565028 18.559253692626953 148480
1770861583156 21.408859252929688 153600
1770861601238 22.21200942993164 158720
1770861618922 23.7320613861084 163840
1770861636576 26.148502349853516 168960
1770861654215 28.83829116821289 174080
1770861671906 29.718761444091797 179200
1770861689689 31.878368377685547 184320
1770861707569 33.397071838378906 189440
1770861725213 32.48734664916992 194560
1770861743132 35.995506286621094 199680
1770861760860 34.910179138183594 204800
1770861778603 35.749420166015625 209920
1770861796373 34.52585220336914 215040
1770861814120 37.20823287963867 220160
1770861831904 35.023746490478516 225280
1770861849660 34.39398193359375 230400
1770861867206 34.184749603271484 235520
1770861884710 32.8519287109375 240640
1770861902793 32.825103759765625 245760
1770861921106 31.38361167907715 250880
1770861939211 32.859962463378906 256000
1770861957009 35.00103759765625 261120
1770861975089 32.67463684082031 266240
1770861993061 35.570701599121094 271360
1770862011148 32.091793060302734 276480
1770862029560 36.085479736328125 281600
1770862047412 35.816627502441406 286720
1770862064855 35.90651321411133 291840
1770862082253 34.223140716552734 296960
1770862089207 31.672256469726562 300032
