1770861082670 129.87069606143174 5120
1770861099733 115.73686534216336 10240
1770861116780 98.07337433067552 15360
1770861133802 120.33924370230103 20480
1770861150805 128.07817271283741 25600
1770861167779 113.70683438609808 30720
1770861184801 94.99261675046428 35840
1770861201787 89.24051063829788 40960
1770861218641 125.9815576847986 46080
1770861235554 110.90761013274103 51200
1770861252542 150.4791016395795 56320
1770861269497 145.458782729322 61440
1770861286286 133.19056238290304 66560
1770861303146 128.19561097866617 71680
1770861320037 144.90098804670765 76800
1770861336919 143.4833059660646 81920
1770861353965 137.04188721165784 87040
1770861370876 138.98088074488882 92160
1770861388467 101.97427730908561 97280
1770861406168 137.7892247043364 102400
1770861423766 144.46180340290692 107520
1770861441411 85.47419045872307 112640
1770861459202 107.47736066623959 117760
1770861477001 82.81773126666009 122880
1770861494599 84.85684227563324 128000
1770861512192 107.78116407554927 133120
1770861529689 81.80336629415092 138240
1770861547034 88.57338345229547 143360
1770861565028 90.07997938232894 148480
1770861583156 130.5051183919848 153600
1770861601238 103.00100685150169 158720
1770861618922 99.35342050407428 163840
1770861636576 97.10385701717831 168960
1770861654215 134.38544103040596 174080
1770861671906 136.65789130718102 179200
1770861689689 80.35065134099617 184320
1770861707569 107.72856629167309 189440
1770861725213 129.58981647407774 194560
1770861743132 104.53875679178506 199680
1770861760860 68.77599409690907 204800
1770861778603 99.47359184157476 209920
1770861796373 90.33023926948506 215040
1770861814120 128.35253075463615 220160
1770861831904 94.96895731914412 225280
1770861849660 124.7339558674835 230400
1770861867206 126.73144790911289 235520
1770861884710 91.77305647331686 240640
1770861902793 131.4046179391585 245760
1770861921106 108.3379568642645 250880
1770861939211 124.43421247812027 256000
1770861957009 63.90541343531455 261120
1770861975089 127.68826108134438 266240
1770861993061 117.92352676563203 271360
1770862011148 124.59685708344473 276480
1770862029560 120.31853126792886 281600
1770862047412 90.83101977174783 286720
1770862064855 83.01607156994696 291840
1770862082253 95.5444087564637 296960
1770862089207 122.17605592775998 300032
