1770957205743 20.804452896118164 5120
1770957240297 21.54149627685547 10240
1770957274949 21.48198890686035 15360
1770957309596 21.687026977539062 20480
1770957344240 21.669361114501953 25600
1770957378844 21.370868682861328 30720
1770957413477 21.183332443237305 35840
1770957448137 21.026960372924805 40960
1770957482766 21.092342376708984 46080
1770957517459 21.061731338500977 51200
1770957552134 21.10112762451172 56320
1770957586751 21.13865089416504 61440
1770957621395 21.099349975585938 66560
1770957656052 21.099531173706055 71680
1770957690663 21.111865997314453 76800
1770957725290 20.864234924316406 81920
1770957759949 20.417463302612305 87040
1770957794581 20.135305404663086 92160
1770957829163 19.87160873413086 97280
1770957863832 19.71675682067871 102400
1770957898473 19.488168716430664 107520
1770957933138 19.325075149536133 112640
1770957967771 19.132198333740234 117760
1770958002418 18.973356246948242 122880
1770958037038 18.876535415649414 128000
1770958071678 18.83828353881836 133120
1770958106331 18.759366989135742 138240
1770958140972 18.705341339111328 143360
1770958175582 18.635751724243164 148480
1770958210249 18.475419998168945 153600
1770958244905 18.258934020996094 158720
1770958279559 18.06252098083496 163840
1770958314157 17.876705169677734 168960
1770958348813 17.681142807006836 174080
1770958383444 17.474166870117188 179200
1770958418097 17.26919174194336 184320
1770958453177 17.063268661499023 189440
1770958487834 16.832529067993164 194560
1770958522514 16.578014373779297 199680
1770958557212 16.324783325195312 204800
1770958591851 16.04483985900879 209920
1770958626524 15.78287124633789 215040
1770958661193 15.504768371582031 220160
1770958695742 15.270203590393066 225280
1770958730426 15.08403491973877 230400
1770958765147 14.908907890319824 235520
1770958799825 14.767289161682129 240640
1770958834493 14.60208797454834 245760
1770958869158 14.457515716552734 250880
1770958903846 14.305648803710938 256000
1770958938464 14.163102149963379 261120
1770958973101 14.003418922424316 266240
1770959007759 13.879720687866211 271360
1770959042422 13.783658027648926 276480
1770959076936 13.664694786071777 281600
1770959111640 13.535008430480957 286720
1770959146290 13.424922943115234 291840
1770959180922 13.306391716003418 296960
1770959194799 13.270171165466309 300032
