1770957205743 0.08272261917591095 5120
1770957240297 0.07814173400402069 10240
1770957274949 0.07844751328229904 15360
1770957309596 0.0770546942949295 20480
1770957344240 0.07621389627456665 25600
1770957378844 0.06844060122966766 30720
1770957413477 0.06466393172740936 35840
1770957448137 0.06415904313325882 40960
1770957482766 0.06463459134101868 46080
1770957517459 0.06447126716375351 51200
1770957552134 0.06447744369506836 56320
1770957586751 0.06401326507329941 61440
1770957621395 0.06345691531896591 66560
1770957656052 0.06290700286626816 71680
1770957690663 0.06279836595058441 76800
1770957725290 0.06305481493473053 81920
1770957759949 0.06701090186834335 87040
1770957794581 0.07096453756093979 92160
1770957829163 0.0753868892788887 97280
1770957863832 0.07876517623662949 102400
1770957898473 0.08259865641593933 107520
1770957933138 0.08537128567695618 112640
1770957967771 0.08830039948225021 117760
1770958002418 0.09034478664398193 122880
1770958037038 0.0929860770702362 128000
1770958071678 0.09538527578115463 133120
1770958106331 0.09730210155248642 138240
1770958140972 0.09860996156930923 143360
1770958175582 0.10038218647241592 148480
1770958210249 0.1022268757224083 153600
1770958244905 0.10358176380395889 158720
1770958279559 0.10504256933927536 163840
1770958314157 0.10691429674625397 168960
1770958348813 0.10866569727659225 174080
1770958383444 0.11097235977649689 179200
1770958418097 0.11288910359144211 184320
1770958453177 0.11489096283912659 189440
1770958487834 0.11637632548809052 194560
1770958522514 0.11785481125116348 199680
1770958557212 0.11885780841112137 204800
1770958591851 0.11924100667238235 209920
1770958626524 0.11915472149848938 215040
1770958661193 0.1184329241514206 220160
1770958695742 0.1177012175321579 225280
1770958730426 0.11712244898080826 230400
1770958765147 0.1166747584939003 235520
1770958799825 0.11654577404260635 240640
1770958834493 0.11629516631364822 245760
1770958869158 0.11579180508852005 250880
1770958903846 0.11521264910697937 256000
1770958938464 0.11465096473693848 261120
1770958973101 0.11421117186546326 266240
1770959007759 0.11372920870780945 271360
1770959042422 0.11337388306856155 276480
1770959076936 0.11295974999666214 281600
1770959111640 0.11272475868463516 286720
1770959146290 0.11211574822664261 291840
1770959180922 0.11160827428102493 296960
1770959194799 0.11152355372905731 300032
