1770957205743 0.0 5120
1770957240297 0.0 10240
1770957274949 0.0 15360
1770957309596 0.0 20480
1770957344240 0.0 25600
1770957378844 0.0 30720
1770957413477 0.0 35840
1770957448137 0.0 40960
1770957482766 0.0 46080
1770957517459 0.0 51200
1770957552134 0.0 56320
1770957586751 0.0 61440
1770957621395 0.0 66560
1770957656052 0.0 71680
1770957690663 0.0 76800
1770957725290 0.0 81920
1770957759949 0.0 87040
1770957794581 0.0 92160
1770957829163 0.0 97280
1770957863832 0.0 102400
1770957898473 0.0 107520
1770957933138 0.0 112640
1770957967771 0.0 117760
1770958002418 0.0 122880
1770958037038 0.0 128000
1770958071678 0.0 133120
1770958106331 0.0 138240
1770958140972 0.0 143360
1770958175582 0.0 148480
1770958210249 0.0 153600
1770958244905 0.0 158720
1770958279559 0.0 163840
1770958314157 0.0 168960
1770958348813 0.0 174080
1770958383444 0.0 179200
1770958418097 0.0 184320
1770958453177 0.0 189440
1770958487834 0.0 194560
1770958522514 0.0 199680
1770958557212 0.0 204800
1770958591851 0.0 209920
1770958626524 0.0 215040
1770958661193 0.0 220160
1770958695742 0.0 225280
1770958730426 0.0 230400
1770958765147 0.0 235520
1770958799825 0.0 240640
1770958834493 0.0 245760
1770958869158 0.0 250880
1770958903846 0.0 256000
1770958938464 0.0 261120
1770958973101 0.0 266240
1770959007759 0.0 271360
1770959042422 0.0 276480
1770959076936 0.0 281600
1770959111640 0.0 286720
1770959146290 0.0 291840
1770959180922 0.0 296960
1770959194799 0.0 300032
