1770957205743 1.1272259950637817 5120
1770957240297 1.1492903232574463 10240
1770957274949 1.1470568180084229 15360
1770957309596 1.1492537260055542 20480
1770957344240 1.1571030616760254 25600
1770957378844 1.150159478187561 30720
1770957413477 1.1551545858383179 35840
1770957448137 1.1471456289291382 40960
1770957482766 1.1491984128952026 46080
1770957517459 1.149666428565979 51200
1770957552134 1.150200605392456 56320
1770957586751 1.1524150371551514 61440
1770957621395 1.1522587537765503 66560
1770957656052 1.1549067497253418 71680
1770957690663 1.1571379899978638 76800
1770957725290 1.1580395698547363 81920
1770957759949 1.1565332412719727 87040
1770957794581 1.1560801267623901 92160
1770957829163 1.1539463996887207 97280
1770957863832 1.1535903215408325 102400
1770957898473 1.1527841091156006 107520
1770957933138 1.1522537469863892 112640
1770957967771 1.1514819860458374 117760
1770958002418 1.1506476402282715 122880
1770958037038 1.1510928869247437 128000
1770958071678 1.1535371541976929 133120
1770958106331 1.1533476114273071 138240
1770958140972 1.152647852897644 143360
1770958175582 1.1527925729751587 148480
1770958210249 1.1529701948165894 153600
1770958244905 1.1524136066436768 158720
1770958279559 1.1526778936386108 163840
1770958314157 1.1537792682647705 168960
1770958348813 1.1541541814804077 174080
1770958383444 1.1545307636260986 179200
1770958418097 1.1542460918426514 184320
1770958453177 1.154788851737976 189440
1770958487834 1.1536943912506104 194560
1770958522514 1.1537877321243286 199680
1770958557212 1.1546071767807007 204800
1770958591851 1.1538406610488892 209920
1770958626524 1.1529436111450195 215040
1770958661193 1.1508443355560303 220160
1770958695742 1.1501538753509521 225280
1770958730426 1.1498960256576538 230400
1770958765147 1.1504979133605957 235520
1770958799825 1.1518038511276245 240640
1770958834493 1.1520988941192627 245760
1770958869158 1.1514760255813599 250880
1770958903846 1.1520087718963623 256000
1770958938464 1.1521333456039429 261120
1770958973101 1.1504542827606201 266240
1770959007759 1.1497392654418945 271360
1770959042422 1.1513004302978516 276480
1770959076936 1.1505097150802612 281600
1770959111640 1.1497771739959717 286720
1770959146290 1.148977279663086 291840
1770959180922 1.147943139076233 296960
1770959194799 1.148234486579895 300032
