1770957205734 -2.2440202236175537 5120
1770957240286 -4.17921781539917 10240
1770957274936 -4.330418109893799 15360
1770957309586 -4.328077793121338 20480
1770957344229 -4.51979923248291 25600
1770957378833 -4.7164812088012695 30720
1770957413467 -5.874802589416504 35840
1770957448127 -6.373525142669678 40960
1770957482755 -6.426779747009277 46080
1770957517449 -6.778738975524902 51200
1770957552123 -7.1640191078186035 56320
1770957586740 -7.311486721038818 61440
1770957621384 -7.452591896057129 66560
1770957656041 -7.4896039962768555 71680
1770957690652 -7.362693786621094 76800
1770957725280 -7.332968711853027 81920
1770957759938 -8.094014167785645 87040
1770957794570 -10.178413391113281 92160
1770957829152 -11.725464820861816 97280
1770957863821 -13.927740097045898 102400
1770957898462 -15.811178207397461 107520
1770957933127 -17.482942581176758 112640
1770957967760 -18.912731170654297 117760
1770958002407 -20.486804962158203 122880
1770958037026 -21.55771255493164 128000
1770958071668 -22.794147491455078 133120
1770958106319 -23.77198600769043 138240
1770958140961 -24.646556854248047 143360
1770958175570 -25.46303367614746 148480
1770958210238 -26.283313751220703 153600
1770958244893 -26.76666259765625 158720
1770958279548 -27.015583038330078 163840
1770958314148 -27.126110076904297 168960
1770958348801 -27.37005043029785 174080
1770958383432 -27.534191131591797 179200
1770958418085 -27.669315338134766 184320
1770958453165 -27.856250762939453 189440
1770958487821 -27.95949935913086 194560
1770958522501 -28.1331729888916 199680
1770958557199 -28.187881469726562 204800
1770958591838 -28.347393035888672 209920
1770958626512 -28.72238540649414 215040
1770958661180 -29.04867935180664 220160
1770958695729 -29.25308609008789 225280
1770958730409 -29.623065948486328 230400
1770958765133 -30.050857543945312 235520
1770958799812 -30.38665771484375 240640
1770958834480 -30.752979278564453 245760
1770958869144 -30.929012298583984 250880
1770958903833 -31.229583740234375 256000
1770958938450 -31.54337501525879 261120
1770958973088 -31.77020263671875 266240
1770959007745 -31.951824188232422 271360
1770959042408 -32.49118423461914 276480
1770959076922 -32.81455612182617 281600
1770959111626 -32.85417938232422 286720
1770959146277 -33.43221664428711 291840
1770959180910 -33.67920684814453 296960
1770959194786 -33.7895393371582 300032
