1770957205743 0.28272444009780884 5120
1770957240297 0.2776472866535187 10240
1770957274949 0.27773499488830566 15360
1770957309596 0.27432727813720703 20480
1770957344240 0.2737784683704376 25600
1770957378844 0.25877320766448975 30720
1770957413477 0.2525138556957245 35840
1770957448137 0.2506692111492157 40960
1770957482766 0.2514946758747101 46080
1770957517459 0.25166773796081543 51200
1770957552134 0.2517649531364441 56320
1770957586751 0.2511027753353119 61440
1770957621395 0.25025156140327454 66560
1770957656052 0.24972201883792877 71680
1770957690663 0.2501301169395447 76800
1770957725290 0.2524023652076721 81920
1770957759949 0.2621193528175354 87040
1770957794581 0.27073249220848083 92160
1770957829163 0.2799229323863983 97280
1770957863832 0.28697720170021057 102400
1770957898473 0.29525864124298096 107520
1770957933138 0.3010081946849823 112640
1770957967771 0.30718275904655457 117760
1770958002418 0.3114790618419647 122880
1770958037038 0.3169220983982086 128000
1770958071678 0.3219659626483917 133120
1770958106331 0.3256482779979706 138240
1770958140972 0.3279756009578705 143360
1770958175582 0.33166658878326416 148480
1770958210249 0.3360569477081299 153600
1770958244905 0.3399718403816223 158720
1770958279559 0.3439593017101288 163840
1770958314157 0.3490060865879059 168960
1770958348813 0.35357099771499634 174080
1770958383444 0.35970836877822876 179200
1770958418097 0.3648616671562195 184320
1770958453177 0.3702647089958191 189440
1770958487834 0.3747054934501648 194560
1770958522514 0.3803083598613739 199680
1770958557212 0.38504689931869507 204800
1770958591851 0.388311505317688 209920
1770958626524 0.39018669724464417 215040
1770958661193 0.390791118144989 220160
1770958695742 0.39124009013175964 225280
1770958730426 0.39176255464553833 230400
1770958765147 0.3926023244857788 235520
1770958799825 0.394077867269516 240640
1770958834493 0.3952985107898712 245760
1770958869158 0.39529654383659363 250880
1770958903846 0.3954663574695587 256000
1770958938464 0.39558732509613037 261120
1770958973101 0.39577844738960266 266240
1770959007759 0.39573779702186584 271360
1770959042422 0.3962106704711914 276480
1770959076936 0.3962332606315613 281600
1770959111640 0.3968784511089325 286720
1770959146290 0.39646822214126587 291840
1770959180922 0.3962923586368561 296960
1770959194799 0.39660224318504333 300032
