1770917472859 0.0889122411608696 5120
1770917482775 0.09481656551361084 10240
1770917498059 0.09773396700620651 15360
1770917508637 0.09956067055463791 20480
1770917518471 0.10118891298770905 25600
1770917529373 0.09875138849020004 30720
1770917545771 0.09561537206172943 35840
1770917556410 0.09247730672359467 40960
1770917567769 0.09024857729673386 46080
1770917578133 0.08869914710521698 51200
1770917595177 0.08715728670358658 56320
1770917606217 0.0860542580485344 61440
1770917617374 0.08567968755960464 66560
1770917628180 0.08543345332145691 71680
1770917644021 0.084489606320858 76800
1770917654156 0.08398350328207016 81920
1770917664909 0.08372461050748825 87040
1770917675641 0.08311092853546143 92160
1770917694409 0.08265924453735352 97280
1770917704777 0.08219441026449203 102400
1770917715160 0.08160097151994705 107520
1770917725714 0.08083593100309372 112640
1770917744589 0.08036075532436371 117760
1770917755010 0.08033964037895203 122880
1770917765310 0.08010207116603851 128000
1770917775285 0.07960215210914612 133120
1770917791606 0.07949397712945938 138240
1770917804938 0.07932928204536438 143360
1770917815093 0.07932814955711365 148480
1770917824456 0.07900539040565491 153600
1770917836871 0.07882573455572128 158720
1770917851179 0.07874242961406708 163840
1770917861708 0.07852882891893387 168960
1770917871571 0.07840369641780853 174080
1770917882126 0.07833366096019745 179200
1770917898935 0.07842975854873657 184320
1770917911249 0.07801049947738647 189440
1770917921981 0.07801967859268188 194560
1770917932922 0.07778764516115189 199680
1770917948963 0.07764726877212524 204800
1770917959125 0.07741256058216095 209920
1770917971646 0.07724642753601074 215040
1770917983584 0.07697006314992905 220160
1770917998793 0.0769590511918068 225280
1770918008926 0.07674998790025711 230400
1770918022256 0.07673195004463196 235520
1770918034225 0.07673260569572449 240640
1770918045561 0.07676635682582855 245760
1770918057405 0.07687858492136002 250880
1770918071163 0.07704777270555496 256000
1770918083205 0.07684186846017838 261120
1770918093492 0.07664255797863007 266240
1770918106063 0.07651568949222565 271360
1770918120429 0.07645273208618164 276480
1770918130375 0.07637932896614075 281600
1770918142424 0.07618816941976547 286720
1770918151763 0.076066754758358 291840
1770918164837 0.07600109279155731 296960
1770918168969 0.07592415809631348 300032
