1770917472859 17.63312530517578 5120
1770917482775 17.69618797302246 10240
1770917498059 18.017454147338867 15360
1770917508637 17.732337951660156 20480
1770917518471 18.141721725463867 25600
1770917529373 18.689149856567383 30720
1770917545771 19.17003631591797 35840
1770917556410 19.397958755493164 40960
1770917567769 19.64896583557129 46080
1770917578133 19.817256927490234 51200
1770917595177 19.957656860351562 56320
1770917606217 20.130584716796875 61440
1770917617374 20.33232879638672 66560
1770917628180 20.502685546875 71680
1770917644021 20.675045013427734 76800
1770917654156 20.78917694091797 81920
1770917664909 20.915435791015625 87040
1770917675641 21.00210189819336 92160
1770917694409 21.0656795501709 97280
1770917704777 21.101743698120117 102400
1770917715160 21.1771183013916 107520
1770917725714 21.168346405029297 112640
1770917744589 21.228591918945312 117760
1770917755010 21.296226501464844 122880
1770917765310 21.352069854736328 128000
1770917775285 21.41484832763672 133120
1770917791606 21.4277400970459 138240
1770917804938 21.469520568847656 143360
1770917815093 21.488977432250977 148480
1770917824456 21.528661727905273 153600
1770917836871 21.55788230895996 158720
1770917851179 21.588085174560547 163840
1770917861708 21.604629516601562 168960
1770917871571 21.60732650756836 174080
1770917882126 21.61846160888672 179200
1770917898935 21.642484664916992 184320
1770917911249 21.628652572631836 189440
1770917921981 21.64008331298828 194560
1770917932922 21.63408851623535 199680
1770917948963 21.650358200073242 204800
1770917959125 21.666051864624023 209920
1770917971646 21.685436248779297 215040
1770917983584 21.668245315551758 220160
1770917998793 21.686960220336914 225280
1770918008926 21.701475143432617 230400
1770918022256 21.696422576904297 235520
1770918034225 21.68709945678711 240640
1770918045561 21.707231521606445 245760
1770918057405 21.73310661315918 250880
1770918071163 21.769432067871094 256000
1770918083205 21.786670684814453 261120
1770918093492 21.767927169799805 266240
1770918106063 21.78339195251465 271360
1770918120429 21.788530349731445 276480
1770918130375 21.794897079467773 281600
1770918142424 21.801578521728516 286720
1770918151763 21.783584594726562 291840
1770918164837 21.787921905517578 296960
1770918168969 21.783485412597656 300032
