1770917472859 23.87411880493164 5120
1770917482775 24.259166717529297 10240
1770917498059 24.707366943359375 15360
1770917508637 24.462308883666992 20480
1770917518471 24.92561149597168 25600
1770917529373 25.304845809936523 30720
1770917545771 25.644601821899414 35840
1770917556410 25.73200798034668 40960
1770917567769 25.883914947509766 46080
1770917578133 25.975154876708984 51200
1770917595177 26.049489974975586 56320
1770917606217 26.181005477905273 61440
1770917617374 26.355701446533203 66560
1770917628180 26.529264450073242 71680
1770917644021 26.686325073242188 76800
1770917654156 26.78546714782715 81920
1770917664909 26.907268524169922 87040
1770917675641 26.97478485107422 92160
1770917694409 27.015920639038086 97280
1770917704777 27.03863525390625 102400
1770917715160 27.094749450683594 107520
1770917725714 27.056211471557617 112640
1770917744589 27.098546981811523 117760
1770917755010 27.166967391967773 122880
1770917765310 27.205638885498047 128000
1770917775285 27.253660202026367 133120
1770917791606 27.25581169128418 138240
1770917804938 27.286714553833008 143360
1770917815093 27.288896560668945 148480
1770917824456 27.315088272094727 153600
1770917836871 27.33127212524414 158720
1770917851179 27.35806655883789 163840
1770917861708 27.36703109741211 168960
1770917871571 27.360322952270508 174080
1770917882126 27.3638858795166 179200
1770917898935 27.392553329467773 184320
1770917911249 27.358381271362305 189440
1770917921981 27.36224365234375 194560
1770917932922 27.342918395996094 199680
1770917948963 27.35356903076172 204800
1770917959125 27.360065460205078 209920
1770917971646 27.37020492553711 215040
1770917983584 27.340429306030273 220160
1770917998793 27.359365463256836 225280
1770918008926 27.364933013916016 230400
1770918022256 27.35420036315918 235520
1770918034225 27.34008026123047 240640
1770918045561 27.367053985595703 245760
1770918057405 27.39578628540039 250880
1770918071163 27.43732452392578 256000
1770918083205 27.444211959838867 261120
1770918093492 27.417585372924805 266240
1770918106063 27.42844009399414 271360
1770918120429 27.431198120117188 276480
1770918130375 27.433408737182617 281600
1770918142424 27.431245803833008 286720
1770918151763 27.404029846191406 291840
1770918164837 27.401369094848633 296960
1770918168969 27.392417907714844 300032
