1770917472859 0.0 5120
1770917482775 0.0 10240
1770917498059 0.0 15360
1770917508637 0.0 20480
1770917518471 0.0 25600
1770917529373 0.0 30720
1770917545771 0.0 35840
1770917556410 0.0 40960
1770917567769 0.0 46080
1770917578133 0.0 51200
1770917595177 0.0 56320
1770917606217 0.0 61440
1770917617374 0.0 66560
1770917628180 0.0 71680
1770917644021 0.0 76800
1770917654156 0.0 81920
1770917664909 0.0 87040
1770917675641 0.0 92160
1770917694409 0.0 97280
1770917704777 0.0 102400
1770917715160 0.0 107520
1770917725714 0.0 112640
1770917744589 0.0 117760
1770917755010 0.0 122880
1770917765310 0.0 128000
1770917775285 0.0 133120
1770917791606 0.0 138240
1770917804938 0.0 143360
1770917815093 0.0 148480
1770917824456 0.0 153600
1770917836871 0.0 158720
1770917851179 0.0 163840
1770917861708 0.0 168960
1770917871571 0.0 174080
1770917882126 0.0 179200
1770917898935 0.0 184320
1770917911249 0.0 189440
1770917921981 0.0 194560
1770917932922 0.0 199680
1770917948963 0.0 204800
1770917959125 0.0 209920
1770917971646 0.0 215040
1770917983584 0.0 220160
1770917998793 0.0 225280
1770918008926 0.0 230400
1770918022256 0.0 235520
1770918034225 0.0 240640
1770918045561 0.0 245760
1770918057405 0.0 250880
1770918071163 0.0 256000
1770918083205 0.0 261120
1770918093492 0.0 266240
1770918106063 0.0 271360
1770918120429 0.0 276480
1770918130375 0.0 281600
1770918142424 0.0 286720
1770918151763 0.0 291840
1770918164837 0.0 296960
1770918168969 0.0 300032
