1770917472859 1.1079760789871216 5120
1770917482775 1.1271722316741943 10240
1770917498059 1.1447396278381348 15360
1770917508637 1.1420890092849731 20480
1770917518471 1.145888090133667 25600
1770917529373 1.1406784057617188 30720
1770917545771 1.1416573524475098 35840
1770917556410 1.1358649730682373 40960
1770917567769 1.135634183883667 46080
1770917578133 1.1333941221237183 51200
1770917595177 1.1324214935302734 56320
1770917606217 1.1342560052871704 61440
1770917617374 1.138283133506775 66560
1770917628180 1.142511248588562 71680
1770917644021 1.1469370126724243 76800
1770917654156 1.1498266458511353 81920
1770917664909 1.152280330657959 87040
1770917675641 1.153856635093689 92160
1770917694409 1.1535950899124146 97280
1770917704777 1.1535851955413818 102400
1770917715160 1.1545884609222412 107520
1770917725714 1.1522083282470703 112640
1770917744589 1.1532784700393677 117760
1770917755010 1.1554917097091675 122880
1770917765310 1.1564010381698608 128000
1770917775285 1.1575490236282349 133120
1770917791606 1.1566648483276367 138240
1770917804938 1.1569406986236572 143360
1770917815093 1.1559697389602661 148480
1770917824456 1.1562614440917969 153600
1770917836871 1.1567798852920532 158720
1770917851179 1.1573799848556519 163840
1770917861708 1.1574591398239136 168960
1770917871571 1.1571235656738281 174080
1770917882126 1.1567749977111816 179200
1770917898935 1.157852292060852 184320
1770917911249 1.155936360359192 189440
1770917921981 1.1555856466293335 194560
1770917932922 1.154552936553955 199680
1770917948963 1.1545836925506592 204800
1770917959125 1.1546133756637573 209920
1770917971646 1.1547869443893433 215040
1770917983584 1.1533983945846558 220160
1770917998793 1.1538509130477905 225280
1770918008926 1.1532546281814575 230400
1770918022256 1.1526288986206055 235520
1770918034225 1.1520785093307495 240640
1770918045561 1.1527752876281738 245760
1770918057405 1.1537837982177734 250880
1770918071163 1.155483365058899 256000
1770918083205 1.1556193828582764 261120
1770918093492 1.1542598009109497 266240
1770918106063 1.1543893814086914 271360
1770918120429 1.1543776988983154 276480
1770918130375 1.154294490814209 281600
1770918142424 1.1541540622711182 286720
1770918151763 1.1530916690826416 291840
1770918164837 1.15288507938385 296960
1770918168969 1.1525523662567139 300032
