1770917472855 -0.35220471024513245 5120
1770917482770 -0.9839637875556946 10240
1770917498054 -1.2338985204696655 15360
1770917508632 -1.2344765663146973 20480
1770917518466 -1.113567590713501 25600
1770917529363 -1.1438419818878174 30720
1770917545766 -1.1780420541763306 35840
1770917556404 -1.188684344291687 40960
1770917567763 -1.2530465126037598 46080
1770917578126 -1.4321552515029907 51200
1770917595171 -1.3756043910980225 56320
1770917606212 -1.1930080652236938 61440
1770917617368 -1.2220580577850342 66560
1770917628174 -1.2141199111938477 71680
1770917644012 -1.1628174781799316 76800
1770917654150 -1.0586782693862915 81920
1770917664903 -1.1162846088409424 87040
1770917675636 -1.0455143451690674 92160
1770917694403 -1.0534337759017944 97280
1770917704772 -1.0226051807403564 102400
1770917715154 -1.1080743074417114 107520
1770917725707 -1.1331369876861572 112640
1770917744582 -1.0582315921783447 117760
1770917755004 -1.2242980003356934 122880
1770917765302 -1.1464911699295044 128000
1770917775279 -1.155518651008606 133120
1770917791596 -1.204675316810608 138240
1770917804932 -1.1970880031585693 143360
1770917815087 -1.2283935546875 148480
1770917824446 -1.2515869140625 153600
1770917836865 -1.2703161239624023 158720
1770917851173 -1.2531962394714355 163840
1770917861702 -1.3627384901046753 168960
1770917871561 -1.2488752603530884 174080
1770917882119 -1.3550156354904175 179200
1770917898928 -1.3424475193023682 184320
1770917911241 -1.3449615240097046 189440
1770917921972 -1.3728677034378052 194560
1770917932915 -1.3464287519454956 199680
1770917948956 -1.3893167972564697 204800
1770917959113 -1.4283710718154907 209920
1770917971639 -1.4109866619110107 215040
1770917983575 -1.367506742477417 220160
1770917998786 -1.426487684249878 225280
1770918008918 -1.4825637340545654 230400
1770918022245 -1.3768689632415771 235520
1770918034214 -1.4944219589233398 240640
1770918045552 -1.3964017629623413 245760
1770918057392 -1.428864598274231 250880
1770918071151 -1.4617611169815063 256000
1770918083197 -1.402756690979004 261120
1770918093479 -1.4648289680480957 266240
1770918106052 -1.430228590965271 271360
1770918120422 -1.4503780603408813 276480
1770918130368 -1.4532051086425781 281600
1770918142417 -1.374972939491272 286720
1770918151756 -1.4447723627090454 291840
1770918164826 -1.432239294052124 296960
1770918168960 -1.4824295043945312 300032
