1770917472855 87.83698770706373 5120
1770917482770 95.67299270072992 10240
1770917498054 101.4636412017998 15360
1770917508632 92.10760480488393 20480
1770917518466 104.80519740129935 25600
1770917529363 58.236427758185 30720
1770917545766 80.75597828179752 35840
1770917556404 87.08379702682501 40960
1770917567763 114.74268205941894 46080
1770917578126 100.37822184994616 51200
1770917595171 102.12076353720296 56320
1770917606212 98.0183683484845 61440
1770917617368 103.14792317340088 66560
1770917628174 96.11145737855179 71680
1770917644012 68.8154881050041 76800
1770917654150 106.86669384427232 81920
1770917664903 104.14938418752483 87040
1770917675636 96.37425610624756 92160
1770917694403 99.83585642197467 97280
1770917704772 91.06767700892372 102400
1770917715154 97.53741686433189 107520
1770917725707 80.86652399406174 112640
1770917744582 97.21864497137426 117760
1770917755004 81.23300989677145 122880
1770917765302 89.87730087642231 128000
1770917775279 87.71391526203521 133120
1770917791596 74.79544198156107 138240
1770917804932 70.84374630521071 143360
1770917815087 86.9862706872952 148480
1770917824446 71.61915169728843 153600
1770917836865 91.29364647497987 158720
1770917851173 96.02344322344322 163840
1770917861702 92.43237763624744 168960
1770917871561 97.5555658929153 174080
1770917882119 90.78187091467902 179200
1770917898928 66.47285175441377 184320
1770917911241 70.49487377726983 189440
1770917921972 72.21473459479003 194560
1770917932915 96.78344140111221 199680
1770917948956 84.6701253608414 204800
1770917959113 87.99177628128474 209920
1770917971639 92.38962068813603 215040
1770917983575 78.15424748914603 220160
1770917998786 89.61230637752377 225280
1770918008918 75.81620331875203 230400
1770918022245 72.03613568054959 235520
1770918034214 78.81955876273162 240640
1770918045552 75.59483815153918 245760
1770918057392 78.63779365168645 250880
1770918071151 77.63779061158004 256000
1770918083197 86.66454532305721 261120
1770918093479 46.51293595785972 266240
1770918106052 71.72447758131263 271360
1770918120422 77.8669637055602 276480
1770918130368 99.82160026655242 281600
1770918142417 102.98077536890176 286720
1770918151756 121.66218999274837 291840
1770918164826 77.13520670884213 296960
1770918168960 80.56518315053495 300032
