1770862194768 16.369577407836914 5120
1770862204640 18.641000747680664 10240
1770862214381 19.428516387939453 15360
1770862224163 20.231618881225586 20480
1770862233829 20.598907470703125 25600
1770862243433 20.97046661376953 30720
1770862253423 21.151897430419922 35840
1770862263174 21.22782325744629 40960
1770862272765 21.199522018432617 46080
1770862282147 21.223793029785156 51200
1770862291563 21.3026065826416 56320
1770862301193 21.327451705932617 61440
1770862310723 21.419931411743164 66560
1770862320131 21.47020721435547 71680
1770862329498 21.53109359741211 76800
1770862338842 21.608985900878906 81920
1770862348328 21.65745735168457 87040
1770862358627 21.679697036743164 92160
1770862368722 21.698471069335938 97280
1770862378760 21.717639923095703 102400
1770862389130 21.726669311523438 107520
1770862399739 21.699857711791992 112640
1770862410101 21.63273811340332 117760
1770862420225 21.516738891601562 122880
1770862430393 21.26866912841797 128000
1770862440557 21.060014724731445 133120
1770862451066 21.044906616210938 138240
1770862461519 21.043354034423828 143360
1770862471667 21.058298110961914 148480
1770862482151 21.090904235839844 153600
1770862492252 21.098304748535156 158720
1770862502322 21.121801376342773 163840
1770862512702 21.185535430908203 168960
1770862523145 21.21263885498047 174080
1770862533447 21.042232513427734 179200
1770862543741 20.840885162353516 184320
1770862554092 20.667360305786133 189440
1770862564522 20.495744705200195 194560
1770862574922 20.347530364990234 199680
1770862585116 20.187753677368164 204800
1770862595229 20.0716495513916 209920
1770862605457 19.964502334594727 215040
1770862615518 19.863502502441406 220160
1770862625475 19.748760223388672 225280
1770862635115 19.65376853942871 230400
1770862644516 19.5349063873291 235520
1770862653886 19.436899185180664 240640
1770862663377 19.33972930908203 245760
1770862672836 19.254566192626953 250880
1770862682201 19.15203285217285 256000
1770862691718 19.063486099243164 261120
1770862701246 18.97652816772461 266240
1770862710634 18.910701751708984 271360
1770862720016 18.828054428100586 276480
1770862729589 18.755496978759766 281600
1770862739009 18.675798416137695 286720
1770862748418 18.596647262573242 291840
1770862758024 18.52006721496582 296960
1770862761775 18.488367080688477 300032
