1770862194768 0.08336956799030304 5120
1770862204640 0.08769769966602325 10240
1770862214381 0.08680524677038193 15360
1770862224163 0.08426868170499802 20480
1770862233829 0.08263804018497467 25600
1770862243433 0.08134806901216507 30720
1770862253423 0.08049487322568893 35840
1770862263174 0.07968983799219131 40960
1770862272765 0.07852234691381454 46080
1770862282147 0.07783438265323639 51200
1770862291563 0.07793079316616058 56320
1770862301193 0.07723671197891235 61440
1770862310723 0.0767795741558075 66560
1770862320131 0.07590176910161972 71680
1770862329498 0.07588399201631546 76800
1770862338842 0.07550759613513947 81920
1770862348328 0.07574402540922165 87040
1770862358627 0.07573803514242172 92160
1770862368722 0.07562039792537689 97280
1770862378760 0.07568617910146713 102400
1770862389130 0.07560309767723083 107520
1770862399739 0.07608575373888016 112640
1770862410101 0.07760331779718399 117760
1770862420225 0.07933159172534943 122880
1770862430393 0.08192966133356094 128000
1770862440557 0.08379983901977539 133120
1770862451066 0.0843002200126648 138240
1770862461519 0.08431791514158249 143360
1770862471667 0.08391880989074707 148480
1770862482151 0.08341034501791 153600
1770862492252 0.08292701840400696 158720
1770862502322 0.0827532485127449 163840
1770862512702 0.08258429169654846 168960
1770862523145 0.08212710171937943 174080
1770862533447 0.08405140787363052 179200
1770862543741 0.08667151629924774 184320
1770862554092 0.08901653438806534 189440
1770862564522 0.09101720154285431 194560
1770862574922 0.0929991826415062 199680
1770862585116 0.09477787464857101 204800
1770862595229 0.09629228711128235 209920
1770862605457 0.09770166873931885 215040
1770862615518 0.09898267686367035 220160
1770862625475 0.10021993517875671 225280
1770862635115 0.10165202617645264 230400
1770862644516 0.1032133400440216 235520
1770862653886 0.10472331941127777 240640
1770862663377 0.10580343008041382 245760
1770862672836 0.10662883520126343 250880
1770862682201 0.10741420835256577 256000
1770862691718 0.10822627693414688 261120
1770862701246 0.10865388065576553 266240
1770862710634 0.10956745594739914 271360
1770862720016 0.11007323861122131 276480
1770862729589 0.11096447706222534 281600
1770862739009 0.11171656101942062 286720
1770862748418 0.11241640895605087 291840
1770862758024 0.11314769089221954 296960
1770862761775 0.11355054378509521 300032
