1770862194768 0.0 5120
1770862204640 0.0 10240
1770862214381 0.0 15360
1770862224163 0.0 20480
1770862233829 0.0 25600
1770862243433 0.0 30720
1770862253423 0.0 35840
1770862263174 0.0 40960
1770862272765 0.0 46080
1770862282147 0.0 51200
1770862291563 0.0 56320
1770862301193 0.0 61440
1770862310723 0.0 66560
1770862320131 0.0 71680
1770862329498 0.0 76800
1770862338842 0.0 81920
1770862348328 0.0 87040
1770862358627 0.0 92160
1770862368722 0.0 97280
1770862378760 0.0 102400
1770862389130 0.0 107520
1770862399739 0.0 112640
1770862410101 0.0 117760
1770862420225 0.0 122880
1770862430393 0.0 128000
1770862440557 0.0 133120
1770862451066 0.0 138240
1770862461519 0.0 143360
1770862471667 0.0 148480
1770862482151 0.0 153600
1770862492252 0.0 158720
1770862502322 0.0 163840
1770862512702 0.0 168960
1770862523145 0.0 174080
1770862533447 0.0 179200
1770862543741 0.0 184320
1770862554092 0.0 189440
1770862564522 0.0 194560
1770862574922 0.0 199680
1770862585116 0.0 204800
1770862595229 0.0 209920
1770862605457 0.0 215040
1770862615518 0.0 220160
1770862625475 0.0 225280
1770862635115 0.0 230400
1770862644516 0.0 235520
1770862653886 0.0 240640
1770862663377 0.0 245760
1770862672836 0.0 250880
1770862682201 0.0 256000
1770862691718 0.0 261120
1770862701246 0.0 266240
1770862710634 0.0 271360
1770862720016 0.0 276480
1770862729589 0.0 281600
1770862739009 0.0 286720
1770862748418 0.0 291840
1770862758024 0.0 296960
1770862761775 0.0 300032
