1770862194768 1.0809708833694458 5120
1770862204640 1.1076680421829224 10240
1770862214381 1.1180332899093628 15360
1770862224163 1.137027621269226 20480
1770862233829 1.1407840251922607 25600
1770862243433 1.1488721370697021 30720
1770862253423 1.1526490449905396 35840
1770862263174 1.154570460319519 40960
1770862272765 1.1467434167861938 46080
1770862282147 1.1433860063552856 51200
1770862291563 1.1441318988800049 56320
1770862301193 1.1425434350967407 61440
1770862310723 1.1433916091918945 66560
1770862320131 1.1440645456314087 71680
1770862329498 1.1455854177474976 76800
1770862338842 1.1476129293441772 81920
1770862348328 1.1494455337524414 87040
1770862358627 1.1498358249664307 92160
1770862368722 1.148956537246704 97280
1770862378760 1.1490342617034912 102400
1770862389130 1.1482359170913696 107520
1770862399739 1.1472384929656982 112640
1770862410101 1.1493051052093506 117760
1770862420225 1.1500153541564941 122880
1770862430393 1.1486115455627441 128000
1770862440557 1.1485507488250732 133120
1770862451066 1.1489070653915405 138240
1770862461519 1.1489158868789673 143360
1770862471667 1.148483157157898 148480
1770862482151 1.1484984159469604 153600
1770862492252 1.147637128829956 158720
1770862502322 1.1474038362503052 163840
1770862512702 1.148829698562622 168960
1770862523145 1.1486611366271973 174080
1770862533447 1.1496933698654175 179200
1770862543741 1.1505286693572998 184320
1770862554092 1.1510711908340454 189440
1770862564522 1.151820421218872 194560
1770862574922 1.152655839920044 199680
1770862585116 1.1517333984375 204800
1770862595229 1.1527929306030273 209920
1770862605457 1.1537384986877441 215040
1770862615518 1.1545732021331787 220160
1770862625475 1.1547510623931885 225280
1770862635115 1.155698537826538 230400
1770862644516 1.154901385307312 235520
1770862653886 1.1552469730377197 240640
1770862663377 1.1550099849700928 245760
1770862672836 1.155319094657898 250880
1770862682201 1.1545850038528442 256000
1770862691718 1.1541998386383057 261120
1770862701246 1.153294324874878 266240
1770862710634 1.1539361476898193 271360
1770862720016 1.1536599397659302 276480
1770862729589 1.154644250869751 281600
1770862739009 1.1545116901397705 286720
1770862748418 1.154660940170288 291840
1770862758024 1.1551868915557861 296960
1770862761775 1.1553272008895874 300032
