1770862194762 23.68799591064453 5120
1770862204636 24.77292823791504 10240
1770862214376 19.343481063842773 15360
1770862224158 16.074440002441406 20480
1770862233823 15.23390007019043 25600
1770862243427 13.757672309875488 30720
1770862253418 12.584806442260742 35840
1770862263169 11.792485237121582 40960
1770862272760 10.824357986450195 46080
1770862282142 10.886004447937012 51200
1770862291558 10.434598922729492 56320
1770862301186 10.13709831237793 61440
1770862310718 10.493477821350098 66560
1770862320125 10.237626075744629 71680
1770862329493 10.4996976852417 76800
1770862338836 10.46473503112793 81920
1770862348322 11.079059600830078 87040
1770862358622 11.208486557006836 92160
1770862368712 11.8739013671875 97280
1770862378753 12.0809907913208 102400
1770862389123 12.316500663757324 107520
1770862399731 12.416496276855469 112640
1770862410092 13.970141410827637 117760
1770862420218 18.15643310546875 122880
1770862430386 22.349048614501953 128000
1770862440550 26.471435546875 133120
1770862451054 28.1396541595459 138240
1770862461512 30.76214027404785 143360
1770862471655 32.45522689819336 148480
1770862482143 32.0314826965332 153600
1770862492245 33.30362319946289 158720
1770862502316 32.62474822998047 163840
1770862512695 32.53035354614258 168960
1770862523133 33.06364822387695 174080
1770862533441 33.01168441772461 179200
1770862543733 33.28865051269531 184320
1770862554086 36.13127517700195 189440
1770862564516 37.87797927856445 194560
1770862574915 38.83109664916992 199680
1770862585108 41.53546905517578 204800
1770862595222 42.854583740234375 209920
1770862605449 44.628204345703125 215040
1770862615509 46.78276062011719 220160
1770862625467 47.63960266113281 225280
1770862635107 47.159385681152344 230400
1770862644509 48.474876403808594 235520
1770862653878 49.087928771972656 240640
1770862663370 49.53667449951172 245760
1770862672828 50.815086364746094 250880
1770862682194 53.6487922668457 256000
1770862691711 54.65932083129883 261120
1770862701239 55.8712043762207 266240
1770862710626 59.2335090637207 271360
1770862720008 63.32074737548828 276480
1770862729581 66.26812744140625 281600
1770862739002 67.60221862792969 286720
1770862748409 70.58670043945312 291840
1770862758014 72.65907287597656 296960
1770862761767 74.99407196044922 300032
