1770862194762 -0.9377889037132263 5120
1770862204636 -1.5511890649795532 10240
1770862214376 -1.8420770168304443 15360
1770862224158 -2.50315523147583 20480
1770862233823 -3.1544787883758545 25600
1770862243427 -3.4880683422088623 30720
1770862253418 -3.6422157287597656 35840
1770862263169 -3.7468056678771973 40960
1770862272760 -3.793781280517578 46080
1770862282142 -3.84552001953125 51200
1770862291558 -3.821730136871338 56320
1770862301186 -3.7629566192626953 61440
1770862310718 -3.656731128692627 66560
1770862320125 -3.587968111038208 71680
1770862329493 -3.4448790550231934 76800
1770862338836 -3.2561562061309814 81920
1770862348322 -3.130634307861328 87040
1770862358622 -3.00724458694458 92160
1770862368712 -2.885226249694824 97280
1770862378753 -2.6864421367645264 102400
1770862389123 -2.580845355987549 107520
1770862399731 -2.4158990383148193 112640
1770862410092 -2.5643725395202637 117760
1770862420218 -3.2452189922332764 122880
1770862430386 -3.9196059703826904 128000
1770862440550 -4.679210186004639 133120
1770862451054 -5.077239990234375 138240
1770862461512 -5.488372325897217 143360
1770862471655 -5.850274562835693 148480
1770862482143 -6.248157978057861 153600
1770862492245 -6.758309364318848 158720
1770862502316 -7.3100433349609375 163840
1770862512695 -7.839053153991699 168960
1770862523133 -8.412636756896973 174080
1770862533441 -9.032184600830078 179200
1770862543733 -9.57429027557373 184320
1770862554086 -10.494124412536621 189440
1770862564516 -11.466818809509277 194560
1770862574915 -12.489452362060547 199680
1770862585108 -13.476442337036133 204800
1770862595222 -14.291749954223633 209920
1770862605449 -15.295690536499023 215040
1770862615509 -16.14566993713379 220160
1770862625467 -16.976652145385742 225280
1770862635107 -17.81515121459961 230400
1770862644509 -18.663787841796875 235520
1770862653878 -19.508235931396484 240640
1770862663370 -20.643413543701172 245760
1770862672828 -21.694154739379883 250880
1770862682194 -22.936092376708984 256000
1770862691711 -24.30156135559082 261120
1770862701239 -25.775943756103516 266240
1770862710626 -27.09946632385254 271360
1770862720008 -28.340229034423828 276480
1770862729581 -29.434329986572266 281600
1770862739002 -30.355945587158203 286720
1770862748409 -31.23927879333496 291840
1770862758014 -31.99090003967285 296960
1770862761767 -32.59767150878906 300032
