1770862194768 1.003909707069397 5120
1770862204640 1.1103572845458984 10240
1770862214381 1.1413037776947021 15360
1770862224163 1.1529805660247803 20480
1770862233829 1.148756980895996 25600
1770862243433 1.1428437232971191 30720
1770862253423 1.1365803480148315 35840
1770862263174 1.133119821548462 40960
1770862272765 1.1228526830673218 46080
1770862282147 1.1189842224121094 51200
1770862291563 1.1197617053985596 56320
1770862301193 1.1192209720611572 61440
1770862310723 1.1184827089309692 66560
1770862320131 1.1133836507797241 71680
1770862329498 1.1148672103881836 76800
1770862338842 1.115803837776184 81920
1770862348328 1.1195257902145386 87040
1770862358627 1.120705008506775 92160
1770862368722 1.122645616531372 97280
1770862378760 1.1228699684143066 102400
1770862389130 1.1242868900299072 107520
1770862399739 1.127319574356079 112640
1770862410101 1.1383497714996338 117760
1770862420225 1.1467561721801758 122880
1770862430393 1.158408284187317 128000
1770862440557 1.167481780052185 133120
1770862451066 1.168267846107483 138240
1770862461519 1.1683650016784668 143360
1770862471667 1.1670440435409546 148480
1770862482151 1.164552927017212 153600
1770862492252 1.1622247695922852 158720
1770862502322 1.1612778902053833 163840
1770862512702 1.160824179649353 168960
1770862523145 1.157718539237976 174080
1770862533447 1.1676721572875977 179200
1770862543741 1.1806721687316895 184320
1770862554092 1.1928857564926147 189440
1770862564522 1.2040871381759644 194560
1770862574922 1.214545726776123 199680
1770862585116 1.224549651145935 204800
1770862595229 1.2346386909484863 209920
1770862605457 1.2428406476974487 215040
1770862615518 1.2493915557861328 220160
1770862625475 1.2571178674697876 225280
1770862635115 1.2663651704788208 230400
1770862644516 1.2752083539962769 235520
1770862653886 1.2836986780166626 240640
1770862663377 1.2897112369537354 245760
1770862672836 1.293474793434143 250880
1770862682201 1.2970107793807983 256000
1770862691718 1.301268458366394 261120
1770862701246 1.3031686544418335 266240
1770862710634 1.3078957796096802 271360
1770862720016 1.3097715377807617 276480
1770862729589 1.3145456314086914 281600
1770862739009 1.3180781602859497 286720
1770862748418 1.323359489440918 291840
1770862758024 1.3268870115280151 296960
1770862761775 1.3287278413772583 300032
