1770862194762 146.0615684635743 5120
1770862204636 93.91844868895407 10240
1770862214376 174.63896406711913 15360
1770862224158 148.47619384756982 20480
1770862233823 172.5695947335939 25600
1770862243427 168.72376201778027 30720
1770862253418 188.42336028751123 35840
1770862263169 196.15133517280083 40960
1770862272760 167.8258642765685 46080
1770862282142 162.77180999689537 51200
1770862291558 135.89631933644375 56320
1770862301186 76.00028991809813 61440
1770862310718 181.3753081081081 66560
1770862320125 164.54703805413888 71680
1770862329493 134.2520965367134 76800
1770862338836 157.63911752546323 81920
1770862348322 155.33883930224806 87040
1770862358622 134.13617320669033 92160
1770862368712 135.46180925620902 97280
1770862378753 156.91372989150767 102400
1770862389123 165.02612527541706 107520
1770862399731 130.40368113418728 112640
1770862410092 130.54980079681275 117760
1770862420218 163.68015609756097 122880
1770862430386 141.6324711285203 128000
1770862440550 156.0845489729086 133120
1770862451054 88.80968916744304 138240
1770862461512 138.51730515191545 143360
1770862471655 131.60252266951147 148480
1770862482143 133.59783405000798 153600
1770862492245 166.07816274005148 158720
1770862502316 91.46884745393086 163840
1770862512695 186.58765959339829 168960
1770862523133 107.20813843519157 174080
1770862533441 154.15701264334018 179200
1770862543733 105.74586526825333 184320
1770862554086 168.1016392128572 189440
1770862564516 110.06649696906081 194560
1770862574915 140.4280166064015 199680
1770862585108 102.78141540874338 204800
1770862595222 151.72565475329185 209920
1770862605449 170.29940314263672 215040
1770862615509 180.04395604395606 220160
1770862625467 127.44383336878248 225280
1770862635107 157.2372633552015 230400
1770862644509 119.6594773479402 235520
1770862653878 120.69939568345323 240640
1770862663370 127.0616176916086 245760
1770862672828 161.64889968011715 250880
1770862682194 168.62879427491657 256000
1770862691711 111.09267646669315 261120
1770862701239 121.264716086504 266240
1770862710626 178.82344915796205 271360
1770862720008 165.58641926569285 276480
1770862729581 162.31826625386998 281600
1770862739002 183.36556789367842 286720
1770862748409 162.8350027176023 291840
1770862758014 123.83171444598624 296960
1770862761767 165.9992876083429 300032
