1770862194768 2.005732297897339 5120
1770862204640 1.9873275756835938 10240
1770862214381 1.9396175146102905 15360
1770862224163 1.8614602088928223 20480
1770862233829 1.8171262741088867 25600
1770862243433 1.7816581726074219 30720
1770862253423 1.7582942247390747 35840
1770862263174 1.7390285730361938 40960
1770862272765 1.708175778388977 46080
1770862282147 1.690962314605713 51200
1770862291563 1.6892350912094116 56320
1770862301193 1.6724270582199097 61440
1770862310723 1.660153865814209 66560
1770862320131 1.6421486139297485 71680
1770862329498 1.640418529510498 76800
1770862338842 1.6304422616958618 81920
1770862348328 1.6354540586471558 87040
1770862358627 1.6343919038772583 92160
1770862368722 1.630017638206482 97280
1770862378760 1.6300398111343384 102400
1770862389130 1.6273525953292847 107520
1770862399739 1.6370625495910645 112640
1770862410101 1.672713041305542 117760
1770862420225 1.7166032791137695 122880
1770862430393 1.7845187187194824 128000
1770862440557 1.837504267692566 133120
1770862451066 1.8509808778762817 138240
1770862461519 1.8508796691894531 143360
1770862471667 1.8410272598266602 148480
1770862482151 1.8290678262710571 153600
1770862492252 1.8173152208328247 158720
1770862502322 1.812037467956543 163840
1770862512702 1.8067914247512817 168960
1770862523145 1.796202301979065 174080
1770862533447 1.8524335622787476 179200
1770862543741 1.9226219654083252 184320
1770862554092 1.9840980768203735 189440
1770862564522 2.039621353149414 194560
1770862574922 2.092175006866455 199680
1770862585116 2.139033317565918 204800
1770862595229 2.179983615875244 209920
1770862605457 2.2185065746307373 215040
1770862615518 2.252781391143799 220160
1770862625475 2.2875614166259766 225280
1770862635115 2.325636863708496 230400
1770862644516 2.365182876586914 235520
1770862653886 2.404019355773926 240640
1770862663377 2.431384325027466 245760
1770862672836 2.4551496505737305 250880
1770862682201 2.4773037433624268 256000
1770862691718 2.4990460872650146 261120
1770862701246 2.5118494033813477 266240
1770862710634 2.5364863872528076 271360
1770862720016 2.5523805618286133 276480
1770862729589 2.5786263942718506 281600
1770862739009 2.5991415977478027 286720
1770862748418 2.620903968811035 291840
1770862758024 2.6432204246520996 296960
1770862761775 2.654099702835083 300032
