1770913995389 23.713605880737305 5120
1770914020067 25.12009620666504 10240
1770914044303 26.246078491210938 15360
1770914070587 26.49481773376465 20480
1770914095317 26.93142318725586 25600
1770914121503 27.169742584228516 30720
1770914146739 27.366559982299805 35840
1770914172331 27.371858596801758 40960
1770914198177 27.366371154785156 46080
1770914223810 27.499832153320312 51200
1770914247737 27.430133819580078 56320
1770914271689 27.37602424621582 61440
1770914295520 27.384689331054688 66560
1770914319498 27.364015579223633 71680
1770914343343 27.360076904296875 76800
1770914367688 27.393434524536133 81920
1770914391646 27.371448516845703 87040
1770914415505 27.33736228942871 92160
1770914439207 27.324647903442383 97280
1770914462924 27.350112915039062 102400
1770914486643 27.384660720825195 107520
1770914511542 27.39169692993164 112640
1770914535220 27.375591278076172 117760
1770914558962 27.39783477783203 122880
1770914583468 27.40950584411621 128000
1770914607443 27.428010940551758 133120
1770914631469 27.452917098999023 138240
1770914655307 27.36604881286621 143360
1770914679648 27.39228057861328 148480
1770914703668 27.352985382080078 153600
1770914727406 27.34967041015625 158720
1770914751218 27.327743530273438 163840
1770914774949 27.264183044433594 168960
1770914798967 27.259674072265625 174080
1770914823241 27.30013656616211 179200
1770914847262 27.268001556396484 184320
1770914871394 27.19820785522461 189440
1770914895620 27.11751937866211 194560
1770914919601 27.089935302734375 199680
1770914943376 27.024133682250977 204800
1770914967192 27.004819869995117 209920
1770914991230 27.022674560546875 215040
1770915015476 27.040639877319336 220160
1770915040075 27.020654678344727 225280
1770915064337 26.994611740112305 230400
1770915088519 26.92079734802246 235520
1770915113164 26.816513061523438 240640
1770915137326 26.702470779418945 245760
1770915161352 26.709938049316406 250880
1770915185539 26.717557907104492 256000
1770915209669 26.735332489013672 261120
1770915233401 26.761211395263672 266240
1770915256941 26.75967025756836 271360
1770915280477 26.69074821472168 276480
1770915305966 26.642173767089844 281600
1770915331994 26.576749801635742 286720
1770915357993 26.53568458557129 291840
1770915384212 26.516254425048828 296960
1770915394574 26.50629425048828 300032
