1770913995385 -0.5061003565788269 5120
1770914020062 -1.2346994876861572 10240
1770914044298 -1.4444234371185303 15360
1770914070582 -1.6817443370819092 20480
1770914095312 -2.159837245941162 25600
1770914121494 -2.5824856758117676 30720
1770914146733 -2.910132884979248 35840
1770914172322 -3.1434388160705566 40960
1770914198171 -3.3014798164367676 46080
1770914223804 -3.386723756790161 51200
1770914247731 -3.4774372577667236 56320
1770914271680 -3.4974586963653564 61440
1770914295514 -3.460536241531372 66560
1770914319492 -3.410890579223633 71680
1770914343336 -3.357896089553833 76800
1770914367682 -3.309838056564331 81920
1770914391638 -3.1482338905334473 87040
1770914415497 -3.043292999267578 92160
1770914439199 -2.923494338989258 97280
1770914462919 -2.7884202003479004 102400
1770914486637 -2.6436266899108887 107520
1770914511533 -2.6027956008911133 112640
1770914535213 -2.388143301010132 117760
1770914558951 -2.3267898559570312 122880
1770914583461 -2.15371036529541 128000
1770914607436 -2.0699219703674316 133120
1770914631462 -1.9372360706329346 138240
1770914655299 -1.8579288721084595 143360
1770914679638 -1.7615941762924194 148480
1770914703657 -1.673598051071167 153600
1770914727400 -1.598340630531311 158720
1770914751208 -1.54560387134552 163840
1770914774941 -1.4380900859832764 168960
1770914798960 -1.275147795677185 174080
1770914823230 -1.1647815704345703 179200
1770914847255 -1.1785560846328735 184320
1770914871387 -1.0580376386642456 189440
1770914895612 -0.9730931520462036 194560
1770914919593 -0.8894222378730774 199680
1770914943366 -0.8471193313598633 204800
1770914967182 -0.8428417444229126 209920
1770914991223 -0.7348369359970093 215040
1770915015468 -0.607822060585022 220160
1770915040067 -0.5342094898223877 225280
1770915064330 -0.5023873448371887 230400
1770915088511 -0.632459819316864 235520
1770915113157 -0.9555457830429077 240640
1770915137318 -1.1265088319778442 245760
1770915161345 -1.2596439123153687 250880
1770915185532 -1.3397080898284912 256000
1770915209662 -1.6323473453521729 261120
1770915233393 -2.0122241973876953 266240
1770915256933 -2.2446136474609375 271360
1770915280470 -3.170258045196533 276480
1770915305958 -3.8796801567077637 281600
1770915331985 -4.674036502838135 286720
1770915357984 -5.418569087982178 291840
1770915384203 -6.16998291015625 296960
1770915394561 -6.641558647155762 300032
