1770913995385 22.61188316345215 5120
1770914020062 22.930011749267578 10240
1770914044298 21.1385498046875 15360
1770914070582 18.002254486083984 20480
1770914095312 15.567090034484863 25600
1770914121494 13.663538932800293 30720
1770914146733 13.266901016235352 35840
1770914172322 12.488187789916992 40960
1770914198171 11.559835433959961 46080
1770914223804 11.187552452087402 51200
1770914247731 11.385241508483887 56320
1770914271680 11.203958511352539 61440
1770914295514 11.204987525939941 66560
1770914319492 11.542375564575195 71680
1770914343336 11.811304092407227 76800
1770914367682 12.2940092086792 81920
1770914391638 13.136578559875488 87040
1770914415497 13.16503620147705 92160
1770914439199 13.729942321777344 97280
1770914462919 13.745870590209961 102400
1770914486637 14.309057235717773 107520
1770914511533 14.573715209960938 112640
1770914535213 14.387868881225586 117760
1770914558951 14.491063117980957 122880
1770914583461 14.825508117675781 128000
1770914607436 15.261375427246094 133120
1770914631462 14.981921195983887 138240
1770914655299 15.202710151672363 143360
1770914679638 14.684499740600586 148480
1770914703657 14.895177841186523 153600
1770914727400 14.41773796081543 158720
1770914751208 14.718420028686523 163840
1770914774941 14.989068984985352 168960
1770914798960 14.470568656921387 174080
1770914823230 14.405050277709961 179200
1770914847255 14.770840644836426 184320
1770914871387 14.49467945098877 189440
1770914895612 14.662075996398926 194560
1770914919593 14.477659225463867 199680
1770914943366 14.20100212097168 204800
1770914967182 14.277119636535645 209920
1770914991223 14.216580390930176 215040
1770915015468 14.260884284973145 220160
1770915040067 14.106779098510742 225280
1770915064330 14.02483081817627 230400
1770915088511 15.093894958496094 235520
1770915113157 17.427156448364258 240640
1770915137318 18.586889266967773 245760
1770915161345 18.767623901367188 250880
1770915185532 18.429609298706055 256000
1770915209662 19.041263580322266 261120
1770915233393 18.20769500732422 266240
1770915256933 18.770824432373047 271360
1770915280470 18.295467376708984 276480
1770915305958 17.72585105895996 281600
1770915331985 18.455915451049805 286720
1770915357984 18.208606719970703 291840
1770915384203 18.837486267089844 296960
1770915394561 18.76148223876953 300032
