1770913995389 0.29188793897628784 5120
1770914020067 0.29453563690185547 10240
1770914044303 0.28846287727355957 15360
1770914070587 0.28280627727508545 20480
1770914095317 0.2836371660232544 25600
1770914121503 0.2825506925582886 30720
1770914146739 0.27909472584724426 35840
1770914172331 0.278368204832077 40960
1770914198177 0.27829664945602417 46080
1770914223810 0.2790096402168274 51200
1770914247737 0.27810853719711304 56320
1770914271689 0.27715787291526794 61440
1770914295520 0.276814341545105 66560
1770914319498 0.27582037448883057 71680
1770914343343 0.2753112316131592 76800
1770914367688 0.27547016739845276 81920
1770914391646 0.27487000823020935 87040
1770914415505 0.2739557921886444 92160
1770914439207 0.27257803082466125 97280
1770914462924 0.27239662408828735 102400
1770914486643 0.2717094421386719 107520
1770914511542 0.271388977766037 112640
1770914535220 0.2707670331001282 117760
1770914558962 0.2699586749076843 122880
1770914583468 0.26996487379074097 128000
1770914607443 0.26991090178489685 133120
1770914631469 0.27044546604156494 138240
1770914655307 0.269391268491745 143360
1770914679648 0.26885586977005005 148480
1770914703668 0.26854705810546875 153600
1770914727406 0.26786142587661743 158720
1770914751218 0.26707106828689575 163840
1770914774949 0.2658453583717346 168960
1770914798967 0.2657487392425537 174080
1770914823241 0.2657342255115509 179200
1770914847262 0.2651325464248657 184320
1770914871394 0.2643512189388275 189440
1770914895620 0.26313355565071106 194560
1770914919601 0.2625199556350708 199680
1770914943376 0.26141172647476196 204800
1770914967192 0.26132047176361084 209920
1770914991230 0.2613355219364166 215040
1770915015476 0.2617758512496948 220160
1770915040075 0.26112788915634155 225280
1770915064337 0.261067271232605 230400
1770915088519 0.26500076055526733 235520
1770915113164 0.27132198214530945 240640
1770915137326 0.27409934997558594 245760
1770915161352 0.2750757932662964 250880
1770915185539 0.27500292658805847 256000
1770915209669 0.2748076617717743 261120
1770915233401 0.2746833860874176 266240
1770915256941 0.27439558506011963 271360
1770915280477 0.27719753980636597 276480
1770915305966 0.2812613844871521 281600
1770915331994 0.2850375473499298 286720
1770915357993 0.28949636220932007 291840
1770915384212 0.2938541769981384 296960
1770915394574 0.2957753539085388 300032
