1770913995385 72.26325764101857 5120
1770914020062 80.25379331458201 10240
1770914044298 105.50381084140359 15360
1770914070582 95.86323223550386 20480
1770914095312 89.25950202170675 25600
1770914121494 76.54677519436434 30720
1770914146733 101.15775510696284 35840
1770914172322 81.32278579184117 40960
1770914198171 69.45706857436203 46080
1770914223804 115.5710349388295 51200
1770914247731 97.32918735786885 56320
1770914271680 72.76219554506974 61440
1770914295514 92.18453152816545 66560
1770914319492 70.38485677367387 71680
1770914343336 103.00353634577603 76800
1770914367682 100.43590910179354 81920
1770914391638 84.5029515462879 87040
1770914415497 98.33780361999438 92160
1770914439199 68.40360748242739 97280
1770914462919 79.94023023557216 102400
1770914486637 98.42549396911814 107520
1770914511533 75.67667436489607 112640
1770914535213 75.29763208444787 117760
1770914558951 88.77773309344904 122880
1770914583461 84.93932766302147 128000
1770914607436 86.12710733279944 133120
1770914631462 92.16630043069351 138240
1770914655299 94.0005378753922 143360
1770914679638 94.18206314276732 148480
1770914703657 94.26249550521395 153600
1770914727400 100.23668865309244 158720
1770914751208 76.57891950119588 163840
1770914774941 77.05018737600118 168960
1770914798960 109.32061406938254 174080
1770914823230 67.03057229156346 179200
1770914847255 89.45749264172674 184320
1770914871387 86.04406515406393 189440
1770914895612 98.80109299915199 194560
1770914919593 92.77586321307705 199680
1770914943366 69.13308059996703 204800
1770914967182 69.7516131178075 209920
1770914991223 71.34747478183952 215040
1770915015468 55.429621113005325 220160
1770915040067 91.46086918598313 225280
1770915064330 99.81684911946692 230400
1770915088511 107.08770138126484 235520
1770915113157 94.89160878713152 240640
1770915137318 98.2525709199091 245760
1770915161345 84.39752902589693 250880
1770915185532 104.23479708740277 256000
1770915209662 99.29461897208873 261120
1770915233393 102.91255275296889 266240
1770915256933 107.49113275243465 271360
1770915280470 113.31362960961772 276480
1770915305958 100.68665530403054 281600
1770915331985 93.23990752267473 286720
1770915357984 72.77734591893393 291840
1770915384203 85.83452368771104 296960
1770915394561 69.83988277607567 300032
