1769362694825 0.10082417726516724 5120
1769362717592 0.1005290076136589 10240
1769362739768 0.09775018692016602 15360
1769362762185 0.0975324809551239 20480
1769362783961 0.09702986478805542 25600
1769362806414 0.09811009466648102 30720
1769362828032 0.0954074040055275 35840
1769362849938 0.0962928906083107 40960
1769362872976 0.0967254564166069 46080
1769362896664 0.09611165523529053 51200
1769362917885 0.09656824171543121 56320
1769362939019 0.09636372327804565 61440
1769362960580 0.09650393575429916 66560
1769362981703 0.09659834951162338 71680
1769363002832 0.09662499278783798 76800
1769363024540 0.09720966964960098 81920
1769363047069 0.09759130328893661 87040
1769363068373 0.0976613312959671 92160
1769363090677 0.0978938564658165 97280
1769363112359 0.09725534915924072 102400
1769363133855 0.0973748192191124 107520
1769363155540 0.0970086082816124 112640
1769363177326 0.09702014178037643 117760
1769363199210 0.09755819290876389 122880
1769363221024 0.09781243652105331 128000
1769363242940 0.09758268296718597 133120
1769363264990 0.09789177030324936 138240
1769363287208 0.09794651716947556 143360
1769363309086 0.09758535027503967 148480
1769363331146 0.09719593822956085 153600
1769363353202 0.097158282995224 158720
1769363375643 0.09695250540971756 163840
1769363401229 0.09714145213365555 168960
1769363424296 0.09723016619682312 174080
1769363446948 0.09707667678594589 179200
1769363469418 0.09705885499715805 184320
1769363491928 0.09681662172079086 189440
1769363514205 0.09671908617019653 194560
1769363536107 0.09697063267230988 199680
1769363557537 0.09716515988111496 204800
1769363579911 0.09714411199092865 209920
1769363602270 0.0971456840634346 215040
1769363624458 0.09709405153989792 220160
1769363646200 0.09709034860134125 225280
1769363668122 0.09719114750623703 230400
1769363690217 0.09724783152341843 235520
1769363712271 0.09709320962429047 240640
1769363734647 0.0969412699341774 245760
1769363756815 0.09691151231527328 250880
1769363778776 0.09670983999967575 256000
1769363800901 0.09664340317249298 261120
1769363823205 0.0965936928987503 266240
1769363845166 0.09653033316135406 271360
1769363867193 0.09648899734020233 276480
1769363889609 0.09670566022396088 281600
1769363911727 0.09682262688875198 286720
1769363933588 0.09681307524442673 291840
1769363955511 0.09676317125558853 296960
1769363964330 0.09685899317264557 300032
