1769362694825 18.49782943725586 5120
1769362717592 18.807222366333008 10240
1769362739768 19.078935623168945 15360
1769362762185 19.080530166625977 20480
1769362783961 19.184734344482422 25600
1769362806414 19.12527847290039 30720
1769362828032 19.053321838378906 35840
1769362849938 19.056692123413086 40960
1769362872976 18.995607376098633 46080
1769362896664 18.933671951293945 51200
1769362917885 18.89603614807129 56320
1769362939019 18.87998390197754 61440
1769362960580 18.955087661743164 66560
1769362981703 18.945255279541016 71680
1769363002832 18.968685150146484 76800
1769363024540 18.99274444580078 81920
1769363047069 18.9306697845459 87040
1769363068373 18.93272590637207 92160
1769363090677 18.920961380004883 97280
1769363112359 18.894371032714844 102400
1769363133855 18.908174514770508 107520
1769363155540 18.93747901916504 112640
1769363177326 18.94948387145996 117760
1769363199210 18.95372772216797 122880
1769363221024 19.012802124023438 128000
1769363242940 18.996370315551758 133120
1769363264990 19.020715713500977 138240
1769363287208 19.006864547729492 143360
1769363309086 19.027841567993164 148480
1769363331146 18.997976303100586 153600
1769363353202 19.022167205810547 158720
1769363375643 19.015209197998047 163840
1769363401229 19.035423278808594 168960
1769363424296 19.042816162109375 174080
1769363446948 19.026004791259766 179200
1769363469418 19.00806999206543 184320
1769363491928 18.996845245361328 189440
1769363514205 18.995500564575195 194560
1769363536107 18.996458053588867 199680
1769363557537 19.012784957885742 204800
1769363579911 19.009065628051758 209920
1769363602270 19.00153160095215 215040
1769363624458 19.021711349487305 220160
1769363646200 18.999814987182617 225280
1769363668122 19.027976989746094 230400
1769363690217 19.04176902770996 235520
1769363712271 19.00564193725586 240640
1769363734647 18.98550796508789 245760
1769363756815 18.97112464904785 250880
1769363778776 18.993709564208984 256000
1769363800901 18.995460510253906 261120
1769363823205 19.00834846496582 266240
1769363845166 19.02545166015625 271360
1769363867193 19.016719818115234 276480
1769363889609 19.01167106628418 281600
1769363911727 19.02543830871582 286720
1769363933588 19.020524978637695 291840
1769363955511 19.02889633178711 296960
1769363964330 19.039302825927734 300032
