1769362694825 1.1495518684387207 5120
1769362717592 1.1496785879135132 10240
1769362739768 1.153045415878296 15360
1769362762185 1.1598554849624634 20480
1769362783961 1.162175178527832 25600
1769362806414 1.161702275276184 30720
1769362828032 1.154695987701416 35840
1769362849938 1.1549872159957886 40960
1769362872976 1.1536898612976074 46080
1769362896664 1.1513200998306274 51200
1769362917885 1.1525726318359375 56320
1769362939019 1.150911808013916 61440
1769362960580 1.153956413269043 66560
1769362981703 1.152370572090149 71680
1769363002832 1.151199221611023 76800
1769363024540 1.1535018682479858 81920
1769363047069 1.1509122848510742 87040
1769363068373 1.1493319272994995 92160
1769363090677 1.1485399007797241 97280
1769363112359 1.147067666053772 102400
1769363133855 1.1475309133529663 107520
1769363155540 1.1484352350234985 112640
1769363177326 1.1494221687316895 117760
1769363199210 1.150496482849121 122880
1769363221024 1.1535826921463013 128000
1769363242940 1.151888370513916 133120
1769363264990 1.1539303064346313 138240
1769363287208 1.1530927419662476 143360
1769363309086 1.1534496545791626 148480
1769363331146 1.1517918109893799 153600
1769363353202 1.1529347896575928 158720
1769363375643 1.152075171470642 163840
1769363401229 1.1533819437026978 168960
1769363424296 1.1542433500289917 174080
1769363446948 1.1527867317199707 179200
1769363469418 1.1517409086227417 184320
1769363491928 1.1513289213180542 189440
1769363514205 1.1514246463775635 194560
1769363536107 1.1521518230438232 199680
1769363557537 1.1528748273849487 204800
1769363579911 1.152475357055664 209920
1769363602270 1.152577519416809 215040
1769363624458 1.1534044742584229 220160
1769363646200 1.152274250984192 225280
1769363668122 1.1541650295257568 230400
1769363690217 1.1541719436645508 235520
1769363712271 1.1526752710342407 240640
1769363734647 1.151512622833252 245760
1769363756815 1.1509870290756226 250880
1769363778776 1.151635766029358 256000
1769363800901 1.1513828039169312 261120
1769363823205 1.1518720388412476 266240
1769363845166 1.151749610900879 271360
1769363867193 1.1513277292251587 276480
1769363889609 1.1515554189682007 281600
1769363911727 1.152104377746582 286720
1769363933588 1.151934266090393 291840
1769363955511 1.1525218486785889 296960
1769363964330 1.1529459953308105 300032
