1769362694807 28.09528160095215 5120
1769362717578 29.733001708984375 10240
1769362739760 29.965646743774414 15360
1769362762177 30.780765533447266 20480
1769362783951 31.684839248657227 25600
1769362806408 33.06423568725586 30720
1769362828026 34.00477600097656 35840
1769362849930 35.03560256958008 40960
1769362872966 35.9403076171875 46080
1769362896656 37.50712966918945 51200
1769362917874 38.517147064208984 56320
1769362939012 39.67271041870117 61440
1769362960569 40.771949768066406 66560
1769362981692 40.831687927246094 71680
1769363002824 42.6234130859375 76800
1769363024531 43.69512939453125 81920
1769363047063 44.24846649169922 87040
1769363068366 45.119693756103516 92160
1769363090668 46.96944046020508 97280
1769363112351 47.11549758911133 102400
1769363133845 48.0870246887207 107520
1769363155531 48.53498077392578 112640
1769363177317 49.1723518371582 117760
1769363199201 50.677024841308594 122880
1769363221013 50.9264030456543 128000
1769363242933 51.15392303466797 133120
1769363264980 51.95018768310547 138240
1769363287199 52.40288162231445 143360
1769363309074 52.61913299560547 148480
1769363331138 53.216880798339844 153600
1769363353194 54.11784744262695 158720
1769363375634 54.236968994140625 163840
1769363401217 54.6804084777832 168960
1769363424287 55.10941696166992 174080
1769363446940 54.797203063964844 179200
1769363469406 55.34886932373047 184320
1769363491920 56.470359802246094 189440
1769363514195 55.26572799682617 194560
1769363536096 55.46363067626953 199680
1769363557530 56.29370880126953 204800
1769363579900 56.9507942199707 209920
1769363602256 56.44636154174805 215040
1769363624448 56.86246871948242 220160
1769363646192 56.78654861450195 225280
1769363668113 57.340370178222656 230400
1769363690205 57.52037811279297 235520
1769363712260 57.739418029785156 240640
1769363734631 57.05924606323242 245760
1769363756803 57.506996154785156 250880
1769363778768 57.247955322265625 256000
1769363800887 57.47528076171875 261120
1769363823195 57.391746520996094 266240
1769363845156 57.38703155517578 271360
1769363867179 57.5721321105957 276480
1769363889596 57.984519958496094 281600
1769363911719 57.2689094543457 286720
1769363933574 57.67314529418945 291840
1769363955499 57.600975036621094 296960
1769363964315 57.71623229980469 300032
