1769362694807 -3.4831326007843018 5120
1769362717578 -4.780937194824219 10240
1769362739760 -5.702374458312988 15360
1769362762177 -6.537625312805176 20480
1769362783951 -7.335624694824219 25600
1769362806408 -8.073999404907227 30720
1769362828026 -8.801249504089355 35840
1769362849930 -9.442999839782715 40960
1769362872966 -10.044249534606934 46080
1769362896656 -10.647000312805176 51200
1769362917874 -11.161250114440918 56320
1769362939012 -11.6302490234375 61440
1769362960569 -12.152250289916992 66560
1769362981692 -12.565000534057617 71680
1769363002824 -12.983999252319336 76800
1769363024531 -13.44474983215332 81920
1769363047063 -13.751249313354492 87040
1769363068366 -14.146249771118164 92160
1769363090668 -14.478248596191406 97280
1769363112351 -14.7864990234375 102400
1769363133845 -15.084249496459961 107520
1769363155531 -15.282499313354492 112640
1769363177317 -15.531750679016113 117760
1769363199201 -15.744999885559082 122880
1769363221013 -16.002498626708984 128000
1769363242933 -16.18899917602539 133120
1769363264980 -16.38749885559082 138240
1769363287199 -16.579999923706055 143360
1769363309074 -16.712499618530273 148480
1769363331138 -16.854000091552734 153600
1769363353194 -16.9945011138916 158720
1769363375634 -17.099498748779297 163840
1769363401217 -17.09699821472168 168960
1769363424287 -17.217998504638672 174080
1769363446940 -17.3804988861084 179200
1769363469406 -17.46700096130371 184320
1769363491920 -17.548999786376953 189440
1769363514195 -17.546499252319336 194560
1769363536096 -17.624500274658203 199680
1769363557530 -17.692501068115234 204800
1769363579900 -17.799999237060547 209920
1769363602256 -17.7810001373291 215040
1769363624448 -17.820999145507812 220160
1769363646192 -17.939498901367188 225280
1769363668113 -17.942501068115234 230400
1769363690205 -18.043498992919922 235520
1769363712260 -18.035999298095703 240640
1769363734631 -18.055997848510742 245760
1769363756803 -18.15799903869629 250880
1769363778768 -18.163501739501953 256000
1769363800887 -18.164499282836914 261120
1769363823195 -18.17099952697754 266240
1769363845156 -18.156999588012695 271360
1769363867179 -18.153499603271484 276480
1769363889596 -18.188499450683594 281600
1769363911719 -18.158000946044922 286720
1769363933574 -18.181499481201172 291840
1769363955499 -18.22749900817871 296960
1769363964315 -18.356250762939453 300032
