1769362694825 1.2001701593399048 5120
1769362717592 1.1913347244262695 10240
1769362739768 1.1732501983642578 15360
1769362762185 1.1741657257080078 20480
1769362783961 1.1834304332733154 25600
1769362806414 1.1920195817947388 30720
1769362828032 1.17270827293396 35840
1769362849938 1.1776652336120605 40960
1769362872976 1.176053762435913 46080
1769362896664 1.1723411083221436 51200
1769362917885 1.176337718963623 56320
1769362939019 1.1758692264556885 61440
1769362960580 1.176792860031128 66560
1769362981703 1.1713004112243652 71680
1769363002832 1.1733815670013428 76800
1769363024540 1.1798707246780396 81920
1769363047069 1.1811474561691284 87040
1769363068373 1.1812983751296997 92160
1769363090677 1.1860893964767456 97280
1769363112359 1.1807703971862793 102400
1769363133855 1.1832962036132812 107520
1769363155540 1.1805224418640137 112640
1769363177326 1.1816766262054443 117760
1769363199210 1.1847670078277588 122880
1769363221024 1.187657356262207 128000
1769363242940 1.1862094402313232 133120
1769363264990 1.1887054443359375 138240
1769363287208 1.1885199546813965 143360
1769363309086 1.1871033906936646 148480
1769363331146 1.18454110622406 153600
1769363353202 1.185703992843628 158720
1769363375643 1.1837462186813354 163840
1769363401229 1.1850217580795288 168960
1769363424296 1.1852447986602783 174080
1769363446948 1.183518886566162 179200
1769363469418 1.1838666200637817 184320
1769363491928 1.1819489002227783 189440
1769363514205 1.1814444065093994 194560
1769363536107 1.1833724975585938 199680
1769363557537 1.1838322877883911 204800
1769363579911 1.182692050933838 209920
1769363602270 1.1823087930679321 215040
1769363624458 1.1819623708724976 220160
1769363646200 1.1812385320663452 225280
1769363668122 1.1824703216552734 230400
1769363690217 1.183035969734192 235520
1769363712271 1.1810294389724731 240640
1769363734647 1.179305076599121 245760
1769363756815 1.1785457134246826 250880
1769363778776 1.177691102027893 256000
1769363800901 1.1776865720748901 261120
1769363823205 1.1785277128219604 266240
1769363845166 1.177892804145813 271360
1769363867193 1.1774591207504272 276480
1769363889609 1.1790457963943481 281600
1769363911727 1.1802784204483032 286720
1769363933588 1.180063247680664 291840
1769363955511 1.1794049739837646 296960
1769363964330 1.1803990602493286 300032
