1769362694807 305.41789849268184 5120
1769362717578 217.72757475083057 10240
1769362739760 385.7895511405445 15360
1769362762177 194.68548087634608 20480
1769362783951 342.1966223382557 25600
1769362806408 483.77208765859285 30720
1769362828026 539.8074646074646 35840
1769362849930 300.06467305766205 40960
1769362872966 234.8697502519879 46080
1769362896656 439.1481520259659 51200
1769362917874 289.5618916120124 56320
1769362939012 438.0931689993733 61440
1769362960569 409.3601405426508 66560
1769362981692 363.7100242802636 71680
1769363002824 479.51343317708927 76800
1769363024531 397.4136820162971 81920
1769363047063 493.21542803386643 87040
1769363068366 439.93119362282357 92160
1769363090668 423.966845244112 97280
1769363112351 272.8890045543266 102400
1769363133845 323.95952730362245 107520
1769363155531 413.2726376982954 112640
1769363177317 273.7975063646452 117760
1769363199201 340.69563804727477 122880
1769363221013 366.0270529714635 128000
1769363242933 492.92560817957457 133120
1769363264980 463.0496798410245 138240
1769363287199 324.6114077857751 143360
1769363309074 204.10238442822384 148480
1769363331138 420.86132851695766 153600
1769363353194 400.9467546123698 158720
1769363375634 472.22517451024544 163840
1769363401217 376.17076233183855 168960
1769363424287 364.0888888888889 174080
1769363446940 178.9913370033713 179200
1769363469406 294.2545250456012 184320
1769363491920 387.60779964883096 189440
1769363514195 182.7583442265795 194560
1769363536096 437.22547691024704 199680
1769363557530 529.7845143362384 204800
1769363579900 377.9673785707849 209920
1769363602256 266.60971268751587 215040
1769363624448 243.33143818529908 220160
1769363646192 431.46836745190825 225280
1769363668113 448.63664563054874 230400
1769363690205 372.1653948535936 235520
1769363712260 355.7509754028838 240640
1769363734631 316.62293349437607 245760
1769363756803 267.10208240463606 250880
1769363778768 396.0627006610009 256000
1769363800887 309.31445427728613 261120
1769363823195 446.2500265985743 266240
1769363845156 402.0228122304227 271360
1769363867179 332.6436672218257 276480
1769363889596 389.84143507760945 281600
1769363911719 386.4649405694278 286720
1769363933574 346.46489344126877 291840
1769363955499 380.19434372733866 296960
1769363964315 365.2938512454276 300032
