1769362694825 2.3136179447174072 5120
1769362717592 2.2910258769989014 10240
1769362739768 2.2244014739990234 15360
1769362762185 2.224034309387207 20480
1769362783961 2.2090001106262207 25600
1769362806414 2.237257480621338 30720
1769362828032 2.178934335708618 35840
1769362849938 2.193824052810669 40960
1769362872976 2.205044984817505 46080
1769362896664 2.195176124572754 51200
1769362917885 2.2103350162506104 56320
1769362939019 2.2040774822235107 61440
1769362960580 2.2060489654541016 66560
1769362981703 2.206944465637207 71680
1769363002832 2.205017566680908 76800
1769363024540 2.218985080718994 81920
1769363047069 2.226520299911499 87040
1769363068373 2.225625514984131 92160
1769363090677 2.2303354740142822 97280
1769363112359 2.216033935546875 102400
1769363133855 2.2182600498199463 107520
1769363155540 2.2092554569244385 112640
1769363177326 2.2096824645996094 117760
1769363199210 2.2215936183929443 122880
1769363221024 2.226982593536377 128000
1769363242940 2.221855640411377 133120
1769363264990 2.2289178371429443 138240
1769363287208 2.2299187183380127 143360
1769363309086 2.222482204437256 148480
1769363331146 2.2142419815063477 153600
1769363353202 2.2128450870513916 158720
1769363375643 2.2072718143463135 163840
1769363401229 2.2113165855407715 168960
1769363424296 2.2132816314697266 174080
1769363446948 2.2103939056396484 179200
1769363469418 2.209770679473877 184320
1769363491928 2.2051093578338623 189440
1769363514205 2.2028472423553467 194560
1769363536107 2.209303855895996 199680
1769363557537 2.213533401489258 204800
1769363579911 2.2130322456359863 209920
1769363602270 2.2134628295898438 215040
1769363624458 2.2125027179718018 220160
1769363646200 2.2122209072113037 225280
1769363668122 2.2146170139312744 230400
1769363690217 2.2148752212524414 235520
1769363712271 2.2128403186798096 240640
1769363734647 2.2095844745635986 245760
1769363756815 2.2092063426971436 250880
1769363778776 2.2040741443634033 256000
1769363800901 2.2023816108703613 261120
1769363823205 2.200859308242798 266240
1769363845166 2.1981728076934814 271360
1769363867193 2.197551727294922 276480
1769363889609 2.202810287475586 281600
1769363911727 2.2049713134765625 286720
1769363933588 2.2051379680633545 291840
1769363955511 2.2043492794036865 296960
1769363964330 2.2060539722442627 300032
