1761865996794 56.77381504792117 5120
1761866036308 66.00309058475572 10240
1761866086334 68.50435330106255 15360
1761866141436 67.0974887442807 20480
1761866187712 66.54523848579352 25600
1761866228611 66.52083246283428 30720
1761866269076 65.88436709745318 35840
1761866329011 66.049329169082 40960
1761866371006 66.36254637548704 46080
1761866417408 66.5127508122235 51200
1761866470525 66.81465942819253 56320
1761866514743 66.80626625051244 61440
1761866553009 66.61203719930637 66560
1761866611505 66.87597799703912 71680
1761866656872 66.76509065868456 76800
1761866702758 66.97912185538529 81920
1761866742897 66.89668028442682 87040
1761866804537 66.94296615715206 92160
1761866848429 67.26979434577842 97280
1761866889630 67.40893597425921 102400
1761866930454 66.99591282453481 107520
1761866990796 66.8803032396434 112640
1761867032693 66.73299657802924 117760
1761867076782 66.48455084460501 122880
1761867125416 66.29927043893564 128000
1761867164282 66.46706724469126 133120
1761867204241 66.32046219651104 138240
1761867259220 66.48131786052183 143360
1761867303419 66.54038035359018 148480
1761867339310 66.42485845407231 153600
1761867377970 66.55809707674904 158720
1761867436496 66.51356475648547 163840
1761867474603 66.59377183131728 168960
1761867519942 66.34869512203164 174080
1761867554410 66.21852065363831 179200
1761867611739 66.27278835661403 184320
1761867653021 66.34302430985159 189440
1761867698718 66.46933390629513 194560
1761867739877 66.5068918764759 199680
1761867786180 66.36469432630443 204800
1761867827004 66.42693932445677 209920
1761867868662 66.34397985676691 215040
1761867917351 66.30113630963913 220160
1761867965867 66.26200404737489 225280
1761868008656 66.22365850670745 230400
1761868054764 66.1437144964184 235520
1761868097274 66.11978059267183 240640
1761868135743 66.16599543722018 245760
1761868186642 66.13887656121538 250880
1761868240062 66.17619461039581 256000
1761868287384 66.117813357048 261120
1761868333705 66.17380362190697 266240
1761868378959 66.12674984523211 271360
1761868419930 66.17286539904661 276480
1761868473884 66.2936721127598 281600
1761868517102 66.38298478358045 286720
1761868570155 66.26533844807594 291840
1761868619763 66.19790147251818 296960
1761868630275 66.2013066479047 300032
