1761865996794 0.16207051877927403 5120
1761866036308 0.06727365655969228 10240
1761866086334 0.025193926777014184 15360
1761866141436 0.0071859098947106535 20480
1761866187712 -0.0051608080768293365 25600
1761866228611 -0.014688592624865646 30720
1761866269076 -0.02009086577971595 35840
1761866329011 -0.02384352844842972 40960
1761866371006 -0.028304651951792093 46080
1761866417408 -0.030678602390312025 51200
1761866470525 -0.032358164515258844 56320
1761866514743 -0.03497398458872748 61440
1761866553009 -0.036566862233679984 66560
1761866611505 -0.03759206851702861 71680
1761866656872 -0.03897062484168593 76800
1761866702758 -0.04057520867412926 81920
1761866742897 -0.04181653979402893 87040
1761866804537 -0.04290773732608023 92160
1761866848429 -0.04410777007334331 97280
1761866889630 -0.04483347149602956 102400
1761866930454 -0.04468919480292046 107520
1761866990796 -0.04517311420811943 112640
1761867032693 -0.04570274733990059 117760
1761867076782 -0.046325428278571786 122880
1761867125416 -0.04661749899196364 128000
1761867164282 -0.046948814881900794 133120
1761867204241 -0.0472334363519766 138240
1761867259220 -0.04758830080848502 143360
1761867303419 -0.048012898856812126 148480
1761867339310 -0.04802840007879107 153600
1761867377970 -0.04838852793147396 158720
1761867436496 -0.0486287961129077 163840
1761867474603 -0.048597007125304396 168960
1761867519942 -0.04873480423077053 174080
1761867554410 -0.048654106862283164 179200
1761867611739 -0.04897971251420794 184320
1761867653021 -0.04919329989575512 189440
1761867698718 -0.049629039852988076 194560
1761867739877 -0.04970118189463402 199680
1761867786180 -0.04969126833861116 204800
1761867827004 -0.04955238309349012 209920
1761867868662 -0.04974837180011034 215040
1761867917351 -0.04987735492695521 220160
1761867965867 -0.050158571351122484 225280
1761868008656 -0.05016294300747895 230400
1761868054764 -0.05031436634615803 235520
1761868097274 -0.05076462043708963 240640
1761868135743 -0.05078690171037442 245760
1761868186642 -0.05098176055182154 250880
1761868240062 -0.05123940169568994 256000
1761868287384 -0.051246866862481096 261120
1761868333705 -0.05159209466809189 266240
1761868378959 -0.05148442733255531 271360
1761868419930 -0.05163542718589348 276480
1761868473884 -0.051886298846100264 281600
1761868517102 -0.05207750268823353 286720
1761868570155 -0.051999733869379935 291840
1761868619763 -0.051922558981516105 296960
1761868630275 -0.05197292798151033 300032
