1761865996794 0.0 5120
1761866036308 0.0 10240
1761866086334 0.0 15360
1761866141436 0.0 20480
1761866187712 0.0 25600
1761866228611 0.0 30720
1761866269076 0.0 35840
1761866329011 0.0 40960
1761866371006 0.0 46080
1761866417408 0.0 51200
1761866470525 0.0 56320
1761866514743 0.0 61440
1761866553009 0.0 66560
1761866611505 0.0 71680
1761866656872 0.0 76800
1761866702758 0.0 81920
1761866742897 0.0 87040
1761866804537 0.0 92160
1761866848429 0.0 97280
1761866889630 0.0 102400
1761866930454 0.0 107520
1761866990796 0.0 112640
1761867032693 0.0 117760
1761867076782 0.0 122880
1761867125416 0.0 128000
1761867164282 0.0 133120
1761867204241 0.0 138240
1761867259220 0.0 143360
1761867303419 0.0 148480
1761867339310 0.0 153600
1761867377970 0.0 158720
1761867436496 0.0 163840
1761867474603 0.0 168960
1761867519942 0.0 174080
1761867554410 0.0 179200
1761867611739 0.0 184320
1761867653021 0.0 189440
1761867698718 0.0 194560
1761867739877 0.0 199680
1761867786180 0.0 204800
1761867827004 0.0 209920
1761867868662 0.0 215040
1761867917351 0.0 220160
1761867965867 0.0 225280
1761868008656 0.0 230400
1761868054764 0.0 235520
1761868097274 0.0 240640
1761868135743 0.0 245760
1761868186642 0.0 250880
1761868240062 0.0 256000
1761868287384 0.0 261120
1761868333705 0.0 266240
1761868378959 0.0 271360
1761868419930 0.0 276480
1761868473884 0.0 281600
1761868517102 0.0 286720
1761868570155 0.0 291840
1761868619763 0.0 296960
1761868630275 0.0 300032
