1761865996794 3.533477321814255 5120
1761866036308 3.739165985282093 10240
1761866086334 3.773792713922621 15360
1761866141436 3.7197276016173655 20480
1761866187712 3.6652499149948996 25600
1761866228611 3.6097114707952147 30720
1761866269076 3.565854244206988 35840
1761866329011 3.5672428330522767 40960
1761866371006 3.562951835508403 46080
1761866417408 3.58567296239578 51200
1761866470525 3.602829162132753 56320
1761866514743 3.5948951946385286 61440
1761866553009 3.577266168175259 66560
1761866611505 3.5936467131839884 71680
1761866656872 3.5848066613436753 76800
1761866702758 3.5770833333333334 81920
1761866742897 3.5569417305476225 87040
1761866804537 3.5476921623281523 92160
1761866848429 3.551775147928994 97280
1761866889630 3.5623585670979034 102400
1761866930454 3.5403336842957804 107520
1761866990796 3.541890793699934 112640
1761867032693 3.5297939895148787 117760
1761867076782 3.512939849093858 122880
1761867125416 3.495260903295443 128000
1761867164282 3.5046972011832396 133120
1761867204241 3.4896080389464488 138240
1761867259220 3.49764791025873 143360
1761867303419 3.494209729981378 148480
1761867339310 3.4943311295540864 153600
1761867377970 3.5019096464426016 158720
1761867436496 3.5020753469927297 163840
1761867474603 3.5121926150525478 168960
1761867519942 3.4916705975818663 174080
1761867554410 3.483236994219653 179200
1761867611739 3.4834305253050424 184320
1761867653021 3.487718658060985 189440
1761867698718 3.490433545921202 194560
1761867739877 3.492677325707353 199680
1761867786180 3.482821853132114 204800
1761867827004 3.4900574913968967 209920
1761867868662 3.487046527987137 215040
1761867917351 3.482832365405745 220160
1761867965867 3.475924259539354 225280
1761868008656 3.4712581344902387 230400
1761868054764 3.4633576215781883 235520
1761868097274 3.4570653434951004 240640
1761868135743 3.45984469551226 245760
1761868186642 3.457975780621071 250880
1761868240062 3.458953343858117 256000
1761868287384 3.4550089636683605 261120
1761868333705 3.455884725852777 266240
1761868378959 3.456380940315761 271360
1761868419930 3.4596793007449804 276480
1761868473884 3.466118154429644 281600
1761868517102 3.4720684676012272 286720
1761868570155 3.466245535318948 291840
1761868619763 3.4621560131580855 296960
1761868630275 3.4616126293370173 300032
