1761865996787 -0.040445963541666664 5120
1761866036301 -1.9644886363636365 10240
1761866086329 -1.2919921875 15360
1761866141426 -0.20405505952380953 20480
1761866187707 0.32271634615384615 25600
1761866228606 0.3946572580645161 30720
1761866269071 0.2845052083333333 35840
1761866329006 0.2604801829268293 40960
1761866371001 0.34748641304347827 46080
1761866417402 0.32628676470588236 51200
1761866470520 0.23856026785714285 56320
1761866514737 0.22797131147540983 61440
1761866553003 0.24644886363636365 66560
1761866611500 0.21148767605633803 71680
1761866656862 0.19181743421052633 76800
1761866702752 0.19984567901234568 81920
1761866742892 0.1789607558139535 87040
1761866804529 0.16088598901098902 92160
1761866848423 0.16861979166666666 97280
1761866889623 0.1551670792079208 102400
1761866930446 0.14150943396226415 107520
1761866990790 0.14175112612612611 112640
1761867032686 0.13550646551724138 117760
1761867076776 0.12202995867768596 122880
1761867125410 0.12413194444444445 128000
1761867164272 0.11903625954198473 133120
1761867204235 0.11098345588235294 138240
1761867259214 0.11225620567375887 143360
1761867303413 0.10423801369863013 148480
1761867339299 0.09664735099337748 153600
1761867377960 0.10236378205128205 158720
1761867436490 0.09132375776397515 163840
1761867474596 0.09375 168960
1761867519937 0.08808479532163743 174080
1761867554404 0.08638139204545454 179200
1761867611728 0.08330455801104972 184320
1761867653013 0.0811491935483871 189440
1761867698712 0.07673429319371727 194560
1761867739870 0.07836415816326531 199680
1761867786173 0.07369402985074627 204800
1761867826998 0.07236043689320389 209920
1761867868656 0.06894253554502369 215040
1761867917340 0.07024016203703703 220160
1761867965860 0.0661764705882353 225280
1761868008649 0.06671736725663717 230400
1761868054751 0.06398809523809523 235520
1761868097264 0.06494968220338983 240640
1761868135733 0.059712136929460584 245760
1761868186634 0.061229674796747964 250880
1761868240055 0.058391434262948204 256000
1761868287376 0.056640625 261120
1761868333696 0.05717193486590038 266240
1761868378952 0.05445253759398496 271360
1761868419923 0.05592712177121771 276480
1761868473870 0.051403985507246376 281600
1761868517088 0.055326957295373666 286720
1761868570148 0.048295454545454544 291840
1761868619749 0.052083333333333336 296960
1761868630267 0.020371160409556315 300032
