1761865996794 2.5187351564609206 5120
1761866036308 1.9860778459251074 10240
1761866086334 1.7188676663355382 15360
1761866141436 1.5458289108065297 20480
1761866187712 1.439279970689843 25600
1761866228611 1.3630776541573661 30720
1761866269076 1.3075641875279052 35840
1761866329011 1.2919600584856776 40960
1761866371006 1.2594664017366877 46080
1761866417408 1.246608298592002 51200
1761866470525 1.2429567583423 56320
1761866514743 1.2211287980002818 61440
1761866553009 1.2100154762112936 66560
1761866611505 1.2145306450279592 71680
1761866656872 1.1987239158424123 76800
1761866702758 1.1930277832552918 81920
1761866742897 1.1805409058234908 87040
1761866804537 1.1734607786822961 92160
1761866848429 1.1689051812281206 97280
1761866889630 1.1675827282406814 102400
1761866930454 1.165291227367114 107520
1761866990796 1.1598535708001576 112640
1761867032693 1.151775553616764 117760
1761867076782 1.1384357473643625 122880
1761867125416 1.1306602315130365 128000
1761867164282 1.1303368188878926 133120
1761867204241 1.127753670006384 138240
1761867259220 1.1309249732529008 143360
1761867303419 1.128023796685359 148480
1761867339310 1.1261723974348372 153600
1761867377970 1.1268824015783463 158720
1761867436496 1.1229745953365107 163840
1761867474603 1.1247663002181776 168960
1761867519942 1.119285287063649 174080
1761867554410 1.1189252548364774 179200
1761867611739 1.1167468826771731 184320
1761867653021 1.1174571779643339 189440
1761867698718 1.1167089766983043 194560
1761867739877 1.1183355157785149 199680
1761867786180 1.1143945610831776 204800
1761867827004 1.1177180539660403 209920
1761867868662 1.1142202103417096 215040
1761867917351 1.1117450784166198 220160
1761867965867 1.1068038375137872 225280
1761868008656 1.1063221325040782 230400
1761868054764 1.1034552176501702 235520
1761868097274 1.0974616030072903 240640
1761868135743 1.0983680707217722 245760
1761868186642 1.095127368441728 250880
1761868240062 1.0915916173532016 256000
1761868287384 1.0888300485194207 261120
1761868333705 1.0859808437852025 266240
1761868378959 1.0866749410450012 271360
1761868419930 1.087072452086135 276480
1761868473884 1.0879004807090038 281600
1761868517102 1.0876776551405636 286720
1761868570155 1.0853874345496726 291840
1761868619763 1.0848531411105853 296960
1761868630275 1.0850496700955339 300032
