1761865996794 4.110999264590083 5120
1761866036308 2.0106389450422584 10240
1761866086334 1.0698262532192986 15360
1761866141436 0.6299617842020545 20480
1761866187712 0.33598114819155384 25600
1761866228611 0.1125459828064695 30720
1761866269076 -0.02362519762412685 35840
1761866329011 -0.12029966194352251 40960
1761866371006 -0.20759372301095416 46080
1761866417408 -0.2681705209700575 51200
1761866470525 -0.3044723795080341 56320
1761866514743 -0.36097566870332154 61440
1761866553009 -0.39778031555980453 66560
1761866611505 -0.42455078096514687 71680
1761866656872 -0.4615888245309434 76800
1761866702758 -0.504302525622213 81920
1761866742897 -0.5388214727329392 87040
1761866804537 -0.5655719527120532 92160
1761866848429 -0.5898857659628384 97280
1761866889630 -0.6079747214793121 102400
1761866930454 -0.6115706444481775 107520
1761866990796 -0.6227947919482505 112640
1761867032693 -0.6324700371233054 117760
1761867076782 -0.6473332382830533 122880
1761867125416 -0.6529414982129362 128000
1761867164282 -0.660204926234005 133120
1761867204241 -0.6684638879790524 138240
1761867259220 -0.677616051228197 143360
1761867303419 -0.6859626318822359 148480
1761867339310 -0.6888435269864338 153600
1761867377970 -0.6957570976276473 158720
1761867436496 -0.7007023439577535 163840
1761867474603 -0.6982120958736947 168960
1761867519942 -0.7041837560665573 174080
1761867554410 -0.7038101069040611 179200
1761867611739 -0.7118704055728599 184320
1761867653021 -0.7195786579600228 189440
1761867698718 -0.7275293568966561 194560
1761867739877 -0.7299846318344645 199680
1761867786180 -0.7325458982905211 204800
1761867827004 -0.7276799694179896 209920
1761867868662 -0.7322184955902452 215040
1761867917351 -0.7345101280239347 220160
1761867965867 -0.7400677514759568 225280
1761868008656 -0.7416000959359411 230400
1761868054764 -0.7454945662791461 235520
1761868097274 -0.7543137824896868 240640
1761868135743 -0.7545316420228906 245760
1761868186642 -0.7583074695970111 250880
1761868240062 -0.7624482073192372 256000
1761868287384 -0.7615970059077667 261120
1761868333705 -0.769663525554061 266240
1761868378959 -0.7681530189486977 271360
1761868419930 -0.7721910293208649 276480
1761868473884 -0.7777838372180053 281600
1761868517102 -0.780606269606915 286720
1761868570155 -0.7806964522041199 291840
1761868619763 -0.7791906466238006 296960
1761868630275 -0.7805762108492617 300032
