1770991172854 0.0836353600025177 5120
1770991207497 0.06913147866725922 10240
1770991242105 0.0400681346654892 15360
1770991276749 0.0346350371837616 20480
1770991311381 0.039537426084280014 25600
1770991345963 0.04358450323343277 30720
1770991380545 0.04809596389532089 35840
1770991415154 0.05103328824043274 40960
1770991449773 0.055195193737745285 46080
1770991484357 0.060201335698366165 51200
1770991518973 0.06491725891828537 56320
1770991553602 0.06907029449939728 61440
1770991588159 0.07369079440832138 66560
1770991622806 0.07803890109062195 71680
1770991657392 0.08146288245916367 76800
1770991691976 0.08472371846437454 81920
1770991726619 0.08741529285907745 87040
1770991761241 0.08849722892045975 92160
1770991795865 0.08935660868883133 97280
1770991830430 0.09019339829683304 102400
1770991864984 0.09209126234054565 107520
1770991899632 0.09397818893194199 112640
1770991934260 0.09614724665880203 117760
1770991968906 0.0974300429224968 122880
1770992003488 0.0989849641919136 128000
1770992038124 0.10021509230136871 133120
1770992072746 0.10162608325481415 138240
1770992107372 0.10232318192720413 143360
1770992141997 0.10251730680465698 148480
1770992176617 0.10312166064977646 153600
1770992211125 0.10354270040988922 158720
1770992245739 0.10435916483402252 163840
1770992280331 0.10494806617498398 168960
1770992314965 0.10629040747880936 174080
1770992349576 0.10742483288049698 179200
1770992384242 0.10786992311477661 184320
1770992419236 0.10714233666658401 189440
1770992453788 0.10588308423757553 194560
1770992488424 0.10465660691261292 199680
1770992523045 0.10330790281295776 204800
1770992557725 0.10232950001955032 209920
1770992592210 0.10146142542362213 215040
1770992626843 0.10084895044565201 220160
1770992661468 0.10006698220968246 225280
1770992696113 0.09939568489789963 230400
1770992730710 0.09900879114866257 235520
1770992765293 0.09862559288740158 240640
1770992799925 0.09829124063253403 245760
1770992834599 0.09805897623300552 250880
1770992869220 0.09769502282142639 256000
1770992903841 0.09752395004034042 261120
1770992938473 0.0974602997303009 266240
1770992973064 0.09729793667793274 271360
1770993007659 0.09706554561853409 276480
1770993042136 0.0969868078827858 281600
1770993076754 0.0972207561135292 286720
1770993111408 0.09763956815004349 291840
1770993146043 0.09811996668577194 296960
1770993159900 0.0983472391963005 300032
