1770991172854 20.7789249420166 5120
1770991207497 21.958377838134766 10240
1770991242105 22.23636817932129 15360
1770991276749 22.05367660522461 20480
1770991311381 21.826770782470703 25600
1770991345963 21.869462966918945 30720
1770991380545 21.725629806518555 35840
1770991415154 21.703353881835938 40960
1770991449773 21.720516204833984 46080
1770991484357 21.305160522460938 51200
1770991518973 20.77666473388672 56320
1770991553602 20.319744110107422 61440
1770991588159 19.924528121948242 66560
1770991622806 19.684768676757812 71680
1770991657392 19.51166343688965 76800
1770991691976 19.468334197998047 81920
1770991726619 19.392431259155273 87040
1770991761241 19.245704650878906 92160
1770991795865 19.222618103027344 97280
1770991830430 19.180381774902344 102400
1770991864984 19.217626571655273 107520
1770991899632 19.274206161499023 112640
1770991934260 19.228670120239258 117760
1770991968906 19.215402603149414 122880
1770992003488 19.163454055786133 128000
1770992038124 19.1216983795166 133120
1770992072746 19.02899169921875 138240
1770992107372 18.904403686523438 143360
1770992141997 18.791805267333984 148480
1770992176617 18.668668746948242 153600
1770992211125 18.534828186035156 158720
1770992245739 18.441753387451172 163840
1770992280331 18.35504722595215 168960
1770992314965 18.304292678833008 174080
1770992349576 18.2193546295166 179200
1770992384242 18.10114860534668 184320
1770992419236 17.887008666992188 189440
1770992453788 17.685569763183594 194560
1770992488424 17.47725486755371 199680
1770992523045 17.194318771362305 204800
1770992557725 16.96392250061035 209920
1770992592210 16.764917373657227 215040
1770992626843 16.60605812072754 220160
1770992661468 16.434898376464844 225280
1770992696113 16.272451400756836 230400
1770992730710 16.148839950561523 235520
1770992765293 16.022850036621094 240640
1770992799925 15.89215087890625 245760
1770992834599 15.790461540222168 250880
1770992869220 15.665449142456055 256000
1770992903841 15.54005241394043 261120
1770992938473 15.416452407836914 266240
1770992973064 15.284878730773926 271360
1770993007659 15.135778427124023 276480
1770993042136 14.99354362487793 281600
1770993076754 14.867575645446777 286720
1770993111408 14.74471378326416 291840
1770993146043 14.631464004516602 296960
1770993159900 14.584649085998535 300032
