1770991172854 26.952381134033203 5120
1770991207497 27.514230728149414 10240
1770991242105 26.60378646850586 15360
1770991276749 26.17500877380371 20480
1770991311381 26.106523513793945 25600
1770991345963 26.290613174438477 30720
1770991380545 26.303354263305664 35840
1770991415154 26.38197898864746 40960
1770991449773 26.588909149169922 46080
1770991484357 26.377347946166992 51200
1770991518973 26.078224182128906 56320
1770991553602 25.81797218322754 61440
1770991588159 25.6368408203125 66560
1770991622806 25.560789108276367 71680
1770991657392 25.500274658203125 76800
1770991691976 25.570280075073242 81920
1770991726619 25.582157135009766 87040
1770991761241 25.481061935424805 92160
1770991795865 25.497167587280273 97280
1770991830430 25.481977462768555 102400
1770991864984 25.585979461669922 107520
1770991899632 25.718978881835938 112640
1770991934260 25.75008773803711 117760
1770991968906 25.78163719177246 122880
1770992003488 25.792598724365234 128000
1770992038124 25.815805435180664 133120
1770992072746 25.789329528808594 138240
1770992107372 25.699411392211914 143360
1770992141997 25.610551834106445 148480
1770992176617 25.522390365600586 153600
1770992211125 25.415355682373047 158720
1770992245739 25.351131439208984 163840
1770992280331 25.291961669921875 168960
1770992314965 25.29396629333496 174080
1770992349576 25.257099151611328 179200
1770992384242 25.172468185424805 184320
1770992419236 24.957263946533203 189440
1770992453788 24.72538948059082 194560
1770992488424 24.496562957763672 199680
1770992523045 24.18730926513672 204800
1770992557725 23.944965362548828 209920
1770992592210 23.73774528503418 215040
1770992626843 23.579612731933594 220160
1770992661468 23.395471572875977 225280
1770992696113 23.22117805480957 230400
1770992730710 23.1007022857666 235520
1770992765293 22.97696304321289 240640
1770992799925 22.848360061645508 245760
1770992834599 22.751937866210938 250880
1770992869220 22.631240844726562 256000
1770992903841 22.515390396118164 261120
1770992938473 22.406707763671875 266240
1770992973064 22.289648056030273 271360
1770993007659 22.152402877807617 276480
1770993042136 22.02634048461914 281600
1770993076754 21.93865203857422 286720
1770993111408 21.85618782043457 291840
1770993146043 21.785289764404297 296960
1770993159900 21.757083892822266 300032
