1770991172854 1.167618989944458 5120
1770991207497 1.184587836265564 10240
1770991242105 1.1766866445541382 15360
1770991276749 1.1695507764816284 20480
1770991311381 1.159085988998413 25600
1770991345963 1.1639621257781982 30720
1770991380545 1.1580721139907837 35840
1770991415154 1.1578773260116577 40960
1770991449773 1.1612385511398315 46080
1770991484357 1.1607146263122559 51200
1770991518973 1.1611149311065674 56320
1770991553602 1.1596324443817139 61440
1770991588159 1.1589570045471191 66560
1770991622806 1.1587451696395874 71680
1770991657392 1.153878092765808 76800
1770991691976 1.1535053253173828 81920
1770991726619 1.1533355712890625 87040
1770991761241 1.1524031162261963 92160
1770991795865 1.1556086540222168 97280
1770991830430 1.1542441844940186 102400
1770991864984 1.1546878814697266 107520
1770991899632 1.1579049825668335 112640
1770991934260 1.1584365367889404 117760
1770991968906 1.157778024673462 122880
1770992003488 1.1574686765670776 128000
1770992038124 1.159698724746704 133120
1770992072746 1.1609203815460205 138240
1770992107372 1.1601184606552124 143360
1770992141997 1.1596601009368896 148480
1770992176617 1.1596614122390747 153600
1770992211125 1.1589431762695312 158720
1770992245739 1.1580216884613037 163840
1770992280331 1.1568347215652466 168960
1770992314965 1.1573750972747803 174080
1770992349576 1.156604290008545 179200
1770992384242 1.155835747718811 184320
1770992419236 1.157664179801941 189440
1770992453788 1.159372329711914 194560
1770992488424 1.1627113819122314 199680
1770992523045 1.161595106124878 204800
1770992557725 1.1619923114776611 209920
1770992592210 1.1622586250305176 215040
1770992626843 1.1639457941055298 220160
1770992661468 1.1636730432510376 225280
1770992696113 1.1630866527557373 230400
1770992730710 1.1630635261535645 235520
1770992765293 1.1627147197723389 240640
1770992799925 1.162017822265625 245760
1770992834599 1.162327766418457 250880
1770992869220 1.1617913246154785 256000
1770992903841 1.1616947650909424 261120
1770992938473 1.1624104976654053 266240
1770992973064 1.1623157262802124 271360
1770993007659 1.1616145372390747 276480
1770993042136 1.1610904932022095 281600
1770993076754 1.1615583896636963 286720
1770993111408 1.1617294549942017 291840
1770993146043 1.161686897277832 296960
1770993159900 1.1618589162826538 300032
