1770991172846 -1.2615407705307007 5120
1770991207483 -2.1300034523010254 10240
1770991242094 -2.6498312950134277 15360
1770991276738 -3.791538953781128 20480
1770991311371 -4.846883773803711 25600
1770991345952 -5.026933670043945 30720
1770991380534 -5.152694225311279 35840
1770991415143 -5.052288055419922 40960
1770991449763 -4.972027778625488 46080
1770991484345 -4.962803840637207 51200
1770991518963 -5.844199180603027 56320
1770991553591 -8.235517501831055 61440
1770991588148 -9.795568466186523 66560
1770991622793 -11.001119613647461 71680
1770991657381 -12.111846923828125 76800
1770991691965 -13.104001998901367 81920
1770991726608 -13.976402282714844 87040
1770991761230 -15.006731033325195 92160
1770991795854 -15.991392135620117 97280
1770991830419 -16.9101505279541 102400
1770991864971 -17.97803497314453 107520
1770991899622 -18.872480392456055 112640
1770991934249 -19.8488826751709 117760
1770991968894 -20.58417320251465 122880
1770992003476 -21.340024948120117 128000
1770992038111 -21.9794864654541 133120
1770992072734 -22.421520233154297 138240
1770992107359 -22.656757354736328 143360
1770992141985 -23.058170318603516 148480
1770992176607 -23.41775131225586 153600
1770992211113 -23.946971893310547 158720
1770992245725 -24.425086975097656 163840
1770992280319 -24.92826271057129 168960
1770992314953 -25.471023559570312 174080
1770992349563 -25.81991195678711 179200
1770992384229 -26.0257625579834 184320
1770992419223 -26.289974212646484 189440
1770992453775 -26.780771255493164 194560
1770992488411 -27.073360443115234 199680
1770992523033 -27.259769439697266 204800
1770992557712 -27.490966796875 209920
1770992592198 -27.91951560974121 215040
1770992626829 -28.184032440185547 220160
1770992661454 -28.441070556640625 225280
1770992696100 -28.788402557373047 230400
1770992730696 -28.81451416015625 235520
1770992765283 -28.9706974029541 240640
1770992799911 -29.1851749420166 245760
1770992834585 -29.358413696289062 250880
1770992869207 -29.58359718322754 256000
1770992903828 -29.75138282775879 261120
1770992938459 -29.897052764892578 266240
1770992973051 -30.068683624267578 271360
1770993007644 -30.34932518005371 276480
1770993042121 -30.613876342773438 281600
1770993076740 -30.64812660217285 286720
1770993111395 -30.799917221069336 291840
1770993146029 -31.039295196533203 296960
1770993159885 -31.201828002929688 300032
