1770991172854 1.843072533607483 5120
1770991207497 1.518665075302124 10240
1770991242105 0.9106278419494629 15360
1770991276749 0.8052793741226196 20480
1770991311381 0.9088574051856995 25600
1770991345963 0.9958261847496033 30720
1770991380545 1.0866791009902954 35840
1770991415154 1.1478716135025024 40960
1770991449773 1.2302430868148804 46080
1770991484357 1.3536007404327393 51200
1770991518973 1.4982831478118896 56320
1770991553602 1.623470664024353 61440
1770991588159 1.7519749402999878 66560
1770991622806 1.863433837890625 71680
1770991657392 1.9368062019348145 76800
1770991691976 1.9982143640518188 81920
1770991726619 2.0542149543762207 87040
1770991761241 2.0829222202301025 92160
1770991795865 2.1044912338256836 97280
1770991830430 2.1195149421691895 102400
1770991864984 2.150726079940796 107520
1770991899632 2.186047077178955 112640
1770991934260 2.2310328483581543 117760
1770991968906 2.254213571548462 122880
1770992003488 2.286214590072632 128000
1770992038124 2.3157637119293213 133120
1770992072746 2.353177070617676 138240
1770992107372 2.3766045570373535 143360
1770992141997 2.3879432678222656 148480
1770992176617 2.410780906677246 153600
1770992211125 2.4290757179260254 158720
1770992245739 2.450462818145752 163840
1770992280331 2.4679148197174072 168960
1770992314965 2.499462127685547 174080
1770992349576 2.529066324234009 179200
1770992384242 2.5471575260162354 184320
1770992419236 2.5541749000549316 189440
1770992453788 2.5472772121429443 194560
1770992488424 2.5422537326812744 199680
1770992523045 2.5377862453460693 204800
1770992557725 2.5387070178985596 209920
1770992592210 2.537956476211548 215040
1770992626843 2.5417182445526123 220160
1770992661468 2.5382046699523926 225280
1770992696113 2.536964178085327 230400
1770992730710 2.5379223823547363 235520
1770992765293 2.540242910385132 240640
1770992799925 2.544079542160034 245760
1770992834599 2.5480353832244873 250880
1770992869220 2.54986310005188 256000
1770992903841 2.5566515922546387 261120
1770992938473 2.5702269077301025 266240
1770992973064 2.5812885761260986 271360
1770993007659 2.5917046070098877 276480
1770993042136 2.606496810913086 281600
1770993076754 2.628309488296509 286720
1770993111408 2.6539227962493896 291840
1770993146043 2.6784305572509766 296960
1770993159900 2.6899209022521973 300032
