1769374588165 19.645416259765625 5120
1769374596567 19.40782356262207 10240
1769374604862 19.524669647216797 15360
1769374612693 19.596092224121094 20480
1769374620307 19.55243682861328 25600
1769374629132 19.55531120300293 30720
1769374636764 19.410972595214844 35840
1769374645107 19.47649383544922 40960
1769374652700 19.4351863861084 46080
1769374660003 19.491931915283203 51200
1769374667808 19.464282989501953 56320
1769374676687 19.39853286743164 61440
1769374684067 19.394649505615234 66560
1769374692513 19.412208557128906 71680
1769374700155 19.394779205322266 76800
1769374708556 19.405248641967773 81920
1769374715482 19.387096405029297 87040
1769374723454 19.40789794921875 92160
1769374731352 19.406225204467773 97280
1769374739821 19.42953872680664 102400
1769374747011 19.436603546142578 107520
1769374755113 19.427692413330078 112640
1769374763502 19.365882873535156 117760
1769374770691 19.37500762939453 122880
1769374778593 19.364715576171875 128000
1769374786913 19.376323699951172 133120
1769374795355 19.394832611083984 138240
1769374802587 19.366378784179688 143360
1769374810007 19.387609481811523 148480
1769374817906 19.378454208374023 153600
1769374826841 19.36655616760254 158720
1769374834140 19.389158248901367 163840
1769374841377 19.393381118774414 168960
1769374849933 19.396881103515625 174080
1769374860176 19.386018753051758 179200
1769374867920 19.38726806640625 184320
1769374875405 19.396268844604492 189440
1769374883545 19.416751861572266 194560
1769374893030 19.436986923217773 199680
1769374899883 19.417993545532227 204800
1769374906986 19.432729721069336 209920
1769374913807 19.423290252685547 215040
1769374922853 19.438247680664062 220160
1769374930898 19.424413681030273 225280
1769374938937 19.432130813598633 230400
1769374946465 19.450679779052734 235520
1769374956538 19.450254440307617 240640
1769374963974 19.448843002319336 245760
1769374971345 19.41755485534668 250880
1769374978572 19.412260055541992 256000
1769374987711 19.411418914794922 261120
1769374995430 19.411794662475586 266240
1769375003152 19.394405364990234 271360
1769375010832 19.3999080657959 276480
1769375020935 19.3936824798584 281600
1769375028179 19.413253784179688 286720
1769375035395 19.414966583251953 291840
1769375042488 19.414331436157227 296960
1769375046872 19.41611671447754 300032
