1769374588165 0.09764400124549866 5120
1769374596567 0.09312126040458679 10240
1769374604862 0.09240745007991791 15360
1769374612693 0.09452379494905472 20480
1769374620307 0.09637753665447235 25600
1769374629132 0.09613741934299469 30720
1769374636764 0.09606888890266418 35840
1769374645107 0.0967884287238121 40960
1769374652700 0.09746439009904861 46080
1769374660003 0.09756051748991013 51200
1769374667808 0.09706605970859528 56320
1769374676687 0.09696846455335617 61440
1769374684067 0.09686800837516785 66560
1769374692513 0.09684658795595169 71680
1769374700155 0.09631887078285217 76800
1769374708556 0.0959077849984169 81920
1769374715482 0.09623422473669052 87040
1769374723454 0.096248559653759 92160
1769374731352 0.09626726806163788 97280
1769374739821 0.09653934091329575 102400
1769374747011 0.09660986065864563 107520
1769374755113 0.09614932537078857 112640
1769374763502 0.09585895389318466 117760
1769374770691 0.09576552361249924 122880
1769374778593 0.0955149456858635 128000
1769374786913 0.09548011422157288 133120
1769374795355 0.0956755056977272 138240
1769374802587 0.0954149141907692 143360
1769374810007 0.09545578807592392 148480
1769374817906 0.09545053541660309 153600
1769374826841 0.09531760960817337 158720
1769374834140 0.09540272504091263 163840
1769374841377 0.09552588313817978 168960
1769374849933 0.09539570659399033 174080
1769374860176 0.09559833258390427 179200
1769374867920 0.09582208842039108 184320
1769374875405 0.09595177322626114 189440
1769374883545 0.09640360623598099 194560
1769374893030 0.09642870724201202 199680
1769374899883 0.0963054895401001 204800
1769374906986 0.09641765058040619 209920
1769374913807 0.09626788645982742 215040
1769374922853 0.09631412476301193 220160
1769374930898 0.09639707207679749 225280
1769374938937 0.0963640809059143 230400
1769374946465 0.09642093628644943 235520
1769374956538 0.09635937213897705 240640
1769374963974 0.09641377627849579 245760
1769374971345 0.09634976834058762 250880
1769374978572 0.09628591686487198 256000
1769374987711 0.09617522358894348 261120
1769374995430 0.09612689167261124 266240
1769375003152 0.09599126875400543 271360
1769375010832 0.09602099657058716 276480
1769375020935 0.09600450843572617 281600
1769375028179 0.09607922285795212 286720
1769375035395 0.09609623998403549 291840
1769375042488 0.09619572013616562 296960
1769375046872 0.09614892303943634 300032
