1769374588165 0.0 5120
1769374596567 0.0 10240
1769374604862 0.0 15360
1769374612693 0.0 20480
1769374620307 0.0 25600
1769374629132 0.0 30720
1769374636764 0.0 35840
1769374645107 0.0 40960
1769374652700 0.0 46080
1769374660003 0.0 51200
1769374667808 0.0 56320
1769374676687 0.0 61440
1769374684067 0.0 66560
1769374692513 0.0 71680
1769374700155 0.0 76800
1769374708556 0.0 81920
1769374715482 0.0 87040
1769374723454 0.0 92160
1769374731352 0.0 97280
1769374739821 0.0 102400
1769374747011 0.0 107520
1769374755113 0.0 112640
1769374763502 0.0 117760
1769374770691 0.0 122880
1769374778593 0.0 128000
1769374786913 0.0 133120
1769374795355 0.0 138240
1769374802587 0.0 143360
1769374810007 0.0 148480
1769374817906 0.0 153600
1769374826841 0.0 158720
1769374834140 0.0 163840
1769374841377 0.0 168960
1769374849933 0.0 174080
1769374860176 0.0 179200
1769374867920 0.0 184320
1769374875405 0.0 189440
1769374883545 0.0 194560
1769374893030 0.0 199680
1769374899883 0.0 204800
1769374906986 0.0 209920
1769374913807 0.0 215040
1769374922853 0.0 220160
1769374930898 0.0 225280
1769374938937 0.0 230400
1769374946465 0.0 235520
1769374956538 0.0 240640
1769374963974 0.0 245760
1769374971345 0.0 250880
1769374978572 0.0 256000
1769374987711 0.0 261120
1769374995430 0.0 266240
1769375003152 0.0 271360
1769375010832 0.0 276480
1769375020935 0.0 281600
1769375028179 0.0 286720
1769375035395 0.0 291840
1769375042488 0.0 296960
1769375046872 0.0 300032
