1769374588157 -1.329506278038025 5120
1769374596559 -2.508714199066162 10240
1769374604851 -3.297903060913086 15360
1769374612687 -3.6225624084472656 20480
1769374620300 -3.685992479324341 25600
1769374629126 -3.7727770805358887 30720
1769374636756 -3.9090163707733154 35840
1769374645094 -4.035109519958496 40960
1769374652695 -4.2177228927612305 46080
1769374659996 -4.382502555847168 51200
1769374667801 -4.226702690124512 56320
1769374676681 -4.421565055847168 61440
1769374684060 -4.500482082366943 66560
1769374692501 -4.568861484527588 71680
1769374700148 -4.606339454650879 76800
1769374708550 -4.667782783508301 81920
1769374715469 -4.646953105926514 87040
1769374723445 -4.708488941192627 92160
1769374731341 -4.588820457458496 97280
1769374739813 -4.765491485595703 102400
1769374747002 -4.658759117126465 107520
1769374755106 -4.675103664398193 112640
1769374763493 -4.714116096496582 117760
1769374770685 -4.685380458831787 122880
1769374778582 -4.682581901550293 128000
1769374786907 -4.6343913078308105 133120
1769374795343 -4.548393726348877 138240
1769374802579 -4.596015930175781 143360
1769374810000 -4.563225746154785 148480
1769374817898 -4.409673690795898 153600
1769374826831 -4.474247932434082 158720
1769374834133 -4.311906337738037 163840
1769374841366 -4.260699272155762 168960
1769374849923 -4.226806640625 174080
1769374860168 -4.209530830383301 179200
1769374867913 -4.019434928894043 184320
1769374875398 -4.012463569641113 189440
1769374883537 -3.9467227458953857 194560
1769374893023 -3.96258282661438 199680
1769374899871 -3.8091845512390137 204800
1769374906975 -3.7297580242156982 209920
1769374913800 -3.717287540435791 215040
1769374922845 -3.8261287212371826 220160
1769374930889 -3.753770112991333 225280
1769374938929 -3.6934618949890137 230400
1769374946454 -3.5343661308288574 235520
1769374956532 -3.5236613750457764 240640
1769374963962 -3.491926908493042 245760
1769374971331 -3.380331516265869 250880
1769374978563 -3.399831771850586 256000
1769374987699 -3.2531063556671143 261120
1769374995422 -3.1004562377929688 266240
1769375003137 -3.222604274749756 271360
1769375010819 -3.1173033714294434 276480
1769375020922 -2.996232509613037 281600
1769375028171 -3.0662918090820312 286720
1769375035387 -2.929471492767334 291840
1769375042481 -2.9652957916259766 296960
1769375046864 -2.9254488945007324 300032
