1769374588165 1.1221736669540405 5120
1769374596567 1.0972093343734741 10240
1769374604862 1.0977342128753662 15360
1769374612693 1.1143792867660522 20480
1769374620307 1.1216776371002197 25600
1769374629132 1.117855191230774 30720
1769374636764 1.1099932193756104 35840
1769374645107 1.1186413764953613 40960
1769374652700 1.122731328010559 46080
1769374660003 1.123378872871399 51200
1769374667808 1.1239393949508667 56320
1769374676687 1.1220269203186035 61440
1769374684067 1.1217340230941772 66560
1769374692513 1.1205730438232422 71680
1769374700155 1.1190178394317627 76800
1769374708556 1.1187540292739868 81920
1769374715482 1.1207218170166016 87040
1769374723454 1.1204813718795776 92160
1769374731352 1.12148118019104 97280
1769374739821 1.1248096227645874 102400
1769374747011 1.123511552810669 107520
1769374755113 1.1222728490829468 112640
1769374763502 1.118449330329895 117760
1769374770691 1.1183832883834839 122880
1769374778593 1.1167272329330444 128000
1769374786913 1.1174112558364868 133120
1769374795355 1.118900179862976 138240
1769374802587 1.1175932884216309 143360
1769374810007 1.1184254884719849 148480
1769374817906 1.1185762882232666 153600
1769374826841 1.1161434650421143 158720
1769374834140 1.1174561977386475 163840
1769374841377 1.1192017793655396 168960
1769374849933 1.1194195747375488 174080
1769374860176 1.1214159727096558 179200
1769374867920 1.1235648393630981 184320
1769374875405 1.1249374151229858 189440
1769374883545 1.1288468837738037 194560
1769374893030 1.129150390625 199680
1769374899883 1.1283372640609741 204800
1769374906986 1.1289182901382446 209920
1769374913807 1.1272326707839966 215040
1769374922853 1.128051996231079 220160
1769374930898 1.1279692649841309 225280
1769374938937 1.1290886402130127 230400
1769374946465 1.1292524337768555 235520
1769374956538 1.129030704498291 240640
1769374963974 1.1297959089279175 245760
1769374971345 1.1287482976913452 250880
1769374978572 1.1280436515808105 256000
1769374987711 1.1269415616989136 261120
1769374995430 1.1261223554611206 266240
1769375003152 1.1237990856170654 271360
1769375010832 1.1240832805633545 276480
1769375020935 1.123706579208374 281600
1769375028179 1.1246123313903809 286720
1769375035395 1.124741792678833 291840
1769375042488 1.124919056892395 296960
1769375046872 1.1246700286865234 300032
