1769374588157 124.02578508486604 5120
1769374596559 349.70018342504585 10240
1769374604851 336.5944948238504 15360
1769374612687 359.7173241852487 20480
1769374620300 449.5502679528403 25600
1769374629126 350.4598930481283 30720
1769374636756 389.80520446096654 35840
1769374645094 342.0570869352471 40960
1769374652695 524.288 46080
1769374659996 451.38872148084374 51200
1769374667801 413.3540948063467 56320
1769374676681 519.7402726146221 61440
1769374684060 427.42321410373995 66560
1769374692501 279.28512451724595 71680
1769374700148 609.106012198664 76800
1769374708550 389.1903127029786 81920
1769374715469 383.32151343447265 87040
1769374723445 384.58683293599853 92160
1769374731341 439.74669742084296 97280
1769374739813 169.24800258251958 102400
1769374747002 421.5804603477736 107520
1769374755106 103.94290245836638 112640
1769374763493 218.77237638222408 117760
1769374770685 552.0273756251645 122880
1769374778582 520.5142715313974 128000
1769374786907 180.57103495780953 133120
1769374795343 372.5951852180865 138240
1769374802579 440.208228379513 143360
1769374810000 541.4799896720888 148480
1769374817898 504.6082771896054 153600
1769374826831 418.63499351232656 158720
1769374834133 516.9855787008505 163840
1769374841366 388.4334135951102 168960
1769374849923 235.41022618847168 174080
1769374860168 505.21609250782944 179200
1769374867913 196.3993257164263 184320
1769374875398 528.516129032258 189440
1769374883537 399.68591576138743 194560
1769374893023 558.5702490344919 199680
1769374899871 103.57329118925325 204800
1769374906975 412.5409658699715 209920
1769374913800 106.71714627382134 215040
1769374922845 325.2154764673955 220160
1769374930889 352.46252100840337 225280
1769374938929 573.1489477999453 230400
1769374946454 120.92210113590498 235520
1769374956532 530.7901797013415 240640
1769374963962 277.08951575609433 245760
1769374971331 401.75325670498086 250880
1769374978563 457.29437418229395 256000
1769374987699 355.0583255735207 261120
1769374995422 543.5148373720358 266240
1769375003137 373.89053307184884 271360
1769375010819 317.02978080120937 276480
1769375020922 431.1578947368421 281600
1769375028171 456.0017395085888 286720
1769375035387 527.7845727947653 291840
1769375042481 592.7507066139061 296960
1769375046864 515.777668470241 300032
