1769374588165 2.223783016204834 5120
1769374596567 2.122309446334839 10240
1769374604862 2.1042046546936035 15360
1769374612693 2.146909475326538 20480
1769374620307 2.19279146194458 25600
1769374629132 2.184108257293701 30720
1769374636764 2.1801884174346924 35840
1769374645107 2.1965348720550537 40960
1769374652700 2.210597276687622 46080
1769374660003 2.212186574935913 51200
1769374667808 2.202725648880005 56320
1769374676687 2.200014114379883 61440
1769374684067 2.1992673873901367 66560
1769374692513 2.199392557144165 71680
1769374700155 2.1870946884155273 76800
1769374708556 2.179161310195923 81920
1769374715482 2.1860711574554443 87040
1769374723454 2.186140775680542 92160
1769374731352 2.186793088912964 97280
1769374739821 2.1930618286132812 102400
1769374747011 2.194841146469116 107520
1769374755113 2.184133291244507 112640
1769374763502 2.17814564704895 117760
1769374770691 2.176276922225952 122880
1769374778593 2.1705541610717773 128000
1769374786913 2.168924331665039 133120
1769374795355 2.1737325191497803 138240
1769374802587 2.1681089401245117 143360
1769374810007 2.169633626937866 148480
1769374817906 2.1695375442504883 153600
1769374826841 2.1671700477600098 158720
1769374834140 2.1690175533294678 163840
1769374841377 2.1713359355926514 168960
1769374849933 2.169384717941284 174080
1769374860176 2.1742570400238037 179200
1769374867920 2.1786153316497803 184320
1769374875405 2.181605815887451 189440
1769374883545 2.1912989616394043 194560
1769374893030 2.1922218799591064 199680
1769374899883 2.189298152923584 204800
1769374906986 2.1916580200195312 209920
1769374913807 2.1885106563568115 215040
1769374922853 2.1895790100097656 220160
1769374930898 2.191312313079834 225280
1769374938937 2.190518856048584 230400
1769374946465 2.192159652709961 235520
1769374956538 2.1907081604003906 240640
1769374963974 2.1925671100616455 245760
1769374971345 2.1913068294525146 250880
1769374978572 2.189419746398926 256000
1769374987711 2.1865828037261963 261120
1769374995430 2.185317277908325 266240
1769375003152 2.182412624359131 271360
1769375010832 2.1832563877105713 276480
1769375020935 2.18296217918396 281600
1769375028179 2.184309482574463 286720
1769375035395 2.1845054626464844 291840
1769375042488 2.1866672039031982 296960
1769375046872 2.185399055480957 300032
