1758569378283 0.0 21
1758569378337 0.0 22
1758569378395 0.0 23
1758569378458 0.0 24
1758569378526 0.0 25
1758569378583 0.0 26
1758569378652 0.0 27
1758569378722 0.0 28
1758569378776 0.0 29
1758569378834 0.0 30
1758569378892 0.0 31
1758569378964 0.0 32
1758569379029 0.0 33
1758569379091 0.0 34
1758569379151 0.0 35
1758569379212 0.0 36
1758569379277 0.0 37
1758569379337 0.0 38
1758569379410 0.0 39
1758569379473 0.0 40
1758569379556 0.0 41
1758569379621 0.0 42
1758569379689 0.0 43
1758569379751 0.0 44
1758569379815 0.0 45
1758569379883 0.0 46
1758569379948 0.0 47
1758569380023 0.0 48
1758569380091 0.0 49
1758569380170 0.0 50
1758569380236 0.0 51
1758569380303 0.0 52
1758569380371 0.0 53
1758569380439 0.0 54
1758569380524 0.0 55
1758569380596 0.0 56
1758569380667 0.0 57
1758569380742 0.0 58
1758569380813 0.0 59
1758569380884 0.0 60
1758569380970 0.0 61
1758569381061 0.0 62
1758569381135 0.0 63
1758569381212 0.0 64
1758569381287 0.0 65
1758569381361 0.0 66
1758569381438 0.0 67
1758569381515 0.0 68
1758569381593 0.0 69
1758569381674 0.0 70
1758569381751 0.0 71
1758569381828 0.0 72
1758569381907 0.0 73
1758569381986 0.0 74
1758569382073 0.0 75
1758569382159 0.0 76
1758569382249 0.0 77
1758569382329 0.0 78
1758569382416 0.0 79
1758569382498 0.0 80
1758569382585 0.0 81
1758569382669 0.0 82
1758569382765 0.0 83
1758569382849 0.0 84
1758569382934 0.0 85
1758569383024 0.0 86
1758569383120 0.0 87
1758569383212 0.0 88
1758569383301 0.0 89
1758569383400 0.0 90
1758569383496 0.0 91
1758569383599 0.0 92
1758569383701 0.0 93
1758569383798 0.0 94
1758569383897 0.0 95
1758569383988 0.0 96
1758569384092 0.0 97
1758569384194 0.0 98
1758569384289 0.0 99
1758569384390 0.0 100
1758569384489 0.0 101
1758569384580 0.0 102
1758569384682 0.0 103
1758569384782 0.0 104
1758569384884 0.0 105
1758569384983 0.0 106
1758569385094 0.0 107
1758569385198 0.0 108
1758569385302 0.0 109
1758569385406 0.0 110
1758569385508 0.0 111
1758569385627 0.0 112
1758569385729 0.0 113
1758569385829 0.0 114
1758569385937 0.0 115
1758569386049 0.0 116
1758569386173 0.0 117
1758569386281 0.0 118
1758569386396 0.0 119
1758569386506 0.0 120
1758569386624 0.0 121
1758569386739 0.0 122
1758569386847 0.0 123
1758569386959 0.0 124
1758569387070 0.0 125
1758569387188 0.0 126
1758569387310 0.0 127
1758569387419 0.0 128
1758569387533 0.0 129
1758569387653 0.0 130
1758569387790 0.0 131
1758569387915 0.0 132
1758569388060 0.0 133
1758569388199 0.0 134
1758569388334 0.0 135
1758569388480 0.0 136
1758569388650 0.0 137
1758569388788 0.0 138
1758569388902 0.0 139
1758569389052 0.0 140
1758569389197 0.0 141
1758569389328 0.0 142
1758569389451 0.0 143
1758569389572 0.0 144
1758569389696 0.0 145
1758569389820 0.0 146
1758569389942 0.0 147
1758569390069 0.0 148
1758569390205 0.0 149
1758569390373 0.0 150
1758569390511 0.0 151
1758569390648 0.0 152
1758569390813 0.0 153
1758569390967 0.0 154
1758569391103 0.0 155
1758569391239 0.0 156
1758569391376 0.0 157
1758569391508 0.0 158
1758569391653 0.0 159
1758569391780 0.0 160
1758569391930 0.0 161
1758569392077 0.0 162
1758569392211 0.0 163
1758569392345 0.0 164
1758569392471 0.0 165
1758569392612 0.0 166
1758569392756 0.0 167
1758569392910 0.0 168
1758569393057 0.0 169
1758569393199 0.0 170
1758569393347 0.0 171
1758569393496 0.0 172
1758569393635 0.0 173
1758569393775 0.0 174
1758569393927 0.0 175
1758569394062 0.0 176
1758569394195 0.0 177
1758569394337 0.0 178
1758569394498 0.0 179
1758569394646 0.0 180
1758569394781 0.0 181
1758569394919 0.0 182
1758569395086 0.0 183
1758569395243 0.0 184
1758569395415 0.0 185
1758569395572 0.0 186
1758569395716 0.0 187
1758569395855 0.0 188
1758569396017 0.0 189
1758569396196 0.0 190
1758569396425 0.0 191
1758569396625 0.0 192
1758569396780 0.0 193
1758569396957 0.0 194
1758569397115 0.0 195
1758569397274 0.0 196
1758569397420 0.0 197
1758569397579 0.0 198
1758569397732 0.0 199
1758569397887 0.0 200
1758569398049 0.0 201
1758569398199 0.0 202
1758569398353 0.0 203
1758569398509 0.0 204
1758569398672 0.0 205
1758569398845 0.0 206
1758569399038 0.0 207
1758569399207 0.0 208
1758569399374 0.0 209
1758569399543 0.0 210
1758569399694 0.0 211
1758569399846 0.0 212
1758569400010 0.0 213
1758569400177 0.0 214
1758569400352 0.0 215
1758569400521 0.0 216
1758569400697 0.0 217
1758569400857 0.0 218
1758569401026 0.0 219
1758569401227 0.0 220
1758569401421 0.0 221
1758569401589 0.0 222
1758569401775 0.0 223
1758569401962 0.0 224
1758569402141 0.0 225
1758569402291 0.0 226
1758569402461 0.0 227
1758569402642 0.0 228
1758569402811 0.0 229
1758569402983 0.0 230
1758569403159 0.0 231
1758569403348 0.0 232
1758569403517 0.0 233
1758569403696 0.0 234
1758569403876 0.0 235
1758569404055 0.0 236
1758569404224 0.0 237
1758569404389 0.0 238
1758569404555 0.0 239
1758569404725 0.0 240
1758569404892 0.0 241
1758569405059 0.0 242
1758569405268 0.0 243
1758569405443 0.0 244
1758569405615 0.0 245
1758569405785 0.0 246
1758569405958 0.0 247
1758569406150 0.0 248
1758569406325 0.0 249
1758569406515 0.0 250
1758569406696 0.0 251
1758569406872 0.0 252
1758569407047 0.0 253
1758569407255 0.0 254
1758569407453 0.0 255
1758569407655 0.0 256
1758569407846 0.0 257
1758569408042 0.0 258
1758569408223 0.0 259
1758569408413 0.0 260
1758569408590 0.0 261
1758569408774 0.0 262
1758569408960 0.0 263
1758569409138 0.0 264
1758569409338 0.0 265
1758569409529 0.0 266
1758569409742 0.0 267
1758569409935 0.0 268
1758569410118 0.0 269
1758569410301 0.0 270
1758569410517 0.0 271
1758569410698 0.0 272
1758569410893 0.0 273
1758569411082 0.0 274
1758569411260 0.0 275
1758569411450 0.0 276
1758569411644 0.0 277
1758569411853 0.0 278
1758569412073 0.0 279
1758569412270 0.0 280
1758569412468 0.0 281
1758569412654 0.0 282
1758569412862 0.0 283
1758569413070 0.0 284
1758569413257 0.0 285
1758569413459 0.0 286
1758569413662 0.0 287
1758569413866 0.0 288
1758569414074 0.0 289
1758569414458 0.0 290
1758569414693 0.0 291
1758569414924 0.0 292
1758569415164 0.0 293
1758569415391 0.0 294
1758569415607 0.0 295
1758569415804 0.0 296
1758569416008 0.0 297
1758569416214 0.0 298
1758569416409 0.0 299
