1758569378277 418.3333435058594 21
1758569378330 418.3333435058594 22
1758569378388 418.3333435058594 23
1758569378451 418.3333435058594 24
1758569378519 418.3333435058594 25
1758569378576 418.3333435058594 26
1758569378645 418.3333435058594 27
1758569378715 418.3333435058594 28
1758569378769 418.3333435058594 29
1758569378827 418.3333435058594 30
1758569378885 418.3333435058594 31
1758569378957 418.3333435058594 32
1758569379021 418.3333435058594 33
1758569379082 418.3333435058594 34
1758569379142 418.3333435058594 35
1758569379204 418.3333435058594 36
1758569379268 418.3333435058594 37
1758569379329 418.3333435058594 38
1758569379401 417.75 39
1758569379464 417.75 40
1758569379545 417.75 41
1758569379612 417.75 42
1758569379680 417.75 43
1758569379742 417.75 44
1758569379805 417.75 45
1758569379874 417.75 46
1758569379939 417.75 47
1758569380013 417.75 48
1758569380082 417.75 49
1758569380161 417.75 50
1758569380227 417.75 51
1758569380293 417.75 52
1758569380361 417.75 53
1758569380429 417.75 54
1758569380511 417.75 55
1758569380586 417.75 56
1758569380658 417.75 57
1758569380732 431.44444783528644 58
1758569380802 431.44444783528644 59
1758569380874 431.44444783528644 60
1758569380959 431.44444783528644 61
1758569381050 431.44444783528644 62
1758569381125 431.44444783528644 63
1758569381201 431.44444783528644 64
1758569381277 431.44444783528644 65
1758569381350 431.44444783528644 66
1758569381427 431.44444783528644 67
1758569381503 431.44444783528644 68
1758569381581 431.44444783528644 69
1758569381663 431.44444783528644 70
1758569381739 431.44444783528644 71
1758569381816 431.44444783528644 72
1758569381895 431.44444783528644 73
1758569381974 431.44444783528644 74
1758569382061 431.44444783528644 75
1758569382147 431.44444783528644 76
1758569382237 431.44444783528644 77
1758569382316 431.44444783528644 78
1758569382404 407.2916717529297 79
1758569382485 407.2916717529297 80
1758569382571 407.2916717529297 81
1758569382657 407.2916717529297 82
1758569382740 407.2916717529297 83
1758569382836 407.2916717529297 84
1758569382921 407.2916717529297 85
1758569383010 407.2916717529297 86
1758569383107 407.2916717529297 87
1758569383199 407.2916717529297 88
1758569383288 407.2916717529297 89
1758569383386 407.2916717529297 90
1758569383481 407.2916717529297 91
1758569383578 407.2916717529297 92
1758569383688 407.2916717529297 93
1758569383784 407.2916717529297 94
1758569383882 407.2916717529297 95
1758569383974 407.2916717529297 96
1758569384077 407.2916717529297 97
1758569384180 401.06666870117186 98
1758569384273 401.06666870117186 99
1758569384375 401.06666870117186 100
1758569384474 401.06666870117186 101
1758569384566 401.06666870117186 102
1758569384668 401.06666870117186 103
1758569384766 401.06666870117186 104
1758569384869 401.06666870117186 105
1758569384967 401.06666870117186 106
1758569385077 401.06666870117186 107
1758569385184 401.06666870117186 108
1758569385286 401.06666870117186 109
1758569385390 401.06666870117186 110
1758569385493 401.06666870117186 111
1758569385611 401.06666870117186 112
1758569385713 401.06666870117186 113
1758569385814 401.06666870117186 114
1758569385921 403.72222391764325 115
1758569386032 403.72222391764325 116
1758569386157 403.72222391764325 117
1758569386265 403.72222391764325 118
1758569386377 403.72222391764325 119
1758569386489 403.72222391764325 120
1758569386606 403.72222391764325 121
1758569386722 403.72222391764325 122
1758569386831 403.72222391764325 123
1758569386942 403.72222391764325 124
1758569387052 403.72222391764325 125
1758569387169 403.72222391764325 126
1758569387293 403.72222391764325 127
1758569387401 403.72222391764325 128
1758569387516 403.72222391764325 129
1758569387634 403.72222391764325 130
1758569387772 403.72222391764325 131
1758569387892 403.72222391764325 132
1758569388040 403.72222391764325 133
1758569388179 403.72222391764325 134
1758569388314 403.72222391764325 135
1758569388457 403.72222391764325 136
1758569388620 403.72222391764325 137
1758569388768 403.72222391764325 138
1758569388884 403.72222391764325 139
1758569389029 403.72222391764325 140
1758569389177 399.952383858817 141
1758569389302 399.952383858817 142
1758569389431 399.952383858817 143
1758569389553 399.952383858817 144
1758569389676 399.952383858817 145
1758569389800 399.952383858817 146
1758569389921 399.952383858817 147
1758569390049 399.952383858817 148
1758569390179 399.952383858817 149
1758569390354 399.952383858817 150
1758569390489 399.952383858817 151
1758569390623 399.952383858817 152
1758569390786 399.952383858817 153
1758569390944 399.952383858817 154
1758569391083 399.952383858817 155
1758569391216 399.952383858817 156
1758569391356 407.27083587646484 157
1758569391489 407.27083587646484 158
1758569391632 407.27083587646484 159
1758569391759 407.27083587646484 160
1758569391908 407.27083587646484 161
1758569392055 407.27083587646484 162
1758569392189 407.27083587646484 163
1758569392323 407.27083587646484 164
1758569392450 407.27083587646484 165
1758569392590 407.27083587646484 166
1758569392728 407.27083587646484 167
1758569392886 407.27083587646484 168
1758569393036 407.27083587646484 169
1758569393174 407.27083587646484 170
1758569393323 407.27083587646484 171
1758569393474 407.27083587646484 172
1758569393614 407.27083587646484 173
1758569393752 407.27083587646484 174
1758569393906 403.7777811686198 175
1758569394040 403.7777811686198 176
1758569394173 403.7777811686198 177
1758569394307 403.7777811686198 178
1758569394475 403.7777811686198 179
1758569394624 403.7777811686198 180
1758569394758 403.7777811686198 181
1758569394896 403.7777811686198 182
1758569395053 403.7777811686198 183
1758569395220 403.7777811686198 184
1758569395389 403.7777811686198 185
1758569395547 403.7777811686198 186
1758569395693 403.7777811686198 187
1758569395832 403.7777811686198 188
1758569395988 403.7777811686198 189
1758569396169 403.7777811686198 190
1758569396380 403.7777811686198 191
1758569396591 403.7777811686198 192
1758569396753 403.7777811686198 193
1758569396933 403.7777811686198 194
1758569397090 403.7777811686198 195
1758569397249 401.0833374023438 196
1758569397395 401.0833374023438 197
1758569397556 401.0833374023438 198
1758569397708 401.0833374023438 199
1758569397863 401.0833374023438 200
1758569398024 401.0833374023438 201
1758569398174 401.0833374023438 202
1758569398329 401.0833374023438 203
1758569398484 401.0833374023438 204
1758569398647 401.0833374023438 205
1758569398818 401.0833374023438 206
1758569399011 401.0833374023438 207
1758569399180 401.0833374023438 208
1758569399348 401.0833374023438 209
1758569399515 401.0833374023438 210
1758569399666 401.0833374023438 211
1758569399821 401.0833374023438 212
1758569399982 401.0833374023438 213
1758569400152 401.0833374023438 214
1758569400326 398.8030340021307 215
1758569400489 398.8030340021307 216
1758569400670 398.8030340021307 217
1758569400832 398.8030340021307 218
1758569400997 398.8030340021307 219
1758569401201 398.8030340021307 220
1758569401393 398.8030340021307 221
1758569401562 398.8030340021307 222
1758569401749 398.8030340021307 223
1758569401921 398.8030340021307 224
1758569402113 398.8030340021307 225
1758569402264 398.8030340021307 226
1758569402433 398.8030340021307 227
1758569402617 398.8030340021307 228
1758569402783 398.8030340021307 229
1758569402956 398.8030340021307 230
1758569403132 398.8030340021307 231
1758569403321 398.8030340021307 232
1758569403490 398.8030340021307 233
1758569403669 398.8030340021307 234
1758569403848 400.3611145019531 235
1758569404027 400.3611145019531 236
1758569404196 400.3611145019531 237
1758569404361 400.3611145019531 238
1758569404527 400.3611145019531 239
1758569404697 400.3611145019531 240
1758569404863 400.3611145019531 241
1758569405028 400.3611145019531 242
1758569405239 400.3611145019531 243
1758569405415 400.3611145019531 244
1758569405587 400.3611145019531 245
1758569405756 400.3611145019531 246
1758569405929 400.3611145019531 247
1758569406119 400.3611145019531 248
1758569406296 400.3611145019531 249
1758569406484 400.3611145019531 250
1758569406666 400.3611145019531 251
1758569406842 400.3611145019531 252
1758569407016 400.3611145019531 253
1758569407226 404.8589782714844 254
1758569407423 404.8589782714844 255
1758569407625 404.8589782714844 256
1758569407816 404.8589782714844 257
1758569408011 404.8589782714844 258
1758569408188 404.8589782714844 259
1758569408383 404.8589782714844 260
1758569408559 404.8589782714844 261
1758569408742 404.8589782714844 262
1758569408927 404.8589782714844 263
1758569409109 404.8589782714844 264
1758569409305 404.8589782714844 265
1758569409499 404.8589782714844 266
1758569409696 404.8589782714844 267
1758569409904 404.8589782714844 268
1758569410087 404.8589782714844 269
1758569410269 404.8589782714844 270
1758569410485 404.8589782714844 271
1758569410667 404.8589782714844 272
1758569410860 405.7619083949498 273
1758569411051 405.7619083949498 274
1758569411228 405.7619083949498 275
1758569411417 405.7619083949498 276
1758569411611 405.7619083949498 277
1758569411797 405.7619083949498 278
1758569412041 405.7619083949498 279
1758569412236 405.7619083949498 280
1758569412436 405.7619083949498 281
1758569412622 405.7619083949498 282
1758569412809 405.7619083949498 283
1758569413035 405.7619083949498 284
1758569413224 405.7619083949498 285
1758569413425 405.7619083949498 286
1758569413626 405.7619083949498 287
1758569413831 405.7619083949498 288
1758569414039 405.7619083949498 289
1758569414420 405.7619083949498 290
1758569414655 405.7619083949498 291
1758569414887 405.7619083949498 292
1758569415127 409.3111145019531 293
1758569415338 409.3111145019531 294
1758569415570 409.3111145019531 295
1758569415769 409.3111145019531 296
1758569415971 409.3111145019531 297
1758569416179 409.3111145019531 298
1758569416374 409.3111145019531 299
1758569416603 409.3111145019531 300
