1758569378281 500.0 21
1758569378335 500.0 22
1758569378392 500.0 23
1758569378456 500.0 24
1758569378524 500.0 25
1758569378581 500.0 26
1758569378650 500.0 27
1758569378720 500.0 28
1758569378774 500.0 29
1758569378832 500.0 30
1758569378890 500.0 31
1758569378962 500.0 32
1758569379026 500.0 33
1758569379088 500.0 34
1758569379148 500.0 35
1758569379210 500.0 36
1758569379274 500.0 37
1758569379335 500.0 38
1758569379407 500.0 39
1758569379470 500.0 40
1758569379552 500.0 41
1758569379618 500.0 42
1758569379686 500.0 43
1758569379748 500.0 44
1758569379812 500.0 45
1758569379880 500.0 46
1758569379945 500.0 47
1758569380020 500.0 48
1758569380088 500.0 49
1758569380167 500.0 50
1758569380233 500.0 51
1758569380299 500.0 52
1758569380368 500.0 53
1758569380436 500.0 54
1758569380521 500.0 55
1758569380593 500.0 56
1758569380664 500.0 57
1758569380739 500.0 58
1758569380809 500.0 59
1758569380881 500.0 60
1758569380967 500.0 61
1758569381057 500.0 62
1758569381132 500.0 63
1758569381208 500.0 64
1758569381284 500.0 65
1758569381358 500.0 66
1758569381435 500.0 67
1758569381511 500.0 68
1758569381589 500.0 69
1758569381671 500.0 70
1758569381747 500.0 71
1758569381824 500.0 72
1758569381903 500.0 73
1758569381983 500.0 74
1758569382069 500.0 75
1758569382156 500.0 76
1758569382245 500.0 77
1758569382325 500.0 78
1758569382412 500.0 79
1758569382493 500.0 80
1758569382581 500.0 81
1758569382665 500.0 82
1758569382761 500.0 83
1758569382845 500.0 84
1758569382930 500.0 85
1758569383019 500.0 86
1758569383116 500.0 87
1758569383207 500.0 88
1758569383296 500.0 89
1758569383395 500.0 90
1758569383491 500.0 91
1758569383592 500.0 92
1758569383697 500.0 93
1758569383793 500.0 94
1758569383892 500.0 95
1758569383984 500.0 96
1758569384087 500.0 97
1758569384189 500.0 98
1758569384283 500.0 99
1758569384385 500.0 100
1758569384484 500.0 101
1758569384575 500.0 102
1758569384677 500.0 103
1758569384776 500.0 104
1758569384879 500.0 105
1758569384977 500.0 106
1758569385088 500.0 107
1758569385194 500.0 108
1758569385297 500.0 109
1758569385400 500.0 110
1758569385503 500.0 111
1758569385622 500.0 112
1758569385724 500.0 113
1758569385824 500.0 114
1758569385932 500.0 115
1758569386044 500.0 116
1758569386168 500.0 117
1758569386276 500.0 118
1758569386389 500.0 119
1758569386500 500.0 120
1758569386619 500.0 121
1758569386733 500.0 122
1758569386842 500.0 123
1758569386954 500.0 124
1758569387064 500.0 125
1758569387181 500.0 126
1758569387304 500.0 127
1758569387413 500.0 128
1758569387528 500.0 129
1758569387647 500.0 130
1758569387784 500.0 131
1758569387908 500.0 132
1758569388053 500.0 133
1758569388192 500.0 134
1758569388327 500.0 135
1758569388470 500.0 136
1758569388642 500.0 137
1758569388782 500.0 138
1758569388896 500.0 139
1758569389043 500.0 140
1758569389190 500.0 141
1758569389322 500.0 142
1758569389444 500.0 143
1758569389565 500.0 144
1758569389689 500.0 145
1758569389814 500.0 146
1758569389935 500.0 147
1758569390063 500.0 148
1758569390198 500.0 149
1758569390367 500.0 150
1758569390504 500.0 151
1758569390639 500.0 152
1758569390803 500.0 153
1758569390959 500.0 154
1758569391096 500.0 155
1758569391230 500.0 156
1758569391370 500.0 157
1758569391502 500.0 158
1758569391646 500.0 159
1758569391772 500.0 160
1758569391923 500.0 161
1758569392069 500.0 162
1758569392203 500.0 163
1758569392337 500.0 164
1758569392464 500.0 165
1758569392605 500.0 166
1758569392748 500.0 167
1758569392902 500.0 168
1758569393050 500.0 169
1758569393192 500.0 170
1758569393338 500.0 171
1758569393488 500.0 172
1758569393628 500.0 173
1758569393768 500.0 174
1758569393920 500.0 175
1758569394055 500.0 176
1758569394188 500.0 177
1758569394330 500.0 178
1758569394490 500.0 179
1758569394638 500.0 180
1758569394773 500.0 181
1758569394911 500.0 182
1758569395078 500.0 183
1758569395235 500.0 184
1758569395407 500.0 185
1758569395564 500.0 186
1758569395708 500.0 187
1758569395847 500.0 188
1758569396008 500.0 189
1758569396188 500.0 190
1758569396413 500.0 191
1758569396616 500.0 192
1758569396771 500.0 193
1758569396949 500.0 194
1758569397106 500.0 195
1758569397266 500.0 196
1758569397412 500.0 197
1758569397572 500.0 198
1758569397724 500.0 199
1758569397879 500.0 200
1758569398041 500.0 201
1758569398191 500.0 202
1758569398345 500.0 203
1758569398500 500.0 204
1758569398664 500.0 205
1758569398836 500.0 206
1758569399029 500.0 207
1758569399198 500.0 208
1758569399365 500.0 209
1758569399533 500.0 210
1758569399685 500.0 211
1758569399837 500.0 212
1758569400000 500.0 213
1758569400169 500.0 214
1758569400343 500.0 215
1758569400512 500.0 216
1758569400688 500.0 217
1758569400849 500.0 218
1758569401018 500.0 219
1758569401219 500.0 220
1758569401411 500.0 221
1758569401579 500.0 222
1758569401767 500.0 223
1758569401945 500.0 224
1758569402132 500.0 225
1758569402282 500.0 226
1758569402452 500.0 227
1758569402634 500.0 228
1758569402802 500.0 229
1758569402973 500.0 230
1758569403150 500.0 231
1758569403339 500.0 232
1758569403508 500.0 233
1758569403688 500.0 234
1758569403867 500.0 235
1758569404045 500.0 236
1758569404215 500.0 237
1758569404379 500.0 238
1758569404546 500.0 239
1758569404716 500.0 240
1758569404883 500.0 241
1758569405049 500.0 242
1758569405258 500.0 243
1758569405434 500.0 244
1758569405605 500.0 245
1758569405776 500.0 246
1758569405948 500.0 247
1758569406139 500.0 248
1758569406316 500.0 249
1758569406505 500.0 250
1758569406686 500.0 251
1758569406861 500.0 252
1758569407036 500.0 253
1758569407245 500.0 254
1758569407442 500.0 255
1758569407645 500.0 256
1758569407836 500.0 257
1758569408031 500.0 258
1758569408210 500.0 259
1758569408402 500.0 260
1758569408580 500.0 261
1758569408763 500.0 262
1758569408949 500.0 263
1758569409128 500.0 264
1758569409328 500.0 265
1758569409520 500.0 266
1758569409722 500.0 267
1758569409925 500.0 268
1758569410108 500.0 269
1758569410290 500.0 270
1758569410507 500.0 271
1758569410688 500.0 272
1758569410882 500.0 273
1758569411071 500.0 274
1758569411249 500.0 275
1758569411438 500.0 276
1758569411633 500.0 277
1758569411833 500.0 278
1758569412063 500.0 279
1758569412258 500.0 280
1758569412458 500.0 281
1758569412643 500.0 282
1758569412844 500.0 283
1758569413058 500.0 284
1758569413245 500.0 285
1758569413448 500.0 286
1758569413651 500.0 287
1758569413855 500.0 288
1758569414063 500.0 289
1758569414446 500.0 290
1758569414679 500.0 291
1758569414911 500.0 292
1758569415152 500.0 293
1758569415378 500.0 294
1758569415595 500.0 295
1758569415792 500.0 296
1758569415996 500.0 297
1758569416202 500.0 298
1758569416397 500.0 299
