1758569378293 0.0 21
1758569378348 0.0 22
1758569378408 0.0 23
1758569378470 0.0 24
1758569378538 0.0 25
1758569378595 0.0 26
1758569378665 0.0 27
1758569378734 0.0 28
1758569378788 0.0 29
1758569378847 0.0 30
1758569378911 0.0 31
1758569378977 0.0 32
1758569379042 0.0 33
1758569379104 0.0 34
1758569379164 0.0 35
1758569379226 0.0 36
1758569379291 0.0 37
1758569379353 0.0 38
1758569379426 0.0 39
1758569379487 0.0 40
1758569379572 0.0 41
1758569379636 0.0 42
1758569379703 0.0 43
1758569379765 0.0 44
1758569379830 0.0 45
1758569379898 0.0 46
1758569379963 0.0 47
1758569380038 0.0 48
1758569380107 0.0 49
1758569380186 0.0 50
1758569380252 0.0 51
1758569380318 0.0 52
1758569380387 0.0 53
1758569380458 0.0 54
1758569380540 0.0 55
1758569380613 0.0 56
1758569380685 0.0 57
1758569380759 0.0 58
1758569380830 0.0 59
1758569380902 0.0 60
1758569380995 0.0 61
1758569381078 0.0 62
1758569381153 0.0 63
1758569381230 0.0 64
1758569381305 0.0 65
1758569381382 0.0 66
1758569381457 0.0 67
1758569381533 0.0 68
1758569381613 0.0 69
1758569381693 0.0 70
1758569381770 0.0 71
1758569381848 0.0 72
1758569381926 0.0 73
1758569382006 0.0 74
1758569382100 0.0 75
1758569382180 0.0 76
1758569382268 0.0 77
1758569382350 0.0 78
1758569382437 0.0 79
1758569382518 0.0 80
1758569382608 0.0 81
1758569382690 0.0 82
1758569382787 0.0 83
1758569382871 0.0 84
1758569382956 0.0 85
1758569383046 0.0 86
1758569383142 0.0 87
1758569383235 0.0 88
1758569383324 0.0 89
1758569383424 0.0 90
1758569383519 0.0 91
1758569383623 0.0 92
1758569383725 0.0 93
1758569383822 0.0 94
1758569383920 0.0 95
1758569384013 0.0 96
1758569384116 0.0 97
1758569384217 0.0 98
1758569384316 0.0 99
1758569384414 0.0 100
1758569384512 0.0 101
1758569384605 0.0 102
1758569384707 0.0 103
1758569384806 0.0 104
1758569384910 0.0 105
1758569385008 0.0 106
1758569385122 0.0 107
1758569385223 0.0 108
1758569385329 0.0 109
1758569385431 0.0 110
1758569385535 0.0 111
1758569385654 0.0 112
1758569385754 0.0 113
1758569385855 0.0 114
1758569385966 0.0 115
1758569386088 0.0 116
1758569386200 0.0 117
1758569386309 0.0 118
1758569386426 0.0 119
1758569386533 0.0 120
1758569386654 0.0 121
1758569386766 0.0 122
1758569386875 0.0 123
1758569386988 0.0 124
1758569387098 0.0 125
1758569387218 0.0 126
1758569387340 0.0 127
1758569387449 0.0 128
1758569387562 0.0 129
1758569387693 0.0 130
1758569387819 0.0 131
1758569387947 0.0 132
1758569388095 0.0 133
1758569388238 0.0 134
1758569388368 0.0 135
1758569388513 0.0 136
1758569388686 0.0 137
1758569388817 0.0 138
1758569388935 0.0 139
1758569389088 0.0 140
1758569389228 0.0 141
1758569389358 0.0 142
1758569389484 0.0 143
1758569389603 0.0 144
1758569389729 0.0 145
1758569389852 0.0 146
1758569389975 0.0 147
1758569390104 0.0 148
1758569390254 0.0 149
1758569390406 0.0 150
1758569390551 0.0 151
1758569390691 0.0 152
1758569390849 0.0 153
1758569391005 0.0 154
1758569391142 0.0 155
1758569391273 0.0 156
1758569391411 0.0 157
1758569391543 0.0 158
1758569391686 0.0 159
1758569391830 0.0 160
1758569391970 0.0 161
1758569392111 0.0 162
1758569392247 0.0 163
1758569392380 0.0 164
1758569392507 0.0 165
1758569392650 0.0 166
1758569392793 0.0 167
1758569392948 0.0 168
1758569393095 0.0 169
1758569393237 0.0 170
1758569393387 0.0 171
1758569393531 0.0 172
1758569393674 0.0 173
1758569393814 0.0 174
1758569393962 0.0 175
1758569394097 0.0 176
1758569394232 0.0 177
1758569394375 0.0 178
1758569394536 0.0 179
1758569394683 0.0 180
1758569394818 0.0 181
1758569394959 0.0 182
1758569395124 0.0 183
1758569395283 0.0 184
1758569395456 0.0 185
1758569395610 0.0 186
1758569395754 0.0 187
1758569395896 0.0 188
1758569396060 0.0 189
1758569396251 0.0 190
1758569396482 0.0 191
1758569396666 0.0 192
1758569396825 0.0 193
1758569396998 0.0 194
1758569397159 0.0 195
1758569397315 0.0 196
1758569397460 0.0 197
1758569397619 0.0 198
1758569397770 0.0 199
1758569397931 0.0 200
1758569398089 0.0 201
1758569398240 0.0 202
1758569398395 0.0 203
1758569398554 0.0 204
1758569398719 0.0 205
1758569398891 0.0 206
1758569399089 0.0 207
1758569399250 0.0 208
1758569399420 0.0 209
1758569399588 0.0 210
1758569399734 0.0 211
1758569399889 0.0 212
1758569400057 0.0 213
1758569400222 0.0 214
1758569400398 0.0 215
1758569400580 0.0 216
1758569400740 0.0 217
1758569400901 0.0 218
1758569401077 0.0 219
1758569401273 0.0 220
1758569401467 0.0 221
1758569401640 0.0 222
1758569401820 0.0 223
1758569402011 0.0 224
1758569402183 0.0 225
1758569402334 0.0 226
1758569402506 0.0 227
1758569402688 0.0 228
1758569402856 0.0 229
1758569403028 0.0 230
1758569403203 0.0 231
1758569403394 0.0 232
1758569403577 0.0 233
1758569403743 0.0 234
1758569403932 0.0 235
1758569404102 0.0 236
1758569404269 0.0 237
1758569404434 0.0 238
1758569404601 0.0 239
1758569404774 0.0 240
1758569404940 0.0 241
1758569405114 0.0 242
1758569405319 0.0 243
1758569405490 0.0 244
1758569405661 0.0 245
1758569405832 0.0 246
1758569406009 0.0 247
1758569406201 0.0 248
1758569406377 0.0 249
1758569406565 0.0 250
1758569406749 0.0 251
1758569406923 0.0 252
1758569407099 0.0 253
1758569407306 0.0 254
1758569407504 0.0 255
1758569407706 0.0 256
1758569407903 0.0 257
1758569408092 0.0 258
1758569408279 0.0 259
1758569408464 0.0 260
1758569408639 0.0 261
1758569408825 0.0 262
1758569409013 0.0 263
1758569409189 0.0 264
1758569409403 0.0 265
1758569409589 0.0 266
1758569409799 0.0 267
1758569409989 0.0 268
1758569410169 0.0 269
1758569410372 0.0 270
1758569410570 0.0 271
1758569410753 0.0 272
1758569410944 0.0 273
1758569411134 0.0 274
1758569411313 0.0 275
1758569411505 0.0 276
1758569411695 0.0 277
1758569411933 0.0 278
1758569412126 0.0 279
1758569412328 0.0 280
1758569412523 0.0 281
1758569412707 0.0 282
1758569412930 0.0 283
1758569413123 0.0 284
1758569413322 0.0 285
1758569413520 0.0 286
1758569413721 0.0 287
1758569413926 0.0 288
1758569414133 0.0 289
1758569414537 0.0 290
1758569414753 0.0 291
1758569415006 0.0 292
1758569415221 0.0 293
1758569415456 0.0 294
1758569415666 0.0 295
1758569415865 0.0 296
1758569416071 0.0 297
1758569416271 0.0 298
1758569416470 0.0 299
