1758569378287 0.0 21
1758569378341 0.0 22
1758569378399 0.0 23
1758569378463 0.0 24
1758569378530 0.0 25
1758569378588 0.0 26
1758569378657 0.0 27
1758569378727 0.0 28
1758569378781 0.0 29
1758569378839 0.0 30
1758569378899 0.0 31
1758569378969 0.0 32
1758569379034 0.0 33
1758569379096 0.0 34
1758569379156 0.0 35
1758569379218 0.0 36
1758569379282 0.0 37
1758569379343 0.0 38
1758569379416 0.0 39
1758569379478 0.0 40
1758569379562 0.0 41
1758569379627 0.0 42
1758569379695 0.0 43
1758569379757 0.0 44
1758569379821 0.0 45
1758569379889 0.0 46
1758569379954 0.0 47
1758569380029 0.0 48
1758569380098 0.0 49
1758569380177 0.0 50
1758569380242 0.0 51
1758569380309 0.0 52
1758569380377 0.0 53
1758569380445 0.0 54
1758569380531 0.0 55
1758569380603 0.0 56
1758569380674 0.0 57
1758569380749 0.0 58
1758569380820 0.0 59
1758569380891 0.0 60
1758569380977 0.0 61
1758569381068 0.0 62
1758569381142 0.0 63
1758569381219 0.0 64
1758569381294 0.0 65
1758569381369 0.0 66
1758569381446 0.0 67
1758569381522 0.0 68
1758569381601 0.0 69
1758569381682 0.0 70
1758569381759 0.0 71
1758569381836 0.0 72
1758569381915 0.0 73
1758569381994 0.0 74
1758569382087 0.0 75
1758569382167 0.0 76
1758569382256 0.0 77
1758569382337 0.0 78
1758569382424 0.0 79
1758569382506 0.0 80
1758569382594 0.0 81
1758569382677 0.0 82
1758569382774 0.0 83
1758569382858 0.0 84
1758569382943 0.0 85
1758569383033 0.0 86
1758569383129 0.0 87
1758569383221 0.0 88
1758569383310 0.0 89
1758569383410 0.0 90
1758569383505 0.0 91
1758569383609 0.0 92
1758569383711 0.0 93
1758569383807 0.0 94
1758569383906 0.0 95
1758569383997 0.0 96
1758569384102 0.0 97
1758569384203 0.0 98
1758569384299 0.0 99
1758569384400 0.0 100
1758569384498 0.0 101
1758569384590 0.0 102
1758569384692 0.0 103
1758569384791 0.0 104
1758569384895 0.0 105
1758569384992 0.0 106
1758569385105 0.0 107
1758569385208 0.0 108
1758569385313 0.0 109
1758569385416 0.0 110
1758569385519 0.0 111
1758569385638 0.0 112
1758569385739 0.0 113
1758569385840 0.0 114
1758569385949 0.0 115
1758569386061 0.0 116
1758569386185 0.0 117
1758569386292 0.0 118
1758569386409 0.0 119
1758569386517 0.0 120
1758569386636 0.0 121
1758569386750 0.0 122
1758569386859 0.0 123
1758569386971 0.0 124
1758569387081 0.0 125
1758569387200 0.0 126
1758569387322 0.0 127
1758569387431 0.0 128
1758569387545 0.0 129
1758569387672 0.0 130
1758569387801 0.0 131
1758569387927 0.0 132
1758569388074 0.0 133
1758569388217 0.0 134
1758569388348 0.0 135
1758569388493 0.0 136
1758569388664 0.0 137
1758569388799 0.0 138
1758569388915 0.0 139
1758569389066 0.0 140
1758569389209 0.0 141
1758569389340 0.0 142
1758569389465 0.0 143
1758569389585 0.0 144
1758569389709 0.0 145
1758569389832 0.0 146
1758569389955 0.0 147
1758569390083 0.0 148
1758569390222 0.0 149
1758569390387 0.0 150
1758569390530 0.0 151
1758569390665 0.0 152
1758569390827 0.0 153
1758569390982 0.0 154
1758569391117 0.0 155
1758569391253 0.0 156
1758569391390 0.0 157
1758569391522 0.0 158
1758569391666 0.0 159
1758569391798 0.0 160
1758569391948 0.0 161
1758569392090 0.0 162
1758569392225 0.0 163
1758569392358 0.0 164
1758569392487 0.0 165
1758569392626 0.0 166
1758569392770 0.0 167
1758569392925 0.0 168
1758569393072 0.0 169
1758569393214 0.0 170
1758569393363 0.0 171
1758569393510 0.0 172
1758569393650 0.0 173
1758569393791 0.0 174
1758569393941 0.0 175
1758569394076 0.0 176
1758569394210 0.0 177
1758569394352 0.0 178
1758569394513 0.0 179
1758569394661 0.0 180
1758569394796 0.0 181
1758569394934 0.0 182
1758569395101 0.0 183
1758569395258 0.0 184
1758569395432 0.0 185
1758569395587 0.0 186
1758569395731 0.0 187
1758569395871 0.0 188
1758569396033 0.0 189
1758569396216 0.0 190
1758569396444 0.0 191
1758569396641 0.0 192
1758569396799 0.0 193
1758569396973 0.0 194
1758569397132 0.0 195
1758569397291 0.0 196
1758569397435 0.0 197
1758569397595 0.0 198
1758569397748 0.0 199
1758569397904 0.0 200
1758569398065 0.0 201
1758569398215 0.0 202
1758569398369 0.0 203
1758569398527 0.0 204
1758569398691 0.0 205
1758569398865 0.0 206
1758569399059 0.0 207
1758569399225 0.0 208
1758569399394 0.0 209
1758569399562 0.0 210
1758569399710 0.0 211
1758569399863 0.0 212
1758569400028 0.0 213
1758569400195 0.0 214
1758569400373 0.0 215
1758569400539 0.0 216
1758569400715 0.0 217
1758569400874 0.0 218
1758569401043 0.0 219
1758569401244 0.0 220
1758569401439 0.0 221
1758569401609 0.0 222
1758569401793 0.0 223
1758569401981 0.0 224
1758569402158 0.0 225
1758569402307 0.0 226
1758569402479 0.0 227
1758569402661 0.0 228
1758569402829 0.0 229
1758569403001 0.0 230
1758569403176 0.0 231
1758569403366 0.0 232
1758569403536 0.0 233
1758569403715 0.0 234
1758569403897 0.0 235
1758569404074 0.0 236
1758569404242 0.0 237
1758569404406 0.0 238
1758569404573 0.0 239
1758569404743 0.0 240
1758569404911 0.0 241
1758569405086 0.0 242
1758569405288 0.0 243
1758569405462 0.0 244
1758569405633 0.0 245
1758569405803 0.0 246
1758569405977 0.0 247
1758569406171 0.0 248
1758569406348 0.0 249
1758569406535 0.0 250
1758569406718 0.0 251
1758569406891 0.0 252
1758569407067 0.0 253
1758569407274 0.0 254
1758569407473 0.0 255
1758569407674 0.0 256
1758569407866 0.0 257
1758569408061 0.0 258
1758569408248 0.0 259
1758569408433 0.0 260
1758569408610 0.0 261
1758569408793 0.0 262
1758569408981 0.0 263
1758569409157 0.0 264
1758569409365 0.0 265
1758569409553 0.0 266
1758569409765 0.0 267
1758569409957 0.0 268
1758569410137 0.0 269
1758569410327 0.0 270
1758569410537 0.0 271
1758569410720 0.0 272
1758569410913 0.0 273
1758569411103 0.0 274
1758569411281 0.0 275
1758569411471 0.0 276
1758569411664 0.0 277
1758569411879 0.0 278
1758569412094 0.0 279
1758569412292 0.0 280
1758569412489 0.0 281
1758569412674 0.0 282
1758569412893 0.0 283
1758569413092 0.0 284
1758569413282 0.0 285
1758569413483 0.0 286
1758569413685 0.0 287
1758569413890 0.0 288
1758569414098 0.0 289
1758569414482 0.0 290
1758569414716 0.0 291
1758569414955 0.0 292
1758569415187 0.0 293
1758569415418 0.0 294
1758569415632 0.0 295
1758569415829 0.0 296
1758569416033 0.0 297
1758569416237 0.0 298
1758569416433 0.0 299
