1758569378289 0.0 21
1758569378344 0.0 22
1758569378403 0.0 23
1758569378465 0.0 24
1758569378533 0.0 25
1758569378590 0.0 26
1758569378660 0.0 27
1758569378729 0.0 28
1758569378784 0.0 29
1758569378842 0.0 30
1758569378904 0.0 31
1758569378972 0.0 32
1758569379037 0.0 33
1758569379098 0.0 34
1758569379159 0.0 35
1758569379221 0.0 36
1758569379285 0.0 37
1758569379347 0.0 38
1758569379419 0.0 39
1758569379481 0.0 40
1758569379565 0.0 41
1758569379630 0.0 42
1758569379697 0.0 43
1758569379759 0.0 44
1758569379824 0.0 45
1758569379892 0.0 46
1758569379957 0.0 47
1758569380032 0.0 48
1758569380101 0.0 49
1758569380180 0.0 50
1758569380245 0.0 51
1758569380312 0.0 52
1758569380381 0.0 53
1758569380449 0.0 54
1758569380534 0.0 55
1758569380606 0.0 56
1758569380677 0.0 57
1758569380752 0.0 58
1758569380823 0.0 59
1758569380895 0.0 60
1758569380982 0.0 61
1758569381071 0.0 62
1758569381146 0.0 63
1758569381222 0.0 64
1758569381298 0.0 65
1758569381373 0.0 66
1758569381450 0.0 67
1758569381526 0.0 68
1758569381605 0.0 69
1758569381685 0.0 70
1758569381763 0.0 71
1758569381839 0.0 72
1758569381918 0.0 73
1758569381998 0.0 74
1758569382092 0.0 75
1758569382172 0.0 76
1758569382260 0.0 77
1758569382341 0.0 78
1758569382428 0.0 79
1758569382510 0.0 80
1758569382598 0.0 81
1758569382682 0.0 82
1758569382779 0.0 83
1758569382862 0.0 84
1758569382947 0.0 85
1758569383037 0.0 86
1758569383133 0.0 87
1758569383225 0.0 88
1758569383314 0.0 89
1758569383414 0.0 90
1758569383509 0.0 91
1758569383614 0.0 92
1758569383716 0.0 93
1758569383811 0.0 94
1758569383911 0.0 95
1758569384003 0.0 96
1758569384106 0.0 97
1758569384207 0.0 98
1758569384304 0.0 99
1758569384405 0.0 100
1758569384503 0.0 101
1758569384595 0.0 102
1758569384697 0.0 103
1758569384796 0.0 104
1758569384900 0.0 105
1758569384997 0.0 106
1758569385111 0.0 107
1758569385213 0.0 108
1758569385318 0.0 109
1758569385421 0.0 110
1758569385524 0.0 111
1758569385644 0.0 112
1758569385744 0.0 113
1758569385845 0.0 114
1758569385954 0.0 115
1758569386077 0.0 116
1758569386190 0.0 117
1758569386298 0.0 118
1758569386415 0.0 119
1758569386522 0.0 120
1758569386642 0.0 121
1758569386755 0.0 122
1758569386864 0.0 123
1758569386976 0.0 124
1758569387087 0.0 125
1758569387206 0.0 126
1758569387328 0.0 127
1758569387437 0.0 128
1758569387551 0.0 129
1758569387679 0.0 130
1758569387807 0.0 131
1758569387934 0.0 132
1758569388081 0.0 133
1758569388224 0.0 134
1758569388355 0.0 135
1758569388500 0.0 136
1758569388672 0.0 137
1758569388805 0.0 138
1758569388921 0.0 139
1758569389073 0.0 140
1758569389215 0.0 141
1758569389346 0.0 142
1758569389471 0.0 143
1758569389591 0.0 144
1758569389716 0.0 145
1758569389839 0.0 146
1758569389962 0.0 147
1758569390090 0.0 148
1758569390231 0.0 149
1758569390393 0.0 150
1758569390537 0.0 151
1758569390674 0.0 152
1758569390834 0.0 153
1758569390990 0.0 154
1758569391124 0.0 155
1758569391259 0.0 156
1758569391397 0.0 157
1758569391529 0.0 158
1758569391672 0.0 159
1758569391811 0.0 160
1758569391955 0.0 161
1758569392097 0.0 162
1758569392232 0.0 163
1758569392365 0.0 164
1758569392494 0.0 165
1758569392634 0.0 166
1758569392777 0.0 167
1758569392933 0.0 168
1758569393080 0.0 169
1758569393222 0.0 170
1758569393370 0.0 171
1758569393518 0.0 172
1758569393658 0.0 173
1758569393799 0.0 174
1758569393948 0.0 175
1758569394082 0.0 176
1758569394217 0.0 177
1758569394360 0.0 178
1758569394521 0.0 179
1758569394668 0.0 180
1758569394804 0.0 181
1758569394943 0.0 182
1758569395108 0.0 183
1758569395267 0.0 184
1758569395440 0.0 185
1758569395594 0.0 186
1758569395738 0.0 187
1758569395879 0.0 188
1758569396041 0.0 189
1758569396229 0.0 190
1758569396458 0.0 191
1758569396650 0.0 192
1758569396808 0.0 193
1758569396981 0.0 194
1758569397142 0.0 195
1758569397299 0.0 196
1758569397443 0.0 197
1758569397603 0.0 198
1758569397755 0.0 199
1758569397913 0.0 200
1758569398073 0.0 201
1758569398223 0.0 202
1758569398377 0.0 203
1758569398537 0.0 204
1758569398699 0.0 205
1758569398873 0.0 206
1758569399071 0.0 207
1758569399232 0.0 208
1758569399402 0.0 209
1758569399571 0.0 210
1758569399719 0.0 211
1758569399872 0.0 212
1758569400038 0.0 213
1758569400203 0.0 214
1758569400381 0.0 215
1758569400561 0.0 216
1758569400723 0.0 217
1758569400883 0.0 218
1758569401052 0.0 219
1758569401254 0.0 220
1758569401448 0.0 221
1758569401620 0.0 222
1758569401802 0.0 223
1758569401990 0.0 224
1758569402166 0.0 225
1758569402316 0.0 226
1758569402488 0.0 227
1758569402670 0.0 228
1758569402837 0.0 229
1758569403011 0.0 230
1758569403185 0.0 231
1758569403375 0.0 232
1758569403545 0.0 233
1758569403724 0.0 234
1758569403908 0.0 235
1758569404083 0.0 236
1758569404251 0.0 237
1758569404415 0.0 238
1758569404583 0.0 239
1758569404753 0.0 240
1758569404921 0.0 241
1758569405095 0.0 242
1758569405298 0.0 243
1758569405471 0.0 244
1758569405643 0.0 245
1758569405812 0.0 246
1758569405986 0.0 247
1758569406181 0.0 248
1758569406358 0.0 249
1758569406545 0.0 250
1758569406728 0.0 251
1758569406901 0.0 252
1758569407078 0.0 253
1758569407286 0.0 254
1758569407484 0.0 255
1758569407684 0.0 256
1758569407876 0.0 257
1758569408072 0.0 258
1758569408258 0.0 259
1758569408444 0.0 260
1758569408620 0.0 261
1758569408803 0.0 262
1758569408992 0.0 263
1758569409168 0.0 264
1758569409380 0.0 265
1758569409563 0.0 266
1758569409777 0.0 267
1758569409967 0.0 268
1758569410147 0.0 269
1758569410340 0.0 270
1758569410548 0.0 271
1758569410730 0.0 272
1758569410924 0.0 273
1758569411113 0.0 274
1758569411291 0.0 275
1758569411482 0.0 276
1758569411674 0.0 277
1758569411899 0.0 278
1758569412105 0.0 279
1758569412304 0.0 280
1758569412501 0.0 281
1758569412686 0.0 282
1758569412903 0.0 283
1758569413102 0.0 284
1758569413296 0.0 285
1758569413495 0.0 286
1758569413697 0.0 287
1758569413901 0.0 288
1758569414110 0.0 289
1758569414496 0.0 290
1758569414727 0.0 291
1758569414976 0.0 292
1758569415198 0.0 293
1758569415432 0.0 294
1758569415643 0.0 295
1758569415841 0.0 296
1758569416045 0.0 297
1758569416249 0.0 298
1758569416446 0.0 299
