1758569378279 22.0 21
1758569378333 22.0 22
1758569378390 22.0 23
1758569378453 22.0 24
1758569378521 22.0 25
1758569378579 22.0 26
1758569378647 22.0 27
1758569378717 22.0 28
1758569378772 22.0 29
1758569378829 22.0 30
1758569378887 22.0 31
1758569378959 22.0 32
1758569379024 22.0 33
1758569379085 22.0 34
1758569379145 22.0 35
1758569379207 22.0 36
1758569379271 22.0 37
1758569379332 22.0 38
1758569379404 20.0 39
1758569379467 20.0 40
1758569379549 20.0 41
1758569379615 20.0 42
1758569379683 20.0 43
1758569379745 20.0 44
1758569379808 20.0 45
1758569379877 20.0 46
1758569379942 20.0 47
1758569380017 20.0 48
1758569380085 20.0 49
1758569380164 20.0 50
1758569380230 20.0 51
1758569380296 20.0 52
1758569380364 20.0 53
1758569380432 20.0 54
1758569380516 20.0 55
1758569380590 20.0 56
1758569380661 20.0 57
1758569380736 19.666666666666668 58
1758569380806 19.666666666666668 59
1758569380877 19.666666666666668 60
1758569380963 19.666666666666668 61
1758569381054 19.666666666666668 62
1758569381128 19.666666666666668 63
1758569381205 19.666666666666668 64
1758569381280 19.666666666666668 65
1758569381354 19.666666666666668 66
1758569381431 19.666666666666668 67
1758569381507 19.666666666666668 68
1758569381585 19.666666666666668 69
1758569381667 19.666666666666668 70
1758569381743 19.666666666666668 71
1758569381820 19.666666666666668 72
1758569381899 19.666666666666668 73
1758569381978 19.666666666666668 74
1758569382065 19.666666666666668 75
1758569382152 19.666666666666668 76
1758569382241 19.666666666666668 77
1758569382320 19.666666666666668 78
1758569382408 20.0 79
1758569382489 20.0 80
1758569382575 20.0 81
1758569382661 20.0 82
1758569382756 20.0 83
1758569382841 20.0 84
1758569382925 20.0 85
1758569383015 20.0 86
1758569383111 20.0 87
1758569383203 20.0 88
1758569383292 20.0 89
1758569383390 20.0 90
1758569383487 20.0 91
1758569383584 20.0 92
1758569383692 20.0 93
1758569383788 20.0 94
1758569383887 20.0 95
1758569383979 20.0 96
1758569384082 20.0 97
1758569384185 19.8 98
1758569384278 19.8 99
1758569384380 19.8 100
1758569384479 19.8 101
1758569384570 19.8 102
1758569384673 19.8 103
1758569384771 19.8 104
1758569384874 19.8 105
1758569384972 19.8 106
1758569385082 19.8 107
1758569385189 19.8 108
1758569385292 19.8 109
1758569385395 19.8 110
1758569385498 19.8 111
1758569385616 19.8 112
1758569385718 19.8 113
1758569385819 19.8 114
1758569385926 19.333333333333332 115
1758569386038 19.333333333333332 116
1758569386162 19.333333333333332 117
1758569386270 19.333333333333332 118
1758569386383 19.333333333333332 119
1758569386495 19.333333333333332 120
1758569386613 19.333333333333332 121
1758569386727 19.333333333333332 122
1758569386837 19.333333333333332 123
1758569386947 19.333333333333332 124
1758569387058 19.333333333333332 125
1758569387175 19.333333333333332 126
1758569387298 19.333333333333332 127
1758569387407 19.333333333333332 128
1758569387522 19.333333333333332 129
1758569387641 19.333333333333332 130
1758569387778 19.333333333333332 131
1758569387899 19.333333333333332 132
1758569388047 19.333333333333332 133
1758569388185 19.333333333333332 134
1758569388320 19.333333333333332 135
1758569388463 19.333333333333332 136
1758569388632 19.333333333333332 137
1758569388774 19.333333333333332 138
1758569388890 19.333333333333332 139
1758569389036 19.333333333333332 140
1758569389184 20.285714285714285 141
1758569389311 20.285714285714285 142
1758569389438 20.285714285714285 143
1758569389559 20.285714285714285 144
1758569389683 20.285714285714285 145
1758569389807 20.285714285714285 146
1758569389928 20.285714285714285 147
1758569390056 20.285714285714285 148
1758569390189 20.285714285714285 149
1758569390360 20.285714285714285 150
1758569390496 20.285714285714285 151
1758569390631 20.285714285714285 152
1758569390793 20.285714285714285 153
1758569390952 20.285714285714285 154
1758569391090 20.285714285714285 155
1758569391224 20.285714285714285 156
1758569391363 19.75 157
1758569391495 19.75 158
1758569391639 19.75 159
1758569391765 19.75 160
1758569391915 19.75 161
1758569392062 19.75 162
1758569392196 19.75 163
1758569392331 19.75 164
1758569392457 19.75 165
1758569392598 19.75 166
1758569392738 19.75 167
1758569392894 19.75 168
1758569393043 19.75 169
1758569393185 19.75 170
1758569393330 19.75 171
1758569393481 19.75 172
1758569393621 19.75 173
1758569393760 19.75 174
1758569393913 19.555555555555557 175
1758569394047 19.555555555555557 176
1758569394180 19.555555555555557 177
1758569394318 19.555555555555557 178
1758569394483 19.555555555555557 179
1758569394631 19.555555555555557 180
1758569394765 19.555555555555557 181
1758569394903 19.555555555555557 182
1758569395070 19.555555555555557 183
1758569395228 19.555555555555557 184
1758569395398 19.555555555555557 185
1758569395556 19.555555555555557 186
1758569395700 19.555555555555557 187
1758569395839 19.555555555555557 188
1758569395996 19.555555555555557 189
1758569396178 19.555555555555557 190
1758569396398 19.555555555555557 191
1758569396605 19.555555555555557 192
1758569396762 19.555555555555557 193
1758569396941 19.555555555555557 194
1758569397098 19.555555555555557 195
1758569397258 19.7 196
1758569397403 19.7 197
1758569397564 19.7 198
1758569397716 19.7 199
1758569397871 19.7 200
1758569398032 19.7 201
1758569398183 19.7 202
1758569398337 19.7 203
1758569398492 19.7 204
1758569398656 19.7 205
1758569398827 19.7 206
1758569399020 19.7 207
1758569399189 19.7 208
1758569399357 19.7 209
1758569399524 19.7 210
1758569399676 19.7 211
1758569399829 19.7 212
1758569399991 19.7 213
1758569400161 19.7 214
1758569400335 19.636363636363637 215
1758569400504 19.636363636363637 216
1758569400679 19.636363636363637 217
1758569400840 19.636363636363637 218
1758569401007 19.636363636363637 219
1758569401210 19.636363636363637 220
1758569401402 19.636363636363637 221
1758569401570 19.636363636363637 222
1758569401758 19.636363636363637 223
1758569401929 19.636363636363637 224
1758569402122 19.636363636363637 225
1758569402273 19.636363636363637 226
1758569402442 19.636363636363637 227
1758569402625 19.636363636363637 228
1758569402793 19.636363636363637 229
1758569402964 19.636363636363637 230
1758569403141 19.636363636363637 231
1758569403330 19.636363636363637 232
1758569403499 19.636363636363637 233
1758569403679 19.636363636363637 234
1758569403858 19.666666666666668 235
1758569404036 19.666666666666668 236
1758569404205 19.666666666666668 237
1758569404370 19.666666666666668 238
1758569404536 19.666666666666668 239
1758569404707 19.666666666666668 240
1758569404873 19.666666666666668 241
1758569405039 19.666666666666668 242
1758569405249 19.666666666666668 243
1758569405425 19.666666666666668 244
1758569405596 19.666666666666668 245
1758569405766 19.666666666666668 246
1758569405939 19.666666666666668 247
1758569406129 19.666666666666668 248
1758569406306 19.666666666666668 249
1758569406494 19.666666666666668 250
1758569406676 19.666666666666668 251
1758569406852 19.666666666666668 252
1758569407026 19.666666666666668 253
1758569407235 19.615384615384617 254
1758569407432 19.615384615384617 255
1758569407635 19.615384615384617 256
1758569407826 19.615384615384617 257
1758569408022 19.615384615384617 258
1758569408198 19.615384615384617 259
1758569408393 19.615384615384617 260
1758569408569 19.615384615384617 261
1758569408753 19.615384615384617 262
1758569408938 19.615384615384617 263
1758569409119 19.615384615384617 264
1758569409317 19.615384615384617 265
1758569409510 19.615384615384617 266
1758569409707 19.615384615384617 267
1758569409915 19.615384615384617 268
1758569410097 19.615384615384617 269
1758569410280 19.615384615384617 270
1758569410496 19.615384615384617 271
1758569410677 19.615384615384617 272
1758569410871 19.571428571428573 273
1758569411061 19.571428571428573 274
1758569411239 19.571428571428573 275
1758569411428 19.571428571428573 276
1758569411623 19.571428571428573 277
1758569411812 19.571428571428573 278
1758569412052 19.571428571428573 279
1758569412247 19.571428571428573 280
1758569412447 19.571428571428573 281
1758569412632 19.571428571428573 282
1758569412833 19.571428571428573 283
1758569413047 19.571428571428573 284
1758569413234 19.571428571428573 285
1758569413436 19.571428571428573 286
1758569413638 19.571428571428573 287
1758569413843 19.571428571428573 288
1758569414051 19.571428571428573 289
1758569414433 19.571428571428573 290
1758569414667 19.571428571428573 291
1758569414899 19.571428571428573 292
1758569415140 19.6 293
1758569415359 19.6 294
1758569415582 19.6 295
1758569415781 19.6 296
1758569415984 19.6 297
1758569416190 19.6 298
1758569416386 19.6 299
1758569416615 19.6 300
