1758569377563 1.0238983631134033 0
1758569377614 0.9938978552818298 1
1758569377644 0.9644873142242432 2
1758569377676 0.9356648921966553 3
1758569377711 0.9074310660362244 4
1758569377741 0.8797874450683594 5
1758569377769 0.8527328372001648 6
1758569377806 0.8262661099433899 7
1758569377832 0.8003854751586914 8
1758569377860 0.7750906348228455 9
1758569377889 0.7503772377967834 10
1758569377921 0.7262427806854248 11
1758569377950 0.7026845216751099 12
1758569377980 0.679698646068573 13
1758569378003 0.6572802066802979 14
1758569378027 0.6354248523712158 15
1758569378052 0.6141276359558105 16
1758569378075 0.5933834314346313 17
1758569378102 0.5731860399246216 18
1758569378129 0.5535293817520142 19
1758569378167 0.5344069600105286 20
1758569378297 0.5158120393753052 21
1758569378353 0.4977375864982605 22
1758569378412 0.4801761507987976 23
1758569378475 0.4631199538707733 24
1758569378543 0.4465615153312683 25
1758569378599 0.4304921329021454 26
1758569378670 0.41490405797958374 27
1758569378739 0.39978861808776855 28
1758569378793 0.38513702154159546 29
1758569378852 0.370940625667572 30
1758569378916 0.3571905791759491 31
1758569378982 0.3728390336036682 32
1758569379048 0.3555675446987152 33
1758569379109 30.448627471923828 34
1758569379169 22.94302749633789 35
1758569379231 27.818843841552734 36
1758569379296 32.7387580871582 37
1758569379359 27.367813110351562 38
1758569379432 26.08568000793457 39
1758569379493 17.759353637695312 40
1758569379578 25.21303939819336 41
1758569379642 20.208770751953125 42
1758569379709 19.785842895507812 43
1758569379771 14.836235046386719 44
1758569379836 13.596768379211426 45
1758569379904 17.239032745361328 46
1758569379974 18.457260131835938 47
1758569380044 10.2750825881958 48
1758569380114 9.83173656463623 49
1758569380192 11.057544708251953 50
1758569380258 10.238370895385742 51
1758569380325 11.437015533447266 52
1758569380393 12.64303207397461 53
1758569380470 13.061226844787598 54
1758569380547 9.43290901184082 55
1758569380619 13.443070411682129 56
1758569380691 13.42551040649414 57
1758569380766 10.62868881225586 58
1758569380837 11.404419898986816 59
1758569380909 10.189727783203125 60
1758569381007 7.391867637634277 61
1758569381086 9.37576961517334 62
1758569381160 10.949483871459961 63
1758569381237 11.317941665649414 64
1758569381313 13.697955131530762 65
1758569381389 8.521194458007812 66
1758569381465 10.097272872924805 67
1758569381541 7.7253594398498535 68
1758569381621 6.133260250091553 69
1758569381700 7.300105094909668 70
1758569381778 10.42730712890625 71
1758569381856 9.649240493774414 72
1758569381934 8.863748550415039 73
1758569382015 12.770967483520508 74
1758569382108 8.05259895324707 75
1758569382188 7.679925441741943 76
1758569382276 10.022829055786133 77
1758569382360 5.343273162841797 78
1758569382445 8.068437576293945 79
1758569382526 15.067148208618164 80
1758569382616 9.216384887695312 81
1758569382699 9.996438980102539 82
1758569382796 6.8889312744140625 83
1758569382879 6.479144096374512 84
1758569382965 7.665683746337891 85
1758569383054 7.262657165527344 86
1758569383151 8.82788372039795 87
1758569383244 6.869404315948486 88
1758569383332 8.01568603515625 89
1758569383433 8.0328369140625 90
1758569383527 10.406031608581543 91
1758569383633 9.607282638549805 92
1758569383734 9.634464263916016 93
1758569383831 10.821980476379395 94
1758569383929 11.517250061035156 95
1758569384023 6.508034706115723 96
1758569384126 10.81778335571289 97
1758569384226 9.268413543701172 98
1758569384327 14.22618293762207 99
1758569384424 10.391791343688965 100
1758569384522 9.139827728271484 101
1758569384615 11.21848201751709 102
1758569384717 10.702897071838379 103
1758569384816 7.267264366149902 104
1758569384921 9.930868148803711 105
1758569385019 8.844602584838867 106
1758569385134 9.502758026123047 107
1758569385233 9.15673828125 108
1758569385339 9.073144912719727 109
1758569385442 6.8404083251953125 110
1758569385546 5.949349403381348 111
1758569385664 12.890841484069824 112
1758569385764 10.774850845336914 113
1758569385866 15.293831825256348 114
1758569385977 14.88410758972168 115
1758569386099 16.38898468017578 116
1758569386211 10.620058059692383 117
1758569386320 9.17354679107666 118
1758569386437 14.479894638061523 119
1758569386545 14.170031547546387 120
1758569386666 17.143489837646484 121
1758569386777 10.62458610534668 122
1758569386886 12.477750778198242 123
1758569386999 11.390792846679688 124
1758569387110 10.833820343017578 125
1758569387229 11.709228515625 126
1758569387352 12.441295623779297 127
1758569387461 12.096094131469727 128
1758569387574 13.593018531799316 129
1758569387706 16.987897872924805 130
1758569387830 13.950400352478027 131
1758569387971 15.92689323425293 132
1758569388108 11.521294593811035 133
1758569388252 13.121969223022461 134
1758569388381 15.765647888183594 135
1758569388526 17.857370376586914 136
1758569388699 16.049556732177734 137
1758569388829 13.062378883361816 138
1758569388953 9.271662712097168 139
1758569389103 14.916454315185547 140
1758569389241 9.667352676391602 141
1758569389370 9.583587646484375 142
1758569389497 11.48414134979248 143
1758569389616 17.845659255981445 144
1758569389742 11.41849136352539 145
1758569389867 3.650695323944092 146
1758569389988 12.894753456115723 147
1758569390118 10.441287994384766 148
1758569390280 7.228944778442383 149
1758569390419 11.583563804626465 150
1758569390565 7.005251884460449 151
1758569390710 7.505315780639648 152
1758569390864 8.046685218811035 153
1758569391021 11.458971977233887 154
1758569391157 13.283174514770508 155
1758569391287 10.722249984741211 156
1758569391426 13.238998413085938 157
1758569391557 10.609485626220703 158
1758569391699 9.886281967163086 159
1758569391845 11.829376220703125 160
1758569391985 9.31346321105957 161
1758569392126 7.717385292053223 162
1758569392262 6.955568790435791 163
1758569392394 10.578264236450195 164
1758569392521 5.542825698852539 165
1758569392667 8.854290962219238 166
1758569392809 14.400186538696289 167
1758569392963 8.21632194519043 168
1758569393109 10.59408950805664 169
1758569393259 8.822598457336426 170
1758569393402 11.356485366821289 171
1758569393545 16.7606258392334 172
1758569393689 12.691537857055664 173
1758569393828 9.298446655273438 174
1758569393976 11.409751892089844 175
1758569394111 11.998628616333008 176
1758569394246 8.212215423583984 177
1758569394403 13.835222244262695 178
1758569394553 7.77685546875 179
1758569394698 9.158233642578125 180
1758569394833 7.298943996429443 181
1758569394975 11.564332008361816 182
1758569395139 11.956559181213379 183
1758569395299 12.321761131286621 184
1758569395472 8.154304504394531 185
1758569395626 10.39549446105957 186
1758569395770 10.923423767089844 187
1758569395916 8.423101425170898 188
1758569396082 5.019183158874512 189
1758569396273 14.526296615600586 190
1758569396500 9.10651683807373 191
1758569396684 13.819385528564453 192
1758569396841 15.718463897705078 193
1758569397016 8.471091270446777 194
1758569397176 12.005802154541016 195
1758569397332 8.857126235961914 196
1758569397476 12.295904159545898 197
1758569397634 8.472134590148926 198
1758569397787 9.027868270874023 199
1758569397949 7.523409843444824 200
1758569398105 11.680679321289062 201
1758569398258 13.934523582458496 202
1758569398412 8.68976879119873 203
1758569398571 13.11174488067627 204
1758569398740 14.09967041015625 205
1758569398917 11.20008659362793 206
1758569399106 11.34585189819336 207
1758569399266 11.181488037109375 208
1758569399438 16.66351318359375 209
1758569399604 12.930085182189941 210
1758569399751 8.011905670166016 211
1758569399905 19.02092742919922 212
1758569400074 12.23635482788086 213
1758569400239 16.89629554748535 214
1758569400416 12.2908353805542 215
1758569400598 16.39825439453125 216
1758569400757 8.39593505859375 217
1758569400920 14.014955520629883 218
1758569401096 12.307765007019043 219
1758569401291 16.949064254760742 220
1758569401486 9.819984436035156 221
1758569401660 14.03249740600586 222
1758569401846 8.40898609161377 223
1758569402030 13.603656768798828 224
1758569402200 13.702505111694336 225
1758569402353 15.439945220947266 226
1758569402525 12.675569534301758 227
1758569402706 12.968893051147461 228
1758569402875 18.622894287109375 229
1758569403053 10.352797508239746 230
1758569403221 10.610930442810059 231
1758569403413 13.649166107177734 232
1758569403596 11.770622253417969 233
1758569403761 10.130972862243652 234
1758569403956 9.470677375793457 235
1758569404122 12.793903350830078 236
1758569404289 13.381563186645508 237
1758569404453 18.14973258972168 238
1758569404619 12.29879379272461 239
1758569404792 12.170923233032227 240
1758569404960 11.462422370910645 241
1758569405135 11.591300964355469 242
1758569405338 13.116491317749023 243
1758569405511 14.432768821716309 244
1758569405680 8.834564208984375 245
1758569405852 12.678658485412598 246
1758569406040 11.271963119506836 247
1758569406220 8.805044174194336 248
1758569406396 9.518421173095703 249
1758569406586 15.492691040039062 250
1758569406770 12.957555770874023 251
1758569406942 12.390783309936523 252
1758569407119 11.659311294555664 253
1758569407328 9.61962604522705 254
1758569407524 11.291611671447754 255
1758569407726 16.951007843017578 256
1758569407925 14.809185028076172 257
1758569408112 13.176145553588867 258
1758569408300 8.034038543701172 259
1758569408484 7.175961017608643 260
1758569408659 14.573507308959961 261
1758569408846 12.050983428955078 262
1758569409033 8.76032829284668 263
1758569409210 10.551593780517578 264
1758569409423 6.351476192474365 265
1758569409608 14.83867359161377 266
1758569409820 13.694293022155762 267
1758569410009 6.731689453125 268
1758569410190 11.024102210998535 269
1758569410400 8.14828109741211 270
1758569410592 10.70854663848877 271
1758569410775 8.708084106445312 272
1758569410967 13.369194030761719 273
1758569411154 10.750883102416992 274
1758569411334 10.076471328735352 275
1758569411526 8.605335235595703 276
1758569411716 13.061917304992676 277
1758569411954 10.855449676513672 278
1758569412147 13.56273078918457 279
1758569412353 8.784563064575195 280
1758569412544 6.805093765258789 281
1758569412728 10.704004287719727 282
1758569412954 11.163042068481445 283
1758569413143 8.325390815734863 284
1758569413344 10.728714942932129 285
1758569413543 8.821535110473633 286
1758569413743 6.107581615447998 287
1758569413949 7.182667255401611 288
1758569414156 11.104070663452148 289
1758569414563 13.100818634033203 290
1758569414779 13.776708602905273 291
1758569415031 9.364056587219238 292
1758569415243 14.643633842468262 293
1758569415479 12.465221405029297 294
1758569415688 12.518036842346191 295
1758569415890 10.370558738708496 296
1758569416096 11.330986022949219 297
1758569416294 7.48839807510376 298
1758569416493 14.561223983764648 299
