1758569378275 2.75 21
1758569378328 2.75 22
1758569378386 2.75 23
1758569378449 2.75 24
1758569378516 2.75 25
1758569378574 2.75 26
1758569378643 2.75 27
1758569378712 2.75 28
1758569378767 2.75 29
1758569378824 2.75 30
1758569378882 2.75 31
1758569378954 2.75 32
1758569379019 2.75 33
1758569379079 2.75 34
1758569379140 2.75 35
1758569379202 2.75 36
1758569379266 2.75 37
1758569379326 2.75 38
1758569379398 -0.75 39
1758569379461 -0.75 40
1758569379542 -0.75 41
1758569379609 -0.75 42
1758569379677 -0.75 43
1758569379739 -0.75 44
1758569379803 -0.75 45
1758569379871 -0.75 46
1758569379936 -0.75 47
1758569380010 -0.75 48
1758569380078 -0.75 49
1758569380158 -0.75 50
1758569380224 -0.75 51
1758569380290 -0.75 52
1758569380358 -0.75 53
1758569380426 -0.75 54
1758569380508 -0.75 55
1758569380583 -0.75 56
1758569380655 -0.75 57
1758569380729 -2.722222169240316 58
1758569380799 -2.722222169240316 59
1758569380870 -2.722222169240316 60
1758569380956 -2.722222169240316 61
1758569381047 -2.722222169240316 62
1758569381121 -2.722222169240316 63
1758569381198 -2.722222169240316 64
1758569381273 -2.722222169240316 65
1758569381346 -2.722222169240316 66
1758569381424 -2.722222169240316 67
1758569381499 -2.722222169240316 68
1758569381577 -2.722222169240316 69
1758569381660 -2.722222169240316 70
1758569381735 -2.722222169240316 71
1758569381812 -2.722222169240316 72
1758569381891 -2.722222169240316 73
1758569381970 -2.722222169240316 74
1758569382057 -2.722222169240316 75
1758569382144 -2.722222169240316 76
1758569382233 -2.722222169240316 77
1758569382312 -2.722222169240316 78
1758569382399 2.416666865348816 79
1758569382481 2.416666865348816 80
1758569382566 2.416666865348816 81
1758569382653 2.416666865348816 82
1758569382736 2.416666865348816 83
1758569382832 2.416666865348816 84
1758569382917 2.416666865348816 85
1758569383006 2.416666865348816 86
1758569383101 2.416666865348816 87
1758569383194 2.416666865348816 88
1758569383283 2.416666865348816 89
1758569383379 2.416666865348816 90
1758569383477 2.416666865348816 91
1758569383573 2.416666865348816 92
1758569383683 2.416666865348816 93
1758569383779 2.416666865348816 94
1758569383877 2.416666865348816 95
1758569383970 2.416666865348816 96
1758569384072 2.416666865348816 97
1758569384175 5.333333492279053 98
1758569384268 5.333333492279053 99
1758569384370 5.333333492279053 100
1758569384470 5.333333492279053 101
1758569384561 5.333333492279053 102
1758569384663 5.333333492279053 103
1758569384761 5.333333492279053 104
1758569384864 5.333333492279053 105
1758569384962 5.333333492279053 106
1758569385072 5.333333492279053 107
1758569385179 5.333333492279053 108
1758569385281 5.333333492279053 109
1758569385385 5.333333492279053 110
1758569385488 5.333333492279053 111
1758569385605 5.333333492279053 112
1758569385707 5.333333492279053 113
1758569385808 5.333333492279053 114
1758569385915 3.888889034589132 115
1758569386026 3.888889034589132 116
1758569386152 3.888889034589132 117
1758569386259 3.888889034589132 118
1758569386372 3.888889034589132 119
1758569386484 3.888889034589132 120
1758569386597 3.888889034589132 121
1758569386717 3.888889034589132 122
1758569386826 3.888889034589132 123
1758569386936 3.888889034589132 124
1758569387045 3.888889034589132 125
1758569387163 3.888889034589132 126
1758569387287 3.888889034589132 127
1758569387395 3.888889034589132 128
1758569387510 3.888889034589132 129
1758569387627 3.888889034589132 130
1758569387766 3.888889034589132 131
1758569387886 3.888889034589132 132
1758569388033 3.888889034589132 133
1758569388172 3.888889034589132 134
1758569388307 3.888889034589132 135
1758569388450 3.888889034589132 136
1758569388608 3.888889034589132 137
1758569388762 3.888889034589132 138
1758569388878 3.888889034589132 139
1758569389022 3.888889034589132 140
1758569389171 3.5000001192092896 141
1758569389296 3.5000001192092896 142
1758569389425 3.5000001192092896 143
1758569389547 3.5000001192092896 144
1758569389669 3.5000001192092896 145
1758569389794 3.5000001192092896 146
1758569389915 3.5000001192092896 147
1758569390042 3.5000001192092896 148
1758569390172 3.5000001192092896 149
1758569390348 3.5000001192092896 150
1758569390481 3.5000001192092896 151
1758569390616 3.5000001192092896 152
1758569390779 3.5000001192092896 153
1758569390935 3.5000001192092896 154
1758569391076 3.5000001192092896 155
1758569391209 3.5000001192092896 156
1758569391349 1.2291667312383652 157
1758569391482 1.2291667312383652 158
1758569391626 1.2291667312383652 159
1758569391752 1.2291667312383652 160
1758569391901 1.2291667312383652 161
1758569392048 1.2291667312383652 162
1758569392182 1.2291667312383652 163
1758569392315 1.2291667312383652 164
1758569392442 1.2291667312383652 165
1758569392583 1.2291667312383652 166
1758569392720 1.2291667312383652 167
1758569392877 1.2291667312383652 168
1758569393028 1.2291667312383652 169
1758569393166 1.2291667312383652 170
1758569393315 1.2291667312383652 171
1758569393466 1.2291667312383652 172
1758569393606 1.2291667312383652 173
1758569393745 1.2291667312383652 174
1758569393898 1.8796297046873305 175
1758569394034 1.8796297046873305 176
1758569394166 1.8796297046873305 177
1758569394300 1.8796297046873305 178
1758569394467 1.8796297046873305 179
1758569394616 1.8796297046873305 180
1758569394750 1.8796297046873305 181
1758569394888 1.8796297046873305 182
1758569395045 1.8796297046873305 183
1758569395212 1.8796297046873305 184
1758569395379 1.8796297046873305 185
1758569395538 1.8796297046873305 186
1758569395685 1.8796297046873305 187
1758569395824 1.8796297046873305 188
1758569395980 1.8796297046873305 189
1758569396160 1.8796297046873305 190
1758569396364 1.8796297046873305 191
1758569396582 1.8796297046873305 192
1758569396745 1.8796297046873305 193
1758569396924 1.8796297046873305 194
1758569397082 1.8796297046873305 195
1758569397241 3.208333432674408 196
1758569397387 3.208333432674408 197
1758569397548 3.208333432674408 198
1758569397700 3.208333432674408 199
1758569397855 3.208333432674408 200
1758569398014 3.208333432674408 201
1758569398167 3.208333432674408 202
1758569398321 3.208333432674408 203
1758569398475 3.208333432674408 204
1758569398638 3.208333432674408 205
1758569398808 3.208333432674408 206
1758569399003 3.208333432674408 207
1758569399171 3.208333432674408 208
1758569399340 3.208333432674408 209
1758569399505 3.208333432674408 210
1758569399658 3.208333432674408 211
1758569399812 3.208333432674408 212
1758569399973 3.208333432674408 213
1758569400144 3.208333432674408 214
1758569400317 3.5606061653657393 215
1758569400480 3.5606061653657393 216
1758569400661 3.5606061653657393 217
1758569400824 3.5606061653657393 218
1758569400988 3.5606061653657393 219
1758569401192 3.5606061653657393 220
1758569401384 3.5606061653657393 221
1758569401553 3.5606061653657393 222
1758569401739 3.5606061653657393 223
1758569401911 3.5606061653657393 224
1758569402104 3.5606061653657393 225
1758569402256 3.5606061653657393 226
1758569402424 3.5606061653657393 227
1758569402607 3.5606061653657393 228
1758569402774 3.5606061653657393 229
1758569402947 3.5606061653657393 230
1758569403122 3.5606061653657393 231
1758569403312 3.5606061653657393 232
1758569403481 3.5606061653657393 233
1758569403661 3.5606061653657393 234
1758569403839 2.7569445272286734 235
1758569404018 2.7569445272286734 236
1758569404187 2.7569445272286734 237
1758569404352 2.7569445272286734 238
1758569404518 2.7569445272286734 239
1758569404687 2.7569445272286734 240
1758569404854 2.7569445272286734 241
1758569405018 2.7569445272286734 242
1758569405229 2.7569445272286734 243
1758569405405 2.7569445272286734 244
1758569405578 2.7569445272286734 245
1758569405747 2.7569445272286734 246
1758569405919 2.7569445272286734 247
1758569406109 2.7569445272286734 248
1758569406287 2.7569445272286734 249
1758569406474 2.7569445272286734 250
1758569406656 2.7569445272286734 251
1758569406831 2.7569445272286734 252
1758569407005 2.7569445272286734 253
1758569407216 2.032051370694087 254
1758569407412 2.032051370694087 255
1758569407615 2.032051370694087 256
1758569407806 2.032051370694087 257
1758569408001 2.032051370694087 258
1758569408178 2.032051370694087 259
1758569408372 2.032051370694087 260
1758569408549 2.032051370694087 261
1758569408732 2.032051370694087 262
1758569408917 2.032051370694087 263
1758569409099 2.032051370694087 264
1758569409289 2.032051370694087 265
1758569409489 2.032051370694087 266
1758569409686 2.032051370694087 267
1758569409894 2.032051370694087 268
1758569410076 2.032051370694087 269
1758569410259 2.032051370694087 270
1758569410474 2.032051370694087 271
1758569410657 2.032051370694087 272
1758569410850 2.291666737624577 273
1758569411041 2.291666737624577 274
1758569411218 2.291666737624577 275
1758569411406 2.291666737624577 276
1758569411601 2.291666737624577 277
1758569411786 2.291666737624577 278
1758569412030 2.291666737624577 279
1758569412225 2.291666737624577 280
1758569412425 2.291666737624577 281
1758569412611 2.291666737624577 282
1758569412797 2.291666737624577 283
1758569413024 2.291666737624577 284
1758569413213 2.291666737624577 285
1758569413414 2.291666737624577 286
1758569413614 2.291666737624577 287
1758569413819 2.291666737624577 288
1758569414027 2.291666737624577 289
1758569414404 2.291666737624577 290
1758569414644 2.291666737624577 291
1758569414875 2.291666737624577 292
1758569415114 1.6277778546015422 293
1758569415318 1.6277778546015422 294
1758569415558 1.6277778546015422 295
1758569415757 1.6277778546015422 296
1758569415959 1.6277778546015422 297
1758569416164 1.6277778546015422 298
1758569416363 1.6277778546015422 299
1758569416589 1.6277778546015422 300
