1769368112638 17.994361877441406 5120
1769368121888 18.579805374145508 10240
1769368129384 18.35897445678711 15360
1769368136467 18.39461326599121 20480
1769368143467 18.552528381347656 25600
1769368154161 18.687915802001953 30720
1769368161130 18.63220977783203 35840
1769368168167 18.60097885131836 40960
1769368175313 18.64508628845215 46080
1769368184380 18.673166275024414 51200
1769368191327 18.672521591186523 56320
1769368197834 18.63671875 61440
1769368204442 18.68415641784668 66560
1769368212846 18.695436477661133 71680
1769368219220 18.710622787475586 76800
1769368226412 18.672672271728516 81920
1769368232872 18.653640747070312 87040
1769368241287 18.756120681762695 92160
1769368247258 18.739377975463867 97280
1769368254197 18.69597053527832 102400
1769368260165 18.754545211791992 107520
1769368269021 18.702978134155273 112640
1769368275722 18.67740821838379 117760
1769368282077 18.66633415222168 122880
1769368288751 18.681047439575195 128000
1769368297651 18.65950584411621 133120
1769368304255 18.63736343383789 138240
1769368310160 18.646793365478516 143360
1769368316857 18.671781539916992 148480
1769368326035 18.677574157714844 153600
1769368332289 18.67377471923828 158720
1769368338829 18.647768020629883 163840
1769368345741 18.677104949951172 168960
1769368354827 18.70840835571289 174080
1769368361284 18.714427947998047 179200
1769368367653 18.72699546813965 184320
1769368373901 18.719860076904297 189440
1769368382838 18.725542068481445 194560
1769368389098 18.727441787719727 199680
1769368395411 18.732023239135742 204800
1769368402407 18.75240707397461 209920
1769368410647 18.76784324645996 215040
1769368416886 18.761180877685547 220160
1769368424052 18.779457092285156 225280
1769368430843 18.760759353637695 230400
1769368439167 18.750017166137695 235520
1769368445273 18.754453659057617 240640
1769368452236 18.753063201904297 245760
1769368459162 18.757022857666016 250880
1769368466730 18.74740219116211 256000
1769368472648 18.741077423095703 261120
1769368480165 18.748476028442383 266240
1769368487726 18.76534080505371 271360
1769368494860 18.73546600341797 276480
1769368500763 18.726036071777344 281600
1769368508340 18.728044509887695 286720
1769368516584 18.735393524169922 291840
1769368522939 18.752981185913086 296960
1769368525052 18.7462215423584 300032
