1769368112633 -0.04221232235431671 5120
1769368121883 -0.3341064751148224 10240
1769368129378 -0.5957590937614441 15360
1769368136459 -0.8410823941230774 20480
1769368143458 -1.009841799736023 25600
1769368154153 -1.064774751663208 30720
1769368161124 -1.0205711126327515 35840
1769368168158 -0.9708684086799622 40960
1769368175299 -0.985805332660675 46080
1769368184371 -1.0227943658828735 51200
1769368191321 -1.0671210289001465 56320
1769368197826 -1.0886036157608032 61440
1769368204434 -1.0995124578475952 66560
1769368212839 -1.1504541635513306 71680
1769368219212 -1.2305570840835571 76800
1769368226404 -1.2424767017364502 81920
1769368232863 -1.160845398902893 87040
1769368241275 -1.1176198720932007 92160
1769368247251 -1.1530927419662476 97280
1769368254189 -1.2268872261047363 102400
1769368260154 -1.2526874542236328 107520
1769368269016 -1.2516999244689941 112640
1769368275713 -1.2146384716033936 117760
1769368282067 -1.220574140548706 122880
1769368288744 -1.2982394695281982 128000
1769368297644 -1.3515695333480835 133120
1769368304246 -1.2959344387054443 138240
1769368310147 -1.3229660987854004 143360
1769368316846 -1.32921302318573 148480
1769368326025 -1.3040502071380615 153600
1769368332283 -1.3188966512680054 158720
1769368338819 -1.3976597785949707 163840
1769368345731 -1.4073959589004517 168960
1769368354816 -1.293199062347412 174080
1769368361277 -1.3432872295379639 179200
1769368367644 -1.4275468587875366 184320
1769368373892 -1.3838852643966675 189440
1769368382829 -1.3672096729278564 194560
1769368389090 -1.433170199394226 199680
1769368395404 -1.3937870264053345 204800
1769368402399 -1.4447872638702393 209920
1769368410635 -1.5006812810897827 215040
1769368416878 -1.476650595664978 220160
1769368424042 -1.5673164129257202 225280
1769368430830 -1.4547559022903442 230400
1769368439159 -1.516703724861145 235520
1769368445265 -1.6408512592315674 240640
1769368452228 -1.6583929061889648 245760
1769368459153 -1.6397132873535156 250880
1769368466718 -1.7773511409759521 256000
1769368472641 -1.710091233253479 261120
1769368480154 -1.779271125793457 266240
1769368487713 -1.8489055633544922 271360
1769368494854 -1.8215982913970947 276480
1769368500756 -1.888094186782837 281600
1769368508329 -1.8247417211532593 286720
1769368516570 -1.9232591390609741 291840
1769368522929 -1.990504503250122 296960
1769368525044 -1.933232307434082 300032
