1769368112638 1.1111325025558472 5120
1769368121888 1.1298811435699463 10240
1769368129384 1.1022508144378662 15360
1769368136467 1.1162338256835938 20480
1769368143467 1.1306287050247192 25600
1769368154161 1.1364442110061646 30720
1769368161130 1.1215157508850098 35840
1769368168167 1.1261920928955078 40960
1769368175313 1.1234502792358398 46080
1769368184380 1.124254584312439 51200
1769368191327 1.124658226966858 56320
1769368197834 1.1210856437683105 61440
1769368204442 1.1220368146896362 66560
1769368212846 1.117940902709961 71680
1769368219220 1.1152327060699463 76800
1769368226412 1.1162409782409668 81920
1769368232872 1.1122153997421265 87040
1769368241287 1.1167231798171997 92160
1769368247258 1.1174187660217285 97280
1769368254197 1.1092560291290283 102400
1769368260165 1.1113168001174927 107520
1769368269021 1.1066874265670776 112640
1769368275722 1.1061171293258667 117760
1769368282077 1.1049449443817139 122880
1769368288751 1.1016889810562134 128000
1769368297651 1.0997096300125122 133120
1769368304255 1.1005979776382446 138240
1769368310160 1.0995038747787476 143360
1769368316857 1.0994147062301636 148480
1769368326035 1.1001440286636353 153600
1769368332289 1.0989329814910889 158720
1769368338829 1.10050368309021 163840
1769368345741 1.101993203163147 168960
1769368354827 1.1026667356491089 174080
1769368361284 1.1013052463531494 179200
1769368367653 1.1023292541503906 184320
1769368373901 1.1007280349731445 189440
1769368382838 1.0989543199539185 194560
1769368389098 1.0989501476287842 199680
1769368395411 1.10000479221344 204800
1769368402407 1.1010469198226929 209920
1769368410647 1.1038762331008911 215040
1769368416886 1.104023814201355 220160
1769368424052 1.104408621788025 225280
1769368430843 1.1038442850112915 230400
1769368439167 1.1052111387252808 235520
1769368445273 1.1037620306015015 240640
1769368452236 1.1038450002670288 245760
1769368459162 1.1044341325759888 250880
1769368466730 1.1033214330673218 256000
1769368472648 1.102840781211853 261120
1769368480165 1.1033928394317627 266240
1769368487726 1.1049879789352417 271360
1769368494860 1.1030794382095337 276480
1769368500763 1.1026582717895508 281600
1769368508340 1.101719617843628 286720
1769368516584 1.1017009019851685 291840
1769368522939 1.1036797761917114 296960
1769368525052 1.1035535335540771 300032
