1769368112638 0.3260785937309265 5120
1769368121888 0.32077673077583313 10240
1769368129384 0.3130403757095337 15360
1769368136467 0.31657853722572327 20480
1769368143467 0.31932586431503296 25600
1769368154161 0.32009249925613403 30720
1769368161130 0.31770431995391846 35840
1769368168167 0.3184140920639038 40960
1769368175313 0.31750163435935974 46080
1769368184380 0.31634172797203064 51200
1769368191327 0.3167012929916382 56320
1769368197834 0.3162246346473694 61440
1769368204442 0.31641101837158203 66560
1769368212846 0.3145919740200043 71680
1769368219220 0.3149111866950989 76800
1769368226412 0.31519389152526855 81920
1769368232872 0.31402716040611267 87040
1769368241287 0.3152935802936554 92160
1769368247258 0.3152850866317749 97280
1769368254197 0.31357893347740173 102400
1769368260165 0.31329911947250366 107520
1769368269021 0.31187546253204346 112640
1769368275722 0.3118610084056854 117760
1769368282077 0.311873197555542 122880
1769368288751 0.3109946548938751 128000
1769368297651 0.3098848760128021 133120
1769368304255 0.30991634726524353 138240
1769368310160 0.3094092011451721 143360
1769368316857 0.30965402722358704 148480
1769368326035 0.30998945236206055 153600
1769368332289 0.3102610409259796 158720
1769368338829 0.3109787404537201 163840
1769368345741 0.31172847747802734 168960
1769368354827 0.3119688630104065 174080
1769368361284 0.31160086393356323 179200
1769368367653 0.3120249807834625 184320
1769368373901 0.31150585412979126 189440
1769368382838 0.3112661838531494 194560
1769368389098 0.3113628327846527 199680
1769368395411 0.31165188550949097 204800
1769368402407 0.31205499172210693 209920
1769368410647 0.3129182457923889 215040
1769368416886 0.31294605135917664 220160
1769368424052 0.3131229877471924 225280
1769368430843 0.3127228021621704 230400
1769368439167 0.31293609738349915 235520
1769368445273 0.3122992515563965 240640
1769368452236 0.3121108412742615 245760
1769368459162 0.3122274875640869 250880
1769368466730 0.3119547963142395 256000
1769368472648 0.3120839297771454 261120
1769368480165 0.3123203217983246 266240
1769368487726 0.3129202425479889 271360
1769368494860 0.312409371137619 276480
1769368500763 0.31231725215911865 281600
1769368508340 0.3122710883617401 286720
1769368516584 0.31203168630599976 291840
1769368522939 0.31243184208869934 296960
1769368525052 0.3124946057796478 300032
