1769368112633 486.6346443903005 5120
1769368121883 610.7023878858474 10240
1769368129378 222.2854417298214 15360
1769368136459 388.3255254143135 20480
1769368143458 393.498827282109 25600
1769368154153 466.3446742272626 30720
1769368161124 459.2974156811213 35840
1769368168158 373.59080787387546 40960
1769368175299 149.41769085533113 46080
1769368184371 215.5457114959659 51200
1769368191321 492.69399741571715 56320
1769368197826 546.7028154327425 61440
1769368204434 396.1749315197884 66560
1769368212839 515.2074683699791 71680
1769368219212 380.19434372733866 76800
1769368226404 360.1188288829741 81920
1769368232863 353.3235616207565 87040
1769368241275 275.6508937960042 92160
1769368247251 480.9981651376147 97280
1769368254189 374.9266112451953 102400
1769368260154 117.51054828677891 107520
1769368269016 521.7444955840278 112640
1769368275713 163.57801957801956 117760
1769368282067 174.72626536138304 122880
1769368288744 546.6315652287241 128000
1769368297644 345.8078984252618 133120
1769368304246 668.095571838165 138240
1769368310147 287.0451683547769 143360
1769368316846 460.30553116769096 148480
1769368326025 511.75012201073696 153600
1769368332283 515.7142505840403 158720
1769368338819 537.1803278688525 163840
1769368345731 395.5397963032818 168960
1769368354816 130.7777500623597 174080
1769368361277 525.2071124467818 179200
1769368367644 458.8452029318455 184320
1769368373892 325.2659170221016 189440
1769368382829 485.62047007062637 194560
1769368389090 490.3898047468724 199680
1769368395404 140.9092252906 204800
1769368402399 367.0520696595782 209920
1769368410635 328.9908228096321 215040
1769368416878 179.79698216735252 220160
1769368424042 623.59559916741 225280
1769368430830 374.9266112451953 230400
1769368439159 488.9036018183937 235520
1769368445265 568.487937110328 240640
1769368452228 560.9608131603584 245760
1769368459153 498.9061496372071 250880
1769368466718 396.0627006610009 256000
1769368472641 503.0951181480149 261120
1769368480154 462.9985649630202 266240
1769368487713 373.7905712503342 271360
1769368494854 521.355376009944 276480
1769368500756 499.0842455973346 281600
1769368508329 342.33627162912177 286720
1769368516570 121.55641211418634 291840
1769368522929 492.8676850763807 296960
1769368525044 482.76979742173114 300032
