1769368112638 2.292274236679077 5120
1769368121888 2.2024405002593994 10240
1769368129384 2.146589994430542 15360
1769368136467 2.1815903186798096 20480
1769368143467 2.1934831142425537 25600
1769368154161 2.192211866378784 30720
1769368161130 2.1698014736175537 35840
1769368168167 2.1773087978363037 40960
1769368175313 2.17004132270813 46080
1769368184380 2.157241106033325 51200
1769368191327 2.160257339477539 56320
1769368197834 2.155074119567871 61440
1769368204442 2.15537166595459 66560
1769368212846 2.1377694606781006 71680
1769368219220 2.1404151916503906 76800
1769368226412 2.1435348987579346 81920
1769368232872 2.132192373275757 87040
1769368241287 2.140359401702881 92160
1769368247258 2.14105486869812 97280
1769368254197 2.1269443035125732 102400
1769368260165 2.120049476623535 107520
1769368269021 2.1085753440856934 112640
1769368275722 2.1101953983306885 117760
1769368282077 2.112071990966797 122880
1769368288751 2.101815938949585 128000
1769368297651 2.092526912689209 133120
1769368304255 2.094088315963745 138240
1769368310160 2.089566469192505 143360
1769368316857 2.089904546737671 148480
1769368326035 2.0925116539001465 153600
1769368332289 2.0947353839874268 158720
1769368338829 2.102783203125 163840
1769368345741 2.109360456466675 168960
1769368354827 2.109687566757202 174080
1769368361284 2.105952501296997 179200
1769368367653 2.1086859703063965 184320
1769368373901 2.103729486465454 189440
1769368382838 2.10180401802063 194560
1769368389098 2.1022720336914062 199680
1769368395411 2.1042659282684326 204800
1769368402407 2.1072351932525635 209920
1769368410647 2.115267038345337 215040
1769368416886 2.116109609603882 220160
1769368424052 2.1165919303894043 225280
1769368430843 2.114143133163452 230400
1769368439167 2.11639142036438 235520
1769368445273 2.109478712081909 240640
1769368452236 2.1084482669830322 245760
1769368459162 2.109645128250122 250880
1769368466730 2.1075236797332764 256000
1769368472648 2.108757972717285 261120
1769368480165 2.1103270053863525 266240
1769368487726 2.1155269145965576 271360
1769368494860 2.1125431060791016 276480
1769368500763 2.1125166416168213 281600
1769368508340 2.1121907234191895 286720
1769368516584 2.1100542545318604 291840
1769368522939 2.113203287124634 296960
1769368525052 2.114201307296753 300032
