1770904630940 18.634824752807617 5120
1770904648390 20.422931671142578 10240
1770904665466 20.730937957763672 15360
1770904682714 20.854644775390625 20480
1770904699808 21.188461303710938 25600
1770904717059 21.64577293395996 30720
1770904733956 21.71640396118164 35840
1770904750978 21.798839569091797 40960
1770904768280 21.891515731811523 46080
1770904786211 21.907014846801758 51200
1770904803617 21.927024841308594 56320
1770904820732 21.9364013671875 61440
1770904837969 21.926483154296875 66560
1770904857559 21.950483322143555 71680
1770904877624 21.945688247680664 76800
1770904897269 21.99147605895996 81920
1770904919124 22.089927673339844 87040
1770904941480 22.096513748168945 92160
1770904964671 22.064632415771484 97280
1770904988590 22.004623413085938 102400
1770905012415 22.03014373779297 107520
1770905035337 22.067607879638672 112640
1770905058124 22.0297794342041 117760
1770905080840 22.04595375061035 122880
1770905104082 22.026948928833008 128000
1770905126578 22.050020217895508 133120
1770905149979 22.052106857299805 138240
1770905172149 22.049211502075195 143360
1770905194570 22.027488708496094 148480
1770905216798 22.0372314453125 153600
1770905240510 22.046253204345703 158720
1770905263245 22.05166244506836 163840
1770905285796 22.044160842895508 168960
1770905308517 22.054370880126953 174080
1770905331018 22.045398712158203 179200
1770905353342 22.077199935913086 184320
1770905376915 22.0584716796875 189440
1770905399958 22.066797256469727 194560
1770905422729 22.075157165527344 199680
1770905445976 22.059431076049805 204800
1770905468913 22.032482147216797 209920
1770905491560 22.032617568969727 215040
1770905514250 22.059558868408203 220160
1770905536922 22.07466697692871 225280
1770905559606 22.10272979736328 230400
1770905582505 22.11244010925293 235520
1770905605270 22.135021209716797 240640
1770905627882 22.13631820678711 245760
1770905650505 22.112695693969727 250880
1770905673313 22.13605499267578 256000
1770905696032 22.120853424072266 261120
1770905718926 22.127002716064453 266240
1770905741997 22.133216857910156 271360
1770905764334 22.13190460205078 276480
1770905786724 22.122119903564453 281600
1770905809689 22.1103572845459 286720
1770905833110 22.1102237701416 291840
1770905856245 22.112510681152344 296960
1770905865369 22.120563507080078 300032
