1770904630940 0.07826732844114304 5120
1770904648390 0.07474064081907272 10240
1770904665466 0.07306504249572754 15360
1770904682714 0.07321915775537491 20480
1770904699808 0.07233186811208725 25600
1770904717059 0.06416983902454376 30720
1770904733956 0.06345364451408386 35840
1770904750978 0.06494409590959549 40960
1770904768280 0.06587395071983337 46080
1770904786211 0.06727839261293411 51200
1770904803617 0.06774459779262543 56320
1770904820732 0.06800145655870438 61440
1770904837969 0.0684511810541153 66560
1770904857559 0.06916637718677521 71680
1770904877624 0.07001862674951553 76800
1770904897269 0.07009130716323853 81920
1770904919124 0.0703810453414917 87040
1770904941480 0.07066572457551956 92160
1770904964671 0.07045093923807144 97280
1770904988590 0.07069742679595947 102400
1770905012415 0.07092946767807007 107520
1770905035337 0.07147303968667984 112640
1770905058124 0.07132156193256378 117760
1770905080840 0.07144910097122192 122880
1770905104082 0.0716271921992302 128000
1770905126578 0.07156355679035187 133120
1770905149979 0.07206786423921585 138240
1770905172149 0.07204222679138184 143360
1770905194570 0.07195374369621277 148480
1770905216798 0.07219023257493973 153600
1770905240510 0.07213144749403 158720
1770905263245 0.07213818281888962 163840
1770905285796 0.07212632149457932 168960
1770905308517 0.07213644683361053 174080
1770905331018 0.07218936085700989 179200
1770905353342 0.07231757044792175 184320
1770905376915 0.07238210737705231 189440
1770905399958 0.07226267457008362 194560
1770905422729 0.07211953401565552 199680
1770905445976 0.07229258120059967 204800
1770905468913 0.07209324091672897 209920
1770905491560 0.07211343944072723 215040
1770905514250 0.07209781557321548 220160
1770905536922 0.07209596037864685 225280
1770905559606 0.0724017322063446 230400
1770905582505 0.07249965518712997 235520
1770905605270 0.07252845168113708 240640
1770905627882 0.07255955040454865 245760
1770905650505 0.072555772960186 250880
1770905673313 0.07241490483283997 256000
1770905696032 0.07248152047395706 261120
1770905718926 0.07253117114305496 266240
1770905741997 0.07244041562080383 271360
1770905764334 0.07239089906215668 276480
1770905786724 0.07244129478931427 281600
1770905809689 0.07255277782678604 286720
1770905833110 0.07261595875024796 291840
1770905856245 0.07266417890787125 296960
1770905865369 0.0726817324757576 300032
