1770904630940 24.320457458496094 5120
1770904648390 25.999595642089844 10240
1770904665466 26.183595657348633 15360
1770904682714 26.271806716918945 20480
1770904699808 26.559776306152344 25600
1770904717059 26.746606826782227 30720
1770904733956 26.79926872253418 35840
1770904750978 26.92853546142578 40960
1770904768280 27.058679580688477 46080
1770904786211 27.118980407714844 51200
1770904803617 27.161584854125977 56320
1770904820732 27.1821231842041 61440
1770904837969 27.193729400634766 66560
1770904857559 27.245647430419922 71680
1770904877624 27.27043914794922 76800
1770904897269 27.325403213500977 81920
1770904919124 27.436742782592773 87040
1770904941480 27.45635986328125 92160
1770904964671 27.409564971923828 97280
1770904988590 27.358774185180664 102400
1770905012415 27.4045467376709 107520
1770905035337 27.466373443603516 112640
1770905058124 27.425729751586914 117760
1770905080840 27.44329261779785 122880
1770905104082 27.42572593688965 128000
1770905126578 27.448461532592773 133120
1770905149979 27.463851928710938 138240
1770905172149 27.453556060791016 143360
1770905194570 27.42721939086914 148480
1770905216798 27.43922996520996 153600
1770905240510 27.44947624206543 158720
1770905263245 27.459047317504883 163840
1770905285796 27.45236587524414 168960
1770905308517 27.461071014404297 174080
1770905331018 27.457416534423828 179200
1770905353342 27.502981185913086 184320
1770905376915 27.48760223388672 189440
1770905399958 27.490840911865234 194560
1770905422729 27.495664596557617 199680
1770905445976 27.486013412475586 204800
1770905468913 27.445764541625977 209920
1770905491560 27.44488525390625 215040
1770905514250 27.476314544677734 220160
1770905536922 27.493005752563477 225280
1770905559606 27.534282684326172 230400
1770905582505 27.54793930053711 235520
1770905605270 27.574472427368164 240640
1770905627882 27.577627182006836 245760
1770905650505 27.550987243652344 250880
1770905673313 27.572410583496094 256000
1770905696032 27.556692123413086 261120
1770905718926 27.56688117980957 266240
1770905741997 27.568038940429688 271360
1770905764334 27.567447662353516 276480
1770905786724 27.556379318237305 281600
1770905809689 27.546709060668945 286720
1770905833110 27.54958152770996 291840
1770905856245 27.55520248413086 296960
1770905865369 27.564584732055664 300032
