1770904630935 -1.9707742929458618 5120
1770904648385 -2.4035439491271973 10240
1770904665458 -2.4823830127716064 15360
1770904682709 -2.4021077156066895 20480
1770904699803 -2.2271876335144043 25600
1770904717054 -2.586806058883667 30720
1770904733951 -3.495711088180542 35840
1770904750971 -3.0810000896453857 40960
1770904768274 -2.73472261428833 46080
1770904786206 -2.3778629302978516 51200
1770904803609 -2.0671401023864746 56320
1770904820726 -1.741493582725525 61440
1770904837964 -1.4631484746932983 66560
1770904857552 -1.2159051895141602 71680
1770904877616 -0.9766017198562622 76800
1770904897262 -0.736530065536499 81920
1770904919118 -0.5195062756538391 87040
1770904941471 -0.3627282977104187 92160
1770904964661 -0.21576252579689026 97280
1770904988579 -0.05413356423377991 102400
1770905012407 0.014728061854839325 107520
1770905035327 0.10251303762197495 112640
1770905058114 0.2382967472076416 117760
1770905080831 0.28834253549575806 122880
1770905104071 0.3292139172554016 128000
1770905126565 0.4427335858345032 133120
1770905149969 0.572560727596283 138240
1770905172141 0.4749002456665039 143360
1770905194561 0.37086763978004456 148480
1770905216785 0.5141586661338806 153600
1770905240502 0.5293126106262207 158720
1770905263235 0.5512381792068481 163840
1770905285785 0.5392740964889526 168960
1770905308504 0.4756224751472473 174080
1770905331008 0.3778350353240967 179200
1770905353332 0.26178333163261414 184320
1770905376905 0.18329623341560364 189440
1770905399949 0.13455675542354584 194560
1770905422718 0.16347786784172058 199680
1770905445964 0.15923678874969482 204800
1770905468900 0.23135030269622803 209920
1770905491547 0.1999100148677826 215040
1770905514240 0.12019842863082886 220160
1770905536912 0.14966705441474915 225280
1770905559596 0.26888084411621094 230400
1770905582495 0.2754022181034088 235520
1770905605260 0.36195269227027893 240640
1770905627872 0.4553576409816742 245760
1770905650492 0.393348753452301 250880
1770905673304 0.4206836223602295 256000
1770905696022 0.533403754234314 261120
1770905718915 0.46429625153541565 266240
1770905741985 0.4322897493839264 271360
1770905764319 0.38819026947021484 276480
1770905786711 0.3494172692298889 281600
1770905809678 0.329793781042099 286720
1770905833096 0.3713521957397461 291840
1770905856229 0.3644292652606964 296960
1770905865356 0.2880971431732178 300032
