1770904630940 1.0405937433242798 5120
1770904648390 1.0667495727539062 10240
1770904665466 1.0706887245178223 15360
1770904682714 1.0812934637069702 20480
1770904699808 1.0804443359375 25600
1770904717059 1.0269930362701416 30720
1770904733956 1.0267380475997925 35840
1770904750978 1.042561650276184 40960
1770904768280 1.0512932538986206 46080
1770904786211 1.0625709295272827 51200
1770904803617 1.06668221950531 56320
1770904820732 1.0667972564697266 61440
1770904837969 1.0693477392196655 66560
1770904857559 1.077419400215149 71680
1770904877624 1.0819121599197388 76800
1770904897269 1.0844616889953613 81920
1770904919124 1.0898878574371338 87040
1770904941480 1.0921419858932495 92160
1770904964671 1.0889127254486084 97280
1770904988590 1.0904799699783325 102400
1770905012415 1.0944668054580688 107520
1770905035337 1.0999473333358765 112640
1770905058124 1.0973315238952637 117760
1770905080840 1.0993856191635132 122880
1770905104082 1.1000956296920776 128000
1770905126578 1.1003841161727905 133120
1770905149979 1.1046264171600342 138240
1770905172149 1.104109525680542 143360
1770905194570 1.1045769453048706 148480
1770905216798 1.1080909967422485 153600
1770905240510 1.1081066131591797 158720
1770905263245 1.1083459854125977 163840
1770905285796 1.1080600023269653 168960
1770905308517 1.1080743074417114 174080
1770905331018 1.1079190969467163 179200
1770905353342 1.1093194484710693 184320
1770905376915 1.1094772815704346 189440
1770905399958 1.109668493270874 194560
1770905422729 1.1089190244674683 199680
1770905445976 1.109670877456665 204800
1770905468913 1.107328176498413 209920
1770905491560 1.106552004814148 215040
1770905514250 1.106729507446289 220160
1770905536922 1.1067204475402832 225280
1770905559606 1.1099987030029297 230400
1770905582505 1.1116174459457397 235520
1770905605270 1.1125054359436035 240640
1770905627882 1.112483024597168 245760
1770905650505 1.112423062324524 250880
1770905673313 1.111141562461853 256000
1770905696032 1.1119537353515625 261120
1770905718926 1.1119805574417114 266240
1770905741997 1.1117156744003296 271360
1770905764334 1.1112582683563232 276480
1770905786724 1.1116878986358643 281600
1770905809689 1.1123230457305908 286720
1770905833110 1.1134204864501953 291840
1770905856245 1.114417314529419 296960
1770905865369 1.1147401332855225 300032
