1770904630940 0.2757510840892792 5120
1770904648390 0.27120354771614075 10240
1770904665466 0.2660335898399353 15360
1770904682714 0.26527735590934753 20480
1770904699808 0.2639816403388977 25600
1770904717059 0.24987433850765228 30720
1770904733956 0.2485361099243164 35840
1770904750978 0.25184255838394165 40960
1770904768280 0.2539953589439392 46080
1770904786211 0.25663384795188904 51200
1770904803617 0.2572621703147888 56320
1770904820732 0.2575255036354065 61440
1770904837969 0.2583574652671814 66560
1770904857559 0.2594793438911438 71680
1770904877624 0.2611005902290344 76800
1770904897269 0.26112329959869385 81920
1770904919124 0.26209014654159546 87040
1770904941480 0.26248353719711304 92160
1770904964671 0.26169705390930176 97280
1770904988590 0.26217153668403625 102400
1770905012415 0.2628325819969177 107520
1770905035337 0.26409465074539185 112640
1770905058124 0.2637445032596588 117760
1770905080840 0.2639503479003906 122880
1770905104082 0.2642704248428345 128000
1770905126578 0.2642674148082733 133120
1770905149979 0.26527339220046997 138240
1770905172149 0.26505059003829956 143360
1770905194570 0.2648129463195801 148480
1770905216798 0.2652682960033417 153600
1770905240510 0.2651134729385376 158720
1770905263245 0.26522600650787354 163840
1770905285796 0.26511240005493164 168960
1770905308517 0.2651227116584778 174080
1770905331018 0.2652208209037781 179200
1770905353342 0.2655615210533142 184320
1770905376915 0.2657286524772644 189440
1770905399958 0.26540008187294006 194560
1770905422729 0.2651520073413849 199680
1770905445976 0.2655024826526642 204800
1770905468913 0.2649460434913635 209920
1770905491560 0.2648412883281708 215040
1770905514250 0.2649080157279968 220160
1770905536922 0.264938622713089 225280
1770905559606 0.2655875086784363 230400
1770905582505 0.2658694088459015 235520
1770905605270 0.2659572958946228 240640
1770905627882 0.266045480966568 245760
1770905650505 0.26591193675994873 250880
1770905673313 0.2657088339328766 256000
1770905696032 0.2657449543476105 261120
1770905718926 0.2658677399158478 266240
1770905741997 0.26569080352783203 271360
1770905764334 0.26564541459083557 276480
1770905786724 0.2656940221786499 281600
1770905809689 0.2658660411834717 286720
1770905833110 0.2660873830318451 291840
1770905856245 0.2661876380443573 296960
1770905865369 0.26624608039855957 300032
