1770904630935 195.1837684396668 5120
1770904648385 167.71178375784717 10240
1770904665458 164.14135326576135 15360
1770904682709 153.3790682366708 20480
1770904699803 181.99704937950187 25600
1770904717054 131.40873488313804 30720
1770904733951 170.99368094908067 35840
1770904750971 164.1863305409849 40960
1770904768274 170.14741795464687 46080
1770904786206 167.2103332801786 51200
1770904803609 121.41214612400857 56320
1770904820726 123.60910055404928 61440
1770904837964 150.00014305128389 66560
1770904857552 96.72987246604092 71680
1770904877616 133.99048014567293 76800
1770904897262 130.67996011964107 81920
1770904919118 128.90478824758745 87040
1770904941471 97.09486550303255 92160
1770904964661 102.52515277438279 97280
1770904988579 64.70095332119828 102400
1770905012407 95.40531810840935 107520
1770905035327 128.11729488667604 112640
1770905058114 128.41933804843697 117760
1770905080831 116.29523651084124 122880
1770905104071 92.47925210565772 128000
1770905126565 94.11443701476462 133120
1770905149969 108.42757800584236 138240
1770905172141 130.24979814918328 143360
1770905194561 122.425685931115 148480
1770905216785 110.7611703813246 153600
1770905240502 116.61209964412811 158720
1770905263235 131.166275760703 163840
1770905285785 78.14842279815916 168960
1770905308504 108.86943882053679 174080
1770905331008 99.1373735463742 179200
1770905353332 93.73584230992715 184320
1770905376905 115.73367180817306 189440
1770905399949 116.12137320044297 194560
1770905422718 127.63386282027874 199680
1770905445964 99.24293116910773 204800
1770905468900 79.60039474683064 209920
1770905491547 72.12904557179708 215040
1770905514240 120.88724925063408 220160
1770905536912 130.19319592748946 225280
1770905559596 122.6010347549034 230400
1770905582495 92.38148099202678 235520
1770905605260 98.83368679014092 240640
1770905627872 102.02388655104473 245760
1770905650492 104.47105708877154 250880
1770905673304 128.34074844710995 256000
1770905696022 103.10735268811918 261120
1770905718915 100.11227802176819 266240
1770905741985 109.32631304574483 271360
1770905764319 108.40796071336263 276480
1770905786711 111.06325963193433 281600
1770905809678 103.13524146749288 286720
1770905833096 92.44460117696326 291840
1770905856229 122.73018288222384 296960
1770905865356 130.72068815059527 300032
