1770904630940 1.7719038724899292 5120
1770904648390 1.6522102355957031 10240
1770904665466 1.604201078414917 15360
1770904682714 1.596207618713379 20480
1770904699808 1.574285864830017 25600
1770904717059 1.4053620100021362 30720
1770904733956 1.3873134851455688 35840
1770904750978 1.417853593826294 40960
1770904768280 1.4350367784500122 46080
1770904786211 1.4612236022949219 51200
1770904803617 1.470461130142212 56320
1770904820732 1.4740279912948608 61440
1770904837969 1.4837439060211182 66560
1770904857559 1.495786428451538 71680
1770904877624 1.512375831604004 76800
1770904897269 1.511587381362915 81920
1770904919124 1.5184365510940552 87040
1770904941480 1.523773431777954 92160
1770904964671 1.5185297727584839 97280
1770904988590 1.5238920450210571 102400
1770905012415 1.5282950401306152 107520
1770905035337 1.539415717124939 112640
1770905058124 1.5371129512786865 117760
1770905080840 1.5391088724136353 122880
1770905104082 1.5428166389465332 128000
1770905126578 1.541995882987976 133120
1770905149979 1.5525225400924683 138240
1770905172149 1.5515676736831665 143360
1770905194570 1.5494911670684814 148480
1770905216798 1.5542455911636353 153600
1770905240510 1.5520411729812622 158720
1770905263245 1.5523146390914917 163840
1770905285796 1.5514907836914062 168960
1770905308517 1.551476001739502 174080
1770905331018 1.5530015230178833 179200
1770905353342 1.555277705192566 184320
1770905376915 1.5571541786193848 189440
1770905399958 1.5541493892669678 194560
1770905422729 1.5515327453613281 199680
1770905445976 1.5558395385742188 204800
1770905468913 1.5518767833709717 209920
1770905491560 1.5514017343521118 215040
1770905514250 1.5510205030441284 220160
1770905536922 1.5508050918579102 225280
1770905559606 1.5568159818649292 230400
1770905582505 1.5593115091323853 235520
1770905605270 1.5595418214797974 240640
1770905627882 1.5602539777755737 245760
1770905650505 1.5604041814804077 250880
1770905673313 1.5573625564575195 256000
1770905696032 1.5588362216949463 261120
1770905718926 1.5597290992736816 266240
1770905741997 1.5576558113098145 271360
1770905764334 1.5567461252212524 276480
1770905786724 1.5578558444976807 281600
1770905809689 1.5605058670043945 286720
1770905833110 1.562040090560913 291840
1770905856245 1.5626707077026367 296960
1770905865369 1.5630534887313843 300032
