1761853763642 0.0 5120
1761853821785 0.0 10240
1761853885090 0.0 15360
1761853946750 0.0 20480
1761854009878 0.0 25600
1761854070105 0.0 30720
1761854134028 0.0 35840
1761854197853 0.0 40960
1761854264117 0.0 46080
1761854323440 0.0 51200
1761854381878 0.0 56320
1761854444019 0.0 61440
1761854520198 0.0 66560
1761854584129 0.0 71680
1761854644970 0.0 76800
1761854715653 0.0 81920
1761854776385 0.0 87040
1761854840867 0.0 92160
1761854901599 0.0 97280
1761854966770 0.0 102400
1761855027839 0.0 107520
1761855090433 0.0 112640
1761855153148 0.0 117760
1761855228535 0.0 122880
1761855288995 0.0 128000
1761855349292 0.0 133120
1761855410345 0.0 138240
1761855480677 0.0 143360
1761855543123 0.0 148480
1761855604497 0.0 153600
1761855666163 0.0 158720
1761855737361 0.0 163840
1761855798763 0.0 168960
1761855861723 0.0 174080
1761855922555 0.0 179200
1761855989908 0.0 184320
1761856052249 0.0 189440
1761856117096 0.0 194560
1761856176880 0.0 199680
1761856238843 0.0 204800
1761856302043 0.0 209920
1761856367906 0.0 215040
1761856431432 0.0 220160
1761856494712 0.0 225280
1761856554292 0.0 230400
1761856616325 0.0 235520
1761856680859 0.0 240640
1761856742890 0.0 245760
1761856810235 0.0 250880
1761856870951 0.0 256000
1761856936065 0.0 261120
1761856997293 0.0 266240
1761857062640 0.0 271360
1761857123275 0.0 276480
1761857186993 0.0 281600
1761857248137 0.0 286720
1761857325346 0.0 291840
1761857388930 0.0 296960
1761857410221 0.0 300032
