1761853763642 55.35610135747583 5120
1761853821785 57.97801626323752 10240
1761853885090 56.72158265168361 15360
1761853946750 58.52422574990261 20480
1761854009878 59.7943219976705 25600
1761854070105 60.554807732345104 30720
1761854134028 61.80739143403504 35840
1761854197853 62.073708749649306 40960
1761854264117 61.93342327840497 46080
1761854323440 61.5314816717675 51200
1761854381878 62.40737819410234 56320
1761854444019 62.37409253078453 61440
1761854520198 62.70303813611467 66560
1761854584129 63.28674833241959 71680
1761854644970 63.74000475012009 76800
1761854715653 63.656990248824755 81920
1761854776385 63.91383548043394 87040
1761854840867 63.640614248443924 92160
1761854901599 63.533673354487135 97280
1761854966770 63.10311630831145 102400
1761855027839 63.00953087948848 107520
1761855090433 62.76944219037753 112640
1761855153148 62.86511915055755 117760
1761855228535 62.995892565627436 122880
1761855288995 63.52276375525451 128000
1761855349292 63.8491545296468 133120
1761855410345 63.77908254825193 138240
1761855480677 63.838212536891405 143360
1761855543123 63.9936009362506 148480
1761855604497 64.30285099308206 153600
1761855666163 64.28904841508889 158720
1761855737361 64.11927640374331 163840
1761855798763 64.12695841095815 168960
1761855861723 64.20509818892475 174080
1761855922555 63.90333150342291 179200
1761855989908 63.943509623942006 184320
1761856052249 63.986743182998616 189440
1761856117096 63.908303433122306 194560
1761856176880 63.98616496810689 199680
1761856238843 63.99397913435254 204800
1761856302043 64.08747320801729 209920
1761856367906 64.15762723386597 215040
1761856431432 64.3191003332605 220160
1761856494712 64.12966017951234 225280
1761856554292 63.95527911127523 230400
1761856616325 63.636157164882306 235520
1761856680859 63.49064912569907 240640
1761856742890 63.248726825653144 245760
1761856810235 63.01292608706608 250880
1761856870951 62.70801852320596 256000
1761856936065 62.45271473635358 261120
1761856997293 62.39986569545724 266240
1761857062640 62.228371737516795 271360
1761857123275 62.06723492773429 276480
1761857186993 62.01411950678573 281600
1761857248137 61.7827280397805 286720
1761857325346 61.65475078404227 291840
1761857388930 61.469034907426334 296960
1761857410221 61.433319951825496 300032
