1761853763642 0.2556964336837853 5120
1761853821785 0.2526037198873223 10240
1761853885090 0.24149534135791823 15360
1761853946750 0.188145020800339 20480
1761854009878 0.1440082981130795 25600
1761854070105 0.11166546533776474 30720
1761854134028 0.08977471790109774 35840
1761854197853 0.07207325929720726 40960
1761854264117 0.05829623445499979 46080
1761854323440 0.046909101942395066 51200
1761854381878 0.03694997433247642 56320
1761854444019 0.029283132792003428 61440
1761854520198 0.022752263424083253 66560
1761854584129 0.017065037342540005 71680
1761854644970 0.012378206967718484 76800
1761854715653 0.008346908875468137 81920
1761854776385 0.004483654812203503 87040
1761854840867 0.0014221046329252575 92160
1761854901599 -0.001579491897354205 97280
1761854966770 -0.004077902523985244 102400
1761855027839 -0.006493348960861696 107520
1761855090433 -0.008474015083102231 112640
1761855153148 -0.010365783199952103 117760
1761855228535 -0.0124992164676133 122880
1761855288995 -0.014459512056610708 128000
1761855349292 -0.01633936321255534 133120
1761855410345 -0.01733748209589402 138240
1761855480677 -0.01879006208326656 143360
1761855543123 -0.019950721824118795 148480
1761855604497 -0.021699154396946217 153600
1761855666163 -0.022417657260310576 158720
1761855737361 -0.023370928611837753 163840
1761855798763 -0.02434540458616398 168960
1761855861723 -0.02552420191250988 174080
1761855922555 -0.026256691406047607 179200
1761855989908 -0.02702969081810524 184320
1761856052249 -0.027764122632732022 189440
1761856117096 -0.028295707897893315 194560
1761856176880 -0.02900135304836704 199680
1761856238843 -0.029657183621633058 204800
1761856302043 -0.03019555897728052 209920
1761856367906 -0.030461720578421548 215040
1761856431432 -0.03001375280178574 220160
1761856494712 -0.024091917655705973 225280
1761856554292 -0.018103526931911005 230400
1761856616325 -0.012703143459738555 235520
1761856680859 -0.007296570199205343 240640
1761856742890 -0.00220847185765741 245760
1761856810235 0.002682426199397493 250880
1761856870951 0.0074655615847984405 256000
1761856936065 0.01174121540020596 261120
1761856997293 0.016311390881123884 266240
1761857062640 0.02063409804045852 271360
1761857123275 0.024323823780476376 276480
1761857186993 0.02843712985070862 281600
1761857248137 0.0318516002244356 286720
1761857325346 0.035412276404333094 291840
1761857388930 0.038521364854991746 296960
1761857410221 0.04007974305718757 300032
