1761853763618 21.974193366368613 5120
1761853821780 8.846221368963068 10240
1761853885085 5.312099581956863 15360
1761853946745 3.2811710153307234 20480
1761854009872 2.604808592796326 25600
1761854070100 2.444026247147591 30720
1761854134019 2.216782901022169 35840
1761854197847 1.965761007913729 40960
1761854264113 1.6660178816836813 46080
1761854323432 1.4702028344659246 51200
1761854381873 1.314593198469707 56320
1761854444014 1.1373821727565077 61440
1761854520192 1.0656966577876696 66560
1761854584124 0.9373984041348309 71680
1761854644964 0.828503205901698 76800
1761854715648 0.745430345888491 81920
1761854776380 0.6819182465242786 87040
1761854840862 0.6025033801466554 92160
1761854901594 0.5294908247888088 97280
1761854966764 0.47846684668323786 102400
1761855027835 0.42429302503477856 107520
1761855090424 0.3909548793827091 112640
1761855153143 0.3333489985301577 117760
1761855228529 0.30854787274825674 122880
1761855288990 0.272739237925363 128000
1761855349283 0.2489431331175884 133120
1761855410339 0.2245071038603783 138240
1761855480671 0.210770121111092 143360
1761855543117 0.1884472661638913 148480
1761855604491 0.16762748751419268 153600
1761855666157 0.15245152727151529 158720
1761855737356 0.14543385068822354 163840
1761855798757 0.13453971025455427 168960
1761855861718 0.11979979694935314 174080
1761855922549 0.11042452671311119 179200
1761855989902 0.10075226119868663 184320
1761856052242 0.09562793476607209 189440
1761856117090 0.08863361574592392 194560
1761856176873 0.08490979026774971 199680
1761856238837 0.07621677704711459 204800
1761856302033 0.07046965531353812 209920
1761856367895 0.06954081290141101 215040
1761856431426 0.0620474566464071 220160
1761856494706 0.13066079325266014 225280
1761856554285 0.18176760620775476 230400
1761856616318 0.8513259341706446 235520
1761856680853 0.22539219280420722 240640
1761856742883 0.21028088009703705 245760
1761856810228 0.2330551800689077 250880
1761856870943 0.25776920014643573 256000
1761856936055 0.2597324538975954 261120
1761856997281 0.26264336501958274 266240
1761857062632 0.2709403582981655 271360
1761857123268 0.2771499954026564 276480
1761857186986 0.28882548238920125 281600
1761857248130 0.300554295875848 286720
1761857325338 0.29122736470682636 291840
1761857388921 0.31085980700463367 296960
1761857410214 0.1225895124897615 300032
