1761853763642 3.4420913780591764 5120
1761853821785 3.449431311164429 10240
1761853885090 3.3556128146839264 15360
1761853946750 2.9649321909400337 20480
1761854009878 2.6114229884438815 25600
1761854070105 2.3604991549416274 30720
1761854134028 2.1947747447334405 35840
1761854197853 2.045805924280739 40960
1761854264117 1.9260009232071909 46080
1761854323440 1.8187001653259844 51200
1761854381878 1.751512511216832 56320
1761854444019 1.6830636553289766 61440
1761854520198 1.6357812100551266 66560
1761854584129 1.6005568592450772 71680
1761854644970 1.5718534307822793 76800
1761854715653 1.5354710887402505 81920
1761854776385 1.5078622477316015 87040
1761854840867 1.478454422547753 92160
1761854901599 1.4530693877363814 97280
1761854966770 1.424046096251942 102400
1761855027839 1.4016301520240892 107520
1761855090433 1.3799986393543897 112640
1761855153148 1.3674195030008707 117760
1761855228535 1.3527516301348137 122880
1761855288995 1.3462059856837707 128000
1761855349292 1.3351997978854764 133120
1761855410345 1.3256332312403263 138240
1761855480677 1.3143478986541797 143360
1761855543123 1.3084704863980159 148480
1761855604497 1.2978061756975263 153600
1761855666163 1.2923163694655135 158720
1761855737361 1.2809631433177024 163840
1761855798763 1.273827295643518 168960
1761855861723 1.2652342453170942 174080
1761855922555 1.2525828840315096 179200
1761855989908 1.2485713237379 184320
1761856052249 1.2425357260241734 189440
1761856117096 1.2375564933645313 194560
1761856176880 1.2349967969360096 199680
1761856238843 1.2289263731549154 204800
1761856302043 1.228482698027028 209920
1761856367906 1.2304420547978878 215040
1761856431432 1.2384421865222806 220160
1761856494712 1.2841995008240994 225280
1761856554292 1.3300665283537034 230400
1761856616325 1.3677340179933108 235520
1761856680859 1.4090813264795872 240640
1761856742890 1.4451288974245398 245760
1761856810235 1.483631610894144 250880
1761856870951 1.5176788056360084 256000
1761856936065 1.54937741424675 261120
1761856997293 1.5868133044212769 266240
1761857062640 1.6194239947911897 271360
1761857123275 1.6497282856672575 276480
1761857186993 1.6835915724781956 281600
1761857248137 1.707696551921522 286720
1761857325346 1.734960495862312 291840
1761857388930 1.7558456887848852 296960
1761857410221 1.767624093697807 300032
