1761853763642 0.893646408839779 5120
1761853821785 0.8793494704992436 10240
1761853885090 0.8493011435832274 15360
1761853946750 0.7489287105570706 20480
1761854009878 0.6658207771609833 25600
1761854070105 0.6027981345769488 30720
1761854134028 0.5664807066480707 35840
1761854197853 0.5319322587227097 40960
1761854264117 0.5023099918470876 46080
1761854323440 0.4755159854309996 51200
1761854381878 0.4590710422994296 56320
1761854444019 0.44292484766418416 61440
1761854520198 0.43055381922740343 66560
1761854584129 0.42239766081871344 71680
1761854644970 0.4163601427395004 76800
1761854715653 0.40726469379367036 81920
1761854776385 0.39984502130956995 87040
1761854840867 0.3920054819552307 92160
1761854901599 0.3841778697001034 97280
1761854966770 0.3762468954847115 102400
1761855027839 0.370189701897019 107520
1761855090433 0.36438305709023944 112640
1761855153148 0.3615270518434807 117760
1761855228535 0.3573484104682263 122880
1761855288995 0.3567339461546011 128000
1761855349292 0.3548539857932123 133120
1761855410345 0.3527978311858418 138240
1761855480677 0.34967003959524856 143360
1761855543123 0.34794567159100576 148480
1761855604497 0.3453756828725945 153600
1761855666163 0.34460736049389284 158720
1761855737361 0.3412947346770876 163840
1761855798763 0.33943626839610874 168960
1761855861723 0.3370036057401447 174080
1761855922555 0.33384889388826394 179200
1761855989908 0.33213341839059507 184320
1761856052249 0.33052631578947367 189440
1761856117096 0.3292241379310345 194560
1761856176880 0.3279714405711886 199680
1761856238843 0.32673997174273606 204800
1761856302043 0.3259579060982191 209920
1761856367906 0.3263694815220153 215040
1761856431432 0.32763957354121287 220160
1761856494712 0.3393507196594919 225280
1761856554292 0.3502562138701971 230400
1761856616325 0.35933886061986264 235520
1761856680859 0.3687094473533147 240640
1761856742890 0.3773039515745086 245760
1761856810235 0.385442817004439 250880
1761856870951 0.3931983621474067 256000
1761856936065 0.40002224906236095 261120
1761856997293 0.4080929899188208 266240
1761857062640 0.4155370336447457 271360
1761857123275 0.4217471312517766 276480
1761857186993 0.429396040185653 281600
1761857248137 0.434855225836177 286720
1761857325346 0.4408295308460593 291840
1761857388930 0.44564253243153346 296960
1761857410221 0.4483294804051079 300032
