1761853763642 6.035534937737396 5120
1761853821785 5.771556213655919 10240
1761853885090 5.537547680322824 15360
1761853946750 4.378481510134119 20480
1761854009878 3.431310707836469 25600
1761854070105 2.7225654042934595 30720
1761854134028 2.2618020716959353 35840
1761854197853 1.8802592132169844 40960
1761854264117 1.5695627939766954 46080
1761854323440 1.3275396617980488 51200
1761854381878 1.1187811207970881 56320
1761854444019 0.9548049330146392 61440
1761854520198 0.8116579235814664 66560
1761854584129 0.687677463509186 71680
1761854644970 0.5890410859670542 76800
1761854715653 0.49858110528201954 81920
1761854776385 0.4145270899625214 87040
1761854840867 0.3431304501201966 92160
1761854901599 0.2770914061650536 97280
1761854966770 0.21905922717892004 102400
1761855027839 0.16646162366110182 107520
1761855090433 0.1217589611243148 112640
1761855153148 0.08477572698279245 117760
1761855228535 0.03673026903741841 122880
1761855288995 -0.0004813600995830833 128000
1761855349292 -0.03940567961996149 133120
1761855410345 -0.06577256213242814 138240
1761855480677 -0.0952701931108843 143360
1761855543123 -0.12033847969248361 148480
1761855604497 -0.15638993599113293 153600
1761855666163 -0.16877915370127752 158720
1761855737361 -0.1899682051946184 163840
1761855798763 -0.21173633314719312 168960
1761855861723 -0.2384833743512635 174080
1761855922555 -0.2566599961653782 179200
1761855989908 -0.27305609906348777 184320
1761856052249 -0.2893417907461235 189440
1761856117096 -0.30025521833321145 194560
1761856176880 -0.3142887209604288 199680
1761856238843 -0.3277416618239844 204800
1761856302043 -0.3395350636313371 209920
1761856367906 -0.3449628296879528 215040
1761856431432 -0.33798660879045117 220160
1761856494712 -0.20563090370316806 225280
1761856554292 -0.08015856765554238 230400
1761856616325 0.032998761956650934 235520
1761856680859 0.14089861011858482 240640
1761856742890 0.246264910735233 245760
1761856810235 0.3462603292722223 250880
1761856870951 0.4450723325944328 256000
1761856936065 0.5330160642775097 261120
1761856997293 0.6251009010578016 266240
1761857062640 0.7142372458323372 271360
1761857123275 0.7901189835209498 276480
1761857186993 0.8753082482867036 281600
1761857248137 0.9467426895324611 286720
1761857325346 1.019069672520041 291840
1761857388930 1.0823491944588925 296960
1761857410221 1.1139277700861347 300032
