1769376477027 25.243831634521484 5120
1769376567638 24.643918991088867 10240
1769376662367 24.8367862701416 15360
1769376773126 24.971437454223633 20480
1769376876376 24.708036422729492 25600
1769376973297 24.686620712280273 30720
1769377070478 24.64223861694336 35840
1769377169425 24.621212005615234 40960
1769377272979 24.768798828125 46080
1769377379795 24.83651351928711 51200
1769377486220 24.847383499145508 56320
1769377592762 24.822694778442383 61440
1769377698989 24.868724822998047 66560
1769377805430 24.85947608947754 71680
1769377911904 24.810077667236328 76800
1769378018571 24.810020446777344 81920
1769378124923 24.87215232849121 87040
1769378231397 24.922941207885742 92160
1769378337554 24.93682289123535 97280
1769378443697 24.90813446044922 102400
1769378549986 24.872838973999023 107520
1769378656494 24.868316650390625 112640
1769378762941 24.840208053588867 117760
1769378869457 24.823095321655273 122880
1769378975893 24.817440032958984 128000
1769379082292 24.843828201293945 133120
1769379188432 24.8594913482666 138240
1769379295030 24.86632537841797 143360
1769379401285 24.857582092285156 148480
1769379498953 24.885475158691406 153600
1769379607756 24.899166107177734 158720
1769379713419 24.876291275024414 163840
1769379824460 24.940568923950195 168960
1769379934567 24.930118560791016 174080
1769380044469 24.911378860473633 179200
1769380154418 24.91034698486328 184320
1769380264787 24.93206024169922 189440
1769380375142 24.90291976928711 194560
1769380474689 24.901914596557617 199680
1769380565741 24.91351318359375 204800
1769380656931 24.917118072509766 209920
1769380747370 24.908544540405273 215040
1769380837900 24.928611755371094 220160
1769380928328 24.920305252075195 225280
1769381018685 24.891040802001953 230400
1769381109526 24.903133392333984 235520
1769381200090 24.891597747802734 240640
1769381294685 24.871545791625977 245760
