1769376477027 1.1656148433685303 5120
1769376567638 1.1505277156829834 10240
1769376662367 1.1586005687713623 15360
1769376773126 1.1660953760147095 20480
1769376876376 1.1560484170913696 25600
1769376973297 1.1572927236557007 30720
1769377070478 1.1561251878738403 35840
1769377169425 1.1582061052322388 40960
1769377272979 1.1657203435897827 46080
1769377379795 1.167607307434082 51200
1769377486220 1.168807029724121 56320
1769377592762 1.1670689582824707 61440
1769377698989 1.169540524482727 66560
1769377805430 1.1690315008163452 71680
1769377911904 1.1667717695236206 76800
1769378018571 1.1654095649719238 81920
1769378124923 1.1680546998977661 87040
1769378231397 1.1711643934249878 92160
1769378337554 1.171148657798767 97280
1769378443697 1.1685680150985718 102400
1769378549986 1.166442632675171 107520
1769378656494 1.1665211915969849 112640
1769378762941 1.1655555963516235 117760
1769378869457 1.1652740240097046 122880
1769378975893 1.1653350591659546 128000
1769379082292 1.1664897203445435 133120
1769379188432 1.1679472923278809 138240
1769379295030 1.1678112745285034 143360
1769379401285 1.168001651763916 148480
1769379498953 1.1688311100006104 153600
1769379607756 1.1693202257156372 158720
1769379713419 1.1689375638961792 163840
1769379824460 1.1713695526123047 168960
1769379934567 1.1710668802261353 174080
1769380044469 1.170386791229248 179200
1769380154418 1.1701959371566772 184320
1769380264787 1.1710628271102905 189440
1769380375142 1.1700961589813232 194560
1769380474689 1.1699148416519165 199680
1769380565741 1.1708241701126099 204800
1769380656931 1.1712323427200317 209920
1769380747370 1.1708858013153076 215040
1769380837900 1.1718381643295288 220160
1769380928328 1.1712672710418701 225280
1769381018685 1.170050859451294 230400
1769381109526 1.170524001121521 235520
1769381200090 1.1695444583892822 240640
1769381294685 1.1688300371170044 245760
