1769376477021 21.451095581054688 5120
1769376567632 19.419570922851562 10240
1769376662360 18.255264282226562 15360
1769376773120 16.98563575744629 20480
1769376876366 15.641718864440918 25600
1769376973290 14.80577564239502 30720
1769377070470 14.075657844543457 35840
1769377169419 14.149740219116211 40960
1769377272969 13.777287483215332 46080
1769377379788 12.904690742492676 51200
1769377486213 12.313053131103516 56320
1769377592755 11.977198600769043 61440
1769377698982 11.215547561645508 66560
1769377805419 10.482595443725586 71680
1769377911895 10.549141883850098 76800
1769378018564 9.882157325744629 81920
1769378124916 9.860279083251953 87040
1769378231390 9.503782272338867 92160
1769378337544 9.346034049987793 97280
1769378443690 9.18840503692627 102400
1769378549979 8.978296279907227 107520
1769378656487 8.945866584777832 112640
1769378762933 9.132404327392578 117760
1769378869446 9.127047538757324 122880
1769378975886 8.71949577331543 128000
1769379082285 8.831780433654785 133120
1769379188424 8.780096054077148 138240
1769379295023 9.039240837097168 143360
1769379401278 9.084467887878418 148480
1769379498944 9.245888710021973 153600
1769379607748 9.162030220031738 158720
1769379713412 9.139843940734863 163840
1769379824448 9.090139389038086 168960
1769379934558 9.217620849609375 174080
1769380044461 8.9600830078125 179200
1769380154409 9.206509590148926 184320
1769380264777 8.941380500793457 189440
1769380375134 9.150541305541992 194560
1769380474682 9.095438003540039 199680
1769380565731 9.171290397644043 204800
1769380656922 9.382085800170898 209920
1769380747362 9.985574722290039 215040
1769380837893 9.705477714538574 220160
1769380928316 9.77610969543457 225280
1769381018678 9.79150104522705 230400
1769381109518 9.890872955322266 235520
1769381200082 9.87300968170166 240640
1769381294677 9.897397994995117 245760
