1769376477027 0.3249187171459198 5120
1769376567638 0.3234962522983551 10240
1769376662367 0.3201107084751129 15360
1769376773126 0.3199499547481537 20480
1769376876376 0.31484225392341614 25600
1769376973297 0.3163395822048187 30720
1769377070478 0.3160559833049774 35840
1769377169425 0.3166058361530304 40960
1769377272979 0.32040759921073914 46080
1769377379795 0.32119500637054443 51200
1769377486220 0.3214234709739685 56320
1769377592762 0.3207208216190338 61440
1769377698989 0.3211791515350342 66560
1769377805430 0.32140958309173584 71680
1769377911904 0.320992112159729 76800
1769378018571 0.3203630745410919 81920
1769378124923 0.32196322083473206 87040
1769378231397 0.32286596298217773 92160
1769378337554 0.322211891412735 97280
1769378443697 0.32168012857437134 102400
1769378549986 0.3213145136833191 107520
1769378656494 0.3212243318557739 112640
1769378762941 0.32036012411117554 117760
1769378869457 0.31998080015182495 122880
1769378975893 0.3199244439601898 128000
1769379082292 0.3200856149196625 133120
1769379188432 0.3201325535774231 138240
1769379295030 0.319961816072464 143360
1769379401285 0.31992122530937195 148480
1769379498953 0.3206310570240021 153600
1769379607756 0.32090386748313904 158720
1769379713419 0.32117992639541626 163840
1769379824460 0.32250818610191345 168960
1769379934567 0.3222725987434387 174080
1769380044469 0.3224390745162964 179200
1769380154418 0.32233503460884094 184320
1769380264787 0.32229068875312805 189440
1769380375142 0.3218950629234314 194560
1769380474689 0.32193222641944885 199680
1769380565741 0.3219723701477051 204800
1769380656931 0.3221455216407776 209920
1769380747370 0.32213640213012695 215040
1769380837900 0.32213032245635986 220160
1769380928328 0.32178786396980286 225280
1769381018685 0.321252703666687 230400
1769381109526 0.3217935264110565 235520
1769381200090 0.32119283080101013 240640
1769381294685 0.32092440128326416 245760
