1769376477027 2.2296979427337646 5120
1769376567638 2.2516016960144043 10240
1769376662367 2.213534116744995 15360
1769376773126 2.2085373401641846 20480
1769376876376 2.1681199073791504 25600
1769376973297 2.1816656589508057 30720
1769377070478 2.1805498600006104 35840
1769377169425 2.183429479598999 40960
1769377272979 2.2160637378692627 46080
1769377379795 2.223754644393921 51200
1769377486220 2.225130796432495 56320
1769377592762 2.219186305999756 61440
1769377698989 2.2207224369049072 66560
1769377805430 2.2239553928375244 71680
1769377911904 2.222968101501465 76800
1769378018571 2.2172465324401855 81920
1769378124923 2.2309553623199463 87040
1769378231397 2.236635684967041 92160
1769378337554 2.229623794555664 97280
1769378443697 2.2246556282043457 102400
1769378549986 2.223724126815796 107520
1769378656494 2.2226126194000244 112640
1769378762941 2.2136166095733643 117760
1769378869457 2.2113046646118164 122880
1769378975893 2.210935592651367 128000
1769379082292 2.210258960723877 133120
1769379188432 2.2089476585388184 138240
1769379295030 2.207127332687378 143360
1769379401285 2.206399917602539 148480
1769379498953 2.213243007659912 153600
1769379607756 2.2150866985321045 158720
1769379713419 2.218413829803467 163840
1769379824460 2.229050397872925 168960
1769379934567 2.226005792617798 174080
1769380044469 2.228039264678955 179200
1769380154418 2.2275192737579346 184320
1769380264787 2.2265307903289795 189440
1769380375142 2.2242653369903564 194560
1769380474689 2.2242579460144043 199680
1769380565741 2.22438907623291 204800
1769380656931 2.225923776626587 209920
1769380747370 2.2264041900634766 215040
1769380837900 2.225121021270752 220160
1769380928328 2.222815752029419 225280
1769381018685 2.2190144062042236 230400
1769381109526 2.2243707180023193 235520
1769381200090 2.2188682556152344 240640
1769381294685 2.2169549465179443 245760
