1758828674643 402.6858793218085 8192
1758828676774 409.9389313587513 16384
1758828707267 410.0673150740607 24576
1758828709152 411.4007226999441 32768
1758828740199 411.9467737796533 40960
1758828742450 412.0300547928709 49152
1758828771750 412.8265682177312 57344
1758828774437 412.881956649092 65536
1758828801512 413.2931014073929 73728
1758828806783 413.2449159676276 81920
1758828831863 412.91349964948233 90112
1758828837757 413.3478621680539 98304
1758828863080 413.8069278281995 106496
1758828869187 413.46969608135765 114688
1758828893628 413.41331465379704 122880
1758828900964 413.33393138210164 131072
1758828924424 413.26836324257425 139264
1758828931939 413.4809726306643 147456
1758828955417 413.5184114979706 155648
1758828962432 413.55716854118924 163840
1758828985788 413.69791726546333 172032
1758828995328 413.829306138834 180224
1758829016125 413.95531082554106 188416
1758829028065 414.13693515184326 196608
1758829046542 414.07460370280734 204800
1758829059464 414.1334281273286 212992
1758829076470 413.92462042546026 221184
1758829090127 413.91019685550935 229376
1758829107257 413.8406006738093 237568
1758829120899 413.950120727144 245760
1758829139278 413.94229513209393 253952
1758829154103 413.80616771947797 262144
1758829171100 413.6780311050151 270336
1758829184984 413.73293490011434 278528
1758829201888 413.76941595336484 286720
1758829216570 413.70056886316036 294912
1758829233042 413.6757278311966 303104
1758829248065 413.72738115718215 311296
1758829264802 413.8478455804379 319488
1758829279418 413.85680124695864 327680
1758829295609 413.821114293346 335872
1758829311971 413.78981743811954 344064
1758829327069 413.8820563374299 352256
1758829343902 413.92085357162625 360448
1758829357659 413.9606689347391 368640
1758829375191 414.04077396716104 376832
1758829388704 414.01044447540306 385024
1758829407796 413.9603628648477 393216
1758829418781 413.883236120784 401408
1758829439130 413.8798771456088 409600
1758829449604 413.8728635127868 417792
1758829470538 413.9216655142509 425984
1758829480761 413.9274146943141 434176
1758829502141 413.89347636492954 442368
1758829511453 413.8736018424087 450560
1758829533978 413.8939589231272 458752
1758829542119 413.8445823479368 466944
1758829565482 413.8860038173558 475136
1758829574316 413.8676608771404 483328
1758829596081 413.87213280010576 491520
1758829605377 413.9570598517585 499712
1758829627290 413.8944192825222 507904
1758829636851 413.91706537481593 516096
1758829658252 413.9392103813802 524288
1758829668402 413.8360431695221 532480
1758829688889 413.8109891997298 540672
1758829699527 413.80364628900554 548864
1758829719491 413.8781818518552 557056
1758829729838 413.92733957455846 565248
1758829750410 413.9804225407405 573440
1758829761246 413.91653969315604 581632
1758829780953 413.89133862525875 589824
1758829792144 413.9538362728778 598016
1758829811689 413.9682082281249 606208
1758829822694 413.94196984843796 614400
1758829842619 413.9204627664705 622592
1758829853867 413.9797753577775 630784
1758829874776 413.9982239423438 638976
