1758828674643 0.0 8192
1758828676774 0.0 16384
1758828707267 0.0 24576
1758828709152 0.0 32768
1758828740199 0.0 40960
1758828742450 0.0 49152
1758828771750 0.0 57344
1758828774437 0.0 65536
1758828801512 0.0 73728
1758828806783 0.0 81920
1758828831863 0.0 90112
1758828837757 0.0 98304
1758828863080 0.0 106496
1758828869187 0.0 114688
1758828893628 0.0 122880
1758828900964 0.0 131072
1758828924424 0.0 139264
1758828931939 0.0 147456
1758828955417 0.0 155648
1758828962432 0.0 163840
1758828985788 0.0 172032
1758828995328 0.0 180224
1758829016125 0.0 188416
1758829028065 0.0 196608
1758829046542 0.0 204800
1758829059464 0.0 212992
1758829076470 0.0 221184
1758829090127 0.0 229376
1758829107257 0.0 237568
1758829120899 0.0 245760
1758829139278 0.0 253952
1758829154103 0.0 262144
1758829171100 0.0 270336
1758829184984 0.0 278528
1758829201888 0.0 286720
1758829216570 0.0 294912
1758829233042 0.0 303104
1758829248065 0.0 311296
1758829264802 0.0 319488
1758829279418 0.0 327680
1758829295609 0.0 335872
1758829311971 0.0 344064
1758829327069 0.0 352256
1758829343902 0.0 360448
1758829357659 0.0 368640
1758829375191 0.0 376832
1758829388704 0.0 385024
1758829407796 0.0 393216
1758829418781 0.0 401408
1758829439130 0.0 409600
1758829449604 0.0 417792
1758829470538 0.0 425984
1758829480761 0.0 434176
1758829502141 0.0 442368
1758829511453 0.0 450560
1758829533978 0.0 458752
1758829542119 0.0 466944
1758829565482 0.0 475136
1758829574316 0.0 483328
1758829596081 0.0 491520
1758829605377 0.0 499712
1758829627290 0.0 507904
1758829636851 0.0 516096
1758829658252 0.0 524288
1758829668402 0.0 532480
1758829688889 0.0 540672
1758829699527 0.0 548864
1758829719491 0.0 557056
1758829729838 0.0 565248
1758829750410 0.0 573440
1758829761246 0.0 581632
1758829780953 0.0 589824
1758829792144 0.0 598016
1758829811689 0.0 606208
1758829822694 0.0 614400
1758829842619 0.0 622592
1758829853867 0.0 630784
1758829874776 0.0 638976
