1758828674641 5.975919787089031 8192
1758828676771 2.127386584281921 16384
1758828707263 1.56298268863133 24576
1758828709149 1.1129282606972586 32768
1758828740196 1.036020768772472 40960
1758828742445 0.7851484922262338 49152
1758828771747 0.6422234551111856 57344
1758828774433 0.5766098681618185 65536
1758828801509 0.46808454237486186 73728
1758828806779 0.4663334460485549 81920
1758828831860 0.4159758111704951 90112
1758828837754 0.3612266454696655 98304
1758828863077 0.33617414103613963 106496
1758828869182 0.27892563836327916 114688
1758828893625 0.2741497362813642 122880
1758828900960 0.25992347760633994 131072
1758828924421 0.2331396756853376 139264
1758828931935 0.21357767581939696 147456
1758828955414 0.19852523436913122 155648
1758828962428 0.19546860136636876 163840
1758828985784 0.1801798149596813 172032
1758828995324 0.17893069638146294 180224
1758829016121 0.16548764452021172 188416
1758829028059 0.16054156361793986 196608
1758829046536 0.15932974347881246 204800
1758829059458 0.14873932667498319 212992
1758829076466 0.14514827338131991 221184
1758829090120 0.13249692289452805 229376
1758829107252 0.12372929080057951 237568
1758829120894 0.13467938899993895 245760
1758829139273 0.13075296689593605 253952
1758829154098 0.11202253598433275 262144
1758829171095 0.12376494763502435 270336
1758829184980 0.12036279318989188 278528
1758829201883 0.10733720282433738 286720
1758829216566 0.10636386316116542 294912
1758829233035 0.10337920220692952 303104
1758829248061 0.10004931518009731 311296
1758829264798 0.1036669169800191 319488
1758829279411 0.10490358199602293 327680
1758829295602 0.09301445685237286 335872
1758829311967 0.09825486940496107 344064
1758829327065 0.08953173187957414 352256
1758829343898 0.08857555764444759 360448
1758829357651 0.08413272244589669 368640
1758829375187 0.0832634884824035 376832
1758829388700 0.07563914424494694 385024
1758829407791 0.08507087722267073 393216
1758829418773 0.07052402231428358 401408
1758829439121 0.07709047322226042 409600
1758829449599 0.07456272967810769 417792
1758829470533 0.07176652181716192 425984
1758829480756 0.07259882053482199 434176
1758829502137 0.07092222751827415 442368
1758829511448 0.07060870071789166 450560
1758829533973 0.06991921758229754 458752
1758829542114 0.07204550162605618 466944
1758829565473 0.07018357280992035 475136
1758829574310 0.0720962981216046 483328
1758829596074 0.06610873080482167 491520
1758829605372 0.06445163905135984 499712
1758829627284 0.061514193534851075 507904
1758829636841 0.06244203162005567 516096
1758829658247 0.06223388531411341 524288
1758829668396 0.06496014868030112 532480
1758829688881 0.06378933899384692 540672
1758829699519 0.06335111812308983 548864
1758829719485 0.059702277009504555 557056
1758829729832 0.06021575790515049 565248
1758829750403 0.063748048890567 573440
1758829761240 0.05613943146658944 581632
1758829780943 0.05490875277025946 589824
1758829792136 0.05507245631445022 598016
1758829811682 0.05710006592257712 606208
1758829822688 0.054963952973978415 614400
1758829842614 0.05815681164560755 622592
1758829853861 0.053853549342001636 630784
1758829874769 0.05138251811835417 638976
