1758828674641 97.1758491265465 8192
1758828676771 151.1951263472838 16384
1758828707263 75.9108826670045 24576
1758828709149 124.55985507676773 32768
1758828740196 77.12811459884887 40960
1758828742445 137.47309078990494 49152
1758828771747 116.80369823721072 57344
1758828774433 146.8593837535014 65536
1758828801509 87.74143882183127 73728
1758828806779 196.79557077839817 81920
1758828831860 161.28836762161123 90112
1758828837754 95.26230439028822 98304
1758828863077 142.91617827449912 106496
1758828869182 114.01283027074047 114688
1758828893625 87.30494150951252 122880
1758828900960 137.14943430776273 131072
1758828924421 209.6418253611236 139264
1758828931935 173.13233715842483 147456
1758828955414 122.78766942826195 155648
1758828962428 103.52727452238732 163840
1758828985784 83.78721109091272 172032
1758828995324 90.97483949331945 180224
1758829016121 32.33301984243228 188416
1758829028059 87.73409751710001 196608
1758829046536 166.02557099315203 204800
1758829059458 162.30570389288755 212992
1758829076466 102.25769802764707 221184
1758829090120 106.88575724369919 229376
1758829107252 131.8756170413457 237568
1758829120894 108.66072538860104 245760
1758829139273 83.44548782428777 253952
1758829154098 78.1950446503477 262144
1758829171095 120.01900020030331 270336
1758829184980 181.60304814686526 278528
1758829201883 260.17641585509585 286720
1758829216566 99.56568390067892 294912
1758829233035 128.7662788198815 303104
1758829248061 43.371703927367484 311296
1758829264798 109.72672334859385 319488
1758829279411 89.9987983864046 327680
1758829295602 103.5196090529901 335872
1758829311967 40.89809370581639 344064
1758829327065 111.05443761914849 352256
1758829343898 104.17266472940416 360448
1758829357651 62.53528350553891 368640
1758829375187 182.50387259594464 376832
1758829388700 61.90671862085252 385024
1758829407791 86.01759602961383 393216
1758829418773 38.852696518887676 401408
1758829439121 103.82711587494121 409600
1758829449599 135.5844189429449 417792
1758829470533 94.00475144560491 425984
1758829480756 74.79810967454303 434176
1758829502137 95.45308481827905 442368
1758829511448 153.3790682366708 450560
1758829533973 202.9272824035996 458752
1758829542114 110.66473180127173 466944
1758829565473 111.45874412053892 475136
1758829574310 109.85029595097166 483328
1758829596074 64.78189821607846 491520
1758829605372 91.44491682473237 499712
1758829627284 95.60974720189655 507904
1758829636841 123.25675159422845 516096
1758829658247 97.12184504237484 524288
1758829668396 49.183892680409954 532480
1758829688881 117.06776822596852 540672
1758829699519 94.48333032978915 548864
1758829719485 121.39106274600601 557056
1758829729832 142.80912495743956 565248
1758829750403 170.50709378430017 573440
1758829761240 167.13703925084678 581632
1758829780943 138.06135615536536 589824
1758829792136 136.02412842549052 598016
1758829811682 152.07222363221058 606208
1758829822688 103.0237767734329 614400
1758829842614 211.02354598510766 622592
1758829853861 45.22599497525366 630784
1758829874769 93.25234559117791 638976
