1758741856387 402.0217179008152 256
1758741856432 397.68625057444854 512
1758741856484 396.0908924449574 768
1758741857786 394.93748692103793 1024
1758741858307 402.6691068761489 1280
1758741858397 406.93881341475475 1536
1758741858528 408.3259250217014 1792
1758741859670 407.4356411471225 2048
1758741860538 405.6401129528484 2304
1758741860704 407.782662109375 2560
1758741860787 405.1703937587453 2816
1758741861796 405.85057078394397 3072
1758741862462 404.0865368965345 3328
1758741862754 401.96969549005684 3584
1758741862865 402.79734802246094 3840
1758741863757 401.9283158497144 4096
1758741864371 402.8688667413547 4352
1758741864717 403.41666550409224 4608
1758741865032 403.97662104956163 4864
1758741865851 404.7002864723042 5120
1758741866625 403.6714497550589 5376
1758741866789 403.67516371783086 5632
1758741867153 402.399372604658 5888
1758741867781 401.6992762468863 6144
1758741868627 401.196284809179 6400
1758741868675 400.912487425533 6656
1758741869600 400.6446968888163 6912
1758741869776 400.6014510444973 7168
1758741870544 400.0810818142361 7424
1758741870753 401.2932369508605 7680
1758741871729 401.3618911571717 7936
1758741871807 400.91394905422044 8192
1758741872522 401.3056286331217 8448
1758741872764 401.30306842930787 8704
1758741873617 401.8428211778697 8960
1758741873820 402.11498377873346 9216
1758741874576 402.56658935546875 9472
1758741874970 401.8662880637429 9728
1758741875679 401.1784927807996 9984
1758741875939 400.6331895206196 10240
1758741877107 400.7287721011513 10496
1758741877567 400.7877237453382 10752
1758741878084 401.03982678761923 11008
1758741878565 401.36209262025125 11264
1758741879581 401.3502562073455 11520
1758741879964 400.80836561110135 11776
1758741880536 401.31865547950116 12032
1758741881049 401.70480583122185 12288
1758741882019 401.518551668093 12544
1758741882386 401.41450127613194 12800
1758741882970 401.54980344399934 13056
1758741883481 401.49806350251765 13312
1758741884540 401.2182422352148 13568
1758741884811 401.55555620452054 13824
1758741885480 401.2372402191162 14080
1758741886019 401.88004096178696 14336
1758741886987 402.1150379611137 14592
1758741887391 402.1071780944644 14848
1758741888113 402.08429963485054 15104
1758741888448 402.15953388295736 15360
1758741889215 402.19424930695567 15616
1758741890293 402.5303026940212 15872
1758741890423 402.90730684148764 16128
1758741890659 402.7667553288324 16384
1758741891645 402.86103828789675 16640
1758741892535 403.03823034542125 16896
1758741892668 403.041719506929 17152
1758741893148 403.2100541326072 17408
1758741893752 403.56543179735723 17664
1758741894702 403.565773149646 17920
1758741894760 403.63908843628224 18176
1758741895535 403.82232694805793 18432
1758741896092 403.8921791634909 18688
1758741897119 403.9348236923918 18944
1758741897207 404.04557429599225 19200
1758741898051 403.72389437230004 19456
1758741898349 403.55280501194653 19712
1758741899331 403.4274335068031 19968
1758741899674 403.40703025670837 20224
1758741900273 403.38630755222084 20480
1758741900400 403.35557847326317 20736
1758741901840 403.45468563940204 20992
1758741901965 403.3960022965098 21248
1758741902572 403.36562877486506 21504
1758741902760 403.38718162513936 21760
1758741904253 403.398301919457 22016
1758741904426 403.49645334977936 22272
1758741904875 403.6999672767537 22528
1758741904945 403.4485352023578 22784
1758741906151 403.1140665576126 23040
1758741906499 403.31763461774295 23296
1758741907095 402.76788291060217 23552
1758741907292 402.50075071038754 23808
1758741908589 402.40922480991907 24064
1758741908736 402.7785112761106 24320
1758741909552 403.00697973760634 24576
1758741909617 403.25540084641045 24832
1758741910780 402.9574062249599 25088
1758741910861 402.6814837217533 25344
1758741911608 402.709937832064 25600
1758741911669 402.7035341934419 25856
1758741912852 402.496310875064 26112
1758741913238 402.45917743023875 26368
1758741913670 402.50829901637803 26624
1758741914010 402.49098272331196 26880
1758741915095 402.5178466796875 27136
1758741915486 402.7048571996176 27392
1758741915785 402.30669096132965 27648
1758741916835 402.3352433417551 27904
