1758741856387 500.0 256
1758741856432 500.0 512
1758741856484 500.0 768
1758741857786 500.0 1024
1758741858307 500.0 1280
1758741858397 500.0 1536
1758741858528 500.0 1792
1758741859670 500.0 2048
1758741860538 500.0 2304
1758741860704 500.0 2560
1758741860787 500.0 2816
1758741861796 500.0 3072
1758741862462 500.0 3328
1758741862754 500.0 3584
1758741862865 500.0 3840
1758741863757 500.0 4096
1758741864371 500.0 4352
1758741864717 500.0 4608
1758741865032 500.0 4864
1758741865851 500.0 5120
1758741866625 500.0 5376
1758741866789 500.0 5632
1758741867153 500.0 5888
1758741867781 500.0 6144
1758741868627 500.0 6400
1758741868675 500.0 6656
1758741869600 500.0 6912
1758741869776 500.0 7168
1758741870544 500.0 7424
1758741870753 500.0 7680
1758741871729 500.0 7936
1758741871807 500.0 8192
1758741872522 500.0 8448
1758741872764 500.0 8704
1758741873617 500.0 8960
1758741873820 500.0 9216
1758741874576 500.0 9472
1758741874970 500.0 9728
1758741875679 500.0 9984
1758741875939 500.0 10240
1758741877107 500.0 10496
1758741877567 500.0 10752
1758741878084 500.0 11008
1758741878565 500.0 11264
1758741879581 500.0 11520
1758741879964 500.0 11776
1758741880536 500.0 12032
1758741881049 500.0 12288
1758741882019 500.0 12544
1758741882386 500.0 12800
1758741882970 500.0 13056
1758741883481 500.0 13312
1758741884540 500.0 13568
1758741884811 500.0 13824
1758741885480 500.0 14080
1758741886019 500.0 14336
1758741886987 500.0 14592
1758741887391 500.0 14848
1758741888113 500.0 15104
1758741888448 500.0 15360
1758741889215 500.0 15616
1758741890293 500.0 15872
1758741890423 500.0 16128
1758741890659 500.0 16384
1758741891645 500.0 16640
1758741892535 500.0 16896
1758741892668 500.0 17152
1758741893148 500.0 17408
1758741893752 500.0 17664
1758741894702 500.0 17920
1758741894760 500.0 18176
1758741895535 500.0 18432
1758741896092 500.0 18688
1758741897119 500.0 18944
1758741897207 500.0 19200
1758741898051 500.0 19456
1758741898349 500.0 19712
1758741899331 500.0 19968
1758741899674 500.0 20224
1758741900273 500.0 20480
1758741900400 500.0 20736
1758741901840 500.0 20992
1758741901965 500.0 21248
1758741902572 500.0 21504
1758741902760 500.0 21760
1758741904253 500.0 22016
1758741904426 500.0 22272
1758741904875 500.0 22528
1758741904945 500.0 22784
1758741906151 500.0 23040
1758741906499 500.0 23296
1758741907095 500.0 23552
1758741907292 500.0 23808
1758741908589 500.0 24064
1758741908736 500.0 24320
1758741909552 500.0 24576
1758741909617 500.0 24832
1758741910780 500.0 25088
1758741910861 500.0 25344
1758741911608 500.0 25600
1758741911669 500.0 25856
1758741912852 500.0 26112
1758741913238 500.0 26368
1758741913670 500.0 26624
1758741914010 500.0 26880
1758741915095 500.0 27136
1758741915486 500.0 27392
1758741915785 500.0 27648
1758741916835 500.0 27904
