1758741856384 8.908609390258789 256
1758741856429 3.025273005167643 512
1758741856481 1.58262038230896 768
1758741857782 1.9273149490356445 1024
1758741858302 1.3747262954711914 1280
1758741858393 1.1790515354701452 1536
1758741858525 0.9794362783432007 1792
1758741859666 0.786657280392117 2048
1758741860534 1.0351581573486328 2304
1758741860698 0.6403805992820046 2560
1758741860783 0.8442824681599935 2816
1758741861792 0.6747848804180439 3072
1758741862459 0.6546979631696429 3328
1758741862750 0.3696219126383464 3584
1758741862860 0.4403862953186035 3840
1758741863753 0.5364144269157859 4096
1758741864367 0.47333600785997176 4352
1758741864712 0.48052878128854853 4608
1758741865028 0.4466102123260498 4864
1758741865848 0.36915338607061476 5120
1758741866619 0.3703093095259233 5376
1758741866785 0.3474087093187415 5632
1758741867149 0.26700788736343384 5888
1758741867778 0.24272193908691406 6144
1758741868623 0.2037039536696214 6400
1758741868671 0.3369130381831416 6656
1758741869596 0.34341607775006977 6912
1758741869770 0.25875698286911536 7168
1758741870538 0.30021750132242836 7424
1758741870750 0.3350784547867314 7680
1758741871714 0.24071724712848663 7936
1758741871799 0.22371448170055042 8192
1758741872516 0.1763130075791303 8448
1758741872760 0.17829548971993583 8704
1758741873610 0.1872505611843533 8960
1758741873816 0.1488636893195075 9216
1758741874571 0.22958037727757505 9472
1758741874963 0.1996178749280098 9728
1758741875674 0.1170649528503418 9984
1758741875934 0.1474715093287026 10240
1758741877102 0.1006058170681908 10496
1758741877559 0.17597182961397392 10752
1758741878078 0.12980882688002152 11008
1758741878560 0.11732911003960503 11264
1758741879575 0.16063321155050528 11520
1758741879944 0.12553643165750705 11776
1758741880531 0.16506014267603555 12032
1758741881044 0.15119222718842176 12288
1758741882013 0.0953543472290039 12544
1758741882377 0.10531765806908701 12800
1758741882965 0.13780817618736854 13056
1758741883471 0.10711556560588333 13312
1758741884530 0.07513254660147207 13568
1758741884800 0.08332796963778409 13824
1758741885472 0.11111875942775182 14080
1758741886010 0.07368979537696169 14336
1758741886981 0.1019365540866194 14592
1758741887381 0.09375449358406714 14848
1758741888103 0.07274746894836426 15104
1758741888442 0.09607174357429879 15360
1758741889209 0.07400531153525075 15616
1758741890287 0.12246776762462798 15872
1758741890417 0.06761227548122406 16128
1758741890653 0.07076336787297176 16384
1758741891640 0.08322374025980632 16640
1758741892527 0.0809348590338408 16896
1758741892640 0.0991590654148775 17152
1758741893142 0.07915013769398564 17408
1758741893744 0.08427231652396065 17664
1758741894694 0.09822946870830697 17920
1758741894751 0.09153681331210667 18176
1758741895527 0.07740441413774882 18432
1758741896081 0.07160582413544526 18688
1758741897112 0.05755517323811849 18944
1758741897197 0.10035415699607447 19200
1758741898045 0.08563799672312551 19456
1758741898344 0.12528536869929388 19712
1758741899324 0.06223596500445016 19968
1758741899667 0.08304811716079712 20224
1758741900266 0.06894592002586082 20480
1758741900389 0.07673132128831817 20736
1758741901829 0.07222714481583561 20992
1758741901954 0.045116316704523 21248
1758741902561 0.09974425820743336 21504
1758741902753 0.10066677803216978 21760
1758741904243 0.06480379214231995 22016
1758741904420 0.08806836063211615 22272
1758741904869 0.05596127135030339 22528
1758741904938 0.10178336037529839 22784
1758741906144 0.08731452187339028 23040
1758741906493 0.06152250455773395 23296
1758741907088 0.04313011066887968 23552
1758741907285 0.04749237222874418 23808
1758741908582 0.06001025752017373 24064
1758741908728 0.05495038628578186 24320
1758741909545 0.05451885695309983 24576
1758741909605 0.055289706405328244 24832
1758741910772 0.06559945597793117 25088
1758741910854 0.05372598648071289 25344
1758741911601 0.05921384603670328 25600
1758741911659 0.05097080679500804 25856
1758741912840 0.05734055713542457 26112
1758741913231 0.043663391700157754 26368
1758741913659 0.03256767363775344 26624
1758741913997 0.045783447769452944 26880
1758741915087 0.05124828302971671 27136
1758741915479 0.03353657987382677 27392
1758741915778 0.059364117613626186 27648
1758741916823 0.04607295123013583 27904
