1758741856387 10.695652173913043 256
1758741856432 10.122548720415901 512
1758741856484 10.29924219304865 768
1758741857786 10.217261723109655 1024
1758741858307 9.841911652508903 1280
1758741858397 9.724683447729182 1536
1758741858528 9.737036895751952 1792
1758741859670 10.062706144729463 2048
1758741860538 10.039822941332792 2304
1758741860704 9.940666564941406 2560
1758741860787 10.168532243415491 2816
1758741861796 10.218390681825834 3072
1758741862462 10.254807545588566 3328
1758741862754 10.301515012798887 3584
1758741862865 10.220170324498957 3840
1758741863757 10.310483747912992 4096
1758741864371 10.237309528486378 4352
1758741864717 10.26547608148484 4608
1758741865032 10.193438810460707 4864
1758741865851 10.222102906059298 5120
1758741866625 10.457991709474657 5376
1758741866789 10.473529322007122 5632
1758741867153 10.6066036872144 5888
1758741867781 10.618659337361654 6144
1758741868627 10.626306540459291 6400
1758741868675 10.668060124119787 6656
1758741869600 10.706591566275938 6912
1758741869776 10.67934775500564 7168
1758741870544 10.77402395529074 7424
1758741870753 10.744202832208163 7680
1758741871729 10.833567351437686 7936
1758741871807 10.828351373257844 8192
1758741872522 10.772867107139728 8448
1758741872764 10.800298295667409 8704
1758741873617 10.816831588745117 8960
1758741873820 10.812499908300547 9216
1758741874576 10.764018602460345 9472
1758741874970 10.80928020477295 9728
1758741875679 10.856060510199773 9984
1758741875939 10.877069741036928 10240
1758741877107 10.850701663368627 10496
1758741877567 10.847908004321189 10752
1758741878084 10.78162641410368 11008
1758741878565 10.798529322007123 11264
1758741879581 10.818486502344124 11520
1758741879964 10.912453097797066 11776
1758741880536 10.910550374722263 12032
1758741881049 10.872522440042582 12288
1758741882019 10.79770309933504 12544
1758741882386 10.78076248565621 12800
1758741882970 10.744765056616584 13056
1758741883481 10.758859260533736 13312
1758741884540 10.791395119036448 13568
1758741884811 10.806884534431227 13824
1758741885480 10.804687392711639 14080
1758741886019 10.782797236537496 14336
1758741886987 10.813784354073661 14592
1758741887391 10.811455155544225 14848
1758741888113 10.823550614066747 15104
1758741888448 10.824892901149864 15360
1758741889215 10.825034956109473 15616
1758741890293 10.807506781964262 15872
1758741890423 10.819012075380318 16128
1758741890659 10.859187648077302 16384
1758741891645 10.856348067678082 16640
1758741892535 10.881765365600586 16896
1758741892668 10.894853778533742 17152
1758741893148 10.906445461459393 17408
1758741893752 10.8805554613655 17664
1758741894702 10.891900028874609 17920
1758741894760 10.913968733460496 18176
1758741895535 10.921285287389216 18432
1758741896092 10.917828018241643 18688
1758741897119 10.929185692323458 18944
1758741897207 10.901035692462813 19200
1758741898051 10.89910804467855 19456
1758741898349 10.941144022086535 19712
1758741899331 10.94951130952949 19968
1758741899674 10.988757940124904 20224
1758741900273 10.98468840134811 20480
1758741900400 10.970368346531522 20736
1758741901840 10.934775048991556 20992
1758741901965 10.909383362870875 21248
1758741902572 10.906626391123575 21504
1758741902760 10.944499391039724 21760
1758741904253 10.931439652849248 22016
1758741904426 10.91779486030859 22272
1758741904875 10.895952724361967 22528
1758741904945 10.938778611598316 22784
1758741906151 10.955337581403004 23040
1758741906499 10.963219344120606 23296
1758741907095 11.034855296513806 23552
1758741907292 11.039034185857119 23808
1758741908589 11.035118934086391 24064
1758741908736 10.982730630003376 24320
1758741909552 10.970695056216256 24576
1758741909617 10.960674038609246 24832
1758741910780 11.000498466817742 25088
1758741910861 11.016581884993021 25344
1758741911608 11.030639201153063 25600
1758741911669 11.034451703543295 25856
1758741912852 11.029234864281827 26112
1758741913238 11.058934740003105 26368
1758741913670 11.04712171439665 26624
1758741914010 11.043489685301374 26880
1758741915095 11.0548555389164 27136
1758741915486 11.03409965913554 27392
1758741915785 11.078571322525791 27648
1758741916835 11.07403150319324 27904
