1758741856387 6.358695735102114 256
1758741856432 6.348039122188792 512
1758741856484 6.547348412600431 768
1758741857786 6.885416609900338 1024
1758741858307 4.73897050408756 1280
1758741858397 3.4430379022525837 1536
1758741858528 2.936111068725586 1792
1758741859670 3.268976834740969 2048
1758741860538 3.551622340109496 2304
1758741860704 2.789333251953125 2560
1758741860787 3.1828357639597424 2816
1758741861796 2.9977010924240637 3072
1758741862462 3.488247810265957 3328
1758741862754 3.9338382720947265 3584
1758741862865 3.7608900503678755 3840
1758741863757 3.9144264139154905 4096
1758741864371 3.7258882232123827 4352
1758741864717 3.6412697519574846 4608
1758741865032 3.509803853962756 4864
1758741865851 3.3919884923190007 5120
1758741866625 3.6461747826122846 5376
1758741866789 3.6656861922320196 5632
1758741867153 3.8128929929913213 5888
1758741867781 3.93327288005663 6144
1758741868627 4.109465682132734 6400
1758741868675 4.200111446571988 6656
1758741869600 4.288585190604354 6912
1758741869776 4.359989622364873 7168
1758741870544 4.473723706540403 7424
1758741870753 4.207970997907113 7680
1758741871729 4.2483614107196255 7936
1758741871807 4.3548459954883745 8192
1758741872522 4.259014934851815 8448
1758741872764 4.273657279246298 8704
1758741873617 4.180899327344234 8960
1758741873820 4.148437490830054 9216
1758741874576 4.00214173860639 9472
1758741874970 4.24147725538774 9728
1758741875679 4.423503309025733 9984
1758741875939 4.548416088260791 10240
1758741877107 4.556315757349918 10496
1758741877567 4.556069927451051 10752
1758741878084 4.507530086011772 11008
1758741878565 4.483986899432014 11264
1758741879581 4.513090648870358 11520
1758741879964 4.660268387097991 11776
1758741880536 4.526758375955284 12032
1758741881049 4.415014981793928 12288
1758741882019 4.46775614667697 12544
1758741882386 4.464182514871633 12800
1758741882970 4.441143136275442 13056
1758741883481 4.491140603227077 13312
1758741884540 4.588083562322859 13568
1758741884811 4.5130249431068625 13824
1758741885480 4.556249949336052 14080
1758741886019 4.411051509208738 14336
1758741886987 4.382581406786926 14592
1758741887391 4.4005653386974055 14848
1758741888113 4.4251207241113635 15104
1758741888448 4.345934327760879 15360
1758741889215 4.357409957414924 15616
1758741890293 4.302800693459419 15872
1758741890423 4.241204288880138 16128
1758741890659 4.314358585525289 16384
1758741891645 4.288285295376603 16640
1758741892535 4.249999958215301 16896
1758741892668 4.217810210309156 17152
1758741893148 4.198477225846731 17408
1758741893752 4.126234529047837 17664
1758741894702 4.122411654724418 17920
1758741894760 4.1437849403857046 18176
1758741895535 4.134335665207989 18432
1758741896092 4.141502104569811 18688
1758741897119 4.118405940335825 18944
1758741897207 4.094256095024152 19200
1758741898051 4.176607184053929 19456
1758741898349 4.26017599556968 19712
1758741899331 4.324828069191931 19968
1758741899674 4.32762311306449 20224
1758741900273 4.3482048443529395 20480
1758741900400 4.350886330987415 20736
1758741901840 4.312735999526742 20992
1758741901965 4.313854999658538 21248
1758741902572 4.325719529845149 21504
1758741902760 4.330112308884045 21760
1758741904253 4.329742068291645 22016
1758741904426 4.3239039258754 22272
1758741904875 4.253585077836454 22528
1758741904945 4.325464271170785 22784
1758741906151 4.4393868673415415 23040
1758741906499 4.3843490313514994 23296
1758741907095 4.533181136492725 23552
1758741907292 4.615072216798252 23808
1758741908589 4.648065486124584 24064
1758741908736 4.580246921149091 24320
1758741909552 4.53999418904436 24576
1758741909617 4.45447998327125 24832
1758741910780 4.534686615935757 25088
1758741910861 4.622918445512867 25344
1758741911608 4.6097850520007775 25600
1758741911669 4.607221779590218 25856
1758741912852 4.695833350791306 26112
1758741913238 4.719856733243251 26368
1758741913670 4.720415007349956 26624
1758741914010 4.732299140833064 26880
1758741915095 4.727559076894925 27136
1758741915486 4.7080410691972645 27392
1758741915785 4.809974279366865 27648
1758741916835 4.799184525778534 27904
