1770977763527 26.158445358276367 5120
1770977774951 27.091304779052734 10240
1770977785924 27.259836196899414 15360
1770977796314 27.35660743713379 20480
1770977807192 27.445676803588867 25600
1770977819238 27.48700714111328 30720
1770977830613 27.563899993896484 35840
1770977842118 27.584388732910156 40960
1770977853312 27.467525482177734 46080
1770977867177 27.489465713500977 51200
1770977878517 27.548709869384766 56320
1770977889765 27.600690841674805 61440
1770977900678 27.58632469177246 66560
1770977912905 27.644001007080078 71680
1770977923949 27.552854537963867 76800
1770977935746 27.543081283569336 81920
1770977947843 27.543346405029297 87040
1770977959055 27.554555892944336 92160
1770977970539 27.51500129699707 97280
1770977981688 27.510730743408203 102400
1770977994054 27.56476593017578 107520
1770978005109 27.55565071105957 112640
1770978015903 27.556257247924805 117760
1770978028813 27.545434951782227 122880
1770978039920 27.56624984741211 128000
1770978051039 27.56411361694336 133120
1770978062349 27.54314613342285 138240
1770978075646 27.50559425354004 143360
1770978087133 27.495254516601562 148480
1770978098186 27.49457359313965 153600
1770978109296 27.497922897338867 158720
1770978123277 27.542997360229492 163840
1770978134368 27.5278263092041 168960
1770978145431 27.548019409179688 174080
1770978156920 27.53742027282715 179200
1770978170072 27.541013717651367 184320
1770978181683 27.582839965820312 189440
1770978192653 27.610553741455078 194560
1770978203685 27.626380920410156 199680
1770978217216 27.639787673950195 204800
1770978228421 27.645708084106445 209920
1770978239897 27.626426696777344 215040
1770978251037 27.637624740600586 220160
1770978264272 27.636507034301758 225280
1770978275704 27.63092803955078 230400
1770978286812 27.623701095581055 235520
1770978297787 27.614526748657227 240640
1770978309263 27.609086990356445 245760
1770978322444 27.608205795288086 250880
1770978333845 27.608755111694336 256000
1770978344846 27.619741439819336 261120
1770978355797 27.617712020874023 266240
1770978369431 27.62348747253418 271360
1770978380514 27.647308349609375 276480
1770978391574 27.64307975769043 281600
1770978403103 27.616348266601562 286720
1770978416331 27.62328338623047 291840
1770978427757 27.606945037841797 296960
1770978431315 27.600448608398438 300032
