1770977763519 -0.26702383160591125 5120
1770977774942 2.2868752479553223 10240
1770977785915 2.2312498092651367 15360
1770977796304 2.275312662124634 20480
1770977807182 2.2306251525878906 25600
1770977819228 2.275625228881836 30720
1770977830603 2.0018749237060547 35840
1770977842107 1.985937476158142 40960
1770977853301 1.7832813262939453 46080
1770977867166 1.6873438358306885 51200
1770977878506 1.6274999380111694 56320
1770977889754 1.4862500429153442 61440
1770977900664 1.4721876382827759 66560
1770977912894 1.3928124904632568 71680
1770977923938 1.2713037729263306 76800
1770977935735 1.1087501049041748 81920
1770977947832 0.9457324147224426 87040
1770977959044 0.9666406512260437 92160
1770977970529 0.78089839220047 97280
1770977981679 0.6385870575904846 102400
1770977994044 0.6226269602775574 107520
1770978005098 0.4420410096645355 112640
1770978015892 0.5269457697868347 117760
1770978028802 0.42607420682907104 122880
1770978039908 0.40162110328674316 128000
1770978051028 0.17863526940345764 133120
1770978062338 0.10871094465255737 138240
1770978075634 -0.015089109539985657 143360
1770978087121 0.11072266101837158 148480
1770978098174 -0.17655763030052185 153600
1770978109286 -0.16561158001422882 158720
1770978123265 -0.41569948196411133 163840
1770978134356 -0.3948339819908142 168960
1770978145419 -0.551863431930542 174080
1770978156908 -0.5666797161102295 179200
1770978170060 -0.6653784513473511 184320
1770978181670 -0.7531836628913879 189440
1770978192641 -0.8987500071525574 194560
1770978203672 -0.8531445264816284 199680
1770978217204 -1.0322656631469727 204800
1770978228408 -1.1690624952316284 209920
1770978239884 -1.3023438453674316 215040
1770978251025 -1.3690625429153442 220160
1770978264259 -1.3440625667572021 225280
1770978275691 -1.3378124237060547 230400
1770978286799 -1.3459374904632568 235520
1770978297774 -1.4771875143051147 240640
1770978309250 -1.6450001001358032 245760
1770978322434 -1.7232812643051147 250880
1770978333832 -2.025937557220459 256000
1770978344833 -2.0890626907348633 261120
1770978355780 -2.0896875858306885 266240
1770978369418 -2.072187662124634 271360
1770978380501 -2.0428125858306885 276480
1770978391561 -2.0303125381469727 281600
1770978403090 -2.1109375953674316 286720
1770978416318 -2.3793749809265137 291840
1770978427743 -2.373124837875366 296960
1770978431304 -2.4523439407348633 300032
