1770977763527 1.0846484899520874 5120
1770977774951 1.1024807691574097 10240
1770977785924 1.1243596076965332 15360
1770977796314 1.1253489255905151 20480
1770977807192 1.132270336151123 25600
1770977819238 1.124536395072937 30720
1770977830613 1.1221389770507812 35840
1770977842118 1.122754454612732 40960
1770977853312 1.1194353103637695 46080
1770977867177 1.1176162958145142 51200
1770977878517 1.1184695959091187 56320
1770977889765 1.118759274482727 61440
1770977900678 1.1162068843841553 66560
1770977912905 1.1170035600662231 71680
1770977923949 1.1132001876831055 76800
1770977935746 1.1131473779678345 81920
1770977947843 1.1133168935775757 87040
1770977959055 1.1123498678207397 92160
1770977970539 1.110879898071289 97280
1770977981688 1.1129800081253052 102400
1770977994054 1.1171681880950928 107520
1770978005109 1.1153401136398315 112640
1770978015903 1.1148234605789185 117760
1770978028813 1.115892767906189 122880
1770978039920 1.117034912109375 128000
1770978051039 1.1174885034561157 133120
1770978062349 1.1150256395339966 138240
1770978075646 1.1115405559539795 143360
1770978087133 1.1115634441375732 148480
1770978098186 1.1132763624191284 153600
1770978109296 1.1170793771743774 158720
1770978123277 1.1195948123931885 163840
1770978134368 1.117750644683838 168960
1770978145431 1.1169923543930054 174080
1770978156920 1.114449143409729 179200
1770978170072 1.1137146949768066 184320
1770978181683 1.116181492805481 189440
1770978192653 1.1178913116455078 194560
1770978203685 1.1184056997299194 199680
1770978217216 1.116949439048767 204800
1770978228421 1.1178791522979736 209920
1770978239897 1.1168389320373535 215040
1770978251037 1.1180462837219238 220160
1770978264272 1.1170254945755005 225280
1770978275704 1.1173746585845947 230400
1770978286812 1.117122769355774 235520
1770978297787 1.115604281425476 240640
1770978309263 1.1152828931808472 245760
1770978322444 1.1152307987213135 250880
1770978333845 1.1143547296524048 256000
1770978344846 1.1146059036254883 261120
1770978355797 1.1135330200195312 266240
1770978369431 1.1134148836135864 271360
1770978380514 1.1145479679107666 276480
1770978391574 1.1157206296920776 281600
1770978403103 1.114235520362854 286720
1770978416331 1.1141598224639893 291840
1770978427757 1.1129587888717651 296960
1770978431315 1.1125491857528687 300032
