1770971687692 20.88872718811035 5120
1770971773667 22.138145446777344 10240
1770971859642 23.107194900512695 15360
1770971945544 23.299774169921875 20480
1770972031416 23.523778915405273 25600
1770972117280 23.66661834716797 30720
1770972203148 23.807525634765625 35840
1770972289014 23.720544815063477 40960
1770972374936 23.723011016845703 46080
1770972460817 23.472400665283203 51200
1770972546728 23.66240882873535 56320
1770972632649 23.567752838134766 61440
1770972718537 23.55424690246582 66560
1770972804375 23.449142456054688 71680
1770972890670 23.60163688659668 76800
1770972976528 23.536617279052734 81920
1770973062435 23.569963455200195 87040
1770973148383 23.552309036254883 92160
1770973233944 23.50267791748047 97280
1770973319598 23.56305694580078 102400
1770973405442 23.483095169067383 107520
1770973491210 23.47126007080078 112640
1770973577058 23.515846252441406 117760
1770973662861 23.515748977661133 122880
1770973748713 23.47533416748047 128000
1770973834544 23.475627899169922 133120
1770973920301 23.47329330444336 138240
1770974006173 23.47244644165039 143360
1770974091978 23.437658309936523 148480
1770974177890 23.47353744506836 153600
1770974263808 23.509353637695312 158720
1770974349713 23.530696868896484 163840
1770974435628 23.496912002563477 168960
1770974521528 23.520095825195312 174080
1770974607391 23.529428482055664 179200
1770974693271 23.53663444519043 184320
1770974779435 23.51907730102539 189440
1770974865258 23.5282039642334 194560
1770974951097 23.527921676635742 199680
1770975036972 23.49131965637207 204800
1770975122843 23.472393035888672 209920
1770975208695 23.488462448120117 215040
1770975294450 23.523164749145508 220160
1770975380212 23.539287567138672 225280
1770975466119 23.51788902282715 230400
1770975551966 23.503292083740234 235520
1770975637789 23.493289947509766 240640
1770975723488 23.512920379638672 245760
1770975809306 23.473491668701172 250880
1770975895072 23.499738693237305 256000
1770975980894 23.493732452392578 261120
1770976066739 23.516395568847656 266240
1770976152584 23.479307174682617 271360
1770976238392 23.472976684570312 276480
1770976324173 23.449453353881836 281600
1770976410020 23.44825553894043 286720
1770976495803 23.484621047973633 291840
1770976581313 23.500394821166992 296960
1770976615583 23.484310150146484 300032
