1770971687692 0.0 5120
1770971773667 0.0 10240
1770971859642 0.0 15360
1770971945544 0.0 20480
1770972031416 0.0 25600
1770972117280 0.0 30720
1770972203148 0.0 35840
1770972289014 0.0 40960
1770972374936 0.0 46080
1770972460817 0.0 51200
1770972546728 0.0 56320
1770972632649 0.0 61440
1770972718537 0.0 66560
1770972804375 0.0 71680
1770972890670 0.0 76800
1770972976528 0.0 81920
1770973062435 0.0 87040
1770973148383 0.0 92160
1770973233944 0.0 97280
1770973319598 0.0 102400
1770973405442 0.0 107520
1770973491210 0.0 112640
1770973577058 0.0 117760
1770973662861 0.0 122880
1770973748713 0.0 128000
1770973834544 0.0 133120
1770973920301 0.0 138240
1770974006173 0.0 143360
1770974091978 0.0 148480
1770974177890 0.0 153600
1770974263808 0.0 158720
1770974349713 0.0 163840
1770974435628 0.0 168960
1770974521528 0.0 174080
1770974607391 0.0 179200
1770974693271 0.0 184320
1770974779435 0.0 189440
1770974865258 0.0 194560
1770974951097 0.0 199680
1770975036972 0.0 204800
1770975122843 0.0 209920
1770975208695 0.0 215040
1770975294450 0.0 220160
1770975380212 0.0 225280
1770975466119 0.0 230400
1770975551966 0.0 235520
1770975637789 0.0 240640
1770975723488 0.0 245760
1770975809306 0.0 250880
1770975895072 0.0 256000
1770975980894 0.0 261120
1770976066739 0.0 266240
1770976152584 0.0 271360
1770976238392 0.0 276480
1770976324173 0.0 281600
1770976410020 0.0 286720
1770976495803 0.0 291840
1770976581313 0.0 296960
1770976615583 0.0 300032
