1770971687692 1.1681550741195679 5120
1770971773667 1.1609585285186768 10240
1770971859642 1.1780802011489868 15360
1770971945544 1.1859774589538574 20480
1770972031416 1.1833170652389526 25600
1770972117280 1.1824883222579956 30720
1770972203148 1.187824010848999 35840
1770972289014 1.1875300407409668 40960
1770972374936 1.191794991493225 46080
1770972460817 1.184058427810669 51200
1770972546728 1.186448097229004 56320
1770972632649 1.180724024772644 61440
1770972718537 1.1841139793395996 66560
1770972804375 1.1811586618423462 71680
1770972890670 1.182784080505371 76800
1770972976528 1.17881441116333 81920
1770973062435 1.1790380477905273 87040
1770973148383 1.1814044713974 92160
1770973233944 1.179882526397705 97280
1770973319598 1.1792221069335938 102400
1770973405442 1.1773440837860107 107520
1770973491210 1.1768250465393066 112640
1770973577058 1.1792380809783936 117760
1770973662861 1.1768711805343628 122880
1770973748713 1.1762856245040894 128000
1770973834544 1.1749985218048096 133120
1770973920301 1.1737407445907593 138240
1770974006173 1.1739091873168945 143360
1770974091978 1.1732650995254517 148480
1770974177890 1.1737021207809448 153600
1770974263808 1.1747057437896729 158720
1770974349713 1.1761045455932617 163840
1770974435628 1.174988031387329 168960
1770974521528 1.1752365827560425 174080
1770974607391 1.1758826971054077 179200
1770974693271 1.175728678703308 184320
1770974779435 1.1749345064163208 189440
1770974865258 1.174946904182434 194560
1770974951097 1.1745944023132324 199680
1770975036972 1.1733005046844482 204800
1770975122843 1.172879934310913 209920
1770975208695 1.1731356382369995 215040
1770975294450 1.1731408834457397 220160
1770975380212 1.1729512214660645 225280
1770975466119 1.1717649698257446 230400
1770975551966 1.1709649562835693 235520
1770975637789 1.171721339225769 240640
1770975723488 1.1725279092788696 245760
1770975809306 1.1710742712020874 250880
1770975895072 1.1711866855621338 256000
1770975980894 1.1709290742874146 261120
1770976066739 1.171962857246399 266240
1770976152584 1.1711217164993286 271360
1770976238392 1.1708301305770874 276480
1770976324173 1.169301152229309 281600
1770976410020 1.1691462993621826 286720
1770976495803 1.1704540252685547 291840
1770976581313 1.1719056367874146 296960
1770976615583 1.1714210510253906 300032
