1770971687683 17.882274627685547 5120
1770971773657 11.042871475219727 10240
1770971859631 8.5897798538208 15360
1770971945531 7.2473297119140625 20480
1770972031405 6.507791996002197 25600
1770972117270 6.0403032302856445 30720
1770972203137 5.882310390472412 35840
1770972289003 5.565739154815674 40960
1770972374926 5.230722427368164 46080
1770972460808 5.148903846740723 51200
1770972546718 5.02212381362915 56320
1770972632639 4.996578693389893 61440
1770972718526 5.005379676818848 66560
1770972804364 4.823390007019043 71680
1770972890660 4.7947468757629395 76800
1770972976517 4.847234725952148 81920
1770973062424 4.731909275054932 87040
1770973148372 4.754729747772217 92160
1770973233933 4.7409820556640625 97280
1770973319587 4.6709699630737305 102400
1770973405431 4.629837989807129 107520
1770973491198 4.622620582580566 112640
1770973577047 4.640917778015137 117760
1770973662849 4.693901062011719 122880
1770973748702 4.53672456741333 128000
1770973834532 4.591967582702637 133120
1770973920289 4.536341667175293 138240
1770974006161 4.606015205383301 143360
1770974091965 4.626014709472656 148480
1770974177879 4.588381767272949 153600
1770974263796 4.559479236602783 158720
1770974349701 4.573371887207031 163840
1770974435615 4.503187656402588 168960
1770974521516 4.58371639251709 174080
1770974607379 4.640183448791504 179200
1770974693258 4.5447821617126465 184320
1770974779422 4.605644226074219 189440
1770974865245 4.504923343658447 194560
1770974951085 4.526742458343506 199680
1770975036960 4.638519287109375 204800
1770975122830 4.560567378997803 209920
1770975208682 4.594525337219238 215040
1770975294437 4.57639741897583 220160
1770975380199 4.564564228057861 225280
1770975466105 4.54115629196167 230400
1770975551956 4.514881134033203 235520
1770975637775 4.557769775390625 240640
1770975723473 4.515425682067871 245760
1770975809293 4.60461950302124 250880
1770975895058 4.5190863609313965 256000
1770975980880 4.562729835510254 261120
1770976066726 4.537605285644531 266240
1770976152573 4.581108093261719 271360
1770976238379 4.6088361740112305 276480
1770976324162 4.541170120239258 281600
1770976410006 4.5817766189575195 286720
1770976495789 4.546091556549072 291840
1770976581299 4.5779523849487305 296960
1770976615569 4.550835609436035 300032
