1770971687692 0.19893597066402435 5120
1770971773667 0.14841099083423615 10240
1770971859642 0.13073065876960754 15360
1770971945544 0.12229859828948975 20480
1770972031416 0.11670064926147461 25600
1770972117280 0.11294765770435333 30720
1770972203148 0.11013811826705933 35840
1770972289014 0.10786726325750351 40960
1770972374936 0.10681134462356567 46080
1770972460817 0.10509850084781647 51200
1770972546728 0.10382378101348877 56320
1770972632649 0.10203811526298523 61440
1770972718537 0.10213930904865265 66560
1770972804375 0.10131420940160751 71680
1770972890670 0.10055559873580933 76800
1770972976528 0.10013660788536072 81920
1770973062435 0.0996190682053566 87040
1770973148383 0.09952455759048462 92160
1770973233944 0.09902264922857285 97280
1770973319598 0.09852582961320877 102400
1770973405442 0.09820175915956497 107520
1770973491210 0.09746620804071426 112640
1770973577058 0.09737887233495712 117760
1770973662861 0.09702245891094208 122880
1770973748713 0.09682905673980713 128000
1770973834544 0.09678523987531662 133120
1770973920301 0.0965498611330986 138240
1770974006173 0.09660985320806503 143360
1770974091978 0.09633351862430573 148480
1770974177890 0.09613615274429321 153600
1770974263808 0.09593824297189713 158720
1770974349713 0.09593357890844345 163840
1770974435628 0.09572428464889526 168960
1770974521528 0.09569535404443741 174080
1770974607391 0.09567233920097351 179200
1770974693271 0.09558646380901337 184320
1770974779435 0.09549237042665482 189440
1770974865258 0.09533599019050598 194560
1770974951097 0.0952269434928894 199680
1770975036972 0.09500633180141449 204800
1770975122843 0.09509897232055664 209920
1770975208695 0.0950026586651802 215040
1770975294450 0.09484555572271347 220160
1770975380212 0.09469569474458694 225280
1770975466119 0.0945001170039177 230400
1770975551966 0.09436803311109543 235520
1770975637789 0.09454037249088287 240640
1770975723488 0.09458155184984207 245760
1770975809306 0.09447786211967468 250880
1770975895072 0.09453994780778885 256000
1770975980894 0.09440337866544724 261120
1770976066739 0.09437993913888931 266240
1770976152584 0.09441567212343216 271360
1770976238392 0.09430903941392899 276480
1770976324173 0.09405481815338135 281600
1770976410020 0.09405330568552017 286720
1770976495803 0.0940394476056099 291840
1770976581313 0.09412121027708054 296960
1770976615583 0.09412632882595062 300032
