1770971687683 128.3132648066569 5120
1770971773657 140.76262711011177 10240
1770971859631 138.17050994860983 15360
1770971945531 126.85410113718848 20480
1770972031405 135.1431885552262 25600
1770972117270 141.6516041877744 30720
1770972203137 132.112385032128 35840
1770972289003 135.6633567293075 40960
1770972374926 136.88088244892631 46080
1770972460808 156.28810969929575 51200
1770972546718 146.27551091581225 56320
1770972632639 139.67511405641213 61440
1770972718526 139.1745694661048 66560
1770972804364 133.6063453636161 71680
1770972890660 146.46450396340398 76800
1770972976517 138.6500942117616 81920
1770973062424 136.6890663190484 87040
1770973148372 128.2701000030582 92160
1770973233933 138.68677049234535 97280
1770973319587 134.226318484383 102400
1770973405431 138.7005291005291 107520
1770973491198 117.53689225164635 112640
1770973577047 136.41343870946758 117760
1770973662849 132.5214533965245 122880
1770973748702 140.63990879522515 128000
1770973834532 120.08772582815587 133120
1770973920289 135.45305990634589 138240
1770974006161 135.17803274461775 143360
1770974091965 137.6761529624159 148480
1770974177879 138.9440487627124 153600
1770974263796 146.64885843152337 158720
1770974349701 140.66820941073885 163840
1770974435615 140.39041371000133 168960
1770974521516 139.62396804260985 174080
1770974607379 140.53152851303358 179200
1770974693258 140.00146867385428 184320
1770974779422 136.1035791933024 189440
1770974865245 132.89094480704645 194560
1770974951085 140.36222475068604 199680
1770975036960 138.87504138798755 204800
1770975122830 128.87310268542984 209920
1770975208682 131.1498702354523 215040
1770975294437 146.09718206834094 220160
1770975380199 130.6718175587264 225280
1770975466105 139.0085175488019 230400
1770975551956 171.97523473697157 235520
1770975637775 137.2841057868552 240640
1770975723473 123.2422648605765 245760
1770975809293 133.79386902293535 250880
1770975895058 135.26958428741898 256000
1770975980880 138.26616119993406 261120
1770976066726 147.7075644456966 266240
1770976152573 162.17391640567607 271360
1770976238379 142.3583477582052 276480
1770976324162 163.42505357490745 281600
1770976410006 138.9440487627124 286720
1770976495789 132.2373415726086 291840
1770976581299 141.5751029501114 296960
1770976615569 136.2981834725246 300032
