1770995994344 0.09311255067586899 5120
1770996011734 0.08320026099681854 10240
1770996029162 0.08270634710788727 15360
1770996046626 0.08146438747644424 20480
1770996064118 0.08304531872272491 25600
1770996081608 0.08651410043239594 30720
1770996099123 0.09232623875141144 35840
1770996116724 0.09571192413568497 40960
1770996134487 0.09952495992183685 46080
1770996152235 0.10109055787324905 51200
1770996169923 0.10336443781852722 56320
1770996187457 0.10127101093530655 61440
1770996204899 0.09910973906517029 66560
1770996222418 0.09991578757762909 71680
1770996239925 0.1020287424325943 76800
1770996257399 0.10584144294261932 81920
1770996274914 0.11027593165636063 87040
1770996292412 0.11552879959344864 92160
1770996309898 0.1192798912525177 97280
1770996327382 0.12184800952672958 102400
1770996344849 0.12462065368890762 107520
1770996362369 0.12761074304580688 112640
1770996379858 0.12955915927886963 117760
1770996397372 0.13195405900478363 122880
1770996414867 0.13426855206489563 128000
1770996432339 0.13578380644321442 133120
1770996449810 0.1373719573020935 138240
1770996467268 0.1387089043855667 143360
1770996484741 0.14000335335731506 148480
1770996502225 0.14166590571403503 153600
1770996519687 0.14289920032024384 158720
1770996537167 0.14454329013824463 163840
1770996554651 0.1458565890789032 168960
1770996572155 0.14741016924381256 174080
1770996589643 0.14869767427444458 179200
1770996607128 0.15013419091701508 184320
1770996624590 0.1512124240398407 189440
1770996642077 0.15198466181755066 194560
1770996659555 0.1525615006685257 199680
1770996677020 0.15319618582725525 204800
1770996694420 0.15435196459293365 209920
1770996711919 0.15482155978679657 215040
1770996729416 0.15585964918136597 220160
1770996746917 0.15623162686824799 225280
1770996764424 0.1569182276725769 230400
1770996781931 0.15772399306297302 235520
1770996799330 0.15874987840652466 240640
1770996816757 0.15995292365550995 245760
1770996834271 0.1604985147714615 250880
1770996851751 0.16128376126289368 256000
1770996869265 0.16186559200286865 261120
1770996886759 0.1624147742986679 266240
1770996904230 0.16242186725139618 271360
1770996921718 0.16264615952968597 276480
1770996939217 0.16294994950294495 281600
1770996956693 0.16335241496562958 286720
1770996974214 0.1639130562543869 291840
1770996991672 0.1639583855867386 296960
1770996998653 0.1640559583902359 300032
