1770995994344 26.77729606628418 5120
1770996011734 27.44976234436035 10240
1770996029162 27.66246795654297 15360
1770996046626 27.929601669311523 20480
1770996064118 27.76312255859375 25600
1770996081608 27.13972282409668 30720
1770996099123 26.588764190673828 35840
1770996116724 26.463159561157227 40960
1770996134487 26.4033260345459 46080
1770996152235 26.386503219604492 51200
1770996169923 26.342166900634766 56320
1770996187457 26.53046226501465 61440
1770996204899 26.548295974731445 66560
1770996222418 26.569358825683594 71680
1770996239925 26.657360076904297 76800
1770996257399 26.546018600463867 81920
1770996274914 26.42099380493164 87040
1770996292412 26.318092346191406 92160
1770996309898 26.20716667175293 97280
1770996327382 26.04283905029297 102400
1770996344849 25.93513298034668 107520
1770996362369 25.86074447631836 112640
1770996379858 25.753005981445312 117760
1770996397372 25.684112548828125 122880
1770996414867 25.61454200744629 128000
1770996432339 25.529626846313477 133120
1770996449810 25.450340270996094 138240
1770996467268 25.359750747680664 143360
1770996484741 25.30011749267578 148480
1770996502225 25.251501083374023 153600
1770996519687 25.208280563354492 158720
1770996537167 25.197973251342773 163840
1770996554651 25.19031524658203 168960
1770996572155 25.169742584228516 174080
1770996589643 25.126750946044922 179200
1770996607128 25.0750732421875 184320
1770996624590 25.071250915527344 189440
1770996642077 24.99627113342285 194560
1770996659555 24.95303726196289 199680
1770996677020 24.8913516998291 204800
1770996694420 24.854503631591797 209920
1770996711919 24.77063751220703 215040
1770996729416 24.753829956054688 220160
1770996746917 24.716432571411133 225280
1770996764424 24.68329620361328 230400
1770996781931 24.66083335876465 235520
1770996799330 24.62825584411621 240640
1770996816757 24.62371253967285 245760
1770996834271 24.56689453125 250880
1770996851751 24.54620361328125 256000
1770996869265 24.524150848388672 261120
1770996886759 24.488100051879883 266240
1770996904230 24.441225051879883 271360
1770996921718 24.417081832885742 276480
1770996939217 24.38237953186035 281600
1770996956693 24.367210388183594 286720
1770996974214 24.348867416381836 291840
1770996991672 24.327850341796875 296960
1770996998653 24.317283630371094 300032
