1770995994344 0.0 5120
1770996011734 0.0 10240
1770996029162 0.0 15360
1770996046626 0.0 20480
1770996064118 0.0 25600
1770996081608 0.0 30720
1770996099123 0.0 35840
1770996116724 0.0 40960
1770996134487 0.0 46080
1770996152235 0.0 51200
1770996169923 0.0 56320
1770996187457 0.0 61440
1770996204899 0.0 66560
1770996222418 0.0 71680
1770996239925 0.0 76800
1770996257399 0.0 81920
1770996274914 0.0 87040
1770996292412 0.0 92160
1770996309898 0.0 97280
1770996327382 0.0 102400
1770996344849 0.0 107520
1770996362369 0.0 112640
1770996379858 0.0 117760
1770996397372 0.0 122880
1770996414867 0.0 128000
1770996432339 0.0 133120
1770996449810 0.0 138240
1770996467268 0.0 143360
1770996484741 0.0 148480
1770996502225 0.0 153600
1770996519687 0.0 158720
1770996537167 0.0 163840
1770996554651 0.0 168960
1770996572155 0.0 174080
1770996589643 0.0 179200
1770996607128 0.0 184320
1770996624590 0.0 189440
1770996642077 0.0 194560
1770996659555 0.0 199680
1770996677020 0.0 204800
1770996694420 0.0 209920
1770996711919 0.0 215040
1770996729416 0.0 220160
1770996746917 0.0 225280
1770996764424 0.0 230400
1770996781931 0.0 235520
1770996799330 0.0 240640
1770996816757 0.0 245760
1770996834271 0.0 250880
1770996851751 0.0 256000
1770996869265 0.0 261120
1770996886759 0.0 266240
1770996904230 0.0 271360
1770996921718 0.0 276480
1770996939217 0.0 281600
1770996956693 0.0 286720
1770996974214 0.0 291840
1770996991672 0.0 296960
1770996998653 0.0 300032
