1770995994344 1.1589666604995728 5120
1770996011734 1.167184591293335 10240
1770996029162 1.1729172468185425 15360
1770996046626 1.176486611366272 20480
1770996064118 1.1702717542648315 25600
1770996081608 1.1615581512451172 30720
1770996099123 1.1518152952194214 35840
1770996116724 1.1528494358062744 40960
1770996134487 1.1528677940368652 46080
1770996152235 1.151645302772522 51200
1770996169923 1.1508560180664062 56320
1770996187457 1.154550313949585 61440
1770996204899 1.1523101329803467 66560
1770996222418 1.1537742614746094 71680
1770996239925 1.157389760017395 76800
1770996257399 1.1585923433303833 81920
1770996274914 1.1632758378982544 87040
1770996292412 1.1659977436065674 92160
1770996309898 1.1672064065933228 97280
1770996327382 1.1648629903793335 102400
1770996344849 1.1642791032791138 107520
1770996362369 1.1656132936477661 112640
1770996379858 1.1645058393478394 117760
1770996397372 1.164130449295044 122880
1770996414867 1.1647015810012817 128000
1770996432339 1.1640434265136719 133120
1770996449810 1.164001226425171 138240
1770996467268 1.1640830039978027 143360
1770996484741 1.1633000373840332 148480
1770996502225 1.1624630689620972 153600
1770996519687 1.1630007028579712 158720
1770996537167 1.165323257446289 163840
1770996554651 1.166703224182129 168960
1770996572155 1.1674962043762207 174080
1770996589643 1.1676541566848755 179200
1770996607128 1.1672594547271729 184320
1770996624590 1.167938470840454 189440
1770996642077 1.167067289352417 194560
1770996659555 1.1676427125930786 199680
1770996677020 1.1665561199188232 204800
1770996694420 1.1660670042037964 209920
1770996711919 1.1641391515731812 215040
1770996729416 1.164080023765564 220160
1770996746917 1.1637033224105835 225280
1770996764424 1.162601351737976 230400
1770996781931 1.1628882884979248 235520
1770996799330 1.1626921892166138 240640
1770996816757 1.1637462377548218 245760
1770996834271 1.1628144979476929 250880
1770996851751 1.1623042821884155 256000
1770996869265 1.162595510482788 261120
1770996886759 1.1624464988708496 266240
1770996904230 1.1609145402908325 271360
1770996921718 1.1612590551376343 276480
1770996939217 1.161039113998413 281600
1770996956693 1.1614700555801392 286720
1770996974214 1.1611076593399048 291840
1770996991672 1.1604011058807373 296960
1770996998653 1.1597280502319336 300032
