1770995994336 22.67816162109375 5120
1770996011724 19.075305938720703 10240
1770996029152 15.427848815917969 15360
1770996046616 15.002664566040039 20480
1770996064108 13.903552055358887 25600
1770996081598 14.409814834594727 30720
1770996099113 14.96186637878418 35840
1770996116712 16.883378982543945 40960
1770996134477 16.684236526489258 46080
1770996152223 18.667160034179688 51200
1770996169911 20.09999656677246 56320
1770996187446 21.440898895263672 61440
1770996204889 20.039709091186523 66560
1770996222406 19.39545249938965 71680
1770996239914 18.736400604248047 76800
1770996257386 20.014522552490234 81920
1770996274903 20.245193481445312 87040
1770996292401 22.44705581665039 92160
1770996309886 23.294567108154297 97280
1770996327371 23.278013229370117 102400
1770996344838 24.13248634338379 107520
1770996362357 23.049835205078125 112640
1770996379847 25.23109245300293 117760
1770996397361 25.18284034729004 122880
1770996414855 25.16400718688965 128000
1770996432328 25.043560028076172 133120
1770996449798 26.370121002197266 138240
1770996467259 26.552133560180664 143360
1770996484729 26.82645034790039 148480
1770996502213 26.69558334350586 153600
1770996519674 27.37482261657715 158720
1770996537155 28.505685806274414 163840
1770996554638 28.94510841369629 168960
1770996572142 28.5706787109375 174080
1770996589631 27.546306610107422 179200
1770996607115 28.41303062438965 184320
1770996624580 29.32036781311035 189440
1770996642064 28.727127075195312 194560
1770996659542 28.551921844482422 199680
1770996677007 28.12611961364746 204800
1770996694408 28.753353118896484 209920
1770996711905 28.410568237304688 215040
1770996729404 31.154369354248047 220160
1770996746904 28.999271392822266 225280
1770996764410 28.243099212646484 230400
1770996781917 27.891353607177734 235520
1770996799317 29.543777465820312 240640
1770996816743 28.76605796813965 245760
1770996834258 27.66704750061035 250880
1770996851738 29.932437896728516 256000
1770996869252 29.047985076904297 261120
1770996886745 28.500232696533203 266240
1770996904217 28.247156143188477 271360
1770996921704 29.2321834564209 276480
1770996939203 26.965057373046875 281600
1770996956679 27.837011337280273 286720
1770996974200 27.437911987304688 291840
1770996991658 27.63863182067871 296960
1770996998638 26.003253936767578 300032
