1770995994344 1.2021677494049072 5120
1770996011734 1.1640048027038574 10240
1770996029162 1.1754584312438965 15360
1770996046626 1.183020830154419 20480
1770996064118 1.1831772327423096 25600
1770996081608 1.191314935684204 30720
1770996099123 1.2129147052764893 35840
1770996116724 1.2320069074630737 40960
1770996134487 1.2470506429672241 46080
1770996152235 1.2557743787765503 51200
1770996169923 1.2658621072769165 56320
1770996187457 1.2597496509552002 61440
1770996204899 1.2478978633880615 66560
1770996222418 1.2510391473770142 71680
1770996239925 1.2642468214035034 76800
1770996257399 1.2847771644592285 81920
1770996274914 1.3094583749771118 87040
1770996292412 1.3391153812408447 92160
1770996309898 1.361853003501892 97280
1770996327382 1.3735371828079224 102400
1770996344849 1.3912767171859741 107520
1770996362369 1.408603549003601 112640
1770996379858 1.418134093284607 117760
1770996397372 1.432476282119751 122880
1770996414867 1.4430971145629883 128000
1770996432339 1.449001669883728 133120
1770996449810 1.4569838047027588 138240
1770996467268 1.464247465133667 143360
1770996484741 1.4715323448181152 148480
1770996502225 1.4797980785369873 153600
1770996519687 1.4866853952407837 158720
1770996537167 1.4973446130752563 163840
1770996554651 1.5061559677124023 168960
1770996572155 1.5156656503677368 174080
1770996589643 1.5246515274047852 179200
1770996607128 1.5329073667526245 184320
1770996624590 1.5408146381378174 189440
1770996642077 1.5448215007781982 194560
1770996659555 1.548080563545227 199680
1770996677020 1.5503731966018677 204800
1770996694420 1.5564364194869995 209920
1770996711919 1.5571330785751343 215040
1770996729416 1.5625922679901123 220160
1770996746917 1.56380295753479 225280
1770996764424 1.5678352117538452 230400
1770996781931 1.5719021558761597 235520
1770996799330 1.576683521270752 240640
1770996816757 1.5835036039352417 245760
1770996834271 1.5861700773239136 250880
1770996851751 1.58979070186615 256000
1770996869265 1.5921930074691772 261120
1770996886759 1.5948765277862549 266240
1770996904230 1.594557285308838 271360
1770996921718 1.5958411693572998 276480
1770996939217 1.5975594520568848 281600
1770996956693 1.6006803512573242 286720
1770996974214 1.6046342849731445 291840
1770996991672 1.6051006317138672 296960
1770996998653 1.605242133140564 300032
