1770995994336 140.0856350823286 5120
1770996011724 144.83594046755758 10240
1770996029152 139.83810095352405 15360
1770996046616 142.24730380519568 20480
1770996064108 140.80515643883442 25600
1770996081598 136.9255680334291 30720
1770996099113 143.346001367054 35840
1770996116712 119.64923691342176 40960
1770996134477 126.68934062282901 46080
1770996152223 125.9815576847986 51200
1770996169911 112.87451223122258 56320
1770996187446 131.8631790744467 61440
1770996204889 132.8362311955661 66560
1770996222406 126.53264148666587 71680
1770996239914 128.72280874048613 76800
1770996257386 136.64453494054408 81920
1770996274903 132.52564062055674 87040
1770996292401 138.6042761309937 92160
1770996309886 134.61403170935233 97280
1770996327371 136.62228013029315 102400
1770996344838 135.70286010094475 107520
1770996362357 123.76594175101066 112640
1770996379847 137.54071159206427 117760
1770996397361 145.15673992040146 122880
1770996414855 135.3132238603736 128000
1770996432328 137.60839895013123 133120
1770996449798 133.94341189244426 138240
1770996467259 168.3918419784808 143360
1770996484729 136.7826767545004 148480
1770996502213 135.97562082603903 153600
1770996519674 139.0592135800013 158720
1770996537155 138.1932720503443 163840
1770996554638 140.63990879522515 168960
1770996572142 133.61485776177886 174080
1770996589631 136.5955839249658 179200
1770996607115 138.30263461601874 184320
1770996624580 158.25770667471608 189440
1770996642064 131.71410626805678 194560
1770996659542 136.68461187512221 199680
1770996677007 146.592478680274 204800
1770996694408 140.6210480437188 209920
1770996711905 128.4272023025812 215040
1770996729404 138.7326431382926 220160
1770996746904 137.00607565166263 225280
1770996764410 137.5271821103023 230400
1770996781917 131.66035722133284 235520
1770996799317 139.54964067074795 240640
1770996816743 130.19319592748946 245760
1770996834258 145.62544267759182 250880
1770996851738 143.4833059660646 256000
1770996869252 143.8573192481822 261120
1770996886745 137.2032711808963 266240
1770996904217 138.6042761309937 271360
1770996921704 138.31631710856087 276480
1770996939203 137.03740974286927 281600
1770996956679 134.41558774516088 286720
1770996974200 133.55104120231803 291840
1770996991658 139.61932026230818 296960
1770996998638 135.75996115876356 300032
