1770995994344 2.05485200881958 5120
1770996011734 1.8133505582809448 10240
1770996029162 1.7907962799072266 15360
1770996046626 1.757369875907898 20480
1770996064118 1.7875150442123413 25600
1770996081608 1.896196961402893 30720
1770996099123 2.058424949645996 35840
1770996116724 2.152050733566284 40960
1770996134487 2.248811721801758 46080
1770996152235 2.2791943550109863 51200
1770996169923 2.3299720287323 56320
1770996187457 2.2757461071014404 61440
1770996204899 2.220249652862549 66560
1770996222418 2.2421693801879883 71680
1770996239925 2.285146474838257 76800
1770996257399 2.3822944164276123 81920
1770996274914 2.5142555236816406 87040
1770996292412 2.6548309326171875 92160
1770996309898 2.754237413406372 97280
1770996327382 2.824125051498413 102400
1770996344849 2.8974602222442627 107520
1770996362369 2.9783356189727783 112640
1770996379858 3.0308072566986084 117760
1770996397372 3.0918831825256348 122880
1770996414867 3.1534295082092285 128000
1770996432339 3.1949641704559326 133120
1770996449810 3.241468667984009 138240
1770996467268 3.282694101333618 143360
1770996484741 3.316310405731201 148480
1770996502225 3.3567068576812744 153600
1770996519687 3.3903560638427734 158720
1770996537167 3.436166524887085 163840
1770996554651 3.4702370166778564 168960
1770996572155 3.509810447692871 174080
1770996589643 3.5449771881103516 179200
1770996607128 3.5842599868774414 184320
1770996624590 3.6108360290527344 189440
1770996642077 3.63664174079895 194560
1770996659555 3.6577906608581543 199680
1770996677020 3.677074670791626 204800
1770996694420 3.707589864730835 209920
1770996711919 3.723641872406006 215040
1770996729416 3.749715566635132 220160
1770996746917 3.7625033855438232 225280
1770996764424 3.778036117553711 230400
1770996781931 3.8000526428222656 235520
1770996799330 3.829012870788574 240640
1770996816757 3.8618462085723877 245760
1770996834271 3.8809070587158203 250880
1770996851751 3.898939609527588 256000
1770996869265 3.91610050201416 261120
1770996886759 3.9334189891815186 266240
1770996904230 3.9353291988372803 271360
1770996921718 3.945269823074341 276480
1770996939217 3.957300901412964 281600
1770996956693 3.970360517501831 286720
1770996974214 3.984935998916626 291840
1770996991672 3.987229824066162 296960
1770996998653 3.9891228675842285 300032
