1770976689723 0.0801318883895874 5120
1770976707219 0.06711934506893158 10240
1770976724653 0.06960921734571457 15360
1770976742282 0.06892334669828415 20480
1770976759859 0.0690934881567955 25600
1770976777425 0.0700908973813057 30720
1770976795073 0.06994428485631943 35840
1770976812617 0.06933604180812836 40960
1770976830246 0.06983619183301926 46080
1770976847874 0.06989658623933792 51200
1770976865512 0.0698719248175621 56320
1770976883049 0.06955187767744064 61440
1770976900531 0.06935248523950577 66560
1770976918038 0.0697648674249649 71680
1770976935563 0.07211227715015411 76800
1770976953066 0.07472368329763412 81920
1770976970544 0.07712921500205994 87040
1770976988067 0.07884509861469269 92160
1770977005526 0.08089985698461533 97280
1770977023067 0.08255963772535324 102400
1770977040544 0.08456140756607056 107520
1770977058015 0.08626805990934372 112640
1770977075489 0.08837813884019852 117760
1770977092936 0.09003030508756638 122880
1770977110435 0.09191728383302689 128000
1770977127950 0.09366682916879654 133120
1770977145398 0.0951291173696518 138240
1770977162902 0.09642777591943741 143360
1770977180406 0.09801777452230453 148480
1770977197870 0.09909434616565704 153600
1770977215377 0.10060375928878784 158720
1770977232837 0.10221940279006958 163840
1770977250329 0.10334477573633194 168960
1770977267839 0.1043042242527008 174080
1770977285321 0.10539406538009644 179200
1770977302756 0.10663420706987381 184320
1770977320273 0.10750970989465714 189440
1770977337793 0.10909519344568253 194560
1770977355312 0.11090084165334702 199680
1770977372814 0.11323138326406479 204800
1770977390204 0.11513615399599075 209920
1770977407733 0.11748529225587845 215040
1770977425252 0.11893726885318756 220160
1770977442752 0.12004923075437546 225280
1770977460259 0.12105339765548706 230400
1770977477765 0.12209469825029373 235520
1770977495260 0.12284901738166809 240640
1770977512780 0.1232946515083313 245760
1770977530313 0.12377376854419708 250880
1770977547835 0.12454141676425934 256000
1770977565350 0.12496472895145416 261120
1770977582861 0.12513583898544312 266240
1770977600371 0.12547293305397034 271360
1770977617893 0.12559545040130615 276480
1770977635392 0.12599004805088043 281600
1770977652887 0.1261199712753296 286720
1770977670350 0.12627235054969788 291840
1770977687879 0.12630583345890045 296960
1770977694905 0.1263355165719986 300032
