1770976689723 17.510156631469727 5120
1770976707219 18.620328903198242 10240
1770976724653 19.31350326538086 15360
1770976742282 19.710474014282227 20480
1770976759859 19.889690399169922 25600
1770976777425 20.255165100097656 30720
1770976795073 20.57443618774414 35840
1770976812617 20.783716201782227 40960
1770976830246 20.946563720703125 46080
1770976847874 21.05649185180664 51200
1770976865512 21.143226623535156 56320
1770976883049 21.244792938232422 61440
1770976900531 21.31650161743164 66560
1770976918038 21.364591598510742 71680
1770976935563 21.368440628051758 76800
1770976953066 21.274930953979492 81920
1770976970544 21.22027587890625 87040
1770976988067 21.05242156982422 92160
1770977005526 20.905397415161133 97280
1770977023067 20.828815460205078 102400
1770977040544 20.7221622467041 107520
1770977058015 20.647764205932617 112640
1770977075489 20.621009826660156 117760
1770977092936 20.61137580871582 122880
1770977110435 20.562191009521484 128000
1770977127950 20.550092697143555 133120
1770977145398 20.505088806152344 138240
1770977162902 20.47568130493164 143360
1770977180406 20.423839569091797 148480
1770977197870 20.37947654724121 153600
1770977215377 20.333961486816406 158720
1770977232837 20.300859451293945 163840
1770977250329 20.21110725402832 168960
1770977267839 20.09429359436035 174080
1770977285321 19.970930099487305 179200
1770977302756 19.87071990966797 184320
1770977320273 19.697763442993164 189440
1770977337793 19.51514434814453 194560
1770977355312 19.314069747924805 199680
1770977372814 19.12862777709961 204800
1770977390204 18.912477493286133 209920
1770977407733 18.67466926574707 215040
1770977425252 18.45417594909668 220160
1770977442752 18.21600341796875 225280
1770977460259 17.978761672973633 230400
1770977477765 17.76833152770996 235520
1770977495260 17.56169891357422 240640
1770977512780 17.34249496459961 245760
1770977530313 17.154735565185547 250880
1770977547835 16.988054275512695 256000
1770977565350 16.828214645385742 261120
1770977582861 16.672672271728516 266240
1770977600371 16.51752471923828 271360
1770977617893 16.378461837768555 276480
1770977635392 16.261987686157227 281600
1770977652887 16.1425724029541 286720
1770977670350 16.04722785949707 291840
1770977687879 15.943964004516602 296960
1770977694905 15.905752182006836 300032
