1770976689723 23.35417366027832 5120
1770976707219 23.98226547241211 10240
1770976724653 24.67906951904297 15360
1770976742282 25.003890991210938 20480
1770976759859 25.183456420898438 25600
1770976777425 25.59817123413086 30720
1770976795073 25.910364151000977 35840
1770976812617 26.092313766479492 40960
1770976830246 26.29119300842285 46080
1770976847874 26.389881134033203 51200
1770976865512 26.468032836914062 56320
1770976883049 26.56939125061035 61440
1770976900531 26.619924545288086 66560
1770976918038 26.690725326538086 71680
1770976935563 26.798513412475586 76800
1770976953066 26.805070877075195 81920
1770976970544 26.851287841796875 87040
1770976988067 26.753929138183594 92160
1770977005526 26.697057723999023 97280
1770977023067 26.70390510559082 102400
1770977040544 26.656795501708984 107520
1770977058015 26.652162551879883 112640
1770977075489 26.706331253051758 117760
1770977092936 26.7637882232666 122880
1770977110435 26.784921646118164 128000
1770977127950 26.836688995361328 133120
1770977145398 26.850860595703125 138240
1770977162902 26.866809844970703 143360
1770977180406 26.87272071838379 148480
1770977197870 26.863643646240234 153600
1770977215377 26.874685287475586 158720
1770977232837 26.907268524169922 163840
1770977250329 26.872005462646484 168960
1770977267839 26.79708480834961 174080
1770977285321 26.722522735595703 179200
1770977302756 26.684215545654297 184320
1770977320273 26.56549835205078 189440
1770977337793 26.47055435180664 194560
1770977355312 26.36058235168457 199680
1770977372814 26.302684783935547 204800
1770977390204 26.201004028320312 209920
1770977407733 26.094860076904297 215040
1770977425252 25.975074768066406 220160
1770977442752 25.820247650146484 225280
1770977460259 25.663959503173828 230400
1770977477765 25.51464080810547 235520
1770977495260 25.37676239013672 240640
1770977512780 25.21966552734375 245760
1770977530313 25.082841873168945 250880
1770977547835 24.980329513549805 256000
1770977565350 24.871204376220703 261120
1770977582861 24.756242752075195 266240
1770977600371 24.63311767578125 271360
1770977617893 24.520917892456055 276480
1770977635392 24.43547248840332 281600
1770977652887 24.346073150634766 286720
1770977670350 24.278724670410156 291840
1770977687879 24.19255256652832 296960
1770977694905 24.16037940979004 300032
