1770976689723 1.1322177648544312 5120
1770976707219 1.138956069946289 10240
1770976724653 1.127068042755127 15360
1770976742282 1.1168750524520874 20480
1770976759859 1.1113241910934448 25600
1770976777425 1.1184024810791016 30720
1770976795073 1.1240713596343994 35840
1770976812617 1.1259342432022095 40960
1770976830246 1.1301857233047485 46080
1770976847874 1.1320035457611084 51200
1770976865512 1.1324487924575806 56320
1770976883049 1.1342806816101074 61440
1770976900531 1.1337034702301025 66560
1770976918038 1.1356173753738403 71680
1770976935563 1.1383955478668213 76800
1770976953066 1.1381349563598633 81920
1770976970544 1.1407976150512695 87040
1770976988067 1.1398372650146484 92160
1770977005526 1.1403930187225342 97280
1770977023067 1.141655445098877 102400
1770977040544 1.1400834321975708 107520
1770977058015 1.139391303062439 112640
1770977075489 1.1415430307388306 117760
1770977092936 1.1437711715698242 122880
1770977110435 1.1447992324829102 128000
1770977127950 1.1466189622879028 133120
1770977145398 1.147097110748291 138240
1770977162902 1.1473264694213867 143360
1770977180406 1.1480821371078491 148480
1770977197870 1.147436499595642 153600
1770977215377 1.1484147310256958 158720
1770977232837 1.15050208568573 163840
1770977250329 1.1504101753234863 168960
1770977267839 1.1494911909103394 174080
1770977285321 1.149221420288086 179200
1770977302756 1.1508545875549316 184320
1770977320273 1.1498618125915527 189440
1770977337793 1.1505663394927979 194560
1770977355312 1.1504608392715454 199680
1770977372814 1.1517789363861084 204800
1770977390204 1.151757836341858 209920
1770977407733 1.1518571376800537 215040
1770977425252 1.152199625968933 220160
1770977442752 1.1511279344558716 225280
1770977460259 1.15012788772583 230400
1770977477765 1.1496188640594482 235520
1770977495260 1.1498534679412842 240640
1770977512780 1.148776888847351 245760
1770977530313 1.1483547687530518 250880
1770977547835 1.1491444110870361 256000
1770977565350 1.149437665939331 261120
1770977582861 1.1492596864700317 266240
1770977600371 1.1485954523086548 271360
1770977617893 1.1483335494995117 276480
1770977635392 1.1482905149459839 281600
1770977652887 1.1492831707000732 286720
1770977670350 1.15009343624115 291840
1770977687879 1.1493159532546997 296960
1770977694905 1.149128794670105 300032
