1770976689715 -0.9074916839599609 5120
1770976707209 -1.3339049816131592 10240
1770976724643 -1.4765931367874146 15360
1770976742272 -1.790108323097229 20480
1770976759849 -2.203768253326416 25600
1770976777413 -2.5435571670532227 30720
1770976795063 -2.831509590148926 35840
1770976812607 -3.016965389251709 40960
1770976830236 -3.1404502391815186 46080
1770976847863 -3.2076897621154785 51200
1770976865500 -3.260672092437744 56320
1770976883038 -3.295989513397217 61440
1770976900520 -3.2968316078186035 66560
1770976918028 -3.2958831787109375 71680
1770976935552 -3.297433376312256 76800
1770976953055 -3.244136333465576 81920
1770976970535 -3.2199764251708984 87040
1770976988056 -3.1846251487731934 92160
1770977005515 -3.26741361618042 97280
1770977023056 -3.453089475631714 102400
1770977040533 -3.7582499980926514 107520
1770977058003 -4.129011631011963 112640
1770977075476 -4.534347057342529 117760
1770977092923 -4.9480204582214355 122880
1770977110423 -5.337642669677734 128000
1770977127938 -5.6591386795043945 133120
1770977145383 -5.857375144958496 138240
1770977162890 -6.03411865234375 143360
1770977180394 -6.207334518432617 148480
1770977197858 -6.418438911437988 153600
1770977215364 -6.591204643249512 158720
1770977232825 -6.702975273132324 163840
1770977250316 -6.855685234069824 168960
1770977267826 -7.00430154800415 174080
1770977285309 -7.18692684173584 179200
1770977302743 -7.334461212158203 184320
1770977320260 -7.513628959655762 189440
1770977337781 -7.720157623291016 194560
1770977355300 -7.9015607833862305 199680
1770977372801 -8.092334747314453 204800
1770977390192 -8.318330764770508 209920
1770977407720 -8.483368873596191 215040
1770977425239 -8.70616340637207 220160
1770977442740 -8.848456382751465 225280
1770977460246 -9.029892921447754 230400
1770977477752 -9.186620712280273 235520
1770977495250 -9.405497550964355 240640
1770977512767 -9.619625091552734 245760
1770977530300 -9.74302864074707 250880
1770977547822 -9.932258605957031 256000
1770977565336 -10.118748664855957 261120
1770977582847 -10.285207748413086 266240
1770977600358 -10.399897575378418 271360
1770977617879 -10.59870433807373 276480
1770977635378 -10.718208312988281 281600
1770977652873 -10.793416976928711 286720
1770977670336 -11.003015518188477 291840
1770977687866 -11.107084274291992 296960
1770977694891 -11.14011287689209 300032
