1770976689715 21.884790420532227 5120
1770976707209 21.058338165283203 10240
1770976724643 18.07899284362793 15360
1770976742272 16.511306762695312 20480
1770976759849 15.320154190063477 25600
1770976777413 15.40434741973877 30720
1770976795063 15.800699234008789 35840
1770976812607 15.443203926086426 40960
1770976830236 15.535738945007324 46080
1770976847863 15.773579597473145 51200
1770976865500 15.991098403930664 56320
1770976883038 15.602493286132812 61440
1770976900520 15.010271072387695 66560
1770976918028 14.911941528320312 71680
1770976935552 14.895649909973145 76800
1770976953055 15.301068305969238 81920
1770976970535 15.939275741577148 87040
1770976988056 15.676351547241211 92160
1770977005515 16.863285064697266 97280
1770977023056 17.650474548339844 102400
1770977040533 18.705265045166016 107520
1770977058003 19.1688289642334 112640
1770977075476 19.956939697265625 117760
1770977092923 21.56380844116211 122880
1770977110423 21.527633666992188 128000
1770977127938 21.59328842163086 133120
1770977145383 22.84856605529785 138240
1770977162890 23.09600257873535 143360
1770977180394 23.225265502929688 148480
1770977197858 24.183778762817383 153600
1770977215364 24.798181533813477 158720
1770977232825 24.777191162109375 163840
1770977250316 25.906728744506836 168960
1770977267826 26.224584579467773 174080
1770977285309 26.979381561279297 179200
1770977302743 27.715938568115234 184320
1770977320260 27.781137466430664 189440
1770977337781 28.9034366607666 194560
1770977355300 30.044055938720703 199680
1770977372801 30.664846420288086 204800
1770977390192 31.308544158935547 209920
1770977407720 32.92362594604492 215040
1770977425239 34.672245025634766 220160
1770977442740 34.7816276550293 225280
1770977460246 35.758628845214844 230400
1770977477752 37.69911193847656 235520
1770977495250 36.811248779296875 240640
1770977512767 37.153221130371094 245760
1770977530300 38.89716339111328 250880
1770977547822 39.01649856567383 256000
1770977565336 39.1183967590332 261120
1770977582847 39.3044319152832 266240
1770977600358 37.95162582397461 271360
1770977617879 39.79059982299805 276480
1770977635378 40.47704315185547 281600
1770977652873 40.042457580566406 286720
1770977670336 40.16209030151367 291840
1770977687866 39.9605712890625 296960
1770977694891 39.43687438964844 300032
