1770976689723 0.2881574034690857 5120
1770976707219 0.2628980278968811 10240
1770976724653 0.2638154625892639 15360
1770976742282 0.2598433494567871 20480
1770976759859 0.257963627576828 25600
1770976777425 0.2600633502006531 30720
1770976795073 0.25995615124702454 35840
1770976812617 0.2584317922592163 40960
1770976830246 0.2595566213130951 46080
1770976847874 0.2595022916793823 51200
1770976865512 0.2592504918575287 56320
1770976883049 0.2589426636695862 61440
1770976900531 0.2581813931465149 66560
1770976918038 0.25906485319137573 71680
1770976935563 0.26388928294181824 76800
1770976953066 0.2687367796897888 81920
1770976970544 0.2739271819591522 87040
1770976988067 0.27741146087646484 92160
1770977005526 0.28176039457321167 97280
1770977023067 0.2851985991001129 102400
1770977040544 0.2888510823249817 107520
1770977058015 0.29195573925971985 112640
1770977075489 0.2963311970233917 117760
1770977092936 0.2998393476009369 122880
1770977110435 0.30370739102363586 128000
1770977127950 0.3072971999645233 133120
1770977145398 0.3102198839187622 138240
1770977162902 0.31273889541625977 143360
1770977180406 0.31610673666000366 148480
1770977197870 0.31823715567588806 153600
1770977215377 0.3214465379714966 158720
1770977232837 0.32499459385871887 163840
1770977250329 0.3275061547756195 168960
1770977267839 0.32977744936943054 174080
1770977285321 0.33242154121398926 179200
1770977302756 0.3356263339519501 184320
1770977320273 0.33825287222862244 189440
1770977337793 0.34268811345100403 194560
1770977355312 0.34761354327201843 199680
1770977372814 0.3535279929637909 204800
1770977390204 0.35880008339881897 209920
1770977407733 0.36520543694496155 215040
1770977425252 0.36989548802375793 220160
1770977442752 0.3737795352935791 225280
1770977460259 0.3775409162044525 230400
1770977477765 0.38149282336235046 235520
1770977495260 0.3849780261516571 240640
1770977512780 0.3871932923793793 245760
1770977530313 0.3897344172000885 250880
1770977547835 0.39286354184150696 256000
1770977565350 0.39498409628868103 261120
1770977582861 0.3962933421134949 266240
1770977600371 0.39803794026374817 271360
1770977617893 0.3991609811782837 276480
1770977635392 0.40084654092788696 281600
1770977652887 0.4022483229637146 286720
1770977670350 0.40333664417266846 291840
1770977687879 0.4038197696208954 296960
1770977694905 0.40408992767333984 300032
