1770976689715 76.13548738428027 5120
1770976707209 134.73943910822706 10240
1770976724643 121.22265895953757 15360
1770976742272 140.6210480437188 20480
1770976759849 139.2854913160429 25600
1770976777413 105.53566665827944 30720
1770976795063 138.14775534402688 35840
1770976812607 137.64452612234183 40960
1770976830236 126.89247897380045 46080
1770976847863 118.14940845070423 51200
1770976865500 123.31473260224033 56320
1770976883038 131.7761789562977 61440
1770976900520 118.47312374657515 66560
1770976918028 139.83810095352405 71680
1770976935552 137.7892247043364 76800
1770976953055 126.16345315084975 81920
1770976970535 167.47739977639355 87040
1770976988056 137.9796039213106 92160
1770977005515 129.99950409124722 97280
1770977023056 143.37540165447462 102400
1770977040533 121.73281091278479 107520
1770977058003 141.09408954822214 112640
1770977075476 140.72012346507415 117760
1770977092923 110.27195288673887 122880
1770977110423 134.3639159405433 128000
1770977127938 132.60944070315216 133120
1770977145383 85.5020691061054 138240
1770977162890 135.48806408889752 143360
1770977180394 133.69577967614433 148480
1770977197858 145.74688998540552 153600
1770977215364 138.1932720503443 158720
1770977232825 135.3132238603736 163840
1770977250316 118.61384010633184 168960
1770977267826 129.49779246040322 174080
1770977285309 134.89544270414564 179200
1770977302743 152.24333938294012 184320
1770977320260 137.26164217691527 189440
1770977337781 144.5464382947927 194560
1770977355300 133.5893238207472 199680
1770977372801 128.88498294564116 204800
1770977390192 137.06427894513251 209920
1770977407720 137.86621963645925 215040
1770977425239 137.72588165758194 220160
1770977442740 153.11590552330887 225280
1770977460246 138.6134373244324 230400
1770977477752 143.53731905136718 235520
1770977495250 166.02557099315203 240640
1770977512767 140.94237037534864 245760
1770977530300 140.43271838483946 250880
1770977547822 122.67275013892545 256000
1770977565336 133.9134765812075 261120
1770977582847 135.48368757671685 266240
1770977600358 135.79952081849382 271360
1770977617879 136.80498385465933 276480
1770977635378 136.45781956599538 281600
1770977652873 136.0153062879009 286720
1770977670336 138.51273075525907 291840
1770977687866 133.84510323260045 296960
1770977694891 127.31230839277583 300032
