1770659248256 0.0 5120
1770659254931 0.0 10240
1770659262999 0.0 15360
1770659269301 0.0 20480
1770659275735 0.0 25600
1770659282379 0.0 30720
1770659290064 0.0 35840
1770659296426 0.0 40960
1770659303724 0.0 46080
1770659309890 0.0 51200
1770659317042 0.0 56320
1770659323271 0.0 61440
1770659331593 0.0 66560
1770659338204 0.0 71680
1770659344731 0.0 76800
1770659351381 0.0 81920
1770659358546 0.0 87040
1770659364889 0.0 92160
1770659373177 0.0 97280
1770659380078 0.0 102400
1770659386994 0.0 107520
1770659393887 0.0 112640
1770659402817 0.0 117760
1770659409757 0.0 122880
1770659416634 0.0 128000
1770659423517 0.0 133120
1770659432770 0.0 138240
1770659439347 0.0 143360
1770659446171 0.0 148480
1770659453075 0.0 153600
1770659461522 0.0 158720
1770659468315 0.0 163840
1770659474897 0.0 168960
1770659481513 0.0 174080
1770659490263 0.0 179200
1770659496679 0.0 184320
1770659503357 0.0 189440
1770659510064 0.0 194560
1770659520505 0.0 199680
1770659527119 0.0 204800
1770659533951 0.0 209920
1770659541115 0.0 215040
1770659550718 0.0 220160
1770659557433 0.0 225280
1770659564457 0.0 230400
1770659571260 0.0 235520
1770659579928 0.0 240640
1770659586400 0.0 245760
1770659593588 0.0 250880
1770659600193 0.0 256000
1770659609926 0.0 261120
1770659616724 0.0 266240
1770659623790 0.0 271360
1770659631770 0.0 276480
1770659641338 0.0 281600
1770659648973 0.0 286720
1770659656657 0.0 291840
1770659663720 0.0 296960
1770659673057 0.0 302080
1770659679471 0.0 307200
1770659685983 0.0 312320
1770659693096 0.0 317440
1770659703655 0.0 322560
1770659711625 0.0 327680
1770659719130 0.0 332800
1770659726828 0.0 337920
1770659736745 0.0 343040
1770659743853 0.0 348160
1770659751309 0.0 353280
1770659758470 0.0 358400
1770659768681 0.0 363520
1770659775181 0.0 368640
1770659781885 0.0 373760
1770659788401 0.0 378880
1770659797453 0.0 384000
1770659804009 0.0 389120
1770659811359 0.0 394240
1770659820190 0.0 399360
1770659827714 0.0 404480
1770659834969 0.0 409600
1770659842051 0.0 414720
1770659851651 0.0 419840
1770659858916 0.0 424960
1770659866501 0.0 430080
1770659874043 0.0 435200
1770659884204 0.0 440320
1770659891679 0.0 445440
1770659898803 0.0 450560
1770659906425 0.0 455680
1770659916962 0.0 460800
1770659924139 0.0 465920
1770659931465 0.0 471040
1770659938790 0.0 476160
1770659946109 0.0 481280
1770659955613 0.0 486400
1770659962892 0.0 491520
1770659970593 0.0 496640
1770659978091 0.0 501760
1770659988395 0.0 506880
1770659995091 0.0 512000
1770660001966 0.0 517120
1770660010013 0.0 522240
1770660020347 0.0 527360
1770660027768 0.0 532480
1770660034571 0.0 537600
1770660041426 0.0 542720
1770660050774 0.0 547840
1770660057214 0.0 552960
1770660064258 0.0 558080
1770660070848 0.0 563200
1770660079171 0.0 568320
1770660086119 0.0 573440
1770660093170 0.0 578560
1770660100354 0.0 583680
1770660107774 0.0 588800
1770660115384 0.0 593920
1770660122266 0.0 599040
1770660129227 0.0 604160
1770660136405 0.0 609280
1770660144288 0.0 614400
1770660152202 0.0 619520
1770660159264 0.0 624640
1770660165755 0.0 629760
1770660173450 0.0 634880
1770660183450 0.0 640000
1770660190744 0.0 645120
1770660197605 0.0 650240
1770660204451 0.0 655360
1770660212426 0.0 660480
1770660220710 0.0 665600
1770660228102 0.0 670720
1770660236211 0.0 675840
1770660243231 0.0 680960
1770660253016 0.0 686080
1770660260070 0.0 691200
1770660266936 0.0 696320
1770660273994 0.0 701440
1770660282971 0.0 706560
1770660290001 0.0 711680
1770660297116 0.0 716800
1770660304825 0.0 721920
1770660313585 0.0 727040
1770660320809 0.0 732160
1770660328205 0.0 737280
1770660335225 0.0 742400
1770660345447 0.0 747520
1770660353010 0.0 752640
1770660360250 0.0 757760
1770660367310 0.0 762880
1770660376637 0.0 768000
1770660384104 0.0 773120
1770660390802 0.0 778240
1770660397414 0.0 783360
1770660406193 0.0 788480
1770660413978 0.0 793600
1770660420655 0.0 798720
1770660427605 0.0 803840
1770660436798 0.0 808960
1770660443470 0.0 814080
1770660450607 0.0 819200
1770660457344 0.0 824320
1770660466520 0.0 829440
1770660473673 0.0 834560
1770660480379 0.0 839680
1770660487248 0.0 844800
1770660496201 0.0 849920
1770660503192 0.0 855040
1770660509983 0.0 860160
1770660517118 0.0 865280
1770660526574 0.0 870400
1770660533241 0.0 875520
1770660540564 0.0 880640
1770660547206 0.0 885760
1770660556937 0.0 890880
1770660564265 0.0 896000
1770660571972 0.0 901120
1770660579480 0.0 906240
1770660589218 0.0 911360
1770660596091 0.0 916480
1770660602908 0.0 921600
1770660609294 0.0 926720
1770660618818 0.0 931840
1770660625042 0.0 936960
1770660631591 0.0 942080
1770660638755 0.0 947200
1770660647541 0.0 952320
1770660655283 0.0 957440
1770660662620 0.0 962560
1770660669298 0.0 967680
1770660677932 0.0 972800
1770660684721 0.0 977920
1770660691856 0.0 983040
1770660698408 0.0 988160
1770660707459 0.0 993280
1770660714415 0.0 998400
1770660715255 0.0 1000448
