1770659248256 1.1415321826934814 5120
1770659254931 1.1628338098526 10240
1770659262999 1.173211932182312 15360
1770659269301 1.1648595333099365 20480
1770659275735 1.163956642150879 25600
1770659282379 1.1743136644363403 30720
1770659290064 1.1784194707870483 35840
1770659296426 1.1779661178588867 40960
1770659303724 1.1735111474990845 46080
1770659309890 1.171099305152893 51200
1770659317042 1.1664631366729736 56320
1770659323271 1.1656248569488525 61440
1770659331593 1.1631361246109009 66560
1770659338204 1.1649149656295776 71680
1770659344731 1.165191888809204 76800
1770659351381 1.1602215766906738 81920
1770659358546 1.1571406126022339 87040
1770659364889 1.157837152481079 92160
1770659373177 1.1572113037109375 97280
1770659380078 1.1598236560821533 102400
1770659386994 1.162207007408142 107520
1770659393887 1.164900541305542 112640
1770659402817 1.1621264219284058 117760
1770659409757 1.1635328531265259 122880
1770659416634 1.1641557216644287 128000
1770659423517 1.1636521816253662 133120
1770659432770 1.161637783050537 138240
1770659439347 1.1614631414413452 143360
1770659446171 1.1618355512619019 148480
1770659453075 1.1625128984451294 153600
1770659461522 1.1609444618225098 158720
1770659468315 1.1601595878601074 163840
1770659474897 1.1608853340148926 168960
1770659481513 1.1610721349716187 174080
1770659490263 1.1600481271743774 179200
1770659496679 1.1589956283569336 184320
1770659503357 1.1566420793533325 189440
1770659510064 1.1563664674758911 194560
1770659520505 1.156186819076538 199680
1770659527119 1.1562625169754028 204800
1770659533951 1.1551456451416016 209920
1770659541115 1.1558810472488403 215040
1770659550718 1.1550756692886353 220160
1770659557433 1.1545698642730713 225280
1770659564457 1.1548429727554321 230400
1770659571260 1.1552824974060059 235520
1770659579928 1.1554458141326904 240640
1770659586400 1.1556775569915771 245760
1770659593588 1.154886245727539 250880
1770659600193 1.1557979583740234 256000
1770659609926 1.155348777770996 261120
1770659616724 1.1562514305114746 266240
1770659623790 1.15622878074646 271360
1770659631770 1.1564931869506836 276480
1770659641338 1.1556328535079956 281600
1770659648973 1.1556856632232666 286720
1770659656657 1.1561713218688965 291840
1770659663720 1.1556999683380127 296960
1770659673057 1.155917763710022 302080
1770659679471 1.155598759651184 307200
1770659685983 1.1542457342147827 312320
1770659693096 1.1548364162445068 317440
1770659703655 1.1543313264846802 322560
1770659711625 1.154053807258606 327680
1770659719130 1.153757929801941 332800
1770659726828 1.1532784700393677 337920
1770659736745 1.1522808074951172 343040
1770659743853 1.1526379585266113 348160
1770659751309 1.1522365808486938 353280
1770659758470 1.152549386024475 358400
1770659768681 1.1522284746170044 363520
1770659775181 1.1521116495132446 368640
1770659781885 1.1521236896514893 373760
1770659788401 1.153461217880249 378880
1770659797453 1.1530027389526367 384000
1770659804009 1.1529337167739868 389120
1770659811359 1.152426838874817 394240
1770659820190 1.1525812149047852 399360
1770659827714 1.1524326801300049 404480
1770659834969 1.152283787727356 409600
1770659842051 1.15213143825531 414720
1770659851651 1.1524624824523926 419840
1770659858916 1.1523337364196777 424960
1770659866501 1.1531966924667358 430080
1770659874043 1.1536791324615479 435200
1770659884204 1.1536649465560913 440320
1770659891679 1.1532719135284424 445440
1770659898803 1.1529794931411743 450560
1770659906425 1.152875304222107 455680
1770659916962 1.1531779766082764 460800
1770659924139 1.1525402069091797 465920
1770659931465 1.1524972915649414 471040
1770659938790 1.152383804321289 476160
1770659946109 1.1522657871246338 481280
1770659955613 1.1522910594940186 486400
1770659962892 1.1528105735778809 491520
1770659970593 1.1529667377471924 496640
1770659978091 1.1532474756240845 501760
1770659988395 1.1533539295196533 506880
1770659995091 1.153298020362854 512000
1770660001966 1.1527271270751953 517120
1770660010013 1.1524548530578613 522240
1770660020347 1.1519752740859985 527360
1770660027768 1.152227520942688 532480
1770660034571 1.152152419090271 537600
1770660041426 1.1520544290542603 542720
1770660050774 1.1513160467147827 547840
1770660057214 1.151092290878296 552960
1770660064258 1.1518317461013794 558080
1770660070848 1.152036428451538 563200
1770660079171 1.15220308303833 568320
1770660086119 1.1519029140472412 573440
1770660093170 1.152570366859436 578560
1770660100354 1.1523621082305908 583680
1770660107774 1.1522794961929321 588800
1770660115384 1.1520180702209473 593920
1770660122266 1.151736855506897 599040
1770660129227 1.1517038345336914 604160
1770660136405 1.1520339250564575 609280
1770660144288 1.1518408060073853 614400
1770660152202 1.1517245769500732 619520
1770660159264 1.151850938796997 624640
1770660165755 1.152093768119812 629760
1770660173450 1.1516189575195312 634880
1770660183450 1.151881217956543 640000
1770660190744 1.151624083518982 645120
1770660197605 1.1515876054763794 650240
1770660204451 1.151125192642212 655360
1770660212426 1.15108323097229 660480
1770660220710 1.1513882875442505 665600
1770660228102 1.1513381004333496 670720
1770660236211 1.1513311862945557 675840
1770660243231 1.1514434814453125 680960
1770660253016 1.1509851217269897 686080
1770660260070 1.151204228401184 691200
1770660266936 1.151094675064087 696320
1770660273994 1.1512163877487183 701440
1770660282971 1.1510828733444214 706560
1770660290001 1.1510729789733887 711680
1770660297116 1.1511523723602295 716800
1770660304825 1.1510919332504272 721920
1770660313585 1.1509652137756348 727040
1770660320809 1.1510071754455566 732160
1770660328205 1.1512691974639893 737280
1770660335225 1.1511818170547485 742400
1770660345447 1.151242971420288 747520
1770660353010 1.1513434648513794 752640
1770660360250 1.1514959335327148 757760
1770660367310 1.1514593362808228 762880
1770660376637 1.1516313552856445 768000
1770660384104 1.151698350906372 773120
1770660390802 1.1513739824295044 778240
1770660397414 1.1511424779891968 783360
1770660406193 1.151248574256897 788480
1770660413978 1.1512612104415894 793600
1770660420655 1.1511917114257812 798720
1770660427605 1.1511722803115845 803840
1770660436798 1.1514478921890259 808960
1770660443470 1.151593804359436 814080
1770660450607 1.1516159772872925 819200
1770660457344 1.1514272689819336 824320
1770660466520 1.151232361793518 829440
1770660473673 1.15126371383667 834560
1770660480379 1.151155710220337 839680
1770660487248 1.1512947082519531 844800
1770660496201 1.1511499881744385 849920
1770660503192 1.151085376739502 855040
1770660509983 1.1510372161865234 860160
1770660517118 1.1509865522384644 865280
1770660526574 1.1513789892196655 870400
1770660533241 1.1515696048736572 875520
1770660540564 1.1517350673675537 880640
1770660547206 1.1517324447631836 885760
1770660556937 1.1517406702041626 890880
1770660564265 1.1517391204833984 896000
1770660571972 1.151962161064148 901120
1770660579480 1.152056097984314 906240
1770660589218 1.1521172523498535 911360
1770660596091 1.1523808240890503 916480
1770660602908 1.1525670289993286 921600
1770660609294 1.152702808380127 926720
1770660618818 1.152748465538025 931840
1770660625042 1.1525895595550537 936960
1770660631591 1.152787685394287 942080
1770660638755 1.1528000831604004 947200
1770660647541 1.1530711650848389 952320
1770660655283 1.1529483795166016 957440
1770660662620 1.152862787246704 962560
1770660669298 1.1527783870697021 967680
1770660677932 1.1526986360549927 972800
1770660684721 1.152588963508606 977920
1770660691856 1.15248703956604 983040
1770660698408 1.152498722076416 988160
1770660707459 1.1523321866989136 993280
1770660714415 1.1524488925933838 998400
1770660715255 1.1523536443710327 1000448
