1770659248251 -2.804276704788208 5120
1770659254926 -3.356250047683716 10240
1770659262994 -3.3840625286102295 15360
1770659269293 -3.518437623977661 20480
1770659275730 -3.6959376335144043 25600
1770659282373 -3.7734375 30720
1770659290059 -3.976874828338623 35840
1770659296418 -4.095000267028809 40960
1770659303719 -4.264687538146973 46080
1770659309884 -4.316250324249268 51200
1770659317036 -4.462812900543213 56320
1770659323266 -4.583437919616699 61440
1770659331587 -4.684062957763672 66560
1770659338199 -4.78249979019165 71680
1770659344722 -4.9028120040893555 76800
1770659351376 -5.001250267028809 81920
1770659358540 -5.107500076293945 87040
1770659364882 -5.315625190734863 92160
1770659373171 -5.4731245040893555 97280
1770659380071 -5.428124904632568 102400
1770659386989 -5.574375152587891 107520
1770659393880 -5.609999656677246 112640
1770659402807 -5.744374752044678 117760
1770659409750 -5.924375534057617 122880
1770659416627 -6.023125648498535 128000
1770659423511 -6.03125 133120
1770659432761 -6.088124752044678 138240
1770659439338 -6.335000038146973 143360
1770659446163 -6.339375019073486 148480
1770659453068 -6.493124961853027 153600
1770659461516 -6.328125476837158 158720
1770659468309 -6.57687520980835 163840
1770659474887 -6.603749752044678 168960
1770659481504 -6.7950005531311035 174080
1770659490256 -6.765000343322754 179200
1770659496672 -6.906250953674316 184320
1770659503349 -6.9175004959106445 189440
1770659510056 -7.070000648498535 194560
1770659520496 -7.05750036239624 199680
1770659527111 -7.192500114440918 204800
1770659533943 -7.191249847412109 209920
1770659541103 -7.263749599456787 215040
1770659550710 -7.359999656677246 220160
1770659557425 -7.401874542236328 225280
1770659564448 -7.55750036239624 230400
1770659571253 -7.658125400543213 235520
1770659579918 -7.658750057220459 240640
1770659586393 -7.833750247955322 245760
1770659593580 -7.7987494468688965 250880
1770659600185 -7.859999656677246 256000
1770659609919 -7.868124961853027 261120
1770659616716 -7.850625038146973 266240
1770659623778 -8.084375381469727 271360
1770659631760 -8.13687515258789 276480
1770659641329 -8.238125801086426 281600
1770659648963 -8.15250015258789 286720
1770659656649 -8.111875534057617 291840
1770659663708 -8.417500495910645 296960
1770659673046 -8.453749656677246 302080
1770659679463 -8.432499885559082 307200
1770659685975 -8.59000015258789 312320
1770659693081 -8.611875534057617 317440
1770659703641 -8.573750495910645 322560
1770659711614 -8.723124504089355 327680
1770659719120 -8.763124465942383 332800
1770659726817 -8.80062484741211 337920
1770659736735 -8.817500114440918 343040
1770659743842 -8.838750839233398 348160
1770659751298 -8.895625114440918 353280
1770659758461 -9.035000801086426 358400
1770659768673 -9.125000953674316 363520
1770659775171 -9.106249809265137 368640
1770659781876 -9.225000381469727 373760
1770659788391 -9.233750343322754 378880
1770659797443 -9.291250228881836 384000
1770659803996 -9.235000610351562 389120
1770659811348 -9.412500381469727 394240
1770659820181 -9.426250457763672 399360
1770659827704 -9.478750228881836 404480
1770659834959 -9.451250076293945 409600
1770659842038 -9.452500343322754 414720
1770659851642 -9.572500228881836 419840
1770659858903 -9.552499771118164 424960
1770659866488 -9.541250228881836 430080
1770659874031 -9.619999885559082 435200
1770659884194 -9.80625057220459 440320
1770659891670 -9.602499961853027 445440
1770659898793 -9.791250228881836 450560
1770659906415 -9.807500839233398 455680
1770659916953 -9.804999351501465 460800
1770659924130 -9.988749504089355 465920
1770659931454 -9.976250648498535 471040
1770659938779 -9.92500114440918 476160
1770659946097 -9.946249961853027 481280
1770659955603 -10.01875114440918 486400
1770659962881 -10.142499923706055 491520
1770659970580 -9.912500381469727 496640
1770659978081 -10.288750648498535 501760
1770659988386 -10.078750610351562 506880
1770659995082 -10.208749771118164 512000
1770660001951 -10.287500381469727 517120
1770660010004 -10.321250915527344 522240
1770660020336 -10.24375057220459 527360
1770660027754 -10.39625072479248 532480
1770660034560 -10.302499771118164 537600
1770660041416 -10.34749984741211 542720
1770660050764 -10.383749961853027 547840
1770660057204 -10.4037504196167 552960
1770660064249 -10.303750991821289 558080
1770660070838 -10.358750343322754 563200
1770660079161 -10.516249656677246 568320
1770660086108 -10.484999656677246 573440
1770660093160 -10.432499885559082 578560
1770660100339 -10.503750801086426 583680
1770660107757 -10.554999351501465 588800
1770660115368 -10.586250305175781 593920
1770660122255 -10.632499694824219 599040
1770660129214 -10.736250877380371 604160
1770660136394 -10.68375015258789 609280
1770660144277 -10.667500495910645 614400
1770660152188 -10.702500343322754 619520
1770660159253 -10.601250648498535 624640
1770660165745 -10.737500190734863 629760
1770660173439 -10.728750228881836 634880
1770660183432 -10.893750190734863 640000
1770660190734 -10.986249923706055 645120
1770660197594 -10.916250228881836 650240
1770660204440 -10.918749809265137 655360
1770660212415 -10.962499618530273 660480
1770660220698 -10.976249694824219 665600
1770660228085 -10.936250686645508 670720
1770660236199 -11.054999351501465 675840
1770660243220 -10.992500305175781 680960
1770660252999 -10.987500190734863 686080
1770660260049 -11.013750076293945 691200
1770660266924 -10.867500305175781 696320
1770660273980 -11.106249809265137 701440
1770660282960 -11.136250495910645 706560
1770660289985 -11.059999465942383 711680
1770660297101 -11.245000839233398 716800
1770660304808 -11.25 721920
1770660313569 -11.225000381469727 727040
1770660320795 -11.190000534057617 732160
1770660328187 -11.202500343322754 737280
1770660335213 -11.123750686645508 742400
1770660345430 -11.33750057220459 747520
1770660352996 -11.25999927520752 752640
1770660360239 -11.266250610351562 757760
1770660367293 -11.291250228881836 762880
1770660376623 -11.30250072479248 768000
1770660384091 -11.296249389648438 773120
1770660390789 -11.307499885559082 778240
1770660397402 -11.27125072479248 783360
1770660406180 -11.402499198913574 788480
1770660413966 -11.3125 793600
1770660420636 -11.356249809265137 798720
1770660427592 -11.324999809265137 803840
1770660436785 -11.341249465942383 808960
1770660443457 -11.457499504089355 814080
1770660450592 -11.332500457763672 819200
1770660457332 -11.485000610351562 824320
1770660466506 -11.402501106262207 829440
1770660473661 -11.420000076293945 834560
1770660480366 -11.432500839233398 839680
1770660487235 -11.483750343322754 844800
1770660496188 -11.444999694824219 849920
1770660503179 -11.434999465942383 855040
1770660509970 -11.382500648498535 860160
1770660517105 -11.42500114440918 865280
1770660526562 -11.48750114440918 870400
1770660533226 -11.461250305175781 875520
1770660540544 -11.633749961853027 880640
1770660547192 -11.523750305175781 885760
1770660556913 -11.627500534057617 890880
1770660564252 -11.595000267028809 896000
1770660571944 -11.472500801086426 901120
1770660579466 -11.52125072479248 906240
1770660589200 -11.582499504089355 911360
1770660596078 -11.628750801086426 916480
1770660602886 -11.578749656677246 921600
1770660609279 -11.734999656677246 926720
1770660618800 -11.667501449584961 931840
1770660625027 -11.717500686645508 936960
1770660631573 -11.576250076293945 942080
1770660638740 -11.649999618530273 947200
1770660647519 -11.737500190734863 952320
1770660655262 -11.743749618530273 957440
1770660662606 -11.76875114440918 962560
1770660669283 -11.71875 967680
1770660677910 -11.5600004196167 972800
1770660684705 -11.815000534057617 977920
1770660691841 -11.822500228881836 983040
1770660698392 -11.869999885559082 988160
1770660707443 -11.892499923706055 993280
1770660714397 -11.730000495910645 998400
1770660715240 -12.0 1000448
