1770659248251 19.835866928100586 5120
1770659254926 20.094379425048828 10240
1770659262994 20.70749282836914 15360
1770659269293 21.089466094970703 20480
1770659275730 21.23596954345703 25600
1770659282373 22.534778594970703 30720
1770659290059 22.776126861572266 35840
1770659296418 22.789508819580078 40960
1770659303719 22.38056182861328 46080
1770659309884 22.966211318969727 51200
1770659317036 22.751136779785156 56320
1770659323266 22.656524658203125 61440
1770659331587 23.564374923706055 66560
1770659338199 24.247299194335938 71680
1770659344722 23.883224487304688 76800
1770659351376 24.53235626220703 81920
1770659358540 24.25751304626465 87040
1770659364882 23.7266788482666 92160
1770659373171 23.977445602416992 97280
1770659380071 24.58833122253418 102400
1770659386989 23.983348846435547 107520
1770659393880 23.06692123413086 112640
1770659402807 24.497478485107422 117760
1770659409750 24.724477767944336 122880
1770659416627 24.745243072509766 128000
1770659423511 24.73871421813965 133120
1770659432761 24.231416702270508 138240
1770659439338 25.059053421020508 143360
1770659446163 24.805160522460938 148480
1770659453068 26.300846099853516 153600
1770659461516 25.236671447753906 158720
1770659468309 25.283344268798828 163840
1770659474887 25.021244049072266 168960
1770659481504 25.800012588500977 174080
1770659490256 25.528173446655273 179200
1770659496672 26.667322158813477 184320
1770659503349 26.26357650756836 189440
1770659510056 26.421701431274414 194560
1770659520496 26.160236358642578 199680
1770659527111 26.29570960998535 204800
1770659533943 26.63302230834961 209920
1770659541103 26.532251358032227 215040
1770659550710 26.787424087524414 220160
1770659557425 26.60892105102539 225280
1770659564448 26.778045654296875 230400
1770659571253 26.55557632446289 235520
1770659579918 26.71377182006836 240640
1770659586393 27.28847312927246 245760
1770659593580 27.81974220275879 250880
1770659600185 27.508670806884766 256000
1770659609919 27.187637329101562 261120
1770659616716 26.949954986572266 266240
1770659623778 27.633441925048828 271360
1770659631760 28.061203002929688 276480
1770659641329 27.795822143554688 281600
1770659648963 28.3328914642334 286720
1770659656649 27.314483642578125 291840
1770659663708 29.004833221435547 296960
1770659673046 28.2767276763916 302080
1770659679463 29.13844871520996 307200
1770659685975 27.856136322021484 312320
1770659693081 28.927337646484375 317440
1770659703641 28.971139907836914 322560
1770659711614 28.240270614624023 327680
1770659719120 28.717554092407227 332800
1770659726817 29.742374420166016 337920
1770659736735 29.166528701782227 343040
1770659743842 28.790607452392578 348160
1770659751298 29.284000396728516 353280
1770659758461 30.225032806396484 358400
1770659768673 30.155643463134766 363520
1770659775171 29.798568725585938 368640
1770659781876 29.816619873046875 373760
1770659788391 30.804706573486328 378880
1770659797443 30.335220336914062 384000
1770659803996 30.539932250976562 389120
1770659811348 30.207199096679688 394240
1770659820181 29.5218563079834 399360
1770659827704 30.480632781982422 404480
1770659834959 30.954235076904297 409600
1770659842038 30.33551025390625 414720
1770659851642 30.694599151611328 419840
1770659858903 30.48917579650879 424960
1770659866488 30.63470458984375 430080
1770659874031 30.4875545501709 435200
1770659884194 30.75063705444336 440320
1770659891670 30.787317276000977 445440
1770659898793 30.61187171936035 450560
1770659906415 30.816604614257812 455680
1770659916953 31.927419662475586 460800
1770659924130 30.684371948242188 465920
1770659931454 30.6314640045166 471040
1770659938779 31.41654396057129 476160
1770659946097 31.5731258392334 481280
1770659955603 31.660930633544922 486400
1770659962881 33.00371551513672 491520
1770659970580 32.44936752319336 496640
1770659978081 32.8017463684082 501760
1770659988386 31.543994903564453 506880
1770659995082 31.944255828857422 512000
1770660001951 32.56754684448242 517120
1770660010004 31.412389755249023 522240
1770660020336 32.047080993652344 527360
1770660027754 31.553430557250977 532480
1770660034560 31.6658935546875 537600
1770660041416 32.6460075378418 542720
1770660050764 31.7097225189209 547840
1770660057204 33.00669479370117 552960
1770660064249 32.807701110839844 558080
1770660070838 31.900094985961914 563200
1770660079161 31.623271942138672 568320
1770660086108 32.13461685180664 573440
1770660093160 31.75869369506836 578560
1770660100339 32.668800354003906 583680
1770660107757 31.86954689025879 588800
1770660115368 33.171424865722656 593920
1770660122255 33.384281158447266 599040
1770660129214 33.28321838378906 604160
1770660136394 33.64577102661133 609280
1770660144277 32.54515838623047 614400
1770660152188 33.496219635009766 619520
1770660159253 33.406227111816406 624640
1770660165745 33.0034294128418 629760
1770660173439 33.52033233642578 634880
1770660183432 34.49879455566406 640000
1770660190734 34.19205856323242 645120
1770660197594 33.82599639892578 650240
1770660204440 33.76594161987305 655360
1770660212415 33.44884490966797 660480
1770660220698 33.35711669921875 665600
1770660228085 33.588294982910156 670720
1770660236199 33.91577911376953 675840
1770660243220 34.62186050415039 680960
1770660252999 34.24739456176758 686080
1770660260049 32.78026580810547 691200
1770660266924 33.405269622802734 696320
1770660273980 34.6708984375 701440
1770660282960 33.857566833496094 706560
1770660289985 33.6397819519043 711680
1770660297101 32.864051818847656 716800
1770660304808 33.7319450378418 721920
1770660313569 33.81732177734375 727040
1770660320795 34.33174133300781 732160
1770660328187 33.95964050292969 737280
1770660335213 34.15373229980469 742400
1770660345430 34.462074279785156 747520
1770660352996 34.20838165283203 752640
1770660360239 34.207881927490234 757760
1770660367293 34.875953674316406 762880
1770660376623 34.52387237548828 768000
1770660384091 34.1690673828125 773120
1770660390789 33.87237548828125 778240
1770660397402 35.01827621459961 783360
1770660406180 35.83135986328125 788480
1770660413966 34.3438606262207 793600
1770660420636 33.788169860839844 798720
1770660427592 34.469947814941406 803840
1770660436785 35.44645309448242 808960
1770660443457 35.12978744506836 814080
1770660450592 34.906742095947266 819200
1770660457332 35.4063606262207 824320
1770660466506 34.8418083190918 829440
1770660473661 34.11907196044922 834560
1770660480366 34.51484680175781 839680
1770660487235 35.11051559448242 844800
1770660496188 35.336151123046875 849920
1770660503179 35.51347351074219 855040
1770660509970 35.77318572998047 860160
1770660517105 34.28681564331055 865280
1770660526562 35.49835968017578 870400
1770660533226 35.24814987182617 875520
1770660540544 35.582359313964844 880640
1770660547192 34.622657775878906 885760
1770660556913 34.835018157958984 890880
1770660564252 35.866416931152344 896000
1770660571944 35.6385498046875 901120
1770660579466 35.331050872802734 906240
1770660589200 35.70258331298828 911360
1770660596078 34.8046875 916480
1770660602886 35.39381790161133 921600
1770660609279 35.77986145019531 926720
1770660618800 35.23163986206055 931840
1770660625027 34.467594146728516 936960
1770660631573 34.98911666870117 942080
1770660638740 34.115291595458984 947200
1770660647519 35.181861877441406 952320
1770660655262 36.64374542236328 957440
1770660662606 36.208518981933594 962560
1770660669283 35.67364501953125 967680
1770660677910 36.1430549621582 972800
1770660684705 35.598419189453125 977920
1770660691841 35.598724365234375 983040
1770660698392 36.55681228637695 988160
1770660707443 36.05546951293945 993280
1770660714397 35.86858367919922 998400
1770660715240 37.11758041381836 1000448
