1770659248256 0.25561121106147766 5120
1770659254931 0.26265856623649597 10240
1770659262999 0.26687687635421753 15360
1770659269301 0.26515233516693115 20480
1770659275735 0.266194611787796 25600
1770659282379 0.26737216114997864 30720
1770659290064 0.27093926072120667 35840
1770659296426 0.2721686065196991 40960
1770659303724 0.2708945870399475 46080
1770659309890 0.26904964447021484 51200
1770659317042 0.26737892627716064 56320
1770659323271 0.26728367805480957 61440
1770659331593 0.26729878783226013 66560
1770659338204 0.26750409603118896 71680
1770659344731 0.26696011424064636 76800
1770659351381 0.2663971185684204 81920
1770659358546 0.2658534049987793 87040
1770659364889 0.26525694131851196 92160
1770659373177 0.2654368281364441 97280
1770659380078 0.266197144985199 102400
1770659386994 0.2667437493801117 107520
1770659393887 0.26706910133361816 112640
1770659402817 0.2662968039512634 117760
1770659409757 0.26698535680770874 122880
1770659416634 0.2676055133342743 128000
1770659423517 0.2672305405139923 133120
1770659432770 0.26715773344039917 138240
1770659439347 0.26694393157958984 143360
1770659446171 0.26710444688796997 148480
1770659453075 0.2666621506214142 153600
1770659461522 0.266094446182251 158720
1770659468315 0.26604586839675903 163840
1770659474897 0.26630058884620667 168960
1770659481513 0.2663276493549347 174080
1770659490263 0.26576218008995056 179200
1770659496679 0.26510536670684814 184320
1770659503357 0.2639771103858948 189440
1770659510064 0.26393964886665344 194560
1770659520505 0.2640347480773926 199680
1770659527119 0.2636149525642395 204800
1770659533951 0.2631227374076843 209920
1770659541115 0.26369622349739075 215040
1770659550718 0.26345691084861755 220160
1770659557433 0.26375240087509155 225280
1770659564457 0.2639830708503723 230400
1770659571260 0.26393577456474304 235520
1770659579928 0.2634674310684204 240640
1770659586400 0.26368334889411926 245760
1770659593588 0.2636060118675232 250880
1770659600193 0.263823002576828 256000
1770659609926 0.26370862126350403 261120
1770659616724 0.26393774151802063 266240
1770659623790 0.26411810517311096 271360
1770659631770 0.2640433609485626 276480
1770659641338 0.2638396918773651 281600
1770659648973 0.26402947306632996 286720
1770659656657 0.2642054557800293 291840
1770659663720 0.2641889154911041 296960
1770659673057 0.2644111216068268 302080
1770659679471 0.2643953561782837 307200
1770659685983 0.2639823257923126 312320
1770659693096 0.26408278942108154 317440
1770659703655 0.2638188302516937 322560
1770659711625 0.2635982632637024 327680
1770659719130 0.26351335644721985 332800
1770659726828 0.2632719576358795 337920
1770659736745 0.2630283236503601 343040
1770659743853 0.26346227526664734 348160
1770659751309 0.2634124159812927 353280
1770659758470 0.26349547505378723 358400
1770659768681 0.26363635063171387 363520
1770659775181 0.26361095905303955 368640
1770659781885 0.2636266052722931 373760
1770659788401 0.263999879360199 378880
1770659797453 0.26398080587387085 384000
1770659804009 0.2639784812927246 389120
1770659811359 0.263869047164917 394240
1770659820190 0.2639424800872803 399360
1770659827714 0.2639527916908264 404480
1770659834969 0.2639991343021393 409600
1770659842051 0.26374685764312744 414720
1770659851651 0.2638322114944458 419840
1770659858916 0.2638043165206909 424960
1770659866501 0.26387184858322144 430080
1770659874043 0.2640083432197571 435200
1770659884204 0.26387307047843933 440320
1770659891679 0.26369616389274597 445440
1770659898803 0.263859361410141 450560
1770659906425 0.26368096470832825 455680
1770659916962 0.26383209228515625 460800
1770659924139 0.2635501027107239 465920
1770659931465 0.2635487914085388 471040
1770659938790 0.2633790373802185 476160
1770659946109 0.26335859298706055 481280
1770659955613 0.26329949498176575 486400
1770659962892 0.2634970247745514 491520
1770659970593 0.2635696530342102 496640
1770659978091 0.26372119784355164 501760
1770659988395 0.2636505365371704 506880
1770659995091 0.2636931836605072 512000
1770660001966 0.2635163366794586 517120
1770660010013 0.26353323459625244 522240
1770660020347 0.2633715569972992 527360
1770660027768 0.2634904980659485 532480
1770660034571 0.26360204815864563 537600
1770660041426 0.2634982466697693 542720
1770660050774 0.26327481865882874 547840
1770660057214 0.26316380500793457 552960
1770660064258 0.26335036754608154 558080
1770660070848 0.2632991075515747 563200
1770660079171 0.2634719908237457 568320
1770660086119 0.2635071277618408 573440
1770660093170 0.26360461115837097 578560
1770660100354 0.26349636912345886 583680
1770660107774 0.26360979676246643 588800
1770660115384 0.263604074716568 593920
1770660122266 0.26353469491004944 599040
1770660129227 0.26363858580589294 604160
1770660136405 0.2638338804244995 609280
1770660144288 0.26390910148620605 614400
1770660152202 0.2638792097568512 619520
1770660159264 0.2638442814350128 624640
1770660165755 0.26396363973617554 629760
1770660173450 0.26397034525871277 634880
1770660183450 0.2640472650527954 640000
1770660190744 0.26402008533477783 645120
1770660197605 0.2639659643173218 650240
1770660204451 0.263849139213562 655360
1770660212426 0.2639288604259491 660480
1770660220710 0.26401978731155396 665600
1770660228102 0.2639586627483368 670720
1770660236211 0.2640024721622467 675840
1770660243231 0.26410168409347534 680960
1770660253016 0.2639161944389343 686080
1770660260070 0.264099657535553 691200
1770660266936 0.26403266191482544 696320
1770660273994 0.2641070485115051 701440
1770660282971 0.26403388381004333 706560
1770660290001 0.26398199796676636 711680
1770660297116 0.26406288146972656 716800
1770660304825 0.26406580209732056 721920
1770660313585 0.264044851064682 727040
1770660320809 0.26399537920951843 732160
1770660328205 0.2640629708766937 737280
1770660335225 0.26411378383636475 742400
1770660345447 0.2641235291957855 747520
1770660353010 0.26418304443359375 752640
1770660360250 0.264136403799057 757760
1770660367310 0.26415517926216125 762880
1770660376637 0.264076828956604 768000
1770660384104 0.26422756910324097 773120
1770660390802 0.2641521096229553 778240
1770660397414 0.2640417814254761 783360
1770660406193 0.2640236020088196 788480
1770660413978 0.2640552520751953 793600
1770660420655 0.26407700777053833 798720
1770660427605 0.26406124234199524 803840
1770660436798 0.26406142115592957 808960
1770660443470 0.2641324996948242 814080
1770660450607 0.2640843391418457 819200
1770660457344 0.26409098505973816 824320
1770660466520 0.2640029191970825 829440
1770660473673 0.26402270793914795 834560
1770660480379 0.26395943760871887 839680
1770660487248 0.26399731636047363 844800
1770660496201 0.26389938592910767 849920
1770660503192 0.26384636759757996 855040
1770660509983 0.2638944685459137 860160
1770660517118 0.26380103826522827 865280
1770660526574 0.26386088132858276 870400
1770660533241 0.26405397057533264 875520
1770660540564 0.2640721797943115 880640
1770660547206 0.26406770944595337 885760
1770660556937 0.26400697231292725 890880
1770660564265 0.26406019926071167 896000
1770660571972 0.264123797416687 901120
1770660579480 0.2641514539718628 906240
1770660589218 0.2642146944999695 911360
1770660596091 0.26437443494796753 916480
1770660602908 0.2644866704940796 921600
1770660609294 0.264494925737381 926720
1770660618818 0.26442813873291016 931840
1770660625042 0.2643493413925171 936960
1770660631591 0.2644352614879608 942080
1770660638755 0.2644020617008209 947200
1770660647541 0.2645374536514282 952320
1770660655283 0.26446595788002014 957440
1770660662620 0.26438573002815247 962560
1770660669298 0.26436856389045715 967680
1770660677932 0.2643388509750366 972800
1770660684721 0.2643124759197235 977920
1770660691856 0.26433515548706055 983040
1770660698408 0.26432937383651733 988160
1770660707459 0.26421794295310974 993280
1770660714415 0.2642216682434082 998400
1770660715255 0.2642219662666321 1000448
