1770659248251 150.05917498479482 5120
1770659254926 181.03086020113082 10240
1770659262994 180.44673894338325 15360
1770659269293 168.04102564102564 20480
1770659275730 196.79557077839817 25600
1770659282373 126.67786167321051 30720
1770659290059 186.80372333318488 35840
1770659296418 176.7585654684142 40960
1770659303719 157.7043164385622 46080
1770659309884 128.16818945760122 51200
1770659317036 164.77975956627643 56320
1770659323266 189.20534103211835 61440
1770659331587 184.43797546282045 66560
1770659338199 149.87686260496696 71680
1770659344722 178.04159945666015 76800
1770659351376 172.8255799579711 81920
1770659358540 179.51994521486046 87040
1770659364882 187.16215975011156 92160
1770659373171 188.88156354138522 97280
1770659380071 165.09757921668964 102400
1770659386989 176.55023782464116 107520
1770659393880 187.58906927859027 112640
1770659402807 144.01043776824034 117760
1770659409750 184.575954937511 122880
1770659416627 181.65023819835426 128000
1770659423511 127.20805531966516 133120
1770659432761 133.29214732894778 138240
1770659439338 129.34205008017761 143360
1770659446163 144.08464445207832 148480
1770659453068 117.33631735019303 153600
1770659461516 175.23726759974932 158720
1770659468309 159.29148152367932 163840
1770659474887 197.2305087933791 168960
1770659481504 188.1697622252131 174080
1770659490256 131.88805735488333 179200
1770659496672 190.61552445009997 184320
1770659503349 190.97136092519236 189440
1770659510056 148.38164644284856 194560
1770659520496 154.50909894643777 199680
1770659527111 181.33610030263728 204800
1770659533943 188.20353585210447 209920
1770659541103 153.14945046920073 215040
1770659550710 149.44430984108885 220160
1770659557425 129.689991033054 225280
1770659564448 140.7295665011408 230400
1770659571253 166.87769555184212 235520
1770659579918 148.92958846713773 240640
1770659586393 169.58330974810983 245760
1770659593580 182.28179052585833 250880
1770659600185 174.74082406365872 256000
1770659609919 182.45623803723683 261120
1770659616716 161.7361662746308 266240
1770659623778 95.08737247789617 271360
1770659631760 115.46922145138201 276480
1770659641329 174.5154364650079 281600
1770659648963 120.69592241949871 286720
1770659656649 177.33400980889564 291840
1770659663708 150.67912056329934 296960
1770659673046 131.85903360684082 302080
1770659679463 190.21786848072563 307200
1770659685975 179.12128459173215 312320
1770659693081 89.49566850168566 317440
1770659703641 141.68988581852577 322560
1770659711614 101.89005222883517 327680
1770659719120 134.87375393916008 332800
1770659726817 105.97028802425467 337920
1770659736735 156.16009531255818 343040
1770659743842 195.49307853647167 348160
1770659751298 158.77892186553603 353280
1770659758461 147.15823450985897 358400
1770659768673 127.11938172450371 363520
1770659775171 165.4231512522185 368640
1770659781876 178.64826646221994 373760
1770659788391 177.58929629943265 378880
1770659797443 192.28460092605326 384000
1770659803996 160.19799862500955 389120
1770659811348 153.90246945290426 394240
1770659820181 155.85834788748096 399360
1770659827704 165.488419806668 404480
1770659834959 154.21936242967973 409600
1770659842038 150.57634176987975 414720
1770659851642 161.3938740957365 419840
1770659858903 131.54061343536347 424960
1770659866488 119.07517601635249 430080
1770659874031 169.79612986802687 435200
1770659884194 170.27174927942193 440320
1770659891670 165.488419806668 445440
1770659898793 196.50974512743628 450560
1770659906415 180.78896551724137 455680
1770659916953 190.8583909719694 460800
1770659924130 173.51193480329292 465920
1770659931454 133.81094273408837 471040
1770659938779 195.4111069698099 476160
1770659946097 127.25436893203883 481280
1770659955603 154.28743792532646 486400
1770659962881 143.99066222664698 491520
1770659970580 109.51471317788976 496640
1770659978081 102.68076772424598 501760
1770659988386 159.49136816487945 506880
1770659995082 206.8809312419848 512000
1770660001951 98.0183683484845 517120
1770660010004 120.7480423767849 522240
1770660020336 153.82909117582338 527360
1770660027754 186.0909534584498 532480
1770660034560 171.97523473697157 537600
1770660041416 178.40510421097406 542720
1770660050764 164.07072445626662 547840
1770660057204 91.19836489747995 552960
1770660064249 189.2821878243603 558080
1770660070838 178.5038089968932 563200
1770660079161 122.12625203820173 568320
1770660086108 203.92376507195644 573440
1770660093160 131.57775198418923 578560
1770660100339 188.80504163853251 583680
1770660107757 123.77324637766695 588800
1770660115368 129.27029525981632 593920
1770660122255 121.6445475638051 599040
1770660129214 123.60181528850121 604160
1770660136394 172.29313177785082 609280
1770660144277 116.66724152318433 614400
1770660152188 109.96261437223082 619520
1770660159253 184.62470287877454 624640
1770660165745 196.6479441136481 629760
1770660173439 149.94651794651796 634880
1770660183432 132.777359207319 640000
1770660190734 171.04249245575403 645120
1770660197594 182.7822373294984 650240
1770660204440 149.9143612838659 655360
1770660212415 190.69352125483064 660480
1770660220698 194.2526861800667 665600
1770660228085 196.28903032572072 670720
1770660236199 181.36746519069445 675840
1770660243220 128.38396082032446 680960
1770660252999 175.52326749246737 686080
1770660260049 102.41500219758754 691200
1770660266924 166.95076224973133 696320
1770660273980 117.91358128812797 701440
1770660282960 95.89830120950225 706560
1770660289985 134.49317001218495 711680
1770660297101 134.8694170230554 716800
1770660304808 144.05000515162962 721920
1770660313569 188.33875168387965 727040
1770660320795 88.73265776724703 732160
1770660328187 184.15454864769933 737280
1770660335213 183.76726253066948 742400
1770660345430 69.55843380487238 747520
1770660352996 131.17858259836117 752640
1770660360239 191.67827438076958 757760
1770660367293 138.18871903004745 762880
1770660376623 163.55888316955233 768000
1770660384091 186.5295739571289 773120
1770660390789 124.83790701827489 778240
1770660397402 117.507256121477 783360
1770660406180 159.26123936816523 788480
1770660413966 173.34699950405025 793600
1770660420636 149.1202047854375 798720
1770660427592 193.4731306794594 803840
1770660436785 170.46551513919934 808960
1770660443457 156.0090756927655 814080
1770660450592 138.44415104304198 819200
1770660457332 169.37786213302104 824320
1770660466506 172.07401025641025 829440
1770660473661 189.9508174448621 834560
1770660480366 153.33421071872488 839680
1770660487235 112.32737011247991 844800
1770660496188 175.80283343113422 849920
1770660503179 172.81845900288423 855040
1770660509970 125.70216081757425 860160
1770660517105 113.65753461778175 865280
1770660526562 113.36263142247088 870400
1770660533226 156.8843837665981 875520
1770660540544 106.69271469271469 880640
1770660547192 195.05668976421896 885760
1770660556913 65.1228767506133 890880
1770660564252 172.2223864662889 896000
1770660571944 76.29058896285787 901120
1770660579466 188.669155683505 906240
1770660589200 134.36822040685567 911360
1770660596078 185.67904732391872 916480
1770660602886 172.85406964764064 921600
1770660609279 124.27567407407408 926720
1770660618800 129.83853392768697 931840
1770660625027 153.67691349430257 936960
1770660631573 200.33931983186855 942080
1770660638740 189.67593723149278 947200
1770660647519 183.3575519125683 952320
1770660655262 175.81020245630214 957440
1770660662606 170.40318517916631 962560
1770660669283 146.76688361676815 967680
1770660677910 170.6319515072617 972800
1770660684705 143.59137281752825 977920
1770660691841 147.57763625488195 983040
1770660698392 172.00344474061924 988160
1770660707443 190.99744990892532 993280
1770660714397 74.00363463133193 998400
1770660715240 196.51895234971653 1000448
