1770979986660 20.12790870666504 5120
1770980072677 20.57200050354004 10240
1770980158900 20.922800064086914 15360
1770980244937 20.026020050048828 20480
1770980330890 19.741792678833008 25600
1770980416795 19.308176040649414 30720
1770980502812 18.74730110168457 35840
1770980588707 17.953227996826172 40960
1770980674614 16.886993408203125 46080
1770980760500 16.13585090637207 51200
1770980846889 15.602421760559082 56320
1770980932883 15.220996856689453 61440
1770981018791 14.76278018951416 66560
1770981104573 14.276504516601562 71680
1770981190880 13.820080757141113 76800
1770981276897 13.518132209777832 81920
1770981362856 13.300238609313965 87040
1770981448758 13.003175735473633 92160
1770981534776 12.644189834594727 97280
1770981620800 12.291385650634766 102400
1770981706798 11.951193809509277 107520
1770981792740 11.637541770935059 112640
1770981878735 11.324604034423828 117760
1770981964576 11.063932418823242 122880
1770982050530 10.860419273376465 128000
1770982136475 10.658466339111328 133120
1770982222368 10.461089134216309 138240
1770982308272 10.269022941589355 143360
1770982394215 10.091071128845215 148480
1770982480019 9.929793357849121 153600
1770982566008 9.77789306640625 158720
1770982651850 9.661360740661621 163840
1770982737780 9.522828102111816 168960
1770982823741 9.432937622070312 174080
1770982909744 9.323503494262695 179200
1770982995761 9.240581512451172 184320
1770983082207 9.172802925109863 189440
1770983168178 9.082082748413086 194560
1770983254187 9.020140647888184 199680
1770983340165 8.985940933227539 204800
1770983426155 8.9424467086792 209920
1770983512170 8.847610473632812 215040
1770983598157 8.727425575256348 220160
1770983684067 8.635019302368164 225280
1770983770088 8.566426277160645 230400
1770983856155 8.497435569763184 235520
1770983942144 8.445683479309082 240640
1770984027986 8.427299499511719 245760
1770984114001 8.418475151062012 250880
1770984200019 8.385037422180176 256000
1770984285903 8.328812599182129 261120
1770984371852 8.26944637298584 266240
1770984457788 8.219637870788574 271360
1770984543654 8.193395614624023 276480
1770984629631 8.158672332763672 281600
1770984715604 8.125728607177734 286720
1770984801605 8.077648162841797 291840
1770984887542 8.023709297180176 296960
1770984921945 7.997656345367432 300032
