1770979986660 25.100400924682617 5120
1770980072677 25.570539474487305 10240
1770980158900 26.025741577148438 15360
1770980244937 25.748760223388672 20480
1770980330890 25.797515869140625 25600
1770980416795 25.800451278686523 30720
1770980502812 25.747350692749023 35840
1770980588707 25.54287338256836 40960
1770980674614 24.789186477661133 46080
1770980760500 24.20989418029785 51200
1770980846889 23.846153259277344 56320
1770980932883 23.712648391723633 61440
1770981018791 23.473934173583984 66560
1770981104573 23.054155349731445 71680
1770981190880 22.60833168029785 76800
1770981276897 22.280031204223633 81920
1770981362856 22.041122436523438 87040
1770981448758 21.80846405029297 92160
1770981534776 21.45978355407715 97280
1770981620800 21.133766174316406 102400
1770981706798 20.768829345703125 107520
1770981792740 20.436813354492188 112640
1770981878735 20.101848602294922 117760
1770981964576 19.796306610107422 122880
1770982050530 19.61003875732422 128000
1770982136475 19.434110641479492 133120
1770982222368 19.262325286865234 138240
1770982308272 19.103496551513672 143360
1770982394215 18.93320083618164 148480
1770982480019 18.772275924682617 153600
1770982566008 18.625930786132812 158720
1770982651850 18.53438377380371 163840
1770982737780 18.403425216674805 168960
1770982823741 18.334270477294922 174080
1770982909744 18.215959548950195 179200
1770982995761 18.125019073486328 184320
1770983082207 18.05651092529297 189440
1770983168178 17.943002700805664 194560
1770983254187 17.916196823120117 199680
1770983340165 17.860570907592773 204800
1770983426155 17.846506118774414 209920
1770983512170 17.776470184326172 215040
1770983598157 17.63454246520996 220160
1770983684067 17.552724838256836 225280
1770983770088 17.47934341430664 230400
1770983856155 17.39297866821289 235520
1770983942144 17.335651397705078 240640
1770984027986 17.316221237182617 245760
1770984114001 17.31083869934082 250880
1770984200019 17.26274299621582 256000
1770984285903 17.171937942504883 261120
1770984371852 17.082914352416992 266240
1770984457788 17.01226234436035 271360
1770984543654 16.98151397705078 276480
1770984629631 16.924484252929688 281600
1770984715604 16.858020782470703 286720
1770984801605 16.789772033691406 291840
1770984887542 16.710161209106445 296960
1770984921945 16.66770362854004 300032
