1770979986660 1.1221249103546143 5120
1770980072677 1.1680498123168945 10240
1770980158900 1.164616346359253 15360
1770980244937 1.157832384109497 20480
1770980330890 1.150932788848877 25600
1770980416795 1.1562614440917969 30720
1770980502812 1.162335991859436 35840
1770980588707 1.1690144538879395 40960
1770980674614 1.1694692373275757 46080
1770980760500 1.165237545967102 51200
1770980846889 1.1619433164596558 56320
1770980932883 1.1673043966293335 61440
1770981018791 1.168532133102417 66560
1770981104573 1.1643548011779785 71680
1770981190880 1.1647926568984985 76800
1770981276897 1.1621700525283813 81920
1770981362856 1.1602009534835815 87040
1770981448758 1.1621712446212769 92160
1770981534776 1.1592406034469604 97280
1770981620800 1.1571533679962158 102400
1770981706798 1.1550320386886597 107520
1770981792740 1.1554479598999023 112640
1770981878735 1.1545344591140747 117760
1770981964576 1.1520527601242065 122880
1770982050530 1.153475284576416 128000
1770982136475 1.1547564268112183 133120
1770982222368 1.156006097793579 138240
1770982308272 1.1562254428863525 143360
1770982394215 1.1546579599380493 148480
1770982480019 1.153398036956787 153600
1770982566008 1.153691053390503 158720
1770982651850 1.152986764907837 163840
1770982737780 1.1524213552474976 168960
1770982823741 1.1539376974105835 174080
1770982909744 1.1526930332183838 179200
1770982995761 1.153422236442566 184320
1770983082207 1.1559334993362427 189440
1770983168178 1.155419111251831 194560
1770983254187 1.1583876609802246 199680
1770983340165 1.1575952768325806 204800
1770983426155 1.1590964794158936 209920
1770983512170 1.1616425514221191 215040
1770983598157 1.1595561504364014 220160
1770983684067 1.1608775854110718 225280
1770983770088 1.1611731052398682 230400
1770983856155 1.1610935926437378 235520
1770983942144 1.1608704328536987 240640
1770984027986 1.1607069969177246 245760
1770984114001 1.1615138053894043 250880
1770984200019 1.1599828004837036 256000
1770984285903 1.1599925756454468 261120
1770984371852 1.1603152751922607 266240
1770984457788 1.1625254154205322 271360
1770984543654 1.164680004119873 276480
1770984629631 1.164040207862854 281600
1770984715604 1.1633965969085693 286720
1770984801605 1.1621354818344116 291840
1770984887542 1.1611690521240234 296960
1770984921945 1.1603833436965942 300032
