1770979986651 -2.49924373626709 5120
1770980072666 -6.141040802001953 10240
1770980158889 -9.960378646850586 15360
1770980244925 -12.7710599899292 20480
1770980330880 -15.627824783325195 25600
1770980416785 -17.112993240356445 30720
1770980502801 -17.912715911865234 35840
1770980588696 -18.481332778930664 40960
1770980674603 -19.719938278198242 46080
1770980760489 -21.014209747314453 51200
1770980846878 -22.295589447021484 56320
1770980932873 -23.210962295532227 61440
1770981018780 -23.731689453125 66560
1770981104563 -24.191333770751953 71680
1770981190871 -25.092796325683594 76800
1770981276887 -25.912235260009766 81920
1770981362845 -26.359155654907227 87040
1770981448746 -26.573923110961914 92160
1770981534765 -26.7708740234375 97280
1770981620789 -27.07613182067871 102400
1770981706787 -27.571918487548828 107520
1770981792729 -27.943689346313477 112640
1770981878723 -28.66725730895996 117760
1770981964562 -29.422924041748047 122880
1770982050519 -30.062963485717773 128000
1770982136463 -30.75742530822754 133120
1770982222357 -31.21163558959961 138240
1770982308260 -31.773672103881836 143360
1770982394203 -32.22942352294922 148480
1770982480007 -32.716651916503906 153600
1770982565997 -33.2646369934082 158720
1770982651838 -33.46973419189453 163840
1770982737766 -33.784873962402344 168960
1770982823729 -34.123374938964844 174080
1770982909731 -34.40667724609375 179200
1770982995748 -34.50343322753906 184320
1770983082195 -34.7869873046875 189440
1770983168166 -35.029518127441406 194560
1770983254175 -34.91366195678711 199680
1770983340152 -34.70588302612305 204800
1770983426142 -34.7732048034668 209920
1770983512158 -34.589237213134766 215040
1770983598144 -34.502052307128906 220160
1770983684054 -34.40784454345703 225280
1770983770074 -34.33342742919922 230400
1770983856142 -34.22590255737305 235520
1770983942130 -34.252479553222656 240640
1770984027972 -34.20892333984375 245760
1770984113986 -34.07584762573242 250880
1770984200006 -34.056739807128906 256000
1770984285888 -34.18231201171875 261120
1770984371838 -34.20654296875 266240
1770984457774 -34.48424530029297 271360
1770984543643 -34.41869354248047 276480
1770984629617 -34.354068756103516 281600
1770984715592 -34.23680114746094 286720
1770984801591 -34.35529327392578 291840
1770984887527 -34.26858139038086 296960
1770984921931 -34.10813903808594 300032
