1770979986660 1.272102952003479 5120
1770980072677 1.3187541961669922 10240
1770980158900 1.3658275604248047 15360
1770980244937 1.7357486486434937 20480
1770980330890 1.9413776397705078 25600
1770980416795 2.1796658039093018 30720
1770980502812 2.4209885597229004 35840
1770980588707 2.7402751445770264 40960
1770980674614 2.928504467010498 46080
1770980760500 3.059351682662964 51200
1770980846889 3.1713345050811768 56320
1770980932883 3.3094255924224854 61440
1770981018791 3.441059112548828 66560
1770981104573 3.4911184310913086 71680
1770981190880 3.53300404548645 76800
1770981276897 3.530001401901245 81920
1770981362856 3.522876024246216 87040
1770981448758 3.556833267211914 92160
1770981534776 3.58569598197937 97280
1770981620800 3.6229419708251953 102400
1770981706798 3.6277952194213867 107520
1770981792740 3.6378254890441895 112640
1770981878735 3.649676561355591 117760
1770981964576 3.644354820251465 122880
1770982050530 3.6624596118927 128000
1770982136475 3.676417350769043 133120
1770982222368 3.7060446739196777 138240
1770982308272 3.725494146347046 143360
1770982394215 3.7394602298736572 148480
1770982480019 3.7513315677642822 153600
1770982566008 3.76277756690979 158720
1770982651850 3.778200626373291 163840
1770982737780 3.7901363372802734 168960
1770982823741 3.8008272647857666 174080
1770982909744 3.797781229019165 179200
1770982995761 3.7972185611724854 184320
1770983082207 3.8003182411193848 189440
1770983168178 3.7891275882720947 194560
1770983254187 3.810030937194824 199680
1770983340165 3.8013699054718018 204800
1770983426155 3.823000907897949 209920
1770983512170 3.8417956829071045 215040
1770983598157 3.835326910018921 220160
1770983684067 3.84674334526062 225280
1770983770088 3.8468782901763916 230400
1770983856155 3.840935707092285 235520
1770983942144 3.844479560852051 240640
1770984027986 3.848174571990967 245760
1770984114001 3.848663806915283 250880
1770984200019 3.8405606746673584 256000
1770984285903 3.8292386531829834 261120
1770984371852 3.817401885986328 266240
1770984457788 3.8120927810668945 271360
1770984543654 3.8080477714538574 276480
1770984629631 3.792492389678955 281600
1770984715604 3.776475667953491 286720
1770984801605 3.768206834793091 291840
1770984887542 3.7592289447784424 296960
1770984921945 3.753418207168579 300032
