1758757757358 -0.09928293153278026 20224
1758757803160 -0.01458059073318263 40448
1758757848220 -0.00464973218008871 60672
1758757891340 0.009049935597400229 80896
1758757934223 0.01614766336639487 101120
1758757977363 0.014753544019727026 121344
1758758020443 0.017511405852898333 141568
1758758060824 0.02245000593708508 161792
1758758101558 0.024486740422557864 182016
1758758141900 0.02744650636557088 202240
1758758183185 0.029351669118716114 222464
1758758224177 0.03160039054817558 242688
1758758265887 0.04432392977160959 262912
1758758306483 0.08208498264520055 283136
1758758340531 0.09882122330189537 300032
