1758757757358 20.03532875368008 20224
1758757803160 20.069101678183614 40448
1758757848220 19.95181907571288 60672
1758757891340 19.97830909539068 80896
1758757934223 19.983037475345167 101120
1758757977363 20.0 121344
1758758020443 20.001834344574572 141568
1758758060824 20.013466765505314 161792
1758758101558 20.013949912126538 182016
1758758141900 20.013347834684595 202240
1758758183185 20.035993881040223 222464
1758758224177 20.03257463301996 242688
1758758265887 20.175433215764453 262912
1758758306483 20.42409169550173 283136
1758758340531 20.59214501510574 300032
