1758757757342 3.7838270056247714 20224
1758757803153 1.9330939373130325 40448
1758757848214 1.3572664773764733 60672
1758757891333 1.1023279897046014 80896
1758757934217 0.9613066826805925 101120
1758757977356 0.8161421584079138 121344
1758758020439 0.7112774394049112 141568
1758758060819 0.47834493759872415 161792
1758758101551 0.4439019372958815 182016
1758758141896 0.44452745670313776 202240
1758758183179 0.4331071555477449 222464
1758758224172 0.41028273020202666 242688
1758758265882 0.4037448488784671 262912
1758758306478 0.3418394964238816 283136
1758758340524 0.24895251917147396 300032
