1758757757358 8.964671142435868 20224
1758757803160 9.85805357126234 40448
1758757848220 9.970747238766831 60672
1758757891340 10.073227286250656 80896
1758757934223 10.147978258791289 101120
1758757977363 10.139423562571107 121344
1758758020443 10.181564798404892 141568
1758758060824 10.216446296238505 161792
1758758101558 10.216388354716276 182016
1758758141900 10.25266128060656 202240
1758758183185 10.280489775167558 222464
1758758224177 10.286168795813238 242688
1758758265887 10.370770034898262 262912
1758758306483 10.627450940861971 283136
1758758340531 10.738476116033217 300032
