1758757757358 1.8508341511285573 20224
1758757803160 1.9802566633761105 40448
1758757848220 1.9823008849557522 60672
1758757891340 2.007394626571358 80896
1758757934223 2.016173570019724 101120
1758757977363 2.0110233629483383 121344
1758758020443 2.0159446874559053 141568
1758758060824 2.0228564368668147 161792
1758758101558 2.0270210896309315 182016
1758758141900 2.0298596005536877 202240
1758758183185 2.033744263475209 222464
1758758224177 2.0367804717136733 242688
1758758265887 2.0746817972703573 262912
1758758306483 2.167387543252595 283136
1758758340531 2.2149134853062344 300032
