1758740252867 -0.05428391153162176 0
1758740312039 0.20614865396798523 100
1758740372782 0.16208822022713915 200
1758740433340 0.1418984374665222 300
1758740493492 0.07565202092371431 400
1758740546966 -0.006509523597991895 500
1758740599576 -0.05964264951964291 600
1758740652131 -0.05701999974186486 700
1758740704992 -0.01962176221991527 800
1758740759266 0.014063149462851207 900
1758740814956 0.035961341715048056 1000
1758740877568 0.042889540522042156 1100
1758740936276 0.05013193246692779 1200
1758740996102 0.052090975676485025 1300
1758741054692 0.05658948014799025 1400
1758741108918 0.05596684969257215 1500
1758741162702 0.05670460791880691 1600
1758741217353 0.05669618458626513 1700
1758741271290 0.05560631127418105 1800
1758741325835 0.056816189818589435 1900
1758741380278 0.05566659260134984 2000
1758741434754 0.05453591976399169 2100
1758741498073 0.053551024374503854 2200
