1758740252867 406.96968217329544 0
1758740312039 396.1827510374413 100
1758740372782 398.31079314599697 200
1758740433340 398.40113973405 300
1758740493492 401.33517721975494 400
1758740546966 406.96439416565295 500
1758740599576 410.52178080148656 600
1758740652131 409.99950526540374 700
1758740704992 407.901834412798 800
1758740759266 406.9890618630898 900
1758740814956 406.86332348734004 1000
1758740877568 407.4135117105522 1100
1758740936276 407.77588676734587 1200
1758740996102 408.27141643751986 1300
1758741054692 408.4881526400721 1400
1758741108918 408.9811930357149 1500
1758741162702 409.2840746803599 1600
1758741217353 409.62068330380254 1700
1758741271290 410.0374518888577 1800
1758741325835 410.1953654499376 1900
1758741380278 410.5477364060764 2000
1758741434754 410.7759593922771 2100
1758741498073 411.047538552452 2200
