1758740252867 22.272727272727273 0
1758740312039 22.03928266438941 100
1758740372782 22.423211169284468 200
1758740433340 22.889747399702824 300
1758740493492 23.656293222683264 400
1758740546966 23.880797168932762 500
1758740599576 24.041581991558544 600
1758740652131 24.193256911665543 700
1758740704992 23.959915858361576 800
1758740759266 23.50188525425456 900
1758740814956 23.085871328167237 1000
1758740877568 22.74897086124788 1100
1758740936276 22.49601170874497 1200
1758740996102 22.271049287768342 1300
1758741054692 22.108439676961964 1400
1758741108918 21.96278724133989 1500
1758741162702 21.840341060484946 1600
1758741217353 21.72759481037924 1700
1758741271290 21.62750985175455 1800
1758741325835 21.55259311749856 1900
1758741380278 21.474279964784305 2000
1758741434754 21.410048170707434 2100
1758741498073 21.339241752831118 2200
