1758740252863 0.09592166543006897 0
1758740312033 0.07077942966797048 100
1758740372779 -0.011988954350991702 200
1758740433336 -0.030488286161195005 300
1758740493487 -0.0452501830224533 400
1758740546962 -0.04699398038867943 500
1758740599572 -0.041481651179802397 600
1758740652126 -0.03528144018201107 700
1758740704988 -0.03329215796848064 800
1758740759260 -0.03647876667328071 900
1758740814953 -0.039362520336747524 1000
1758740877564 -0.043171543759935885 1100
1758740936272 -0.045206473133744644 1200
1758740996098 -0.04686976413741467 1300
1758741054688 -0.048680790826986724 1400
1758741108914 -0.049003579154322734 1500
1758741162698 -0.046873768406462325 1600
1758741217347 -0.0469360167597547 1700
1758741271286 -0.04771683336561882 1800
1758741325831 -0.0465786449850264 1900
1758741380265 -0.04551496346672436 2000
1758741434747 -0.045039166302297415 2100
1758741498067 -0.04208024197521669 2200
