1758740252867 11.727272727272727 0
1758740312039 11.22772549727755 100
1758740372782 10.926083386672522 200
1758740433340 10.689152956504879 300
1758740493492 10.331642746210868 400
1758740546966 9.844741299068446 500
1758740599576 9.515541017027559 600
1758740652131 9.547561128993173 700
1758740704992 9.783890273368455 800
1758740759266 10.02044895972533 900
1758740814956 10.230349213652921 1000
1758740877568 10.287196878717582 1100
1758740936276 10.356695847523504 1200
1758740996102 10.389453533588187 1300
1758741054692 10.435787886919469 1400
1758741108918 10.440393770382965 1500
1758741162702 10.46389991522407 1600
1758741217353 10.475307645055349 1700
1758741271290 10.49429998328033 1800
1758741325835 10.505369959764968 1900
1758741380278 10.491713060281395 2000
1758741434754 10.487277158017873 2100
1758741498073 10.489328793060219 2200
