1758740252863 81.36538051174611 0
1758740312033 87.66441634444561 100
1758740372779 49.76571231950262 200
1758740433336 90.95511124604242 300
1758740493487 79.82004681523208 400
1758740546962 107.3838039888374 500
1758740599572 98.08942937324602 600
1758740652126 76.72881603980682 700
1758740704988 84.57622197128569 800
1758740759260 51.4998710754761 900
1758740814953 31.820108790483488 1000
1758740877564 48.64653212711668 1100
1758740936272 119.71070582527042 1200
1758740996098 91.57669046527369 1300
1758741054688 121.81412639405204 1400
1758741108914 53.73317276896667 1500
1758741162698 42.6757831975011 1600
1758741217347 113.33812521955306 1700
1758741271286 53.5254016666454 1800
1758741325831 111.12210888859451 1900
1758741380265 87.25953356772838 2000
1758741434747 57.05371692851799 2100
1758741498067 62.98132019941138 2200
