1758740252867 0.27272709933194245 0
1758740312039 5.586037595082714 100
1758740372782 4.800429031382889 200
1758740433340 4.558098062186503 300
1758740493492 3.1571192408883118 400
1758740546966 1.338703644655341 500
1758740599576 0.1810874571851665 600
1758740652131 0.2575859422548671 700
1758740704992 1.040376274221005 800
1758740759266 1.6535887578497552 900
1758740814956 2.010099401193001 1000
1758740877568 2.0956089929611017 1100
1758740936276 2.2052872238515104 1200
1758740996102 2.211718936688141 1300
1758741054692 2.276570493640974 1400
1758741108918 2.243964597567485 1500
1758741162702 2.239586107908107 1600
1758741217353 2.2241558556071297 1700
1758741271290 2.178617785741563 1800
1758741325835 2.1897227526862024 1900
1758741380278 2.1568286335653704 2000
1758741434754 2.1282992998151493 2100
1758741498073 2.101146969529565 2200
