1762347785652 0.22749117863849272 5120
1762347901260 0.2344413365052816 10240
1762348012023 0.22250085780697484 15360
1762348123368 0.21779580715331573 20480
1762348235922 0.21233701612279754 25600
1762348346996 0.21389830293994264 30720
1762348457238 0.21168799020437556 35840
1762348568420 0.23795799782303984 40960
1762348679613 0.2655222890799464 46080
1762348790882 0.2783490122339163 51200
1762348901645 0.3054047275396985 56320
1762349013375 0.3399698800556624 61440
1762349131976 0.35800288467681385 66560
1762349245055 0.3646219142091531 71680
1762349355793 0.38213237638014635 76800
1762349467374 0.3946684741283794 81920
1762349581149 0.4104241644885422 87040
1762349691339 0.4227503671633997 92160
1762349805474 0.43668150871933453 97280
1762349915377 0.4520388133766745 102400
1762350028735 0.46664459434065375 107520
1762350140116 0.4814083452483092 112640
1762350250251 0.4926265306591734 117760
1762350360466 0.5026502033090077 122880
1762350471867 0.513209225496191 128000
1762350583280 0.5221773794886501 133120
1762350693604 0.5267564289837027 138240
1762350803988 0.5283879127034596 143360
1762350915890 0.5315520046347706 148480
1762351025972 0.534949544212192 153600
1762351137123 0.5399783857600303 158720
1762351248495 0.5474710385801311 163840
1762351361651 0.5533622957789479 168960
1762351473313 0.5597658508699513 174080
1762351584857 0.565184800399021 179200
1762351696257 0.5705976997656252 184320
1762351809778 0.573429249387901 189440
1762351922943 0.5746850166930872 194560
1762352032837 0.575192146412574 199680
1762352143304 0.5795085957460457 204800
1762352256637 0.5827016386666447 209920
1762352373245 0.5860487124071398 215040
1762352491724 0.5874883897366614 220160
1762352607313 0.5892344093247677 225280
1762352718335 0.5904741207883586 230400
1762352829262 0.5935655317485619 235520
1762352942869 0.5962856964412696 240640
1762353054737 0.5983203478676166 245760
1762353167933 0.6012296864370902 250880
1762353278365 0.6050631629930427 256000
1762353389288 0.6071870553579438 261120
1762353501680 0.6084079176658228 266240
1762353612672 0.6104265458684038 271360
1762353726679 0.6124250914153774 276480
1762353838081 0.6157593859851002 281600
1762353957397 0.618005377645018 286720
1762354066813 0.619067283826598 291840
1762354177321 0.621294391359274 296960
1762354287483 0.6196943158734108 302080
1762354397840 0.6204656951413212 307200
1762354509177 0.6215660760536731 312320
1762354621622 0.6224332453155303 317440
1762354735628 0.6247300185804306 322560
1762354856806 0.6268692627529644 327680
1762354976473 0.6291054611367255 332800
1762355096268 0.6309359581507444 337920
1762355216133 0.6348640858898869 343040
1762355334914 0.637430031493245 348160
1762355455176 0.6396425917054075 353280
1762355573574 0.6401436003807622 358400
1762355692178 0.641074942144555 363520
1762355815288 0.6409073090056786 368640
1762355939940 0.6419994821140929 373760
1762356055299 0.6437522146987731 378880
1762356176680 0.6452671137829205 384000
1762356296385 0.6480385221729426 389120
1762356415339 0.6506344848696283 394240
1762356531201 0.6512560307464076 399360
1762356651574 0.652859097607506 404480
1762356771251 0.6529747554590095 409600
1762356889488 0.6545308876571975 414720
1762357007579 0.6557841641063646 419840
1762357126384 0.6566981217606945 424960
1762357245313 0.658169001774839 430080
1762357363319 0.6608346493936483 435200
1762357481038 0.6627178806703222 440320
1762357598361 0.6644165606097039 445440
1762357719818 0.665944110467561 450560
1762357839258 0.6678713713280053 455680
1762357959152 0.6689156935492909 460800
1762358078351 0.6704318024969654 465920
1762358195953 0.67309892119733 471040
1762358314991 0.6747559612286191 476160
1762358436302 0.6756545285419928 481280
1762358556462 0.6766010872412304 486400
1762358675699 0.6782284409584208 491520
1762358796031 0.6798302176649407 496640
1762358914792 0.6811152549295251 501760
1762359034414 0.6825322238252197 506880
1762359156101 0.6836630514403826 512000
1762359276260 0.6848661395257621 517120
1762359395235 0.685192533572108 522240
1762359514254 0.68563036370429 527360
1762359631827 0.6864083176496736 532480
1762359752936 0.6869547292439082 537600
1762359875652 0.6870073369294668 542720
1762359995709 0.6861049816267477 547840
1762360115968 0.686367455813909 552960
1762360238973 0.6869319936664945 558080
1762360364046 0.6873809495446301 563200
1762360482516 0.6875914022218992 568320
1762360604571 0.6886515930115481 573440
1762360722274 0.6888409292735063 578560
1762360835688 0.6893304952341873 583680
1762360950377 0.6890214283074906 588800
1762361062423 0.6905468062363275 593920
1762361175603 0.6914737421304297 599040
1762361289572 0.6922544119664666 604160
1762361410521 0.6924860003677444 609280
1762361536747 0.6930968621757599 614400
1762361660664 0.6945580433817853 619520
1762361785433 0.6956084240079073 624640
1762361908283 0.6958308168886826 629760
1762362033746 0.6967862308554986 634880
1762362158950 0.6980127426800959 640000
1762362282474 0.6987165323703568 645120
1762362407711 0.6989895444197521 650240
1762362527608 0.7003460054014763 655360
1762362647032 0.7010964852974467 660480
1762362773399 0.7029792156525648 665600
1762362895427 0.7035229027092805 670720
1762363017987 0.7042649858825772 675840
1762363140167 0.7049723909934391 680960
1762363263285 0.7063203919583956 686080
1762363384487 0.7071907363888321 691200
1762363503153 0.7086669547835797 696320
1762363619299 0.7092869693830782 701440
1762363735675 0.7095894150675802 706560
1762363848336 0.7093749990234142 711680
1762363961165 0.7100613034742939 716800
1762364074774 0.7108424260999554 721920
1762364188698 0.7110526449127212 727040
1762364300668 0.7117179780772505 732160
1762364412768 0.7127850385430525 737280
1762364528112 0.7133437425961366 742400
1762364639901 0.7129285151326901 747520
1762364751734 0.7132514221115696 752640
1762364866069 0.7137704875848284 757760
1762364978939 0.7141867159460917 762880
1762365092132 0.715217676633476 768000
1762365204887 0.716644672267804 773120
1762365320376 0.7170466008678354 778240
1762365438334 0.7181676082551322 783360
1762365553845 0.719196715931502 788480
1762365669214 0.719985432593657 793600
1762365789033 0.7202533566756186 798720
1762365900673 0.7213437422499382 803840
1762366012212 0.7227650253142309 808960
1762366126397 0.7230704379728128 814080
1762366239889 0.7222629896697977 819200
1762366352555 0.7222612362587812 824320
1762366463760 0.7226015843120345 829440
1762366576543 0.7227783520415836 834560
1762366687280 0.7226044670089908 839680
1762366798937 0.7227097720383595 844800
1762366911136 0.723637292119858 849920
1762367021340 0.7243921771620708 855040
1762367133252 0.7247236315610328 860160
1762367245208 0.7249698084579561 865280
1762367357029 0.7252602693835151 870400
1762367468542 0.7249738043714018 875520
1762367579870 0.7252205294362225 880640
1762367689901 0.7258994710023426 885760
1762367800990 0.725278083687508 890880
1762367913076 0.7261384713507523 896000
1762368025989 0.7261374809658366 901120
1762368136708 0.7261107792465223 906240
1762368248526 0.7264628340468846 911360
1762368359907 0.7267431345913054 916480
1762368472902 0.7272682844444421 921600
1762368584200 0.72786931179945 926720
1762368694749 0.728552210990052 931840
1762368806973 0.729601725360741 936960
1762368919770 0.7296219876297243 942080
1762369033599 0.730219025578052 947200
1762369145564 0.7301633838317361 952320
1762369257470 0.7306583939248161 957440
1762369369820 0.7311943988457139 962560
1762369481177 0.7315792054135458 967680
1762369592441 0.7316033784701316 972800
1762369703979 0.7319319478205608 977920
1762369818239 0.732213890207485 983040
1762369930001 0.7326544344054127 988160
1762370042189 0.7339389701093367 993280
1762370156683 0.7343615388950122 998400
1762370283421 0.7348155549549902 1003520
1762370402135 0.7350471017615691 1008640
1762370521630 0.7351543897939605 1013760
1762370635593 0.7353857118204217 1018880
1762370746947 0.7359255183737985 1024000
1762370857219 0.7355563228307721 1029120
1762370969681 0.7357745972686607 1034240
1762371080680 0.735927547894056 1039360
1762371191383 0.7361161335039637 1044480
1762371302536 0.7360418561724718 1049600
1762371413335 0.7364994226502745 1054720
1762371524965 0.7370906759495262 1059840
1762371635996 0.7369220134286717 1064960
1762371747036 0.7374262670229584 1070080
1762371856767 0.7373956995666463 1075200
1762371967780 0.7376289073048474 1080320
1762372083370 0.7379881787375155 1085440
1762372198759 0.7379053322499115 1090560
1762372313300 0.7379515760290796 1095680
1762372427957 0.7380699264015215 1100800
1762372541744 0.7380417673564498 1105920
1762372657555 0.7383019626071463 1111040
1762372781888 0.7383204013294133 1116160
1762372902542 0.7389484174985103 1121280
1762373018320 0.738856169785106 1126400
1762373131593 0.73933167417814 1131520
1762373248023 0.739453181710519 1136640
1762373361061 0.7394610768200907 1141760
1762373477828 0.7398044122366281 1146880
1762373592457 0.7401291629385486 1152000
1762373709852 0.7403334036231771 1157120
1762373837277 0.74098418999565 1162240
1762373952811 0.7412356936293056 1167360
1762374068510 0.7416248182945129 1172480
1762374188696 0.7419144531340851 1177600
1762374315220 0.7425651849912026 1182720
1762374430288 0.7430984972933661 1187840
1762374543399 0.7435931100872295 1192960
1762374672090 0.7441556004595887 1198080
1762374801908 0.7449506487886312 1203200
1762374939176 0.7458725277916257 1208320
1762375111658 0.7464289832791126 1213440
1762375290746 0.7464948823575178 1218560
1762375438379 0.7469016694262918 1223680
1762375607623 0.7465858522375691 1228800
1762375790250 0.7468032123899628 1233920
1762376025923 0.7472001222712769 1239040
1762376239866 0.74809995387329 1244160
1762376584470 0.7481346814904327 1249280
