1762347785652 74.35719249478805 5120
1762347901260 73.77049180327869 10240
1762348012023 72.58064516129032 15360
1762348123368 71.0541097172814 20480
1762348235922 71.309865538601 25600
1762348346996 71.57360406091371 30720
1762348457238 71.6151501959077 35840
1762348568420 71.20622568093385 40960
1762348679613 72.36257937572668 46080
1762348790882 73.09401569653369 51200
1762348901645 72.39196129512467 56320
1762349013375 72.78287926981054 61440
1762349131976 72.64412217659138 66560
1762349245055 72.1654654833522 71680
1762349355793 73.02150356521251 76800
1762349467374 73.18364759942956 81920
1762349581149 73.16470412878223 87040
1762349691339 72.82803747116698 92160
1762349805474 72.40051887636429 97280
1762349915377 72.08033736582041 102400
1762350028735 72.11284444990378 107520
1762350140116 72.13134823473659 112640
1762350250251 71.95033465165805 117760
1762350360466 72.05448044527996 122880
1762350471867 72.10885278751879 128000
1762350583280 72.19158797086803 133120
1762350693604 72.17917429326825 138240
1762350803988 71.9956481603587 143360
1762350915890 71.98160889974922 148480
1762351025972 71.72416801695127 153600
1762351137123 71.77270796674959 158720
1762351248495 71.85091220911322 163840
1762351361651 71.93118167921318 168960
1762351473313 71.78018280715527 174080
1762351584857 71.67066783064165 179200
1762351696257 71.63551153006337 184320
1762351809778 71.44963757761555 189440
1762351922943 71.27966792299073 194560
1762352032837 71.19903239482281 199680
1762352143304 71.20585274838582 204800
1762352256637 70.85673663156373 209920
1762352373245 70.39930638035061 215040
1762352491724 70.3301900070373 220160
1762352607313 70.31276482437657 225280
1762352718335 69.92372746130525 230400
1762352829262 69.2371027744162 235520
1762352942869 68.70881276727064 240640
1762353054737 68.0824510122334 245760
1762353167933 67.5517248717785 250880
1762353278365 67.25039785576682 256000
1762353389288 66.74306900102987 261120
1762353501680 66.24999493116522 266240
1762353612672 65.70585067124135 271360
1762353726679 65.2230622704868 276480
1762353838081 64.75975470566614 281600
1762353957397 64.32607288374396 286720
1762354066813 63.86648920215957 291840
1762354177321 63.624313072439634 296960
1762354287483 63.25949828629767 302080
1762354397840 63.047303621571025 307200
1762354509177 62.6598611678236 312320
1762354621622 62.26896696528556 317440
1762354735628 61.981013532173435 322560
1762354856806 61.67925523767381 327680
1762354976473 61.501492437200255 332800
1762355096268 61.24140212734281 337920
1762355216133 61.19821352615908 343040
1762355334914 61.028733960373636 348160
1762355455176 60.84977267288825 353280
1762355573574 60.671023758781274 358400
1762355692178 60.742198121610855 363520
1762355815288 60.75410849836897 368640
1762355939940 60.5953890577972 373760
1762356055299 60.263418762088975 378880
1762356176680 59.895004031415176 384000
1762356296385 59.63699004864777 389120
1762356415339 59.44495869705314 394240
1762356531201 59.2013559911339 399360
1762356651574 59.123325436140426 404480
1762356771251 58.91175301067939 409600
1762356889488 58.81527263512086 414720
1762357007579 58.772948476608796 419840
1762357126384 58.618891159092165 424960
1762357245313 58.541859797366584 430080
1762357363319 58.24533997536312 435200
1762357481038 57.91113791716928 440320
1762357598361 57.658666737462504 445440
1762357719818 57.371496156120635 450560
1762357839258 57.216508813298766 455680
1762357959152 57.06100001291006 460800
1762358078351 56.83524208804131 465920
1762358195953 56.75233449477352 471040
1762358314991 56.58523233769006 476160
1762358436302 56.37194439609082 481280
1762358556462 56.082900661925734 486400
1762358675699 55.93309936389559 491520
1762358796031 55.86485670462917 496640
1762358914792 55.76454963147315 501760
1762359034414 55.68164553957176 506880
1762359156101 55.529886382348096 512000
1762359276260 55.396909440783716 517120
1762359395235 55.18380695935561 522240
1762359514254 55.097806037692614 527360
1762359631827 55.0171829897493 532480
1762359752936 54.91761658031088 537600
1762359875652 54.8245684553717 542720
1762359995709 54.67037746079874 547840
1762360115968 54.55705036760671 552960
1762360238973 54.37316114420114 558080
1762360364046 54.20698068597709 563200
1762360482516 53.97279712347238 568320
1762360604571 53.76083030573438 573440
1762360722274 53.55637688484542 578560
1762360835688 53.49473200100343 583680
1762360950377 53.34143864013267 588800
1762361062423 53.22477446432062 593920
1762361175603 53.030178088482934 599040
1762361289572 52.81438799380247 604160
1762361410521 52.69005025125628 609280
1762361536747 52.49852330779055 614400
1762361660664 52.376037689065214 619520
1762361785433 52.230007390983 624640
1762361908283 52.09648839417702 629760
1762362033746 51.990774459820344 634880
1762362158950 51.92348483387647 640000
1762362282474 51.76312996586639 645120
1762362407711 51.66825076121909 650240
1762362527608 51.67097406144631 655360
1762362647032 51.668031178152866 660480
1762362773399 51.70193012913947 665600
1762362895427 51.56360956285412 670720
1762363017987 51.42374679839005 675840
1762363140167 51.266037050490375 680960
1762363263285 51.21496575311561 686080
1762363384487 51.20656730321379 691200
1762363503153 51.17553949148921 696320
1762363619299 51.020000883821645 701440
1762363735675 50.94334590753575 706560
1762363848336 50.83139296940988 711680
1762363961165 50.760517071313615 716800
1762364074774 50.652841900733364 721920
1762364188698 50.553618387350156 727040
1762364300668 50.456748755100485 732160
1762364412768 50.338951910597196 737280
1762364528112 50.290582253457416 742400
1762364639901 50.26472277005268 747520
1762364751734 50.340359727103575 752640
1762364866069 50.31715300852058 757760
1762364978939 50.16504497438788 762880
1762365092132 50.12474937292497 768000
1762365204887 50.06229619345882 773120
1762365320376 49.969231262833674 778240
1762365438334 49.92366874755834 783360
1762365553845 49.834458816815676 788480
1762365669214 49.757214589196046 793600
1762365789033 49.65047554880055 798720
1762365900673 49.57772806285906 803840
1762366012212 49.46258355692728 808960
1762366126397 49.33384725680499 814080
1762366239889 49.20717009448843 819200
1762366352555 49.07080824764239 824320
1762366463760 49.022471569829946 829440
1762366576543 48.953278484919196 834560
1762366687280 48.92486829501916 839680
1762366798937 48.94290074063046 844800
1762366911136 48.9500322348774 849920
1762367021340 48.958742053014326 855040
1762367133252 48.87264832513074 860160
1762367245208 48.75688290850746 865280
1762367357029 48.67834450343807 870400
1762367468542 48.61352684883285 875520
1762367579870 48.574922318462015 880640
1762367689901 48.603317538932124 885760
1762367800990 48.510184645562965 890880
1762367913076 48.508300663770044 896000
1762368025989 48.464654571567365 901120
1762368136708 48.390203589962674 906240
1762368248526 48.32356240550163 911360
1762368359907 48.245721813895436 916480
1762368472902 48.257312765605164 921600
1762368584200 48.197025002058346 926720
1762368694749 48.17906477028548 931840
1762368806973 48.13475961962682 936960
1762368919770 48.058416436543354 942080
1762369033599 48.00716089853826 947200
1762369145564 47.937859485747495 952320
1762369257470 47.83531272637854 957440
1762369369820 47.78010609728671 962560
1762369481177 47.72108821148112 967680
1762369592441 47.61103618054919 972800
1762369703979 47.51080158440611 977920
1762369818239 47.41224516254497 983040
1762369930001 47.331944130834486 988160
1762370042189 47.26572469495152 993280
1762370156683 47.1903525710705 998400
1762370283421 47.12485522648306 1003520
1762370402135 47.04924407962657 1008640
1762370521630 46.959461844958895 1013760
1762370635593 46.847641814268954 1018880
1762370746947 46.7828009643852 1024000
1762370857219 46.68440549443719 1029120
1762370969681 46.66098389882445 1034240
1762371080680 46.60328265078367 1039360
1762371191383 46.52348350413548 1044480
1762371302536 46.42659184958343 1049600
1762371413335 46.37456879505977 1054720
1762371524965 46.3635317349745 1059840
1762371635996 46.27176730113191 1064960
1762371747036 46.2170206634889 1070080
1762371856767 46.145754649328296 1075200
1762371967780 46.109247347657664 1080320
1762372083370 46.06507525326473 1085440
1762372198759 45.97638074103802 1090560
1762372313300 45.88821138211382 1095680
1762372427957 45.828370213089535 1100800
1762372541744 45.77041713746549 1105920
1762372657555 45.70547436789608 1111040
1762372781888 45.60511414470836 1116160
1762372902542 45.52418515601194 1121280
1762373018320 45.44013187643453 1126400
1762373131593 45.404333426439486 1131520
1762373248023 45.32136004995175 1136640
1762373361061 45.25826175406872 1141760
1762373477828 45.18645651036245 1146880
1762373592457 45.16765631045097 1152000
1762373709852 45.111087529601 1157120
1762373837277 45.07700352696403 1162240
1762373952811 45.01537336502186 1167360
1762374068510 44.972055943284325 1172480
1762374188696 44.923108189013575 1177600
1762374315220 44.904309491382655 1182720
1762374430288 44.86823546069937 1187840
1762374543399 44.87359951386515 1192960
1762374672090 44.83301915837119 1198080
1762374801908 44.793852641997624 1203200
1762374939176 44.773581973581976 1208320
1762375111658 44.751039625894826 1213440
1762375290746 44.68556331102381 1218560
1762375438379 44.61594828270849 1223680
1762375607623 44.4906224975766 1228800
1762375790250 44.42860290414638 1233920
1762376025923 44.347694396574234 1239040
1762376239866 44.29716146754625 1244160
1762376584470 44.18235677959957 1249280
