1762347785652 0.0 5120
1762347901260 0.0 10240
1762348012023 0.0 15360
1762348123368 0.0 20480
1762348235922 0.0 25600
1762348346996 0.0 30720
1762348457238 0.0 35840
1762348568420 0.0 40960
1762348679613 0.0 46080
1762348790882 0.0 51200
1762348901645 0.0 56320
1762349013375 0.0 61440
1762349131976 0.0 66560
1762349245055 0.0 71680
1762349355793 0.0 76800
1762349467374 0.0 81920
1762349581149 0.0 87040
1762349691339 0.0 92160
1762349805474 0.0 97280
1762349915377 0.0 102400
1762350028735 0.0 107520
1762350140116 0.0 112640
1762350250251 0.0 117760
1762350360466 0.0 122880
1762350471867 0.0 128000
1762350583280 0.0 133120
1762350693604 0.0 138240
1762350803988 0.0 143360
1762350915890 0.0 148480
1762351025972 0.0 153600
1762351137123 0.0 158720
1762351248495 0.0 163840
1762351361651 0.0 168960
1762351473313 0.0 174080
1762351584857 0.0 179200
1762351696257 0.0 184320
1762351809778 0.0 189440
1762351922943 0.0 194560
1762352032837 0.0 199680
1762352143304 0.0 204800
1762352256637 0.0 209920
1762352373245 0.0 215040
1762352491724 0.0 220160
1762352607313 0.0 225280
1762352718335 0.0 230400
1762352829262 0.0 235520
1762352942869 0.0 240640
1762353054737 0.0 245760
1762353167933 0.0 250880
1762353278365 0.0 256000
1762353389288 0.0 261120
1762353501680 0.0 266240
1762353612672 0.0 271360
1762353726679 0.0 276480
1762353838081 0.0 281600
1762353957397 0.0 286720
1762354066813 0.0 291840
1762354177321 0.0 296960
1762354287483 0.0 302080
1762354397840 0.0 307200
1762354509177 0.0 312320
1762354621622 0.0 317440
1762354735628 0.0 322560
1762354856806 0.0 327680
1762354976473 0.0 332800
1762355096268 0.0 337920
1762355216133 0.0 343040
1762355334914 0.0 348160
1762355455176 0.0 353280
1762355573574 0.0 358400
1762355692178 0.0 363520
1762355815288 0.0 368640
1762355939940 0.0 373760
1762356055299 0.0 378880
1762356176680 0.0 384000
1762356296385 0.0 389120
1762356415339 0.0 394240
1762356531201 0.0 399360
1762356651574 0.0 404480
1762356771251 0.0 409600
1762356889488 0.0 414720
1762357007579 0.0 419840
1762357126384 0.0 424960
1762357245313 0.0 430080
1762357363319 0.0 435200
1762357481038 0.0 440320
1762357598361 0.0 445440
1762357719818 0.0 450560
1762357839258 0.0 455680
1762357959152 0.0 460800
1762358078351 0.0 465920
1762358195953 0.0 471040
1762358314991 0.0 476160
1762358436302 0.0 481280
1762358556462 0.0 486400
1762358675699 0.0 491520
1762358796031 0.0 496640
1762358914792 0.0 501760
1762359034414 0.0 506880
1762359156101 0.0 512000
1762359276260 0.0 517120
1762359395235 0.0 522240
1762359514254 0.0 527360
1762359631827 0.0 532480
1762359752936 0.0 537600
1762359875652 0.0 542720
1762359995709 0.0 547840
1762360115968 0.0 552960
1762360238973 0.0 558080
1762360364046 0.0 563200
1762360482516 0.0 568320
1762360604571 0.0 573440
1762360722274 0.0 578560
1762360835688 0.0 583680
1762360950377 0.0 588800
1762361062423 0.0 593920
1762361175603 0.0 599040
1762361289572 0.0 604160
1762361410521 0.0 609280
1762361536747 0.0 614400
1762361660664 0.0 619520
1762361785433 0.0 624640
1762361908283 0.0 629760
1762362033746 0.0 634880
1762362158950 0.0 640000
1762362282474 0.0 645120
1762362407711 0.0 650240
1762362527608 0.0 655360
1762362647032 0.0 660480
1762362773399 0.0 665600
1762362895427 0.0 670720
1762363017987 0.0 675840
1762363140167 0.0 680960
1762363263285 0.0 686080
1762363384487 0.0 691200
1762363503153 0.0 696320
1762363619299 0.0 701440
1762363735675 0.0 706560
1762363848336 0.0 711680
1762363961165 0.0 716800
1762364074774 0.0 721920
1762364188698 0.0 727040
1762364300668 0.0 732160
1762364412768 0.0 737280
1762364528112 0.0 742400
1762364639901 0.0 747520
1762364751734 0.0 752640
1762364866069 0.0 757760
1762364978939 0.0 762880
1762365092132 0.0 768000
1762365204887 0.0 773120
1762365320376 0.0 778240
1762365438334 0.0 783360
1762365553845 0.0 788480
1762365669214 0.0 793600
1762365789033 0.0 798720
1762365900673 0.0 803840
1762366012212 0.0 808960
1762366126397 0.0 814080
1762366239889 0.0 819200
1762366352555 0.0 824320
1762366463760 0.0 829440
1762366576543 0.0 834560
1762366687280 0.0 839680
1762366798937 0.0 844800
1762366911136 0.0 849920
1762367021340 0.0 855040
1762367133252 0.0 860160
1762367245208 0.0 865280
1762367357029 0.0 870400
1762367468542 0.0 875520
1762367579870 0.0 880640
1762367689901 0.0 885760
1762367800990 0.0 890880
1762367913076 0.0 896000
1762368025989 0.0 901120
1762368136708 0.0 906240
1762368248526 0.0 911360
1762368359907 0.0 916480
1762368472902 0.0 921600
1762368584200 0.0 926720
1762368694749 0.0 931840
1762368806973 0.0 936960
1762368919770 0.0 942080
1762369033599 0.0 947200
1762369145564 0.0 952320
1762369257470 0.0 957440
1762369369820 0.0 962560
1762369481177 0.0 967680
1762369592441 0.0 972800
1762369703979 0.0 977920
1762369818239 0.0 983040
1762369930001 0.0 988160
1762370042189 0.0 993280
1762370156683 0.0 998400
1762370283421 0.0 1003520
1762370402135 0.0 1008640
1762370521630 0.0 1013760
1762370635593 0.0 1018880
1762370746947 0.0 1024000
1762370857219 0.0 1029120
1762370969681 0.0 1034240
1762371080680 0.0 1039360
1762371191383 0.0 1044480
1762371302536 0.0 1049600
1762371413335 0.0 1054720
1762371524965 0.0 1059840
1762371635996 0.0 1064960
1762371747036 0.0 1070080
1762371856767 0.0 1075200
1762371967780 0.0 1080320
1762372083370 0.0 1085440
1762372198759 0.0 1090560
1762372313300 0.0 1095680
1762372427957 0.0 1100800
1762372541744 0.0 1105920
1762372657555 0.0 1111040
1762372781888 0.0 1116160
1762372902542 0.0 1121280
1762373018320 0.0 1126400
1762373131593 0.0 1131520
1762373248023 0.0 1136640
1762373361061 0.0 1141760
1762373477828 0.0 1146880
1762373592457 0.0 1152000
1762373709852 0.0 1157120
1762373837277 0.0 1162240
1762373952811 0.0 1167360
1762374068510 0.0 1172480
1762374188696 0.0 1177600
1762374315220 0.0 1182720
1762374430288 0.0 1187840
1762374543399 0.0 1192960
1762374672090 0.0 1198080
1762374801908 0.0 1203200
1762374939176 0.0 1208320
1762375111658 0.0 1213440
1762375290746 0.0 1218560
1762375438379 0.0 1223680
1762375607623 0.0 1228800
1762375790250 0.0 1233920
1762376025923 0.0 1239040
1762376239866 0.0 1244160
1762376584470 0.0 1249280
