1762347785652 3.4107018763029884 5120
1762347901260 3.3442622950819674 10240
1762348012023 3.2719254032258065 15360
1762348123368 3.1679460775135744 20480
1762348235922 3.166188245958604 25600
1762348346996 3.1695431472081217 30720
1762348457238 3.152808010448411 35840
1762348568420 3.224513618677043 40960
1762348679613 3.3567659422234146 46080
1762348790882 3.4121975147155004 51200
1762348901645 3.4075176777074803 56320
1762349013375 3.463421380168718 61440
1762349131976 3.48023613963039 66560
1762349245055 3.473583894216451 71680
1762349355793 3.514401212733704 76800
1762349467374 3.524533882638779 81920
1762349581149 3.5189049535449892 87040
1762349691339 3.5309513722167303 92160
1762349805474 3.5401681875111826 97280
1762349915377 3.548475038337025 102400
1762350028735 3.588953036072555 107520
1762350140116 3.631664165547745 112640
1762350250251 3.659035594767265 117760
1762350360466 3.708872424342954 122880
1762350471867 3.7596435983682817 128000
1762350583280 3.8189009304108446 133120
1762350693604 3.863195715544709 138240
1762350803988 3.902314387445602 143360
1762350915890 3.947045206096071 148480
1762351025972 3.956967468527982 153600
1762351137123 3.9856804805533645 158720
1762351248495 4.015464679617966 163840
1762351361651 4.043206137694327 168960
1762351473313 4.05021589188583 174080
1762351584857 4.056389131383675 179200
1762351696257 4.0741332481227035 184320
1762351809778 4.088332337429529 189440
1762351922943 4.11941020678415 194560
1762352032837 4.143544726801167 199680
1762352143304 4.192423833255591 204800
1762352256637 4.222112441863267 209920
1762352373245 4.270416646871586 215040
1762352491724 4.327187426694816 220160
1762352607313 4.379749473245503 225280
1762352718335 4.414917139665823 230400
1762352829262 4.440096813231142 235520
1762352942869 4.466075915884142 240640
1762353054737 4.482602576594132 245760
1762353167933 4.499797825022878 250880
1762353278365 4.522719658262836 256000
1762353389288 4.538764160659114 261120
1762353501680 4.557490724032359 266240
1762353612672 4.572121042867686 271360
1762353726679 4.588535632229052 276480
1762353838081 4.607103476292728 281600
1762353957397 4.616655877537032 286720
1762354066813 4.627886922615477 291840
1762354177321 4.651586640762328 296960
1762354287483 4.66256471960913 302080
1762354397840 4.685668514651883 307200
1762354509177 4.700729667832478 312320
1762354621622 4.7109637458006715 317440
1762354735628 4.723470726318697 322560
1762354856806 4.732065966608234 327680
1762354976473 4.735939229298722 332800
1762355096268 4.744669236240922 337920
1762355216133 4.766564146189838 343040
1762355334914 4.781780277319887 348160
1762355455176 4.7902528515593845 353280
1762355573574 4.812471386849791 358400
1762355692178 4.834476723289213 363520
1762355815288 4.852990739452406 368640
1762355939940 4.864085679800773 373760
1762356055299 4.88031914893617 378880
1762356176680 4.888195419117866 384000
1762356296385 4.908308565851927 389120
1762356415339 4.928730447009198 394240
1762356531201 4.940037956162081 399360
1762356651574 4.961978605786489 404480
1762356771251 4.970773687798228 409600
1762356889488 4.99222852637655 414720
1762357007579 5.008352506449139 419840
1762357126384 5.020694129990613 424960
1762357245313 5.034100386945048 430080
1762357363319 5.045997861194212 435200
1762357481038 5.0558906312826695 440320
1762357598361 5.0674595800037165 445440
1762357719818 5.074538405939943 450560
1762357839258 5.090946989929519 455680
1762357959152 5.103357905472572 460800
1762358078351 5.110051638631832 465920
1762358195953 5.122318656952803 471040
1762358314991 5.132898916468919 476160
1762358436302 5.1394573894014375 481280
1762358556462 5.139213563325869 486400
1762358675699 5.144159294192196 491520
1762358796031 5.151688989263414 496640
1762358914792 5.158203311955585 501760
1762359034414 5.170690310022314 506880
1762359156101 5.1762955470348855 512000
1762359276260 5.184733803720333 517120
1762359395235 5.188857172573991 522240
1762359514254 5.195703729163086 527360
1762359631827 5.204400300020456 532480
1762359752936 5.209067357512954 537600
1762359875652 5.2128469663473345 542720
1762359995709 5.2160855179434975 547840
1762360115968 5.221365082848678 552960
1762360238973 5.230092446399599 558080
1762360364046 5.23350642901098 563200
1762360482516 5.234584679922094 568320
1762360604571 5.244491894533325 573440
1762360722274 5.24465082975318 578560
1762360835688 5.252539928087633 583680
1762360950377 5.25521351575456 588800
1762361062423 5.262104862518387 593920
1762361175603 5.265489615757514 599040
1762361289572 5.270169824504552 604160
1762361410521 5.276180904522613 609280
1762361536747 5.282926245210728 614400
1762361660664 5.297505578973469 619520
1762361785433 5.308085735402808 624640
1762361908283 5.318335340244941 629760
1762362033746 5.318222869628551 634880
1762362158950 5.323396131818971 640000
1762362282474 5.3214295958466 645120
1762362407711 5.320641605721711 650240
1762362527608 5.325173771356453 655360
1762362647032 5.3254172975195795 660480
1762362773399 5.332336858132259 665600
1762362895427 5.3322124464507805 670720
1762363017987 5.3347694840834246 675840
1762363140167 5.336641845259717 680960
1762363263285 5.344273686300344 686080
1762363384487 5.344120597613844 691200
1762363503153 5.351604230467915 696320
1762363619299 5.351849396791727 701440
1762363735675 5.35065356610229 706560
1762363848336 5.348603721667349 711680
1762363961165 5.354119438628065 716800
1762364074774 5.358713127509393 721920
1762364188698 5.359490796079369 727040
1762364300668 5.363128918146266 732160
1762364412768 5.365373270180525 737280
1762364528112 5.37049446729379 742400
1762364639901 5.3720115502076204 747520
1762364751734 5.375513748191027 752640
1762364866069 5.384051057670165 757760
1762364978939 5.3840918931725525 762880
1762365092132 5.385750582428911 768000
1762365204887 5.391857424208181 773120
1762365320376 5.394250513347022 778240
1762365438334 5.3972509906160555 783360
1762365553845 5.401409232134931 788480
1762365669214 5.407729719929687 793600
1762365789033 5.409825919368233 798720
1762365900673 5.41800806005285 803840
1762366012212 5.425717697783706 808960
1762366126397 5.428257568165525 814080
1762366239889 5.424914623501126 819200
1762366352555 5.4260520767527005 824320
1762366463760 5.432123442208392 829440
1762366576543 5.434306102325161 834560
1762366687280 5.435853687739463 839680
1762366798937 5.440306673117719 844800
1762366911136 5.450280480484931 849920
1762367021340 5.458129895416931 855040
1762367133252 5.460814587168748 860160
1762367245208 5.462611676330088 865280
1762367357029 5.465198595758261 870400
1762367468542 5.467019649710015 875520
1762367579870 5.4715215534872375 880640
1762367689901 5.481707796430894 885760
1762367800990 5.48351125072849 890880
1762367913076 5.492498973916243 896000
1762368025989 5.496159559563788 901120
1762368136708 5.4987708965101865 906240
1762368248526 5.502212219814522 911360
1762368359907 5.50670503397587 916480
1762368472902 5.5100722997957945 921600
1762368584200 5.51006531822049 926720
1762368694749 5.508400695794536 931840
1762368806973 5.511277481011885 936960
1762368919770 5.51238614803962 942080
1762369033599 5.514556911006019 947200
1762369145564 5.513464223443982 952320
1762369257470 5.514591239275057 957440
1762369369820 5.518454577925944 962560
1762369481177 5.521014487983728 967680
1762369592441 5.52091872143727 972800
1762369703979 5.522821441601084 977920
1762369818239 5.524279648656533 983040
1762369930001 5.526905583690849 988160
1762370042189 5.534173782858171 993280
1762370156683 5.535883729554842 998400
1762370283421 5.538042025683777 1003520
1762370402135 5.53975311456928 1008640
1762370521630 5.542946487113532 1013760
1762370635593 5.544211668894034 1018880
1762370746947 5.5473135875879125 1024000
1762370857219 5.54769718441171 1029120
1762370969681 5.553896534006847 1034240
1762371080680 5.559592073298559 1039360
1762371191383 5.565108468061329 1044480
1762371302536 5.567057255851197 1049600
1762371413335 5.568442186596903 1054720
1762371524965 5.571278000557285 1059840
1762371635996 5.569994093325458 1064960
1762371747036 5.575155786617359 1070080
1762371856767 5.576307548883683 1075200
1762371967780 5.578987141420573 1080320
1762372083370 5.585404601148805 1085440
1762372198759 5.587312173184292 1090560
1762372313300 5.587145777527139 1095680
1762372427957 5.589859675598528 1100800
1762372541744 5.592251330856058 1105920
1762372657555 5.593707956390628 1111040
1762372781888 5.5934485843747295 1116160
1762372902542 5.597301197615119 1121280
1762373018320 5.59778259849235 1126400
1762373131593 5.600010260678231 1131520
1762373248023 5.602486234886757 1136640
1762373361061 5.60249773960217 1141760
1762373477828 5.603801720790731 1146880
1762373592457 5.609362646974718 1152000
1762373709852 5.61279098342344 1157120
1762373837277 5.6156888705926855 1162240
1762373952811 5.617482978499448 1167360
1762374068510 5.618708449422085 1172480
1762374188696 5.618259814018378 1177600
1762374315220 5.619174201029377 1182720
1762374430288 5.619225260452122 1187840
1762374543399 5.622480481360309 1192960
1762374672090 5.621396665244327 1198080
1762374801908 5.622341999236153 1203200
1762374939176 5.625121238914343 1208320
1762375111658 5.627805922264276 1213440
1762375290746 5.6278739680295145 1218560
1762375438379 5.628951729469009 1223680
1762375607623 5.623314156867703 1228800
1762375790250 5.622822939399026 1233920
1762376025923 5.620403154211708 1239040
1762376239866 5.622630220797869 1244160
1762376584470 5.619558349819259 1249280
