1762347785484 20.479687328338624 5120
1762347901252 9.592586024891247 10240
1762348012018 6.611064963340759 15360
1762348123364 4.989571347009568 20480
1762348235917 3.874352134557871 25600
1762348346991 2.9987741150394562 30720
1762348457230 2.475418459574381 35840
1762348568413 2.239422136632408 40960
1762348679608 2.337871874104376 46080
1762348790877 2.440632682501101 51200
1762348901639 2.728306835719517 56320
1762349013371 2.986045532226562 61440
1762349131972 3.0719759195501157 66560
1762349245050 2.935664580976459 71680
1762349355787 2.8532166496076083 76800
1762349467369 2.73254005620509 81920
1762349581145 2.6167111866973163 87040
1762349691333 2.444388950054462 92160
1762349805470 2.3459566962718963 97280
1762349915372 2.296195084977858 102400
1762350028725 2.162643304860817 107520
1762350140112 2.0613821813222524 112640
1762350250246 2.007407079893967 117760
1762350360460 1.9409192443091023 122880
1762350471861 1.8677290677267409 128000
1762350583275 1.8103116508658605 133120
1762350693599 1.7718218786576214 138240
1762350803983 1.7352802465993462 143360
1762350915885 1.694640447538193 148480
1762351025967 1.6225233474630396 153600
1762351137117 1.627183296986115 158720
1762351248487 1.619235809515722 163840
1762351361646 1.5818199341555677 168960
1762351473303 1.5563768629999886 174080
1762351584851 1.5205015082792803 179200
1762351696252 1.5003393234337232 184320
1762351809770 1.527800954593125 189440
1762351922937 1.50593011426676 194560
1762352032832 1.5106487044509578 199680
1762352143299 1.4651044566595735 204800
1762352256631 1.4179034971959381 209920
1762352373237 1.4124064271031962 215040
1762352491718 1.4001157520435474 220160
1762352607307 1.4325233245435343 225280
1762352718329 1.3874066817022002 230400
1762352829256 1.3688681723854759 235520
1762352942862 1.3646984549700203 240640
1762353054730 1.3404828479181186 245760
1762353167927 1.3911906488930308 250880
1762353278359 1.3898625906530129 256000
1762353389282 1.3915568989515306 261120
1762353501669 1.391914889163898 266240
1762353612665 1.3703319400414489 271360
1762353726668 1.3941251314170247 276480
1762353838074 1.373314480436021 281600
1762353957391 1.3368762619724475 286720
1762354066802 1.340708959085958 291840
1762354177310 1.3512994665296627 296960
1762354287471 1.3187550748361125 302080
1762354397832 1.2881867927728696 307200
1762354509170 1.2596421138289706 312320
1762354621611 1.2754711727620707 317440
1762354735620 1.2043003596535211 322560
1762354856793 1.2125983070064557 327680
1762354976459 1.154244962118886 332800
1762355096258 1.1407312168455555 337920
1762355216125 1.1518030348278228 343040
1762355334907 1.1092605729536578 348160
1762355455167 1.0872169571804862 353280
1762355573566 1.0592887861029037 358400
1762355692170 1.0388732498683284 363520
1762355815279 1.033575783938252 368640
1762355939930 1.023992328956479 373760
1762356055285 1.0080275428134475 378880
1762356176671 0.9981965089351574 384000
1762356296376 0.9451899240648965 389120
1762356415331 0.9330414172157723 394240
1762356531192 0.9155308667351217 399360
1762356651565 0.8819866116841635 404480
1762356771242 0.873302465995351 409600
1762356889480 0.89046437155437 414720
1762357007570 0.8612509171051991 419840
1762357126370 0.8474614625710708 424960
1762357245304 0.8245742921081688 430080
1762357363311 0.8179084324724797 435200
1762357481029 0.7926592559106388 440320
1762357598348 0.7752937082413138 445440
1762357719809 0.7771883873279943 450560
1762357839249 0.7564317251641653 455680
1762357959144 0.7313882561322061 460800
1762358078342 0.7163485761274372 465920
1762358195944 0.6907728854694489 471040
1762358314982 0.6873894908397494 476160
1762358436291 0.6637780111357411 481280
1762358556452 0.652577032041149 486400
1762358675690 0.6347910102638038 491520
1762358796022 0.6141934084794158 496640
1762358914774 0.5976658920940703 501760
1762359034405 0.5946286294537205 506880
1762359156091 0.6040494292177364 512000
1762359276245 0.5886275503286731 517120
1762359395225 0.5641629008910893 522240
1762359514242 0.5660340337235797 527360
1762359631810 0.5576149713146481 532480
1762359752922 0.5269273068243107 537600
1762359875642 0.5402797825412786 542720
1762359995698 0.5268786144968289 547840
1762360115952 0.5266972748761698 552960
1762360238958 0.5246065966288249 558080
1762360364035 0.4886012862771479 563200
1762360482500 0.4861049116258141 568320
1762360604100 0.47480269719360135 573440
1762360722262 0.47454299198865046 578560
1762360835678 0.46252902055997563 583680
1762360950366 0.44870663490560325 588800
1762361062410 0.43921781641686025 593920
1762361175590 0.42656798313909017 599040
1762361289560 0.4202686734530325 604160
1762361410504 0.41117520082716974 609280
1762361536732 0.40031018528486056 614400
1762361660642 0.39969791349404715 619520
1762361785414 0.3943829376295624 624640
1762361908270 0.3756704605399789 629760
1762362033728 0.37999353264456975 634880
1762362158929 0.3734451392054939 640000
1762362282456 0.36264005265031873 645120
1762362407695 0.35711778832681523 650240
1762362527589 0.3643272077349158 655360
1762362647012 0.34798511416550393 660480
1762362773385 0.3417978296118764 665600
1762362895410 0.34432597584840724 670720
1762363017972 0.33086465446022023 675840
1762363140154 0.32915521535787495 680960
1762363263268 0.3265484126811589 686080
1762363384474 0.3302388749320126 691200
1762363503135 0.3269602831309762 696320
1762363619284 0.32193104702251646 701440
1762363735658 0.3114385577807723 706560
1762363848324 0.31166510006477094 711680
1762363961150 0.3002229483219424 716800
1762364074760 0.29669814431295854 721920
1762364188684 0.297130363078057 727040
1762364300649 0.28807953386999374 732160
1762364412755 0.2762739079934384 737280
1762364528099 0.286738765811132 742400
1762364639886 0.2789282347109021 747520
1762364751714 0.2803242526883664 752640
1762364866057 0.26951569730936276 757760
1762364978912 0.2805650592936907 762880
1762365092109 0.2787523113712966 768000
1762365204871 0.2658201890269285 773120
1762365320358 0.2702883652475285 778240
1762365438320 0.26081965060520423 783360
1762365553833 0.26681856103444374 788480
1762365669192 0.2587277053066136 793600
1762365789021 0.259108015297317 798720
1762365900661 0.254960236294579 803840
1762366012199 0.2606926370902851 808960
1762366126383 0.2561899966330983 814080
1762366239876 0.25258246165833964 819200
1762366352544 0.24726651847214615 824320
1762366463749 0.24182315083232087 829440
1762366576532 0.24341529715294932 834560
1762366687261 0.23990796780324883 839680
1762366798925 0.24852988176138005 844800
1762366911122 0.23915231628968828 849920
1762367021328 0.23749312989449384 855040
1762367133240 0.23806315659059216 860160
1762367245193 0.230319306799706 865280
1762367357018 0.23245411470549926 870400
1762367468522 0.2285387958544437 875520
1762367579857 0.22593069570543595 880640
1762367689890 0.22625595762327694 885760
1762367800979 0.22221396926897405 890880
1762367913064 0.21903575583680035 896000
1762368025975 0.22481618926690197 901120
1762368136696 0.21747798786206382 906240
1762368248514 0.21100194076897721 911360
1762368359870 0.2185905116370746 916480
1762368472886 0.20573676597264973 921600
1762368584187 0.21160039493316585 926720
1762368694737 0.2039943072405919 931840
1762368806961 0.20287278108721737 936960
1762368919758 0.20973543471544495 942080
1762369033587 0.20230359874585277 947200
1762369145552 0.1967281885690003 952320
1762369257456 0.19906531676267966 957440
1762369369806 0.19637165750631233 962560
1762369481165 0.19247962205656993 967680
1762369592429 0.1911804369295684 972800
1762369703966 0.18627780499318652 977920
1762369818226 0.1859172445926408 983040
1762369929987 0.18633126730751054 988160
1762370042175 0.18280704085785135 993280
1762370156671 0.18225951351103234 998400
1762370283409 0.17703782566704393 1003520
1762370402113 0.17369814244051734 1008640
1762370520777 0.17082573679934596 1013760
1762370635579 0.16616143900706587 1018880
1762370746933 0.1649069798266614 1024000
1762370857205 0.16219122101724978 1029120
1762370969667 0.15732298650090704 1034240
1762371080658 0.15312403678894046 1039360
1762371191370 0.1498378307181871 1044480
1762371302521 0.1440664207726194 1049600
1762371412691 0.13927268395484013 1054720
1762371524951 0.13351036449196718 1059840
1762371635982 0.13525949633888737 1064960
1762371747022 0.12902116286822987 1070080
1762371856752 0.12635146319809468 1075200
1762371967762 0.12315946486863223 1080320
1762372083354 0.11962658751808619 1085440
1762372198744 0.11537263859503713 1090560
1762372312424 0.11356555730354885 1095680
1762372427153 0.11296957182618324 1100800
1762372540866 0.10850085808103774 1105920
1762372656608 0.1080428311047633 1111040
1762372780929 0.104327480532946 1116160
1762372901662 0.100230399274478 1121280
1762373017364 0.10249592406006969 1126400
1762373130801 0.09916868237431614 1131520
1762373246783 0.09941796846158005 1136640
1762373360101 0.102057631041414 1141760
1762373476737 0.09782477578768019 1146880
1762373591726 0.09580350543847091 1152000
1762373708764 0.09283027761916374 1157120
1762373836523 0.09304516924938686 1162240
1762373951880 0.08927036875491598 1167360
1762374065984 0.08872420349254242 1172480
1762374187289 0.08881710040890373 1177600
1762374314321 0.08397505146409401 1182720
1762374429479 0.0835740114880676 1187840
1762374542132 0.08187173279031063 1192960
1762374671010 0.08380593588981336 1198080
1762374800872 0.08046988787294244 1203200
1762374938017 0.07982406785788929 1208320
1762375110379 0.07848425242792294 1213440
1762375289638 0.07865481026727147 1218560
1762375437564 0.07811224586588883 1223680
1762375606595 0.07755907890897905 1228800
1762375789175 0.0799433402002945 1233920
1762376024855 0.07838510447154845 1239040
1762376223508 0.07684794753789903 1244160
1762376582687 0.07406020141839004 1249280
