1762347785484 -2.577520751953125 5120
1762347901252 -2.2504545454545455 10240
1762348012018 -2.1193359375000003 15360
1762348123364 -1.8230059523809523 20480
1762348235917 -1.5527884615384617 25600
1762348346991 -1.3301209677419354 30720
1762348457230 -1.1406423611111114 35840
1762348568413 -1.0200304878048778 40960
1762348679608 -1.0177309782608694 46080
1762348790877 -1.1329901960784314 51200
1762348901639 -1.2595535714285713 56320
1762349013371 -1.2951639344262293 61440
1762349131972 -1.2976325757575757 66560
1762349245050 -1.2735915492957748 71680
1762349355787 -1.2489144736842106 76800
1762349467369 -1.2124074074074076 81920
1762349581145 -1.1760174418604652 87040
1762349691333 -1.1445879120879119 92160
1762349805470 -1.1065364583333333 97280
1762349915372 -1.067920792079208 102400
1762350028725 -1.014622641509434 107520
1762350140112 -0.9773648648648648 112640
1762350250246 -0.9515517241379311 117760
1762350360460 -0.9232024793388429 122880
1762350471861 -0.9019444444444444 128000
1762350583275 -0.8796374045801527 133120
1762350693599 -0.8608455882352941 138240
1762350803983 -0.8390425531914895 143360
1762350915885 -0.8187328767123287 148480
1762351025967 -0.809271523178808 153600
1762351137117 -0.7912820512820513 158720
1762351248487 -0.7777018633540373 163840
1762351361646 -0.7674246987951807 168960
1762351473303 -0.7543421052631579 174080
1762351584851 -0.74265625 179200
1762351696252 -0.7330939226519337 184320
1762351809770 -0.7316129032258064 189440
1762351922937 -0.7292015706806283 194560
1762352032832 -0.7186607142857143 199680
1762352143299 -0.709141791044776 204800
1762352256631 -0.7050485436893202 209920
1762352373237 -0.7067654028436019 215040
1762352491718 -0.7051967592592594 220160
1762352607307 -0.7018778280542987 225280
1762352718329 -0.6972676991150443 230400
1762352829256 -0.6894155844155844 235520
1762352942862 -0.6847351694915256 240640
1762353054730 -0.6824170124481327 245760
1762353167927 -0.6755182926829268 250880
1762353278359 -0.6722609561752987 256000
1762353389282 -0.667470703125 261120
1762353501669 -0.6581896551724138 266240
1762353612665 -0.6511748120300752 271360
1762353726668 -0.6419372693726937 276480
1762353838074 -0.6268478260869565 281600
1762353957391 -0.6167170818505339 286720
1762354066802 -0.6075874125874127 291840
1762354177310 -0.5946048109965636 296960
1762354287471 -0.5862162162162161 302080
1762354397832 -0.571827242524917 307200
1762354509170 -0.5601797385620916 312320
1762354621611 -0.5442443729903537 317440
1762354735620 -0.5327927215189874 322560
1762354856793 -0.5213395638629285 327680
1762354976459 -0.511058282208589 332800
1762355096258 -0.49810422960725076 337920
1762355216125 -0.4869717261904762 343040
1762355334907 -0.47803519061583577 348160
1762355455167 -0.461206647398844 353280
1762355573566 -0.4516809116809117 358400
1762355692170 -0.44563202247191014 363520
1762355815279 -0.43587257617728536 368640
1762355939930 -0.42799863387978143 373760
1762356055285 -0.4225 378880
1762356176671 -0.41263962765957446 384000
1762356296376 -0.40494094488188975 389120
1762356415331 -0.39746761658031093 394240
1762356531192 -0.386962915601023 399360
1762356651565 -0.3802209595959596 404480
1762356771242 -0.37382169576059854 409600
1762356889480 -0.36660714285714285 414720
1762357007570 -0.3608759124087591 419840
1762357126370 -0.35242788461538466 424960
1762357245304 -0.34671615201900235 430080
1762357363311 -0.3394718309859155 435200
1762357481029 -0.33118909512761024 440320
1762357598348 -0.32462729357798165 445440
1762357719809 -0.31964852607709754 450560
1762357839249 -0.31243834080717486 455680
1762357959144 -0.3067017738359202 460800
1762358078342 -0.30000000000000004 465920
1762358195944 -0.29305314533622556 471040
1762358314982 -0.2883744635193133 476160
1762358436291 -0.2845966029723992 481280
1762358556452 -0.2800367647058824 486400
1762358675690 -0.2738149688149688 491520
1762358796022 -0.2698353909465021 496640
1762358914774 -0.267367617107943 501760
1762359034405 -0.26405745967741934 506880
1762359156091 -0.2587325349301397 512000
1762359276245 -0.25433300395256914 517120
1762359395225 -0.25047945205479455 522240
1762359514242 -0.24598837209302327 527360
1762359631810 -0.24185220729366605 532480
1762359752922 -0.23944391634980988 537600
1762359875642 -0.23465630885122413 542720
1762359995698 -0.23090485074626868 547840
1762360115952 -0.2291127541589649 552960
1762360238958 -0.22442765567765569 558080
1762360364035 -0.2214110707803993 563200
1762360482500 -0.2175404676258993 568320
1762360604100 -0.21341800356506238 573440
1762360722262 -0.21055212014134275 578560
1762360835678 -0.20660683012259193 583680
1762360950366 -0.20412760416666667 588800
1762361062410 -0.20118760757314977 593920
1762361175590 -0.19897184300341297 599040
1762361289560 -0.19600676818950932 604160
1762361410504 -0.19316275167785235 609280
1762361536732 -0.1899750415973378 614400
1762361660642 -0.18660066006600662 619520
1762361785414 -0.18545008183306055 624640
1762361908270 -0.1837987012987013 629760
1762362033728 -0.17964975845410627 634880
1762362158929 -0.1799920127795527 640000
1762362282456 -0.17638272583201267 645120
1762362407695 -0.17584512578616354 650240
1762362527589 -0.17297971918876753 655360
1762362647012 -0.17245743034055727 660480
1762362773385 -0.1698924731182796 665600
1762362895410 -0.16780868902439025 670720
1762363017972 -0.16676626323751895 675840
1762363140154 -0.1655442942942943 680960
1762363263268 -0.1643107302533532 686080
1762363384474 -0.16286612426035504 691200
1762363503135 -0.1626138032305433 696320
1762363619284 -0.15993804664723033 701440
1762363735658 -0.15818017366136033 706560
1762363848324 -0.1573742816091954 711680
1762363961150 -0.15540656205420827 716800
1762364074760 -0.15335694050991502 721920
1762364188684 -0.15095991561181435 727040
1762364300649 -0.14935055865921787 732160
1762364412755 -0.1490707350901526 737280
1762364528099 -0.14676997245179063 742400
1762364639886 -0.1468467852257182 747520
1762364751714 -0.14466032608695653 752640
1762364866057 -0.14198717948717948 757760
1762364978912 -0.14320375335120644 762880
1762365092109 -0.14258988015978696 768000
1762365204871 -0.1403505291005291 773120
1762365320358 -0.14019053876478318 778240
1762365438320 -0.13879895561357702 783360
1762365553833 -0.13855706874189364 788480
1762365669192 -0.13653350515463916 793600
1762365789021 -0.1371798975672215 798720
1762365900661 -0.13478053435114504 803840
1762366012199 -0.13555941845764855 808960
1762366126383 -0.1339824120603015 814080
1762366239876 -0.132543695380774 819200
1762366352544 -0.13272642679900745 824320
1762366463749 -0.13114364981504315 829440
1762366576532 -0.13230392156862747 834560
1762366687261 -0.13027405602923264 839680
1762366798925 -0.13175847457627118 844800
1762366911122 -0.13071299638989167 849920
1762367021328 -0.13014354066985645 855040
1762367133240 -0.13032104637336503 860160
1762367245193 -0.12984042553191488 865280
1762367357018 -0.12926556991774382 870400
1762367468522 -0.12930490654205606 875520
1762367579857 -0.12836817653890825 880640
1762367689890 -0.12751443418013855 885760
1762367800979 -0.12819747416762342 890880
1762367913064 -0.12734303652968038 896000
1762368025975 -0.12557321225879683 901120
1762368136696 -0.12524266365688488 906240
1762368248514 -0.125645342312009 911360
1762368359870 -0.12394252232142858 916480
1762368472886 -0.12302441731409546 921600
1762368584187 -0.12291666666666667 926720
1762368694737 -0.12317233809001099 931840
1762368806961 -0.1228575327510917 936960
1762368919758 -0.12198154180238871 942080
1762369033587 -0.12146328293736502 947200
1762369145552 -0.12148764769065522 952320
1762369257456 -0.12134081196581196 957440
1762369369806 -0.120807651434644 962560
1762369481165 -0.1204836152219873 967680
1762369592429 -0.12015509989484754 972800
1762369703966 -0.12038702928870293 977920
1762369818226 -0.11903485952133194 983040
1762369929987 -0.11902691511387163 988160
1762370042175 -0.11807672502574666 993280
1762370156671 -0.11712602459016393 998400
1762370283409 -0.11662844036697248 1003520
1762370402113 -0.1151419878296146 1008640
1762370520777 -0.11412714429868819 1013760
1762370635579 -0.11200301204819277 1018880
1762370746933 -0.11185314685314685 1024000
1762370857205 -0.11088469184890656 1029120
1762370969667 -0.10914935707220574 1034240
1762371080658 -0.10936515748031497 1039360
1762371191370 -0.10850391772771793 1044480
1762371302521 -0.10698830409356724 1049600
1762371412691 -0.10622453928225024 1054720
1762371524951 -0.10454391891891893 1059840
1762371635982 -0.10333093179634965 1064960
1762371747022 -0.10324330783938813 1070080
1762371856752 -0.10234062797335872 1075200
1762371967762 -0.10113399621212123 1080320
1762372083354 -0.10127474081055608 1085440
1762372198744 -0.0993222326454034 1090560
1762372312424 -0.09902661064425769 1095680
1762372427153 -0.098703531598513 1100800
1762372540866 -0.09787696577243292 1105920
1762372656608 -0.09773020257826887 1111040
1762372780929 -0.09632218148487627 1116160
1762372901662 -0.09583029197080292 1121280
1762373017364 -0.09529745685740237 1126400
1762373130801 -0.0949502712477396 1131520
1762373246783 -0.09468946894689467 1136640
1762373360101 -0.09375 1141760
1762373476737 -0.0933206958073149 1146880
1762373591726 -0.0926354351687389 1152000
1762373708764 -0.09228116710875332 1157120
1762373836523 -0.09094410211267606 1162240
1762373951880 -0.09081069237510957 1167360
1762374065984 -0.0893150087260035 1172480
1762374187289 -0.08968722849695916 1177600
1762374314321 -0.08813365051903113 1182720
1762374429479 -0.08720068906115419 1187840
1762374542132 -0.08674957118353345 1192960
1762374671010 -0.08615072587532023 1198080
1762374800872 -0.0850031887755102 1203200
1762374938017 -0.08441574936494496 1208320
1762375110379 -0.0841631534569983 1213440
1762375289638 -0.08365659109991604 1218560
1762375437564 -0.08270066889632108 1223680
1762375606595 -0.0825978351373855 1228800
1762375789175 -0.0814572968490879 1233920
1762376024855 -0.08088563170933112 1239040
1762376223508 -0.08025904605263158 1244160
1762376582687 -0.0799017199017199 1249280
