1762347785652 5.284802042501846 5120
1762347901260 5.403190988009094 10240
1762348012023 5.098789753452424 15360
1762348123368 4.936455042927793 20480
1762348235922 4.803086136309181 25600
1762348346996 4.831484311486259 30720
1762348457238 4.744059973298647 35840
1762348568420 5.720457660363342 40960
1762348679613 6.598502351968811 46080
1762348790882 6.892086804965651 51200
1762348901645 7.5775648985203645 56320
1762349013375 8.533179300946824 61440
1762349131976 9.014101467093402 66560
1762349245055 9.180960680489969 71680
1762349355793 9.565871949935039 76800
1762349467374 9.838488033227987 81920
1762349581149 10.169701627453755 87040
1762349691339 10.562741413968535 92160
1762349805474 11.02922352961296 97280
1762349915377 11.501393915989834 102400
1762350028735 12.032851771123626 107520
1762350140116 12.564890574151029 112640
1762350250251 12.984559885738177 117760
1762350360466 13.410923163746446 122880
1762350471867 13.880115925911664 128000
1762350583280 14.339594017800069 133120
1762350693604 14.604268534677601 138240
1762350803988 14.797175658310401 143360
1762350915890 15.051033842763704 148480
1762351025972 15.22097160779641 153600
1762351137123 15.452901159369478 158720
1762351248495 15.751198408932826 163840
1762351361651 15.993403793299313 168960
1762351473313 16.22845403709448 174080
1762351584857 16.41378247857562 179200
1762351696257 16.620555376494828 184320
1762351809778 16.779270645945946 189440
1762351922943 16.945489977265105 194560
1762352032837 17.07067852980621 199680
1762352143304 17.342332420923203 204800
1762352256637 17.559208756748887 209920
1762352373245 17.821537406196832 215040
1762352491724 18.007418088042733 220160
1762352607313 18.213903064679645 225280
1762352718335 18.39257845752188 230400
1762352829262 18.622918473018405 235520
1762352942869 18.824605231992898 240640
1762353054737 19.011769791698384 245760
1762353167933 19.217223170281127 250880
1762353278365 19.42987429012315 256000
1762353389288 19.610394013048325 261120
1762353501680 19.761683088717835 266240
1762353612672 19.92536137229638 271360
1762353726679 20.07733137756507 276480
1762353838081 20.271626315713608 281600
1762353957397 20.41019457912986 286720
1762354066813 20.524693625804257 291840
1762354177321 20.693818992482754 296960
1762354287483 20.74608034278426 302080
1762354397840 20.861332702966305 307200
1762354509177 20.981502962533163 312320
1762354621622 21.079201175010486 317440
1762354735628 21.21785241890533 322560
1762354856806 21.33421195239736 327680
1762354976473 21.437771540634525 332800
1762355096268 21.55599499277275 337920
1762355216133 21.739671503768534 343040
1762355334914 21.875664522507684 348160
1762355455176 21.995189414138835 353280
1762355573574 22.088620802800822 358400
1762355692178 22.180981881966005 363520
1762355815288 22.244222581750556 368640
1762355939940 22.333771345491648 373760
1762356055299 22.454038039858613 378880
1762356176680 22.55031789443099 384000
1762356296385 22.701379333522265 389120
1762356415339 22.847940531547447 394240
1762356531201 22.92922108289459 399360
1762356651574 23.051861230917453 404480
1762356771251 23.111004725176485 409600
1762356889488 23.216436154124494 414720
1762357007579 23.296041632453278 419840
1762357126384 23.38069272313852 424960
1762357245313 23.47030953223782 430080
1762357363319 23.597843000739815 435200
1762357481038 23.704413384986044 440320
1762357598361 23.798163421571715 445440
1762357719818 23.884927999610632 450560
1762357839258 23.996277658573373 455680
1762357959152 24.07832076810267 460800
1762358078351 24.166700588522577 465920
1762358195953 24.282055797848777 471040
1762358314991 24.379970313312914 476160
1762358436302 24.440815049236594 481280
1762358556462 24.494358271600202 486400
1762358675699 24.57330962576195 491520
1762358796031 24.647136616961102 496640
1762358914792 24.718292489740577 501760
1762359034414 24.794826422628272 506880
1762359156101 24.856071172634685 512000
1762359276260 24.933645268099408 517120
1762359395235 24.97740143274046 522240
1762359514254 25.026176886616714 527360
1762359631827 25.087926476582165 532480
1762359752936 25.137973062335224 537600
1762359875652 25.172579823778456 542720
1762359995709 25.18437548454216 547840
1762360115968 25.218485326567087 552960
1762360238973 25.270752986582842 558080
1762360364046 25.309169600393876 563200
1762360482516 25.33490030795589 568320
1762360604571 25.401312618696114 573440
1762360722274 25.426277551401153 578560
1762360835688 25.471026550976866 583680
1762360950377 25.483390997258784 588800
1762361062423 25.55774982891848 593920
1762361175603 25.61126871437493 599040
1762361289572 25.656752034232426 604160
1762361410521 25.687259944129828 609280
1762361536747 25.737392656343346 614400
1762361660664 25.820284568205857 619520
1762361785433 25.88545976329126 624640
1762361908283 25.9240110978187 629760
1762362033746 25.965537758401425 634880
1762362158950 26.017387588893193 640000
1762362282474 26.047951172897417 645120
1762362407711 26.06652721161398 650240
1762362527608 26.12757455008535 655360
1762362647032 26.163823974143902 660480
1762362773399 26.239078608956607 665600
1762362895427 26.271305083068768 670720
1762363017987 26.304435223029117 675840
1762363140167 26.341310391216506 680960
1762363263285 26.403372432501538 686080
1762363384487 26.438203991029628 691200
1762363503153 26.503146265911653 696320
1762363619299 26.53435088640665 701440
1762363735675 26.553340643809044 706560
1762363848336 26.564105856374077 711680
1762363961165 26.59982621209122 716800
1762364074774 26.648733980686643 721920
1762364188698 26.668917774140382 727040
1762364300668 26.70531739807634 732160
1762364412768 26.75317463212612 737280
1762364528112 26.785004565767736 742400
1762364639901 26.79045918068949 747520
1762364751734 26.80919147156279 752640
1762364866069 26.84895987425501 757760
1762364978939 26.873563356892646 762880
1762365092132 26.90721810563966 768000
1762365204887 26.963984009632476 773120
1762365320376 26.983973682783468 778240
1762365438334 27.03044499355436 783360
1762365553845 27.07135940666893 788480
1762365669214 27.114804756992736 793600
1762365789033 27.137707532250694 798720
1762365900673 27.19208329553179 803840
1762366012212 27.257196278926102 808960
1762366126397 27.281354991234043 814080
1762366239889 27.265009475325012 819200
1762366352555 27.279481876798624 824320
1762366463760 27.308641517387425 829440
1762366576543 27.332142401143216 834560
1762366687280 27.33681359555986 839680
1762366798937 27.35787625469509 844800
1762366911136 27.41368371404824 849920
1762367021340 27.457024243286867 855040
1762367133252 27.48136207549733 860160
1762367245208 27.49925836509485 865280
1762367357029 27.523275049035668 870400
1762367468542 27.530194470173633 875520
1762367579870 27.554303074130114 880640
1762367689901 27.599580366910367 885760
1762367800990 27.60022995663805 890880
1762367913076 27.6491032602063 896000
1762368025989 27.66823519339473 901120
1762368136708 27.68288086927488 906240
1762368248526 27.70439790372508 911360
1762368359907 27.728393676148393 916480
1762368472902 27.75434604697199 921600
1762368584200 27.778166230850267 926720
1762368694749 27.79889159998036 931840
1762368806973 27.840548665061885 936960
1762368919770 27.84985863344772 942080
1762369033599 27.879039868955868 947200
1762369145564 27.880600097193064 952320
1762369257470 27.9055489757351 957440
1762369369820 27.93526248472906 962560
1762369481177 27.957889054708403 967680
1762369592441 27.96520635598939 972800
1762369703979 27.981981102606476 977920
1762369818239 28.001960277980842 983040
1762369930001 28.02546607580136 988160
1762370042189 28.080694952608628 993280
1762370156683 28.1035755350213 998400
1762370283421 28.126991760298186 1003520
1762370402135 28.145251652100647 1008640
1762370521630 28.158566106325946 1013760
1762370635593 28.178112601799477 1018880
1762370746947 28.208420259754693 1024000
1762370857219 28.20917945040029 1029120
1762370969681 28.23613584504512 1034240
1762371080680 28.26183073434193 1039360
1762371191383 28.289300101210898 1044480
1762371302536 28.30309526472873 1049600
1762371413335 28.322181373721286 1054720
1762371524965 28.34764570677071 1059840
1762371635996 28.351570544262458 1064960
1762371747036 28.380171395926016 1070080
1762371856767 28.38904554536034 1075200
1762371967780 28.403873580271544 1080320
1762372083370 28.43177207217246 1085440
1762372198759 28.43961097932427 1090560
1762372313300 28.448404766853447 1095680
1762372427957 28.466661458501843 1100800
1762372541744 28.480074610147973 1105920
1762372657555 28.497205388001237 1111040
1762372781888 28.508612574032057 1116160
1762372902542 28.540724526723526 1121280
1762373018320 28.546627025921833 1126400
1762373131593 28.565459764433154 1131520
1762373248023 28.578455565810344 1136640
1762373361061 28.5830662673895 1141760
1762373477828 28.603677694498426 1146880
1762373592457 28.63016759155289 1152000
1762373709852 28.646191054931737 1157120
1762373837277 28.675564289947175 1162240
1762373952811 28.689405471071478 1167360
1762374068510 28.707877593503348 1172480
1762374188696 28.71708574510387 1177600
1762374315220 28.737238278897113 1182720
1762374430288 28.755128582852056 1187840
1762374543399 28.775608018721478 1192960
1762374672090 28.793561444847168 1198080
1762374801908 28.819789688271474 1203200
1762374939176 28.851153492335385 1208320
1762375111658 28.875543280889563 1213440
1762375290746 28.88356520441378 1218560
1762375438379 28.90130199399189 1223680
1762375607623 28.882958785207514 1228800
1762375790250 28.893513456174585 1233920
1762376025923 28.906133870646702 1239040
1762376239866 28.935347554309235 1244160
1762376584470 28.937189865708927 1249280
