1770998148894 19.397506713867188 5120
1770998166333 20.70924186706543 10240
1770998183808 21.01175880432129 15360
1770998201298 21.114852905273438 20480
1770998218771 21.136615753173828 25600
1770998236300 21.102027893066406 30720
1770998253806 21.168962478637695 35840
1770998271232 21.280954360961914 40960
1770998288713 21.392723083496094 46080
1770998306174 21.480472564697266 51200
1770998323660 21.602371215820312 56320
1770998341171 21.660930633544922 61440
1770998358626 21.68709373474121 66560
1770998376092 21.714134216308594 71680
1770998393545 21.669418334960938 76800
1770998411029 21.695003509521484 81920
1770998428506 21.730510711669922 87040
1770998445961 21.712976455688477 92160
1770998463445 21.726943969726562 97280
1770998480811 21.71690559387207 102400
1770998498247 21.85350799560547 107520
1770998515719 21.995512008666992 112640
1770998533231 22.120986938476562 117760
1770998550707 22.231176376342773 122880
1770998568169 22.285791397094727 128000
1770998585612 22.327707290649414 133120
1770998603078 22.394203186035156 138240
1770998620539 22.457656860351562 143360
1770998637994 22.50483512878418 148480
1770998655506 22.525062561035156 153600
1770998672978 22.526769638061523 158720
1770998690466 22.52460479736328 163840
1770998707943 22.523984909057617 168960
1770998725428 22.572912216186523 174080
1770998742926 22.648855209350586 179200
1770998760375 22.6879825592041 184320
1770998777809 22.680566787719727 189440
1770998795275 22.70732307434082 194560
1770998812768 22.709888458251953 199680
1770998830225 22.720979690551758 204800
1770998847621 22.737192153930664 209920
1770998865090 22.7646541595459 215040
1770998882593 22.747905731201172 220160
1770998900055 22.7735652923584 225280
1770998917490 22.76154899597168 230400
1770998934971 22.7716064453125 235520
1770998952429 22.75629234313965 240640
1770998969885 22.782352447509766 245760
1770998987343 22.774873733520508 250880
1770999004794 22.779741287231445 256000
1770999022324 22.792638778686523 261120
1770999039859 22.798856735229492 266240
1770999057308 22.785198211669922 271360
1770999074786 22.76896858215332 276480
1770999092265 22.787784576416016 281600
1770999109770 22.807201385498047 286720
1770999127270 22.823659896850586 291840
1770999144771 22.83741569519043 296960
1770999151790 22.84482192993164 300032
