1770998148894 0.07154451310634613 5120
1770998166333 0.0735665112733841 10240
1770998183808 0.06150974705815315 15360
1770998201298 0.06534261256456375 20480
1770998218771 0.0650591030716896 25600
1770998236300 0.06490718573331833 30720
1770998253806 0.0664374828338623 35840
1770998271232 0.06805672496557236 40960
1770998288713 0.06915764510631561 46080
1770998306174 0.06934242695569992 51200
1770998323660 0.06958302855491638 56320
1770998341171 0.06971114873886108 61440
1770998358626 0.07006371766328812 66560
1770998376092 0.07017792761325836 71680
1770998393545 0.07049758732318878 76800
1770998411029 0.07112476229667664 81920
1770998428506 0.07156335562467575 87040
1770998445961 0.07197384536266327 92160
1770998463445 0.07203298807144165 97280
1770998480811 0.06951441615819931 102400
1770998498247 0.06512714177370071 107520
1770998515719 0.0609818734228611 112640
1770998533231 0.0572950504720211 117760
1770998550707 0.05405065044760704 122880
1770998568169 0.05113142728805542 128000
1770998585612 0.04835404455661774 133120
1770998603078 0.04576247185468674 138240
1770998620539 0.04332675039768219 143360
1770998637994 0.041050516068935394 148480
1770998655506 0.03883269429206848 153600
1770998672978 0.036936357617378235 158720
1770998690466 0.035161349922418594 163840
1770998707943 0.033475883305072784 168960
1770998725428 0.03189980238676071 174080
1770998742926 0.03024917095899582 179200
1770998760375 0.02886505238711834 184320
1770998777809 0.027633538469672203 189440
1770998795275 0.026275109499692917 194560
1770998812768 0.02497692219913006 199680
1770998830225 0.023854436352849007 204800
1770998847621 0.02273116074502468 209920
1770998865090 0.021655475720763206 215040
1770998882593 0.02066751942038536 220160
1770998900055 0.019612032920122147 225280
1770998917490 0.018736528232693672 230400
1770998934971 0.01783975213766098 235520
1770998952429 0.017075618728995323 240640
1770998969885 0.016231874004006386 245760
1770998987343 0.015507309697568417 250880
1770999004794 0.014710917137563229 256000
1770999022324 0.0140372971072793 261120
1770999039859 0.0132920416072011 266240
1770999057308 0.012658623047173023 271360
1770999074786 0.01201784610748291 276480
1770999092265 0.011393917724490166 281600
1770999109770 0.010763022117316723 286720
1770999127270 0.010180299170315266 291840
1770999144771 0.009612725116312504 296960
1770999151790 0.009377293288707733 300032
