1770998148894 24.816850662231445 5120
1770998166333 26.391016006469727 10240
1770998183808 26.17070198059082 15360
1770998201298 26.376995086669922 20480
1770998218771 26.400815963745117 25600
1770998236300 26.369060516357422 30720
1770998253806 26.465635299682617 35840
1770998271232 26.614686965942383 40960
1770998288713 26.766077041625977 46080
1770998306174 26.853689193725586 51200
1770998323660 26.995210647583008 56320
1770998341171 27.043609619140625 61440
1770998358626 27.089048385620117 66560
1770998376092 27.12598419189453 71680
1770998393545 27.088565826416016 76800
1770998411029 27.13948631286621 81920
1770998428506 27.18636131286621 87040
1770998445961 27.173044204711914 92160
1770998463445 27.19101905822754 97280
1770998480811 27.075851440429688 102400
1770998498247 27.043041229248047 107520
1770998515719 27.029075622558594 112640
1770998533231 27.020355224609375 117760
1770998550707 27.01004981994629 122880
1770998568169 26.956506729125977 128000
1770998585612 26.893674850463867 133120
1770998603078 26.85797691345215 138240
1770998620539 26.83053970336914 143360
1770998637994 26.78765106201172 148480
1770998655506 26.717784881591797 153600
1770998672978 26.644939422607422 158720
1770998690466 26.57099723815918 163840
1770998707943 26.501693725585938 168960
1770998725428 26.492300033569336 174080
1770998742926 26.507457733154297 179200
1770998760375 26.496917724609375 184320
1770998777809 26.43923568725586 189440
1770998795275 26.416501998901367 194560
1770998812768 26.367570877075195 199680
1770998830225 26.33654022216797 204800
1770998847621 26.310150146484375 209920
1770998865090 26.29785919189453 215040
1770998882593 26.240982055664062 220160
1770998900055 26.224267959594727 225280
1770998917490 26.175615310668945 230400
1770998934971 26.150203704833984 235520
1770998952429 26.107023239135742 240640
1770998969885 26.101470947265625 245760
1770998987343 26.0654354095459 250880
1770999004794 26.037376403808594 256000
1770999022324 26.025291442871094 261120
1770999039859 26.000459671020508 266240
1770999057308 25.959741592407227 271360
1770999074786 25.914793014526367 276480
1770999092265 25.910402297973633 281600
1770999109770 25.906402587890625 286720
1770999127270 25.90135383605957 291840
1770999144771 25.896074295043945 296960
1770999151790 25.894609451293945 300032
