1770998148894 1.125091552734375 5120
1770998166333 1.1475242376327515 10240
1770998183808 1.1434154510498047 15360
1770998201298 1.1371181011199951 20480
1770998218771 1.1320465803146362 25600
1770998236300 1.1272107362747192 30720
1770998253806 1.1288535594940186 35840
1770998271232 1.1333566904067993 40960
1770998288713 1.1392319202423096 46080
1770998306174 1.140180230140686 51200
1770998323660 1.1452913284301758 56320
1770998341171 1.1452094316482544 61440
1770998358626 1.1455813646316528 66560
1770998376092 1.1463621854782104 71680
1770998393545 1.1446975469589233 76800
1770998411029 1.145737648010254 81920
1770998428506 1.1470067501068115 87040
1770998445961 1.1462095975875854 92160
1770998463445 1.1465458869934082 97280
1770998480811 1.1466617584228516 102400
1770998498247 1.1484510898590088 107520
1770998515719 1.1492788791656494 112640
1770998533231 1.150622844696045 117760
1770998550707 1.1538618803024292 122880
1770998568169 1.1554194688796997 128000
1770998585612 1.1565184593200684 133120
1770998603078 1.1558434963226318 138240
1770998620539 1.1577672958374023 143360
1770998637994 1.158146619796753 148480
1770998655506 1.1564316749572754 153600
1770998672978 1.1567336320877075 158720
1770998690466 1.156717300415039 163840
1770998707943 1.1568323373794556 168960
1770998725428 1.1581732034683228 174080
1770998742926 1.1585304737091064 179200
1770998760375 1.158743977546692 184320
1770998777809 1.1592803001403809 189440
1770998795275 1.1587122678756714 194560
1770998812768 1.1581649780273438 199680
1770998830225 1.1592133045196533 204800
1770998847621 1.1587564945220947 209920
1770998865090 1.1589298248291016 215040
1770998882593 1.1577495336532593 220160
1770998900055 1.157427430152893 225280
1770998917490 1.1572086811065674 230400
1770998934971 1.157199740409851 235520
1770998952429 1.1569676399230957 240640
1770998969885 1.15703547000885 245760
1770998987343 1.1577024459838867 250880
1770999004794 1.1568275690078735 256000
1770999022324 1.1574323177337646 261120
1770999039859 1.1571763753890991 266240
1770999057308 1.156527042388916 271360
1770999074786 1.1549766063690186 276480
1770999092265 1.1555196046829224 281600
1770999109770 1.1558723449707031 286720
1770999127270 1.1561545133590698 291840
1770999144771 1.156502366065979 296960
1770999151790 1.1563817262649536 300032
