1770998148887 14.40109920501709 5120
1770998166323 12.864575386047363 10240
1770998183797 12.520963668823242 15360
1770998201287 12.532808303833008 20480
1770998218760 11.384641647338867 25600
1770998236288 9.690225601196289 30720
1770998253795 8.534347534179688 35840
1770998271221 8.657346725463867 40960
1770998288702 7.944995880126953 46080
1770998306161 7.4625372886657715 51200
1770998323649 7.330230712890625 56320
1770998341161 8.39987850189209 61440
1770998358616 7.7969818115234375 66560
1770998376080 7.136802673339844 71680
1770998393533 7.48849630355835 76800
1770998411019 7.572457313537598 81920
1770998428495 8.014139175415039 87040
1770998445949 8.778050422668457 92160
1770998463434 8.944197654724121 97280
1770998480800 7.8728814125061035 102400
1770998498235 8.434568405151367 107520
1770998515708 10.46716594696045 112640
1770998533220 11.24421215057373 117760
1770998550695 12.641264915466309 122880
1770998568158 11.747393608093262 128000
1770998585600 14.04176139831543 133120
1770998603065 13.394874572753906 138240
1770998620527 12.441246032714844 143360
1770998637983 13.147028923034668 148480
1770998655494 12.866679191589355 153600
1770998672965 13.384181022644043 158720
1770998690454 13.703313827514648 163840
1770998707931 13.853574752807617 168960
1770998725416 13.212163925170898 174080
1770998742914 13.251568794250488 179200
1770998760363 13.785032272338867 184320
1770998777796 13.380361557006836 189440
1770998795263 13.169563293457031 194560
1770998812756 12.786408424377441 199680
1770998830212 14.06866455078125 204800
1770998847608 12.150995254516602 209920
1770998865080 11.537817001342773 215040
1770998882580 12.066141128540039 220160
1770998900042 11.797450065612793 225280
1770998917477 10.930410385131836 230400
1770998934958 11.912598609924316 235520
1770998952416 11.11931324005127 240640
1770998969872 10.794351577758789 245760
1770998987329 10.711002349853516 250880
1770999004781 10.350519180297852 256000
1770999022310 11.289464950561523 261120
1770999039845 10.139446258544922 266240
1770999057295 10.148004531860352 271360
1770999074773 9.217557907104492 276480
1770999092251 9.671408653259277 281600
1770999109756 9.067959785461426 286720
1770999127256 8.881216049194336 291840
1770999144757 8.463213920593262 296960
1770999151776 8.408296585083008 300032
