1770998148894 0.9599404335021973 5120
1770998166333 1.0389305353164673 10240
1770998183808 0.9612813591957092 15360
1770998201298 1.0043505430221558 20480
1770998218771 1.0085594654083252 25600
1770998236300 1.0059481859207153 30720
1770998253806 1.0178124904632568 35840
1770998271232 1.0305403470993042 40960
1770998288713 1.0472981929779053 46080
1770998306174 1.053078293800354 51200
1770998323660 1.0602232217788696 56320
1770998341171 1.0635097026824951 61440
1770998358626 1.0712077617645264 66560
1770998376092 1.0754929780960083 71680
1770998393545 1.0782524347305298 76800
1770998411029 1.0867136716842651 81920
1770998428506 1.091100811958313 87040
1770998445961 1.094743251800537 92160
1770998463445 1.0950124263763428 97280
1770998480811 1.0719420909881592 102400
1770998498247 1.0377049446105957 107520
1770998515719 1.0062636137008667 112640
1770998533231 0.9782412648200989 117760
1770998550707 0.953348696231842 122880
1770998568169 0.9303627014160156 128000
1770998585612 0.9076030850410461 133120
1770998603078 0.8877657651901245 138240
1770998620539 0.8686482906341553 143360
1770998637994 0.8506243824958801 148480
1770998655506 0.8326755166053772 153600
1770998672978 0.8169348835945129 158720
1770998690466 0.8027014136314392 163840
1770998707943 0.7892940044403076 168960
1770998725428 0.7776617407798767 174080
1770998742926 0.7649582028388977 179200
1770998760375 0.7544469237327576 184320
1770998777809 0.745227575302124 189440
1770998795275 0.7342621088027954 194560
1770998812768 0.7232046723365784 199680
1770998830225 0.7143186926841736 204800
1770998847621 0.7054151296615601 209920
1770998865090 0.6971349120140076 215040
1770998882593 0.6886197328567505 220160
1770998900055 0.6803012490272522 225280
1770998917490 0.6729201674461365 230400
1770998934971 0.6654982566833496 235520
1770998952429 0.6591548323631287 240640
1770998969885 0.6527623534202576 245760
1770998987343 0.6466724276542664 250880
1770999004794 0.6401825547218323 256000
1770999022324 0.6346921324729919 261120
1770999039859 0.6285479664802551 266240
1770999057308 0.6233116388320923 271360
1770999074786 0.6175812482833862 276480
1770999092265 0.6126957535743713 281600
1770999109770 0.6076321601867676 286720
1770999127270 0.6030914187431335 291840
1770999144771 0.5985442399978638 296960
1770999151790 0.5966966152191162 300032
