1770998148894 0.2688644826412201 5120
1770998166333 0.26901480555534363 10240
1770998183808 0.24767953157424927 15360
1770998201298 0.2528280019760132 20480
1770998218771 0.25057393312454224 25600
1770998236300 0.24973364174365997 30720
1770998253806 0.25317618250846863 35840
1770998271232 0.25656935572624207 40960
1770998288713 0.25869444012641907 46080
1770998306174 0.25880762934684753 51200
1770998323660 0.25985634326934814 56320
1770998341171 0.25995934009552 61440
1770998358626 0.2605595588684082 66560
1770998376092 0.2609763741493225 71680
1770998393545 0.261469304561615 76800
1770998411029 0.2629348933696747 81920
1770998428506 0.26382091641426086 87040
1770998445961 0.26456379890441895 92160
1770998463445 0.26471754908561707 97280
1770998480811 0.2599858045578003 102400
1770998498247 0.2519996762275696 107520
1770998515719 0.2443379908800125 112640
1770998533231 0.23786431550979614 117760
1770998550707 0.2321794182062149 122880
1770998568169 0.22695739567279816 128000
1770998585612 0.22184588015079498 133120
1770998603078 0.21698057651519775 138240
1770998620539 0.21255914866924286 143360
1770998637994 0.20840691030025482 148480
1770998655506 0.20409949123859406 153600
1770998672978 0.20060111582279205 158720
1770998690466 0.1973193883895874 163840
1770998707943 0.19408714771270752 168960
1770998725428 0.19133327901363373 174080
1770998742926 0.18844175338745117 179200
1770998760375 0.1860816925764084 184320
1770998777809 0.18378782272338867 189440
1770998795275 0.18129576742649078 194560
1770998812768 0.17883439362049103 199680
1770998830225 0.17676909267902374 204800
1770998847621 0.17466291785240173 209920
1770998865090 0.17272791266441345 215040
1770998882593 0.1707640141248703 220160
1770998900055 0.16872522234916687 225280
1770998917490 0.16704177856445312 230400
1770998934971 0.16546382009983063 235520
1770998952429 0.16407255828380585 240640
1770998969885 0.16249771416187286 245760
1770998987343 0.1611860990524292 250880
1770999004794 0.15958724915981293 256000
1770999022324 0.1583639532327652 261120
1770999039859 0.15692515671253204 266240
1770999057308 0.1556437909603119 271360
1770999074786 0.154323011636734 276480
1770999092265 0.15324187278747559 281600
1770999109770 0.15207555890083313 286720
1770999127270 0.15101686120033264 291840
1770999144771 0.15009240806102753 296960
1770999151790 0.14963814616203308 300032
