1770901220059 0.0 5120
1770901231692 0.0 10240
1770901243323 0.0 15360
1770901254900 0.0 20480
1770901266397 0.0 25600
1770901277928 0.0 30720
1770901289356 0.0 35840
1770901300868 0.0 40960
1770901312318 0.0 46080
1770901323725 0.0 51200
1770901335176 0.0 56320
1770901346663 0.0 61440
1770901358122 0.0 66560
1770901369601 0.0 71680
1770901381126 0.0 76800
1770901392748 0.0 81920
1770901404451 0.0 87040
1770901416120 0.0 92160
1770901427909 0.0 97280
1770901439710 0.0 102400
1770901451525 0.0 107520
1770901463329 0.0 112640
1770901475134 0.0 117760
1770901486998 0.0 122880
1770901498962 0.0 128000
1770901510739 0.0 133120
1770901522550 0.0 138240
1770901534380 0.0 143360
1770901546336 0.0 148480
1770901558301 0.0 153600
1770901570182 0.0 158720
1770901582042 0.0 163840
1770901593893 0.0 168960
1770901605825 0.0 174080
1770901617684 0.0 179200
1770901629545 0.0 184320
1770901641539 0.0 189440
1770901653409 0.0 194560
1770901665355 0.0 199680
1770901677269 0.0 204800
1770901689356 0.0 209920
1770901701281 0.0 215040
1770901713222 0.0 220160
1770901725072 0.0 225280
1770901737085 0.0 230400
1770901749031 0.0 235520
1770901761076 0.0 240640
1770901772988 0.0 245760
1770901784996 0.0 250880
1770901796979 0.0 256000
1770901809044 0.0 261120
1770901821010 0.0 266240
1770901833083 0.0 271360
1770901845167 0.0 276480
1770901857150 0.0 281600
1770901869090 0.0 286720
1770901881119 0.0 291840
1770901893215 0.0 296960
1770901898073 0.0 300032
