1770901220059 17.108598709106445 5120
1770901231692 18.92608070373535 10240
1770901243323 19.992876052856445 15360
1770901254900 21.067344665527344 20480
1770901266397 21.433216094970703 25600
1770901277928 21.642051696777344 30720
1770901289356 21.788232803344727 35840
1770901300868 22.204509735107422 40960
1770901312318 22.19304656982422 46080
1770901323725 22.24818229675293 51200
1770901335176 22.203527450561523 56320
1770901346663 22.218650817871094 61440
1770901358122 22.295560836791992 66560
1770901369601 22.355003356933594 71680
1770901381126 22.332767486572266 76800
1770901392748 22.367305755615234 81920
1770901404451 22.33534049987793 87040
1770901416120 22.35157585144043 92160
1770901427909 22.33259391784668 97280
1770901439710 22.31349754333496 102400
1770901451525 22.3411922454834 107520
1770901463329 22.347076416015625 112640
1770901475134 22.34263038635254 117760
1770901486998 22.36821746826172 122880
1770901498962 22.37911033630371 128000
1770901510739 22.3762264251709 133120
1770901522550 22.350984573364258 138240
1770901534380 22.34483528137207 143360
1770901546336 22.33373260498047 148480
1770901558301 22.30554962158203 153600
1770901570182 22.283235549926758 158720
1770901582042 22.28554916381836 163840
1770901593893 22.26402473449707 168960
1770901605825 22.24816131591797 174080
1770901617684 22.26605796813965 179200
1770901629545 22.26933479309082 184320
1770901641539 22.262744903564453 189440
1770901653409 22.243892669677734 194560
1770901665355 22.251068115234375 199680
1770901677269 22.251325607299805 204800
1770901689356 22.23291778564453 209920
1770901701281 22.262121200561523 215040
1770901713222 22.264577865600586 220160
1770901725072 22.2779483795166 225280
1770901737085 22.273269653320312 230400
1770901749031 22.256874084472656 235520
1770901761076 22.271759033203125 240640
1770901772988 22.245235443115234 245760
1770901784996 22.25577735900879 250880
1770901796979 22.266475677490234 256000
1770901809044 22.27442741394043 261120
1770901821010 22.28307342529297 266240
1770901833083 22.281017303466797 271360
1770901845167 22.2657470703125 276480
1770901857150 22.265546798706055 281600
1770901869090 22.26930046081543 286720
1770901881119 22.266014099121094 291840
1770901893215 22.27483558654785 296960
1770901898073 22.286048889160156 300032
