1770901220059 0.06971186399459839 5120
1770901231692 0.07898151874542236 10240
1770901243323 0.06304719299077988 15360
1770901254900 0.041979365050792694 20480
1770901266397 0.02944394387304783 25600
1770901277928 0.021260283887386322 30720
1770901289356 0.015492402948439121 35840
1770901300868 0.010347316972911358 40960
1770901312318 0.014750393107533455 46080
1770901323725 0.02100060135126114 51200
1770901335176 0.025819815695285797 56320
1770901346663 0.029088599607348442 61440
1770901358122 0.03269254416227341 66560
1770901369601 0.036178529262542725 71680
1770901381126 0.038331300020217896 76800
1770901392748 0.040883202105760574 81920
1770901404451 0.04311428591609001 87040
1770901416120 0.044689543545246124 92160
1770901427909 0.046088531613349915 97280
1770901439710 0.04711081460118294 102400
1770901451525 0.04856223613023758 107520
1770901463329 0.04957469552755356 112640
1770901475134 0.050589669495821 117760
1770901486998 0.05167197808623314 122880
1770901498962 0.05225132405757904 128000
1770901510739 0.05318590998649597 133120
1770901522550 0.053836219012737274 138240
1770901534380 0.054617706686258316 143360
1770901546336 0.05564188212156296 148480
1770901558301 0.0561186820268631 153600
1770901570182 0.05666167661547661 158720
1770901582042 0.05719393864274025 163840
1770901593893 0.0574503131210804 168960
1770901605825 0.05787017568945885 174080
1770901617684 0.058561258018016815 179200
1770901629545 0.058764275163412094 184320
1770901641539 0.05920475721359253 189440
1770901653409 0.05961309000849724 194560
1770901665355 0.059835173189640045 199680
1770901677269 0.06010185927152634 204800
1770901689356 0.06041080877184868 209920
1770901701281 0.06084400415420532 215040
1770901713222 0.061097387224435806 220160
1770901725072 0.06144857406616211 225280
1770901737085 0.06161469966173172 230400
1770901749031 0.06178971752524376 235520
1770901761076 0.06192328408360481 240640
1770901772988 0.062060218304395676 245760
1770901784996 0.06238313019275665 250880
1770901796979 0.06254125386476517 256000
1770901809044 0.06284249573945999 261120
1770901821010 0.06311185657978058 266240
1770901833083 0.06326323747634888 271360
1770901845167 0.06340997666120529 276480
1770901857150 0.0635477751493454 281600
1770901869090 0.06362158805131912 286720
1770901881119 0.06379437446594238 291840
1770901893215 0.06390298902988434 296960
1770901898073 0.06397554278373718 300032
