1770901220059 22.588638305664062 5120
1770901231692 24.767963409423828 10240
1770901243323 25.185237884521484 15360
1770901254900 25.483448028564453 20480
1770901266397 25.334796905517578 25600
1770901277928 25.18752670288086 30720
1770901289356 25.10129165649414 35840
1770901300868 25.333370208740234 40960
1770901312318 25.491893768310547 46080
1770901323725 25.76190948486328 51200
1770901335176 25.895198822021484 56320
1770901346663 26.04234504699707 61440
1770901358122 26.25905418395996 66560
1770901369601 26.448606491088867 71680
1770901381126 26.52265167236328 76800
1770901392748 26.652212142944336 81920
1770901404451 26.712093353271484 87040
1770901416120 26.790075302124023 92160
1770901427909 26.82319450378418 97280
1770901439710 26.84529685974121 102400
1770901451525 26.927291870117188 107520
1770901463329 26.9743595123291 112640
1770901475134 27.012971878051758 117760
1770901486998 27.079431533813477 122880
1770901498962 27.11224365234375 128000
1770901510739 27.141578674316406 133120
1770901522550 27.137842178344727 138240
1770901534380 27.158313751220703 143360
1770901546336 27.182205200195312 148480
1770901558301 27.169824600219727 153600
1770901570182 27.164777755737305 158720
1770901582042 27.187286376953125 163840
1770901593893 27.172725677490234 168960
1770901605825 27.173192977905273 174080
1770901617684 27.220224380493164 179200
1770901629545 27.230453491210938 184320
1770901641539 27.238920211791992 189440
1770901653409 27.235172271728516 194560
1770901665355 27.25762939453125 199680
1770901677269 27.26688003540039 204800
1770901689356 27.2581729888916 209920
1770901701281 27.30244255065918 215040
1770901713222 27.31603240966797 220160
1770901725072 27.34186363220215 225280
1770901737085 27.34680938720703 230400
1770901749031 27.33721160888672 235520
1770901761076 27.356382369995117 240640
1770901772988 27.331613540649414 245760
1770901784996 27.358095169067383 250880
1770901796979 27.37424087524414 256000
1770901809044 27.392921447753906 261120
1770901821010 27.4108943939209 266240
1770901833083 27.417009353637695 271360
1770901845167 27.407066345214844 276480
1770901857150 27.409618377685547 281600
1770901869090 27.415592193603516 286720
1770901881119 27.412954330444336 291840
1770901893215 27.42795181274414 296960
1770901898073 27.443450927734375 300032
