1770901220054 -1.0436066389083862 5120
1770901231687 -1.7592060565948486 10240
1770901243319 -2.486391305923462 15360
1770901254893 -2.1977550983428955 20480
1770901266392 -3.7098472118377686 25600
1770901277923 -4.237685680389404 30720
1770901289351 -4.710707664489746 35840
1770901300862 -6.475110054016113 40960
1770901312312 -8.40199089050293 46080
1770901323720 -9.549421310424805 51200
1770901335171 -10.819801330566406 56320
1770901346657 -10.693475723266602 61440
1770901358116 -10.640740394592285 66560
1770901369595 -10.336902618408203 71680
1770901381120 -10.13088321685791 76800
1770901392743 -9.900026321411133 81920
1770901404444 -9.56562328338623 87040
1770901416114 -9.324021339416504 92160
1770901427902 -9.150146484375 97280
1770901439704 -9.037345886230469 102400
1770901451518 -8.717278480529785 107520
1770901463323 -8.390130996704102 112640
1770901475127 -8.135960578918457 117760
1770901486993 -7.880011558532715 122880
1770901498956 -7.6917009353637695 128000
1770901510733 -7.298823356628418 133120
1770901522544 -6.896492958068848 138240
1770901534371 -6.669381618499756 143360
1770901546329 -6.834429740905762 148480
1770901558294 -6.752901554107666 153600
1770901570177 -6.5985846519470215 158720
1770901582034 -6.369872570037842 163840
1770901593886 -6.394402027130127 168960
1770901605818 -6.234336853027344 174080
1770901617678 -5.922472953796387 179200
1770901629539 -5.956562042236328 184320
1770901641532 -5.873833656311035 189440
1770901653401 -5.71991491317749 194560
1770901665349 -5.787135601043701 199680
1770901677262 -5.679276466369629 204800
1770901689348 -5.67734956741333 209920
1770901701274 -5.623801231384277 215040
1770901713214 -5.398778915405273 220160
1770901725066 -5.275182247161865 225280
1770901737077 -5.232872009277344 230400
1770901749023 -5.092746734619141 235520
1770901761069 -5.007382869720459 240640
1770901772981 -4.783906936645508 245760
1770901784989 -4.702800750732422 250880
1770901796972 -4.639021873474121 256000
1770901809032 -4.550978660583496 261120
1770901821003 -4.389816761016846 266240
1770901833074 -4.094106197357178 271360
1770901845158 -4.0880513191223145 276480
1770901857142 -3.9829890727996826 281600
1770901869082 -3.7520744800567627 286720
1770901881111 -3.627143144607544 291840
1770901893207 -3.62896466255188 296960
1770901898066 -3.335707187652588 300032
