1770901220054 18.515045166015625 5120
1770901231687 16.298046112060547 10240
1770901243319 15.361737251281738 15360
1770901254893 11.54346752166748 20480
1770901266392 9.210855484008789 25600
1770901277923 7.839189052581787 30720
1770901289351 6.943280220031738 35840
1770901300862 6.999049186706543 40960
1770901312312 7.306491851806641 46080
1770901323720 9.728902816772461 51200
1770901335171 12.805791854858398 56320
1770901346657 13.397089958190918 61440
1770901358116 12.424335479736328 66560
1770901369595 13.045672416687012 71680
1770901381120 12.99866008758545 76800
1770901392743 12.64323902130127 81920
1770901404444 13.038848876953125 87040
1770901416114 13.487459182739258 92160
1770901427902 11.986001968383789 97280
1770901439704 12.433082580566406 102400
1770901451518 11.808206558227539 107520
1770901463323 12.233734130859375 112640
1770901475127 13.09350299835205 117760
1770901486993 12.661056518554688 122880
1770901498956 11.916866302490234 128000
1770901510733 11.759885787963867 133120
1770901522544 10.64087200164795 138240
1770901534371 11.136839866638184 143360
1770901546329 11.640800476074219 148480
1770901558294 11.55903148651123 153600
1770901570177 11.643952369689941 158720
1770901582034 11.679163932800293 163840
1770901593886 11.746678352355957 168960
1770901605818 10.95987606048584 174080
1770901617678 10.92963981628418 179200
1770901629539 11.260518074035645 184320
1770901641532 10.486642837524414 189440
1770901653401 10.515185356140137 194560
1770901665349 9.844513893127441 199680
1770901677262 9.272274017333984 204800
1770901689348 9.555791854858398 209920
1770901701274 9.005658149719238 215040
1770901713214 9.078411102294922 220160
1770901725066 8.873098373413086 225280
1770901737077 9.361732482910156 230400
1770901749023 8.907382011413574 235520
1770901761069 8.46564769744873 240640
1770901772981 8.376306533813477 245760
1770901784989 8.842246055603027 250880
1770901796972 8.39611530303955 256000
1770901809032 8.674778938293457 261120
1770901821003 8.154834747314453 266240
1770901833074 8.122760772705078 271360
1770901845158 8.380447387695312 276480
1770901857142 8.325006484985352 281600
1770901869082 8.41417407989502 286720
1770901881111 7.990969181060791 291840
1770901893207 7.85754919052124 296960
1770901898066 8.134641647338867 300032
