1770901220059 0.9258594512939453 5120
1770901231692 1.0600799322128296 10240
1770901243323 0.9600457549095154 15360
1770901254900 0.8072513937950134 20480
1770901266397 0.7176868319511414 25600
1770901277928 0.6556059718132019 30720
1770901289356 0.6124522089958191 35840
1770901300868 0.5782271027565002 40960
1770901312318 0.6197755336761475 46080
1770901323725 0.6747073531150818 51200
1770901335176 0.7162659168243408 56320
1770901346663 0.7404307126998901 61440
1770901358122 0.7738370299339294 66560
1770901369601 0.8054233193397522 71680
1770901381126 0.8215060234069824 76800
1770901392748 0.8455049395561218 81920
1770901404451 0.8628851771354675 87040
1770901416120 0.8756327629089355 92160
1770901427909 0.887043833732605 97280
1770901439710 0.8956403136253357 102400
1770901451525 0.9082081317901611 107520
1770901463329 0.9170551896095276 112640
1770901475134 0.926966667175293 117760
1770901486998 0.935893177986145 122880
1770901498962 0.9427157640457153 128000
1770901510739 0.9505689144134521 133120
1770901522550 0.9554607272148132 138240
1770901534380 0.9609442949295044 143360
1770901546336 0.9687488079071045 148480
1770901558301 0.9732323288917542 153600
1770901570182 0.9769071340560913 158720
1770901582042 0.982495903968811 163840
1770901593893 0.9844264388084412 168960
1770901605825 0.988274335861206 174080
1770901617684 0.9940171837806702 179200
1770901629545 0.9962636232376099 184320
1770901641539 0.999512255191803 189440
1770901653409 1.002255916595459 194560
1770901665355 1.0040123462677002 199680
1770901677269 1.0073083639144897 204800
1770901689356 1.0098997354507446 209920
1770901701281 1.0141788721084595 215040
1770901713222 1.0164210796356201 220160
1770901725072 1.019080638885498 225280
1770901737085 1.0200845003128052 230400
1770901749031 1.0207710266113281 235520
1770901761076 1.0224336385726929 240640
1770901772988 1.0229419469833374 245760
1770901784996 1.0257744789123535 250880
1770901796979 1.0279656648635864 256000
1770901809044 1.030227541923523 261120
1770901821010 1.032719612121582 266240
1770901833083 1.033966302871704 271360
1770901845167 1.0347483158111572 276480
1770901857150 1.0365673303604126 281600
1770901869090 1.0379618406295776 286720
1770901881119 1.0389301776885986 291840
1770901893215 1.0409777164459229 296960
1770901898073 1.0417572259902954 300032
