1770901220059 0.2767823040485382 5120
1770901231692 0.2877255082130432 10240
1770901243323 0.25520092248916626 15360
1770901254900 0.2169780433177948 20480
1770901266397 0.1921844184398651 25600
1770901277928 0.17561405897140503 30720
1770901289356 0.1645669788122177 35840
1770901300868 0.15486761927604675 40960
1770901312318 0.1626531332731247 46080
1770901323725 0.17387612164020538 51200
1770901335176 0.18239492177963257 56320
1770901346663 0.18800394237041473 61440
1770901358122 0.19454984366893768 66560
1770901369601 0.2014305293560028 71680
1770901381126 0.20486047863960266 76800
1770901392748 0.20965561270713806 81920
1770901404451 0.21355092525482178 87040
1770901416120 0.21628695726394653 92160
1770901427909 0.21874777972698212 97280
1770901439710 0.22026535868644714 102400
1770901451525 0.2232392281293869 107520
1770901463329 0.22495384514331818 112640
1770901475134 0.2266518771648407 117760
1770901486998 0.22882448136806488 122880
1770901498962 0.22969065606594086 128000
1770901510739 0.23136784136295319 133120
1770901522550 0.23232467472553253 138240
1770901534380 0.2337058186531067 143360
1770901546336 0.23561285436153412 148480
1770901558301 0.23635679483413696 153600
1770901570182 0.23737803101539612 158720
1770901582042 0.23829768598079681 163840
1770901593893 0.23857611417770386 168960
1770901605825 0.23910421133041382 174080
1770901617684 0.24054092168807983 179200
1770901629545 0.24081246554851532 184320
1770901641539 0.24157775938510895 189440
1770901653409 0.2422170341014862 194560
1770901665355 0.24267709255218506 199680
1770901677269 0.24306057393550873 204800
1770901689356 0.24351073801517487 209920
1770901701281 0.2444344162940979 215040
1770901713222 0.2449304312467575 220160
1770901725072 0.2456325888633728 225280
1770901737085 0.24600329995155334 230400
1770901749031 0.24629998207092285 235520
1770901761076 0.2465774416923523 240640
1770901772988 0.24666845798492432 245760
1770901784996 0.24733100831508636 250880
1770901796979 0.24765105545520782 256000
1770901809044 0.24821721017360687 261120
1770901821010 0.24876244366168976 266240
1770901833083 0.24908190965652466 271360
1770901845167 0.24935533106327057 276480
1770901857150 0.24958594143390656 281600
1770901869090 0.24966898560523987 286720
1770901881119 0.24988800287246704 291840
1770901893215 0.2500818371772766 296960
1770901898073 0.2502816319465637 300032
