1770901220054 98.81738720697373 5120
1770901231687 100.1744447098161 10240
1770901243319 108.1619474960029 15360
1770901254893 72.02005563377864 20480
1770901266392 96.51174670378978 25600
1770901277923 96.48288553551711 30720
1770901289351 111.8630217362315 35840
1770901300862 75.9205010317489 40960
1770901312312 108.04770859630594 46080
1770901323720 109.80715763018038 51200
1770901335171 83.77549634482483 56320
1770901346657 101.33127174333204 61440
1770901358116 104.09251997816052 66560
1770901369595 92.10558215117045 71680
1770901381120 97.23667555349485 76800
1770901392743 105.92211727865043 81920
1770901404444 96.47178968190077 87040
1770901416114 93.88901573657466 92160
1770901427902 92.95062494459711 97280
1770901439704 101.08948928683328 102400
1770901451518 76.5453782279405 107520
1770901463323 103.70389417727779 112640
1770901475127 69.55728026533997 117760
1770901486993 114.13072108843538 122880
1770901498956 86.07584961418486 128000
1770901510733 110.28065101359346 133120
1770901522544 97.5532968949878 138240
1770901534371 92.41608460945247 143360
1770901546329 63.40020557470222 148480
1770901558294 89.41363064657102 153600
1770901570177 120.87331412103747 158720
1770901582034 107.983728953195 163840
1770901593886 88.89438992857598 168960
1770901605818 103.81169715120164 174080
1770901617678 94.22226215882287 179200
1770901629539 109.22097807405865 184320
1770901641532 97.93826180357726 189440
1770901653401 88.31601111766192 194560
1770901665349 99.221801665405 199680
1770901677262 87.52173277966739 204800
1770901689348 67.108864 209920
1770901701274 106.7415890466738 215040
1770901713214 99.95958055290752 220160
1770901725066 102.58031696341224 225280
1770901737077 93.04960511136747 230400
1770901749023 89.6736151198341 235520
1770901761069 91.9178628563915 240640
1770901772981 93.90793480207773 245760
1770901784989 103.34106980067509 250880
1770901796972 101.91480986514397 256000
1770901809032 100.88281700981335 261120
1770901821003 99.15377887047588 266240
1770901833074 97.61686875974586 271360
1770901845158 90.64061892207287 276480
1770901857142 111.8451241300232 281600
1770901869082 95.42051142051142 286720
1770901881111 99.21006693947064 291840
1770901893207 76.29058896285787 296960
1770901898066 100.21273952310412 300032
