1770901220059 1.7505671977996826 5120
1770901231692 1.8425617218017578 10240
1770901243323 1.4729989767074585 15360
1770901254900 1.0263221263885498 20480
1770901266397 0.7525314092636108 25600
1770901277928 0.5708425641059875 30720
1770901289356 0.4472844898700714 35840
1770901300868 0.3372966945171356 40960
1770901312318 0.42142999172210693 46080
1770901323725 0.543330192565918 51200
1770901335176 0.6387043595314026 56320
1770901346663 0.7021800875663757 61440
1770901358122 0.7714359760284424 66560
1770901369601 0.8399989604949951 71680
1770901381126 0.8808806538581848 76800
1770901392748 0.9305574297904968 81920
1770901404451 0.9740703701972961 87040
1770901416120 1.0037813186645508 92160
1770901427909 1.0309022665023804 97280
1770901439710 1.0501234531402588 102400
1770901451525 1.0798561573028564 107520
1770901463329 1.0993108749389648 112640
1770901475134 1.119005560874939 117760
1770901486998 1.1405029296875 122880
1770901498962 1.1505000591278076 128000
1770901510739 1.1695382595062256 133120
1770901522550 1.1812596321105957 138240
1770901534380 1.196737289428711 143360
1770901546336 1.217292308807373 148480
1770901558301 1.226384162902832 153600
1770901570182 1.2384004592895508 158720
1770901582042 1.2490531206130981 163840
1770901593893 1.2540940046310425 168960
1770901605825 1.261996865272522 174080
1770901617684 1.275570273399353 179200
1770901629545 1.2795852422714233 184320
1770901641539 1.288271427154541 189440
1770901653409 1.2962933778762817 194560
1770901665355 1.300309419631958 199680
1770901677269 1.305371880531311 204800
1770901689356 1.3115973472595215 209920
1770901701281 1.3199408054351807 215040
1770901713222 1.3245720863342285 220160
1770901725072 1.3312456607818604 225280
1770901737085 1.3347132205963135 230400
1770901749031 1.338123083114624 235520
1770901761076 1.3406227827072144 240640
1770901772988 1.3431106805801392 245760
1770901784996 1.3498281240463257 250880
1770901796979 1.3528680801391602 256000
1770901809044 1.3587521314620972 261120
1770901821010 1.364255666732788 266240
1770901833083 1.3674026727676392 271360
1770901845167 1.3707671165466309 276480
1770901857150 1.3734543323516846 281600
1770901869090 1.374521017074585 286720
1770901881119 1.3774851560592651 291840
1770901893215 1.3794142007827759 296960
1770901898073 1.3809515237808228 300032
