1769374063714 0.07718633115291595 5120
1769374072194 0.07959890365600586 10240
1769374080054 0.07983680814504623 15360
1769374086885 0.07770603895187378 20480
1769374095575 0.0775664672255516 25600
1769374103761 0.07650197297334671 30720
1769374111896 0.07670457661151886 35840
1769374121753 0.0763101875782013 40960
1769374133506 0.07636237144470215 46080
1769374144204 0.07615765929222107 51200
1769374152559 0.07579143345355988 56320
1769374159967 0.07589928060770035 61440
1769374170138 0.0757819339632988 66560
1769374178530 0.07649657875299454 71680
1769374185891 0.07691650092601776 76800
1769374194378 0.07713115215301514 81920
1769374203575 0.07745424658060074 87040
1769374211472 0.07809904962778091 92160
1769374218286 0.07873724400997162 97280
1769374225118 0.07878124713897705 102400
1769374233573 0.07853572070598602 107520
1769374241159 0.07872071117162704 112640
1769374248318 0.0789385735988617 117760
1769374255310 0.0790741965174675 122880
1769374264949 0.07944762706756592 128000
1769374272189 0.07943691313266754 133120
1769374279071 0.07947341352701187 138240
1769374285960 0.07947586476802826 143360
1769374295481 0.07969479262828827 148480
1769374302612 0.07980258017778397 153600
1769374310063 0.07978148013353348 158720
1769374317624 0.07959987968206406 163840
1769374327464 0.0796063169836998 168960
1769374334666 0.07940880209207535 174080
1769374341886 0.07965407520532608 179200
1769374349109 0.07972639799118042 184320
1769374359146 0.07951465994119644 189440
1769374366212 0.07957720756530762 194560
1769374374092 0.07964416593313217 199680
1769374382347 0.07970967143774033 204800
1769374392159 0.0796997919678688 209920
1769374399633 0.07969891279935837 215040
1769374406319 0.07949986308813095 220160
1769374413333 0.07959870249032974 225280
1769374423462 0.0797748789191246 230400
1769374431016 0.07974839955568314 235520
1769374438935 0.07975408434867859 240640
1769374445912 0.0798778235912323 245760
1769374454825 0.07970992475748062 250880
1769374462302 0.0796055793762207 256000
1769374469150 0.07952135801315308 261120
1769374476843 0.07938025146722794 266240
1769374486788 0.07943268865346909 271360
1769374494868 0.07941519469022751 276480
1769374502935 0.07941421121358871 281600
1769374510404 0.0792306438088417 286720
1769374519176 0.07911577075719833 291840
1769374527110 0.07910933345556259 296960
1769374529176 0.07913864403963089 300032
