1769374063714 0.0 5120
1769374072194 0.0 10240
1769374080054 0.0 15360
1769374086885 0.0 20480
1769374095575 0.0 25600
1769374103761 0.0 30720
1769374111896 0.0 35840
1769374121753 0.0 40960
1769374133506 0.0 46080
1769374144204 0.0 51200
1769374152559 0.0 56320
1769374159967 0.0 61440
1769374170138 0.0 66560
1769374178530 0.0 71680
1769374185891 0.0 76800
1769374194378 0.0 81920
1769374203575 0.0 87040
1769374211472 0.0 92160
1769374218286 0.0 97280
1769374225118 0.0 102400
1769374233573 0.0 107520
1769374241159 0.0 112640
1769374248318 0.0 117760
1769374255310 0.0 122880
1769374264949 0.0 128000
1769374272189 0.0 133120
1769374279071 0.0 138240
1769374285960 0.0 143360
1769374295481 0.0 148480
1769374302612 0.0 153600
1769374310063 0.0 158720
1769374317624 0.0 163840
1769374327464 0.0 168960
1769374334666 0.0 174080
1769374341886 0.0 179200
1769374349109 0.0 184320
1769374359146 0.0 189440
1769374366212 0.0 194560
1769374374092 0.0 199680
1769374382347 0.0 204800
1769374392159 0.0 209920
1769374399633 0.0 215040
1769374406319 0.0 220160
1769374413333 0.0 225280
1769374423462 0.0 230400
1769374431016 0.0 235520
1769374438935 0.0 240640
1769374445912 0.0 245760
1769374454825 0.0 250880
1769374462302 0.0 256000
1769374469150 0.0 261120
1769374476843 0.0 266240
1769374486788 0.0 271360
1769374494868 0.0 276480
1769374502935 0.0 281600
1769374510404 0.0 286720
1769374519176 0.0 291840
1769374527110 0.0 296960
1769374529176 0.0 300032
