1769374063714 1.123781442642212 5120
1769374072194 1.1480801105499268 10240
1769374080054 1.1427972316741943 15360
1769374086885 1.1477406024932861 20480
1769374095575 1.147818922996521 25600
1769374103761 1.1474591493606567 30720
1769374111896 1.1427198648452759 35840
1769374121753 1.138983130455017 40960
1769374133506 1.1419559717178345 46080
1769374144204 1.1409931182861328 51200
1769374152559 1.142578125 56320
1769374159967 1.1408888101577759 61440
1769374170138 1.139018177986145 66560
1769374178530 1.1411343812942505 71680
1769374185891 1.1400421857833862 76800
1769374194378 1.1418461799621582 81920
1769374203575 1.143879771232605 87040
1769374211472 1.147621512413025 92160
1769374218286 1.1495462656021118 97280
1769374225118 1.1496636867523193 102400
1769374233573 1.1507267951965332 107520
1769374241159 1.1511259078979492 112640
1769374248318 1.153538465499878 117760
1769374255310 1.1513850688934326 122880
1769374264949 1.1509625911712646 128000
1769374272189 1.1518694162368774 133120
1769374279071 1.1526923179626465 138240
1769374285960 1.1519726514816284 143360
1769374295481 1.1524773836135864 148480
1769374302612 1.1521449089050293 153600
1769374310063 1.1517165899276733 158720
1769374317624 1.151745080947876 163840
1769374327464 1.1504040956497192 168960
1769374334666 1.1504770517349243 174080
1769374341886 1.151820421218872 179200
1769374349109 1.1526623964309692 184320
1769374359146 1.152522325515747 189440
1769374366212 1.1521795988082886 194560
1769374374092 1.1539403200149536 199680
1769374382347 1.1536866426467896 204800
1769374392159 1.1545922756195068 209920
1769374399633 1.154587745666504 215040
1769374406319 1.1537001132965088 220160
1769374413333 1.1528862714767456 225280
1769374423462 1.1534461975097656 230400
1769374431016 1.1536766290664673 235520
1769374438935 1.1534672975540161 240640
1769374445912 1.1537986993789673 245760
1769374454825 1.152266502380371 250880
1769374462302 1.1516714096069336 256000
1769374469150 1.1516607999801636 261120
1769374476843 1.1507833003997803 266240
1769374486788 1.1512174606323242 271360
1769374494868 1.1511341333389282 276480
1769374502935 1.1513382196426392 281600
1769374510404 1.1509231328964233 286720
1769374519176 1.1504079103469849 291840
1769374527110 1.1500616073608398 296960
1769374529176 1.1501067876815796 300032
