1769374063708 -1.6260513067245483 5120
1769374072188 -1.20703125 10240
1769374080045 -1.38937509059906 15360
1769374086878 -1.6204687356948853 20480
1769374095564 -1.7732813358306885 25600
1769374103754 -1.9820314645767212 30720
1769374111888 -2.1923437118530273 35840
1769374121744 -2.351249933242798 40960
1769374133499 -2.565000057220459 46080
1769374144196 -2.7768750190734863 51200
1769374152554 -2.9518749713897705 56320
1769374159959 -3.135625123977661 61440
1769374170132 -3.319687604904175 66560
1769374178520 -3.473749876022339 71680
1769374185881 -3.684999942779541 76800
1769374194370 -3.8474998474121094 81920
1769374203568 -4.051249980926514 87040
1769374211466 -4.234062671661377 92160
1769374218279 -4.4018754959106445 97280
1769374225108 -4.546250343322754 102400
1769374233567 -4.696249961853027 107520
1769374241153 -4.890000343322754 112640
1769374248308 -5.050625324249268 117760
1769374255303 -5.195624828338623 122880
1769374264942 -5.364375114440918 128000
1769374272180 -5.539999961853027 133120
1769374279065 -5.705625057220459 138240
1769374285953 -5.851875305175781 143360
1769374295473 -6.016250133514404 148480
1769374302605 -6.180000305175781 153600
1769374310054 -6.293125152587891 158720
1769374317613 -6.455000400543213 163840
1769374327454 -6.646250247955322 168960
1769374334658 -6.7543745040893555 174080
1769374341880 -6.878750801086426 179200
1769374349097 -7.077500343322754 184320
1769374359140 -7.195625305175781 189440
1769374366202 -7.318125247955322 194560
1769374374084 -7.462500095367432 199680
1769374382336 -7.571875095367432 204800
1769374392151 -7.696249961853027 209920
1769374399626 -7.847499847412109 215040
1769374406307 -7.981249809265137 220160
1769374413323 -8.089375495910645 225280
1769374423454 -8.20875072479248 230400
1769374431008 -8.351874351501465 235520
1769374438925 -8.472500801086426 240640
1769374445904 -8.587499618530273 245760
1769374454816 -8.713750839233398 250880
1769374462294 -8.811250686645508 256000
1769374469140 -8.963749885559082 261120
1769374476834 -9.050000190734863 266240
1769374486778 -9.188750267028809 271360
1769374494859 -9.274999618530273 276480
1769374502926 -9.337499618530273 281600
1769374510390 -9.485000610351562 286720
1769374519168 -9.601249694824219 291840
1769374527103 -9.702500343322754 296960
1769374529168 -9.762500762939453 300032
