1769374063714 0.28361228108406067 5120
1769374072194 0.29033905267715454 10240
1769374080054 0.2902730107307434 15360
1769374086885 0.28629419207572937 20480
1769374095575 0.2856711447238922 25600
1769374103761 0.28358912467956543 30720
1769374111896 0.2836112380027771 35840
1769374121753 0.2817937433719635 40960
1769374133506 0.2825290560722351 46080
1769374144204 0.28231412172317505 51200
1769374152559 0.2815290093421936 56320
1769374159967 0.2815949022769928 61440
1769374170138 0.28118887543678284 66560
1769374178530 0.2829910218715668 71680
1769374185891 0.28377625346183777 76800
1769374194378 0.2846699357032776 81920
1769374203575 0.28581079840660095 87040
1769374211472 0.2877524197101593 92160
1769374218286 0.2894213795661926 97280
1769374225118 0.2896091639995575 102400
1769374233573 0.28912353515625 107520
1769374241159 0.28946807980537415 112640
1769374248318 0.290200412273407 117760
1769374255310 0.29015615582466125 122880
1769374264949 0.2909789979457855 128000
1769374272189 0.29096701741218567 133120
1769374279071 0.2911965548992157 138240
1769374285960 0.29097771644592285 143360
1769374295481 0.2915789783000946 148480
1769374302612 0.2916520833969116 153600
1769374310063 0.29154470562934875 158720
1769374317624 0.291178435087204 163840
1769374327464 0.29112914204597473 168960
1769374334666 0.2907160222530365 174080
1769374341886 0.29146426916122437 179200
1769374349109 0.2917965054512024 184320
1769374359146 0.29136812686920166 189440
1769374366212 0.2914550304412842 194560
1769374374092 0.29181569814682007 199680
1769374382347 0.29195186495780945 204800
1769374392159 0.29193100333213806 209920
1769374399633 0.2918291985988617 215040
1769374406319 0.2912769615650177 220160
1769374413333 0.29145458340644836 225280
1769374423462 0.2919381260871887 230400
1769374431016 0.2918284237384796 235520
1769374438935 0.2917519807815552 240640
1769374445912 0.292018324136734 245760
1769374454825 0.29150447249412537 250880
1769374462302 0.2912349998950958 256000
1769374469150 0.29117482900619507 261120
1769374476843 0.2908523976802826 266240
1769374486788 0.29107627272605896 271360
1769374494868 0.29100820422172546 276480
1769374502935 0.29097649455070496 281600
1769374510404 0.2905690670013428 286720
1769374519176 0.2903083860874176 291840
1769374527110 0.2903001606464386 296960
1769374529176 0.2903462052345276 300032
