1769374063714 1.8601781129837036 5120
1769374072194 1.9100596904754639 10240
1769374080054 1.918200135231018 15360
1769374086885 1.8721160888671875 20480
1769374095575 1.8703113794326782 25600
1769374103761 1.8519951105117798 30720
1769374111896 1.8517696857452393 35840
1769374121753 1.8398866653442383 40960
1769374133506 1.8400553464889526 46080
1769374144204 1.8367345333099365 51200
1769374152559 1.8297836780548096 56320
1769374159967 1.834391713142395 61440
1769374170138 1.8331129550933838 66560
1769374178530 1.8508402109146118 71680
1769374185891 1.86147940158844 76800
1769374194378 1.867669939994812 81920
1769374203575 1.876531958580017 87040
1769374211472 1.8916112184524536 92160
1769374218286 1.908146858215332 97280
1769374225118 1.9103426933288574 102400
1769374233573 1.903666615486145 107520
1769374241159 1.9066896438598633 112640
1769374248318 1.9131720066070557 117760
1769374255310 1.9155802726745605 122880
1769374264949 1.9242786169052124 128000
1769374272189 1.9243584871292114 133120
1769374279071 1.9249335527420044 138240
1769374285960 1.92325758934021 143360
1769374295481 1.9286149740219116 148480
1769374302612 1.9304078817367554 153600
1769374310063 1.9293129444122314 158720
1769374317624 1.9254181385040283 163840
1769374327464 1.9261537790298462 168960
1769374334666 1.9212119579315186 174080
1769374341886 1.927412748336792 179200
1769374349109 1.9289257526397705 184320
1769374359146 1.9241716861724854 189440
1769374366212 1.9255450963974 194560
1769374374092 1.9273372888565063 199680
1769374382347 1.9285598993301392 204800
1769374392159 1.9278244972229004 209920
1769374399633 1.927199363708496 215040
1769374406319 1.9224368333816528 220160
1769374413333 1.9247318506240845 225280
1769374423462 1.9296693801879883 230400
1769374431016 1.9287028312683105 235520
1769374438935 1.9282890558242798 240640
1769374445912 1.9302072525024414 245760
1769374454825 1.9260202646255493 250880
1769374462302 1.9238704442977905 256000
1769374469150 1.9229347705841064 261120
1769374476843 1.9199267625808716 266240
1769374486788 1.921246886253357 271360
1769374494868 1.9207162857055664 276480
1769374502935 1.9202115535736084 281600
1769374510404 1.9163012504577637 286720
1769374519176 1.9141161441802979 291840
1769374527110 1.9135440587997437 296960
1769374529176 1.913962960243225 300032
