1769359690337 0.08479103446006775 5120
1769359709713 0.08313174545764923 10240
1769359728965 0.08116088807582855 15360
1769359748429 0.07977410405874252 20480
1769359768385 0.08103705197572708 25600
1769359787766 0.08195532113313675 30720
1769359806952 0.0823550894856453 35840
1769359826266 0.08397933095693588 40960
1769359845536 0.08415290713310242 46080
1769359865035 0.08434516191482544 51200
1769359884637 0.08420758694410324 56320
1769359904133 0.08463671058416367 61440
1769359923487 0.08460871130228043 66560
1769359942568 0.08442436158657074 71680
1769359962111 0.0841236338019371 76800
1769359981702 0.08455239981412888 81920
1769360001257 0.08504618704319 87040
1769360020828 0.08498130738735199 92160
1769360041055 0.0847947970032692 97280
1769360064303 0.08447552472352982 102400
1769360086767 0.08386407047510147 107520
1769360109025 0.08414454013109207 112640
1769360130993 0.08390170335769653 117760
1769360153139 0.08435044437646866 122880
1769360174932 0.08468949794769287 128000
1769360196936 0.0848131850361824 133120
1769360219090 0.08508792519569397 138240
1769360241487 0.0849435105919838 143360
1769360263306 0.08507605642080307 148480
1769360285371 0.0852212905883789 153600
1769360307884 0.08540906012058258 158720
1769360330483 0.08543610572814941 163840
1769360352616 0.0854870080947876 168960
1769360375088 0.08514493703842163 174080
1769360397362 0.08516911417245865 179200
1769360419508 0.08522091805934906 184320
1769360441478 0.08527445048093796 189440
1769360463503 0.08553992956876755 194560
1769360486048 0.0854891985654831 199680
1769360508272 0.08544405549764633 204800
1769360530613 0.08547114580869675 209920
1769360552899 0.08555395901203156 215040
1769360575504 0.08558954298496246 220160
1769360597518 0.08566516637802124 225280
1769360619698 0.08563243597745895 230400
1769360641975 0.0856151357293129 235520
1769360663841 0.08567653596401215 240640
1769360686743 0.08563882857561111 245760
1769360709516 0.08556976914405823 250880
1769360731866 0.08541261404752731 256000
1769360755014 0.08532971888780594 261120
1769360777699 0.0855303704738617 266240
1769360800868 0.08540511876344681 271360
1769360823927 0.08540105819702148 276480
1769360846356 0.0853659063577652 281600
1769360868187 0.0852624848484993 286720
1769360890018 0.08527561277151108 291840
1769360912416 0.08522294461727142 296960
1769360921479 0.08522181957960129 300032
