1769359690331 26.5049991607666 5120
1769359709707 27.287084579467773 10240
1769359728960 27.046056747436523 15360
1769359748425 27.655044555664062 20480
1769359768377 28.50065040588379 25600
1769359787760 29.181873321533203 30720
1769359806946 30.552282333374023 35840
1769359826260 31.772228240966797 40960
1769359845529 33.41946792602539 46080
1769359865029 34.439231872558594 51200
1769359884628 34.80659103393555 56320
1769359904122 36.192840576171875 61440
1769359923481 36.70122528076172 66560
1769359942559 38.828712463378906 71680
1769359962105 38.56842803955078 76800
1769359981693 39.76073455810547 81920
1769360001251 40.716468811035156 87040
1769360020821 41.82087326049805 92160
1769360041041 42.35603713989258 97280
1769360064290 43.22529983520508 102400
1769360086755 44.311588287353516 107520
1769360109016 44.13988494873047 112640
1769360130981 45.658084869384766 117760
1769360153129 46.38746643066406 122880
1769360174922 46.20293426513672 128000
1769360196923 47.12755584716797 133120
1769360219081 47.96990203857422 138240
1769360241475 48.378910064697266 143360
1769360263297 48.922454833984375 148480
1769360285361 49.890323638916016 153600
1769360307876 49.77219772338867 158720
1769360330470 50.24160385131836 163840
1769360352606 50.58527755737305 168960
1769360375073 50.734130859375 174080
1769360397352 50.9545783996582 179200
1769360419498 51.44110107421875 184320
1769360441469 51.4055290222168 189440
1769360463494 51.50471115112305 194560
1769360486037 52.10905838012695 199680
1769360508260 52.196861267089844 204800
1769360530604 53.385215759277344 209920
1769360552889 53.213722229003906 215040
1769360575494 52.83160400390625 220160
1769360597504 53.70111083984375 225280
1769360619687 53.76277542114258 230400
1769360641964 52.971832275390625 235520
1769360663827 53.578460693359375 240640
1769360686731 54.149559020996094 245760
1769360709506 53.728851318359375 250880
1769360731852 54.30205154418945 256000
1769360755005 54.3786506652832 261120
1769360777689 53.91318893432617 266240
1769360800858 53.89821243286133 271360
1769360823915 54.2183952331543 276480
1769360846343 54.45558547973633 281600
1769360868177 54.41868209838867 286720
1769360890005 54.37262725830078 291840
1769360912405 54.264434814453125 296960
1769360921469 53.36695861816406 300032
