1769359690331 -3.66180419921875 5120
1769359709707 -4.906374931335449 10240
1769359728960 -5.749375343322754 15360
1769359748425 -6.5581254959106445 20480
1769359768377 -7.314125061035156 25600
1769359787760 -8.033499717712402 30720
1769359806946 -8.709249496459961 35840
1769359826260 -9.335000991821289 40960
1769359845529 -9.942750930786133 46080
1769359865029 -10.510499954223633 51200
1769359884628 -11.056500434875488 56320
1769359904122 -11.56049919128418 61440
1769359923481 -12.010749816894531 66560
1769359942559 -12.447000503540039 71680
1769359962105 -12.882000923156738 76800
1769359981693 -13.230999946594238 81920
1769360001251 -13.611000061035156 87040
1769360020821 -13.946749687194824 92160
1769360041041 -14.289999008178711 97280
1769360064290 -14.579249382019043 102400
1769360086755 -14.854499816894531 107520
1769360109016 -15.137750625610352 112640
1769360130981 -15.367250442504883 117760
1769360153129 -15.615499496459961 122880
1769360174922 -15.821749687194824 128000
1769360196923 -16.033748626708984 133120
1769360219081 -16.22800064086914 138240
1769360241475 -16.392248153686523 143360
1769360263297 -16.582998275756836 148480
1769360285361 -16.72599983215332 153600
1769360307876 -16.84000015258789 158720
1769360330470 -16.97825050354004 163840
1769360352606 -17.095998764038086 168960
1769360375073 -17.223499298095703 174080
1769360397352 -17.310497283935547 179200
1769360419498 -17.4064998626709 184320
1769360441469 -17.48150062561035 189440
1769360463494 -17.594999313354492 194560
1769360486037 -17.693500518798828 199680
1769360508260 -17.827999114990234 204800
1769360530604 -17.88800048828125 209920
1769360552889 -17.94300079345703 215040
1769360575494 -18.04199981689453 220160
1769360597504 -18.056499481201172 225280
1769360619687 -18.052499771118164 230400
1769360641964 -18.051498413085938 235520
1769360663827 -18.13949966430664 240640
1769360686731 -18.18349838256836 245760
1769360709506 -18.174999237060547 250880
1769360731852 -18.253999710083008 256000
1769360755005 -18.296499252319336 261120
1769360777689 -18.30099868774414 266240
1769360800858 -18.273998260498047 271360
1769360823915 -18.29749870300293 276480
1769360846343 -18.28849983215332 281600
1769360868177 -18.298500061035156 286720
1769360890005 -18.30849838256836 291840
1769360912405 -18.27699851989746 296960
1769360921469 -18.318748474121094 300032
