1769359690337 0.3046732246875763 5120
1769359709713 0.3002205193042755 10240
1769359728965 0.2957668900489807 15360
1769359748429 0.2913952171802521 20480
1769359768385 0.2960132360458374 25600
1769359787766 0.29736098647117615 30720
1769359806952 0.2982088327407837 35840
1769359826266 0.30168190598487854 40960
1769359845536 0.3022726774215698 46080
1769359865035 0.30295878648757935 51200
1769359884637 0.30326083302497864 56320
1769359904133 0.30397048592567444 61440
1769359923487 0.30403733253479004 66560
1769359942568 0.3034733533859253 71680
1769359962111 0.302877813577652 76800
1769359981702 0.3040625751018524 81920
1769360001257 0.30522724986076355 87040
1769360020828 0.3048296570777893 92160
1769360041055 0.3041490316390991 97280
1769360064303 0.3035224676132202 102400
1769360086767 0.3018553555011749 107520
1769360109025 0.3025386333465576 112640
1769360130993 0.30183956027030945 117760
1769360153139 0.3027428984642029 122880
1769360174932 0.30353447794914246 128000
1769360196936 0.30371206998825073 133120
1769360219090 0.30453020334243774 138240
1769360241487 0.3041439354419708 143360
1769360263306 0.30452778935432434 148480
1769360285371 0.3048514127731323 153600
1769360307884 0.3054569661617279 158720
1769360330483 0.3053647577762604 163840
1769360352616 0.305711567401886 168960
1769360375088 0.30489879846572876 174080
1769360397362 0.3050851821899414 179200
1769360419508 0.30528223514556885 184320
1769360441478 0.3054123818874359 189440
1769360463503 0.30618974566459656 194560
1769360486048 0.30604854226112366 199680
1769360508272 0.3060462474822998 204800
1769360530613 0.30608826875686646 209920
1769360552899 0.3063053786754608 215040
1769360575504 0.3063803017139435 220160
1769360597518 0.30656304955482483 225280
1769360619698 0.3064274787902832 230400
1769360641975 0.30637326836586 235520
1769360663841 0.30650460720062256 240640
1769360686743 0.3063803017139435 245760
1769360709516 0.30621352791786194 250880
1769360731866 0.3057861626148224 256000
1769360755014 0.30552247166633606 261120
1769360777699 0.30592140555381775 266240
1769360800868 0.3057279884815216 271360
1769360823927 0.30575016140937805 276480
1769360846356 0.30562707781791687 281600
1769360868187 0.305279016494751 286720
1769360890018 0.3052852153778076 291840
1769360912416 0.3052343428134918 296960
1769360921479 0.30521684885025024 300032
