1769359690331 406.10999225406664 5120
1769359709707 480.227158232196 10240
1769359728960 599.1006999000143 15360
1769359748425 518.3912989741689 20480
1769359768377 355.78115192128257 25600
1769359787760 548.131730266597 30720
1769359806946 369.54220264317183 35840
1769359826260 477.65675891128575 40960
1769359845529 412.21660933660934 46080
1769359865029 518.9043671903996 51200
1769359884628 270.1297095382237 56320
1769359904122 377.1856115107914 61440
1769359923481 518.647706195128 66560
1769359942559 390.2041120104196 71680
1769359962105 240.12732581439286 76800
1769359981693 359.62479636457175 81920
1769360001251 542.3201448151021 87040
1769360020821 415.23651123651126 92160
1769360041041 314.60426042604263 97280
1769360064290 349.6127365174627 102400
1769360086755 288.24850525737065 107520
1769360109016 432.0906562274647 112640
1769360130981 391.7347529653498 117760
1769360153129 444.783032873807 122880
1769360174922 503.6388088376561 128000
1769360196923 324.5360569483132 133120
1769360219081 520.1269841269841 138240
1769360241475 315.9551035781544 143360
1769360263297 465.5165371809101 148480
1769360285361 275.63277912860616 153600
1769360307876 398.69809885931556 158720
1769360330470 317.72623286114685 163840
1769360352606 320.56741057780494 168960
1769360375073 309.6341355381663 174080
1769360397352 335.3833359987206 179200
1769360419498 319.34703822141006 184320
1769360441469 338.98844257657805 189440
1769360463494 191.18898714559214 194560
1769360486037 274.01215130332525 199680
1769360508260 187.32097717833057 204800
1769360530604 472.2783470329918 209920
1769360552889 482.1593286584665 215040
1769360575494 434.1929606625259 220160
1769360597504 294.2751701396197 225280
1769360619687 485.1149664584779 230400
1769360641964 339.61975708502024 235520
1769360663827 322.63876923076924 240640
1769360686731 347.78640132669983 245760
1769360709506 481.2189077558513 250880
1769360731852 114.34852780806979 256000
1769360755005 472.704158683647 261120
1769360777689 345.4092069505065 266240
1769360800858 433.9683393688567 271360
1769360823915 278.04468014584023 276480
1769360846343 309.2004423147807 281600
1769360868177 377.9333213191566 286720
1769360890005 194.50491560007418 291840
1769360912405 316.6946541830263 296960
1769360921469 446.6777422790202 300032
