1770653918172 0.0869227796792984 5120
1770653936738 0.08140330016613007 10240
1770653955296 0.08807466924190521 15360
1770653974324 0.09214118123054504 20480
1770653993010 0.09146658331155777 25600
1770654011633 0.0872628390789032 30720
1770654030116 0.08483114093542099 35840
1770654048674 0.08284683525562286 40960
1770654067343 0.0819549486041069 46080
1770654085991 0.08065815269947052 51200
1770654104897 0.07967840880155563 56320
1770654123739 0.07903122901916504 61440
1770654142441 0.07809574902057648 66560
1770654161180 0.077539823949337 71680
1770654179832 0.07728860527276993 76800
1770654198872 0.07767484337091446 81920
1770654217571 0.08019063621759415 87040
1770654236939 0.08342912048101425 92160
1770654255956 0.0867256447672844 97280
1770654275444 0.09060359001159668 102400
1770654294967 0.09341008216142654 107520
1770654314602 0.09545417875051498 112640
1770654334780 0.09768039733171463 117760
1770654354901 0.10062593966722488 122880
1770654374819 0.1032739132642746 128000
1770654393822 0.10459645837545395 133120
1770654412343 0.10643499344587326 138240
1770654430730 0.10860997438430786 143360
1770654449189 0.11013876646757126 148480
1770654467221 0.10888069868087769 153600
1770654485395 0.10498309880495071 158720
1770654503774 0.10142838954925537 163840
1770654521767 0.10230997949838638 168960
1770654540352 0.10399341583251953 174080
1770654559262 0.105533167719841 179200
1770654578170 0.10795936733484268 184320
1770654597692 0.10986049473285675 189440
1770654616047 0.11180050671100616 194560
1770654634959 0.11357616633176804 199680
1770654653163 0.11482100188732147 204800
1770654671499 0.11584402620792389 209920
1770654690020 0.11673686653375626 215040
1770654708482 0.11711756885051727 220160
1770654726955 0.11730937659740448 225280
1770654745927 0.11752009391784668 230400
1770654765566 0.11749725788831711 235520
1770654784708 0.11785608530044556 240640
1770654803235 0.11852189898490906 245760
1770654822623 0.11923365294933319 250880
1770654841390 0.11965794116258621 256000
1770654859437 0.12024416774511337 261120
1770654877605 0.12103696167469025 266240
1770654895810 0.12119549512863159 271360
1770654913981 0.12165991216897964 276480
1770654932136 0.121908999979496 281600
1770654950337 0.12202463299036026 286720
1770654968411 0.12182028591632843 291840
1770654986425 0.12186932563781738 296960
1770655004527 0.12173327058553696 302080
1770655022628 0.12135062366724014 307200
1770655040755 0.12093229591846466 312320
1770655058909 0.12079862505197525 317440
1770655077003 0.12046381831169128 322560
1770655095794 0.12046541273593903 327680
1770655114030 0.12040840089321136 332800
1770655132292 0.12019069492816925 337920
1770655150677 0.12005023658275604 343040
1770655169417 0.11981790512800217 348160
1770655188004 0.11921814829111099 353280
1770655206126 0.11887931078672409 358400
1770655224229 0.11841993778944016 363520
1770655242451 0.11771635711193085 368640
1770655260641 0.11703211814165115 373760
1770655278707 0.11660197377204895 378880
1770655296954 0.11641255021095276 384000
1770655315811 0.11579640209674835 389120
1770655334212 0.1154298186302185 394240
1770655352297 0.11485819518566132 399360
1770655370605 0.11434480547904968 404480
1770655388835 0.11379756778478622 409600
1770655406961 0.11343648284673691 414720
1770655425409 0.11315818876028061 419840
1770655444132 0.11332031339406967 424960
1770655463129 0.11348840594291687 430080
1770655482213 0.11359694600105286 435200
1770655502220 0.11369388550519943 440320
1770655521286 0.1136823296546936 445440
1770655539967 0.1139836311340332 450560
1770655558813 0.11396095901727676 455680
1770655577455 0.11404654383659363 460800
1770655596117 0.11411760002374649 465920
1770655614628 0.11400319635868073 471040
1770655633295 0.11392296105623245 476160
1770655652256 0.1139000803232193 481280
1770655670861 0.11387038975954056 486400
1770655689563 0.1138332188129425 491520
1770655708159 0.11387704312801361 496640
1770655726774 0.11378602683544159 501760
1770655745567 0.11355731636285782 506880
1770655765353 0.11338775604963303 512000
1770655785766 0.11324722319841385 517120
1770655807618 0.1131584644317627 522240
1770655827999 0.11300556361675262 527360
1770655848415 0.11292395740747452 532480
1770655867538 0.11285877227783203 537600
1770655886339 0.1128179058432579 542720
1770655904707 0.11270411312580109 547840
1770655923901 0.11258628219366074 552960
1770655943123 0.11242252588272095 558080
1770655961821 0.11229420453310013 563200
1770655980602 0.11214106529951096 568320
1770655999161 0.11190780997276306 573440
1770656018110 0.11175587773323059 578560
1770656037244 0.11147880554199219 583680
1770656057102 0.11127464473247528 588800
1770656077296 0.11101899296045303 593920
1770656097535 0.1107892096042633 599040
1770656117663 0.11060076951980591 604160
1770656137487 0.11034141480922699 609280
1770656157552 0.11008219420909882 614400
1770656177249 0.10982714593410492 619520
1770656197118 0.10965107381343842 624640
1770656216928 0.10937858372926712 629760
1770656236705 0.10920284688472748 634880
1770656256053 0.10896117985248566 640000
1770656275599 0.10881022363901138 645120
1770656295244 0.10867844521999359 650240
1770656315064 0.1085423156619072 655360
1770656334459 0.10830876976251602 660480
1770656353853 0.10815685242414474 665600
1770656373503 0.10800078511238098 670720
1770656393688 0.10781686007976532 675840
1770656413526 0.10755013674497604 680960
1770656433455 0.10747016221284866 686080
1770656453298 0.1072566956281662 691200
1770656472972 0.10699301958084106 696320
1770656492581 0.10683189332485199 701440
1770656512570 0.10669619590044022 706560
1770656532497 0.10657818615436554 711680
1770656551134 0.10647358000278473 716800
1770656569931 0.10628850758075714 721920
1770656588639 0.10610934346914291 727040
1770656607239 0.1059548556804657 732160
1770656626411 0.10576778650283813 737280
1770656646451 0.10564813017845154 742400
1770656665550 0.10545677691698074 747520
1770656685013 0.1052556112408638 752640
1770656705199 0.10511157661676407 757760
1770656725422 0.10499218106269836 762880
1770656745638 0.10488197207450867 768000
1770656765597 0.10478657484054565 773120
1770656785789 0.10483130067586899 778240
1770656805791 0.10479270666837692 783360
1770656825790 0.10478261113166809 788480
1770656845985 0.10481006652116776 793600
1770656866031 0.10472477227449417 798720
1770656885005 0.10466539859771729 803840
1770656904555 0.10464387387037277 808960
1770656924527 0.10455988347530365 814080
1770656944649 0.10449378192424774 819200
1770656963666 0.10447955131530762 824320
1770656982141 0.10432597249746323 829440
1770657000726 0.1041811928153038 834560
1770657019057 0.1041092723608017 839680
1770657037927 0.10399018228054047 844800
1770657056915 0.10388289391994476 849920
1770657075641 0.10382014513015747 855040
1770657094571 0.10378912091255188 860160
1770657113391 0.10371840745210648 865280
1770657132185 0.10372915118932724 870400
1770657150910 0.10365935415029526 875520
1770657170081 0.10351891815662384 880640
1770657189258 0.10352073609828949 885760
1770657208055 0.10335217416286469 890880
1770657226896 0.10322710126638412 896000
1770657245412 0.10313712060451508 901120
1770657264324 0.10300272703170776 906240
1770657282789 0.10283370316028595 911360
1770657301146 0.10276797413825989 916480
1770657320514 0.10259445011615753 921600
1770657339265 0.102473184466362 926720
1770657358357 0.10242059826850891 931840
1770657377254 0.10225848108530045 936960
1770657395996 0.10213932394981384 942080
1770657415271 0.10207968950271606 947200
1770657434548 0.10200344771146774 952320
1770657453751 0.10194499045610428 957440
1770657472391 0.10186150670051575 962560
1770657492740 0.10178126394748688 967680
1770657512986 0.10166670382022858 972800
1770657532756 0.10153642296791077 977920
1770657552540 0.10143326967954636 983040
1770657571112 0.10131228715181351 988160
1770657590356 0.10124900937080383 993280
1770657608692 0.10121185332536697 998400
1770657612366 0.10124600678682327 1000448
