1770653918172 26.795894622802734 5120
1770653936738 26.866891860961914 10240
1770653955296 26.8813419342041 15360
1770653974324 26.837589263916016 20480
1770653993010 26.765033721923828 25600
1770654011633 27.129680633544922 30720
1770654030116 27.173234939575195 35840
1770654048674 27.19894790649414 40960
1770654067343 27.229841232299805 46080
1770654085991 27.308881759643555 51200
1770654104897 27.35942268371582 56320
1770654123739 27.36824607849121 61440
1770654142441 27.42504119873047 66560
1770654161180 27.431560516357422 71680
1770654179832 27.40884780883789 76800
1770654198872 27.429597854614258 81920
1770654217571 27.292734146118164 87040
1770654236939 27.169740676879883 92160
1770654255956 27.073543548583984 97280
1770654275444 26.986825942993164 102400
1770654294967 26.78047752380371 107520
1770654314602 26.55543327331543 112640
1770654334780 26.365550994873047 117760
1770654354901 26.209016799926758 122880
1770654374819 26.109203338623047 128000
1770654393822 25.9032039642334 133120
1770654412343 25.767370223999023 138240
1770654430730 25.67514419555664 143360
1770654449189 25.655330657958984 148480
1770654467221 25.558530807495117 153600
1770654485395 25.380176544189453 158720
1770654503774 25.154006958007812 163840
1770654521767 24.992162704467773 168960
1770654540352 24.829334259033203 174080
1770654559262 24.69675636291504 179200
1770654578170 24.57996940612793 184320
1770654597692 24.450197219848633 189440
1770654616047 24.321367263793945 194560
1770654634959 24.222381591796875 199680
1770654653163 24.07779884338379 204800
1770654671499 23.95462417602539 209920
1770654690020 23.836851119995117 215040
1770654708482 23.686389923095703 220160
1770654726955 23.534744262695312 225280
1770654745927 23.386701583862305 230400
1770654765566 23.257524490356445 235520
1770654784708 23.137849807739258 240640
1770654803235 23.079601287841797 245760
1770654822623 23.003442764282227 250880
1770654841390 22.90095329284668 256000
1770654859437 22.842269897460938 261120
1770654877605 22.782503128051758 266240
1770654895810 22.692251205444336 271360
1770654913981 22.612499237060547 276480
1770654932136 22.521875381469727 281600
1770654950337 22.427324295043945 286720
1770654968411 22.307281494140625 291840
1770654986425 22.211769104003906 296960
1770655004527 22.11004066467285 302080
1770655022628 21.980871200561523 307200
1770655040755 21.851179122924805 312320
1770655058909 21.75541114807129 317440
1770655077003 21.638225555419922 322560
1770655095794 21.55612564086914 327680
1770655114030 21.46592903137207 332800
1770655132292 21.369037628173828 337920
1770655150677 21.293926239013672 343040
1770655169417 21.224760055541992 348160
1770655188004 21.152172088623047 353280
1770655206126 21.108182907104492 358400
1770655224229 21.046062469482422 363520
1770655242451 20.959672927856445 368640
1770655260641 20.86276626586914 373760
1770655278707 20.771743774414062 378880
1770655296954 20.70941162109375 384000
1770655315811 20.605295181274414 389120
1770655334212 20.523691177368164 394240
1770655352297 20.431867599487305 399360
1770655370605 20.348133087158203 404480
1770655388835 20.24880027770996 409600
1770655406961 20.169904708862305 414720
1770655425409 20.082603454589844 419840
1770655444132 20.040325164794922 424960
1770655463129 19.994583129882812 430080
1770655482213 19.934070587158203 435200
1770655502220 19.886661529541016 440320
1770655521286 19.818973541259766 445440
1770655539967 19.784265518188477 450560
1770655558813 19.72637939453125 455680
1770655577455 19.67367172241211 460800
1770655596117 19.630170822143555 465920
1770655614628 19.56004524230957 471040
1770655633295 19.49818229675293 476160
1770655652256 19.43577003479004 481280
1770655670861 19.383283615112305 486400
1770655689563 19.33065414428711 491520
1770655708159 19.28078842163086 496640
1770655726774 19.22962188720703 501760
1770655745567 19.16090965270996 506880
1770655765353 19.11186408996582 512000
1770655785766 19.06040382385254 517120
1770655807618 19.02182960510254 522240
1770655827999 18.971599578857422 527360
1770655848415 18.93050193786621 532480
1770655867538 18.890892028808594 537600
1770655886339 18.848493576049805 542720
1770655904707 18.801803588867188 547840
1770655923901 18.752368927001953 552960
1770655943123 18.70781707763672 558080
1770655961821 18.661439895629883 563200
1770655980602 18.622018814086914 568320
1770655999161 18.559011459350586 573440
1770656018110 18.513099670410156 578560
1770656037244 18.446800231933594 583680
1770656057102 18.397743225097656 588800
1770656077296 18.335460662841797 593920
1770656097535 18.280441284179688 599040
1770656117663 18.23611068725586 604160
1770656137487 18.18054962158203 609280
1770656157552 18.132436752319336 614400
1770656177249 18.08950424194336 619520
1770656197118 18.041316986083984 624640
1770656216928 17.98729133605957 629760
1770656236705 17.943300247192383 634880
1770656256053 17.892349243164062 640000
1770656275599 17.85603141784668 645120
1770656295244 17.819116592407227 650240
1770656315064 17.781963348388672 655360
1770656334459 17.73769760131836 660480
1770656353853 17.703672409057617 665600
1770656373503 17.667560577392578 670720
1770656393688 17.630563735961914 675840
1770656413526 17.579689025878906 680960
1770656433455 17.543315887451172 686080
1770656453298 17.502960205078125 691200
1770656472972 17.45689582824707 696320
1770656492581 17.4177303314209 701440
1770656512570 17.37952423095703 706560
1770656532497 17.34389305114746 711680
1770656551134 17.31117820739746 716800
1770656569931 17.272674560546875 721920
1770656588639 17.23732566833496 727040
1770656607239 17.204851150512695 732160
1770656626411 17.169750213623047 737280
1770656646451 17.13849639892578 742400
1770656665550 17.103057861328125 747520
1770656685013 17.062496185302734 752640
1770656705199 17.023435592651367 757760
1770656725422 16.991031646728516 762880
1770656745638 16.961511611938477 768000
1770656765597 16.931978225708008 773120
1770656785789 16.917062759399414 778240
1770656805791 16.89875602722168 783360
1770656825790 16.885591506958008 788480
1770656845985 16.876121520996094 793600
1770656866031 16.85552978515625 798720
1770656885005 16.835617065429688 803840
1770656904555 16.817182540893555 808960
1770656924527 16.79436492919922 814080
1770656944649 16.770578384399414 819200
1770656963666 16.75423812866211 824320
1770656982141 16.72586441040039 829440
1770657000726 16.699642181396484 834560
1770657019057 16.678388595581055 839680
1770657037927 16.65237045288086 844800
1770657056915 16.631031036376953 849920
1770657075641 16.60807228088379 855040
1770657094571 16.58816146850586 860160
1770657113391 16.567419052124023 865280
1770657132185 16.55388832092285 870400
1770657150910 16.531095504760742 875520
1770657170081 16.50202178955078 880640
1770657189258 16.488616943359375 885760
1770657208055 16.459396362304688 890880
1770657226896 16.42942237854004 896000
1770657245412 16.405038833618164 901120
1770657264324 16.377756118774414 906240
1770657282789 16.347970962524414 911360
1770657301146 16.328052520751953 916480
1770657320514 16.29355239868164 921600
1770657339265 16.26865005493164 926720
1770657358357 16.25116539001465 931840
1770657377254 16.224456787109375 936960
1770657395996 16.20049285888672 942080
1770657415271 16.177392959594727 947200
1770657434548 16.157453536987305 952320
1770657453751 16.13982391357422 957440
1770657472391 16.118913650512695 962560
1770657492740 16.096284866333008 967680
1770657512986 16.073299407958984 972800
1770657532756 16.04818344116211 977920
1770657552540 16.02387046813965 983040
1770657571112 15.9989013671875 988160
1770657590356 15.978143692016602 993280
1770657608692 15.964509963989258 998400
1770657612366 15.964155197143555 1000448
