1770653918172 1.1638160943984985 5120
1770653936738 1.148023247718811 10240
1770653955296 1.1512824296951294 15360
1770653974324 1.1429561376571655 20480
1770653993010 1.1406022310256958 25600
1770654011633 1.1485620737075806 30720
1770654030116 1.1487902402877808 35840
1770654048674 1.150718331336975 40960
1770654067343 1.1507418155670166 46080
1770654085991 1.1525850296020508 51200
1770654104897 1.15435791015625 56320
1770654123739 1.1544978618621826 61440
1770654142441 1.1551889181137085 66560
1770654161180 1.1542398929595947 71680
1770654179832 1.153189778327942 76800
1770654198872 1.1539232730865479 81920
1770654217571 1.1519275903701782 87040
1770654236939 1.1518137454986572 92160
1770654255956 1.1531367301940918 97280
1770654275444 1.155121088027954 102400
1770654294967 1.1557031869888306 107520
1770654314602 1.1563479900360107 112640
1770654334780 1.1560002565383911 117760
1770654354901 1.1567679643630981 122880
1770654374819 1.158786416053772 128000
1770654393822 1.1557902097702026 133120
1770654412343 1.1558672189712524 138240
1770654430730 1.1562472581863403 143360
1770654449189 1.157550573348999 148480
1770654467221 1.1585109233856201 153600
1770654485395 1.1585670709609985 158720
1770654503774 1.1570422649383545 163840
1770654521767 1.157961130142212 168960
1770654540352 1.1579591035842896 174080
1770654559262 1.1587474346160889 179200
1770654578170 1.1583681106567383 184320
1770654597692 1.1575847864151 189440
1770654616047 1.1567271947860718 194560
1770654634959 1.157542109489441 199680
1770654653163 1.1567347049713135 204800
1770654671499 1.157172441482544 209920
1770654690020 1.1588425636291504 215040
1770654708482 1.1590533256530762 220160
1770654726955 1.159131646156311 225280
1770654745927 1.1593360900878906 230400
1770654765566 1.1594843864440918 235520
1770654784708 1.1587047576904297 240640
1770654803235 1.1606494188308716 245760
1770654822623 1.1605955362319946 250880
1770654841390 1.1592352390289307 256000
1770654859437 1.1591241359710693 261120
1770654877605 1.1594340801239014 266240
1770654895810 1.1589819192886353 271360
1770654913981 1.1586028337478638 276480
1770654932136 1.1582497358322144 281600
1770654950337 1.1586511135101318 286720
1770654968411 1.158190369606018 291840
1770654986425 1.1575970649719238 296960
1770655004527 1.1580026149749756 302080
1770655022628 1.1572434902191162 307200
1770655040755 1.1566493511199951 312320
1770655058909 1.1565415859222412 317440
1770655077003 1.155483365058899 322560
1770655095794 1.155316710472107 327680
1770655114030 1.154841661453247 332800
1770655132292 1.153702974319458 337920
1770655150677 1.1535433530807495 343040
1770655169417 1.1535286903381348 348160
1770655188004 1.1526190042495728 353280
1770655206126 1.1526716947555542 358400
1770655224229 1.1528571844100952 363520
1770655242451 1.151794195175171 368640
1770655260641 1.1514135599136353 373760
1770655278707 1.151854157447815 378880
1770655296954 1.1528303623199463 384000
1770655315811 1.1517469882965088 389120
1770655334212 1.1521104574203491 394240
1770655352297 1.1517189741134644 399360
1770655370605 1.1514009237289429 404480
1770655388835 1.1504361629486084 409600
1770655406961 1.1501942873001099 414720
1770655425409 1.149947166442871 419840
1770655444132 1.1508736610412598 424960
1770655463129 1.1508169174194336 430080
1770655482213 1.1505661010742188 435200
1770655502220 1.150535225868225 440320
1770655521286 1.1493401527404785 445440
1770655539967 1.1495541334152222 450560
1770655558813 1.1491057872772217 455680
1770655577455 1.1489650011062622 460800
1770655596117 1.1494672298431396 465920
1770655614628 1.148497462272644 471040
1770655633295 1.1481561660766602 476160
1770655652256 1.1475329399108887 481280
1770655670861 1.1470763683319092 486400
1770655689563 1.146530032157898 491520
1770655708159 1.1460471153259277 496640
1770655726774 1.1461864709854126 501760
1770655745567 1.1449757814407349 506880
1770655765353 1.145168423652649 512000
1770655785766 1.1448675394058228 517120
1770655807618 1.1451480388641357 522240
1770655827999 1.1450027227401733 527360
1770655848415 1.145316481590271 532480
1770655867538 1.1454293727874756 537600
1770655886339 1.1454932689666748 542720
1770655904707 1.145423173904419 547840
1770655923901 1.1451767683029175 552960
1770655943123 1.1450941562652588 558080
1770655961821 1.145493984222412 563200
1770655980602 1.1452338695526123 568320
1770655999161 1.1441912651062012 573440
1770656018110 1.1441535949707031 578560
1770656037244 1.1428813934326172 583680
1770656057102 1.1425890922546387 588800
1770656077296 1.141418695449829 593920
1770656097535 1.1408231258392334 599040
1770656117663 1.1405543088912964 604160
1770656137487 1.1398872137069702 609280
1770656157552 1.1397042274475098 614400
1770656177249 1.1397130489349365 619520
1770656197118 1.139231562614441 624640
1770656216928 1.1383485794067383 629760
1770656236705 1.1377555131912231 634880
1770656256053 1.1371145248413086 640000
1770656275599 1.1367310285568237 645120
1770656295244 1.1364840269088745 650240
1770656315064 1.1363146305084229 655360
1770656334459 1.1363550424575806 660480
1770656353853 1.1363167762756348 665600
1770656373503 1.13645601272583 670720
1770656393688 1.1361346244812012 675840
1770656413526 1.135302186012268 680960
1770656433455 1.135217547416687 686080
1770656453298 1.1347118616104126 691200
1770656472972 1.1343743801116943 696320
1770656492581 1.1340346336364746 701440
1770656512570 1.133710265159607 706560
1770656532497 1.1335197687149048 711680
1770656551134 1.1333216428756714 716800
1770656569931 1.1325327157974243 721920
1770656588639 1.1321970224380493 727040
1770656607239 1.132082223892212 732160
1770656626411 1.1317112445831299 737280
1770656646451 1.13173246383667 742400
1770656665550 1.1313610076904297 747520
1770656685013 1.1307997703552246 752640
1770656705199 1.1304759979248047 757760
1770656725422 1.130334496498108 762880
1770656745638 1.1304435729980469 768000
1770656765597 1.1301544904708862 773120
1770656785789 1.1306968927383423 778240
1770656805791 1.1310572624206543 783360
1770656825790 1.1312458515167236 788480
1770656845985 1.1316622495651245 793600
1770656866031 1.1315031051635742 798720
1770656885005 1.1316531896591187 803840
1770656904555 1.1316680908203125 808960
1770656924527 1.1312800645828247 814080
1770656944649 1.1311880350112915 819200
1770656963666 1.1310685873031616 824320
1770656982141 1.1307928562164307 829440
1770657000726 1.1305221319198608 834560
1770657019057 1.130714774131775 839680
1770657037927 1.1305629014968872 844800
1770657056915 1.1304230690002441 849920
1770657075641 1.130310297012329 855040
1770657094571 1.1306294202804565 860160
1770657113391 1.1305291652679443 865280
1770657132185 1.1306049823760986 870400
1770657150910 1.130421757698059 875520
1770657170081 1.1298290491104126 880640
1770657189258 1.1300559043884277 885760
1770657208055 1.1296230554580688 890880
1770657226896 1.1292098760604858 896000
1770657245412 1.129080057144165 901120
1770657264324 1.1289172172546387 906240
1770657282789 1.128401756286621 911360
1770657301146 1.1285836696624756 916480
1770657320514 1.1279069185256958 921600
1770657339265 1.1276966333389282 926720
1770657358357 1.1275783777236938 931840
1770657377254 1.127224087715149 936960
1770657395996 1.1270540952682495 942080
1770657415271 1.1266725063323975 947200
1770657434548 1.1265310049057007 952320
1770657453751 1.126268744468689 957440
1770657472391 1.1258885860443115 962560
1770657492740 1.1256591081619263 967680
1770657512986 1.1251274347305298 972800
1770657532756 1.1247217655181885 977920
1770657552540 1.124565839767456 983040
1770657571112 1.1242555379867554 988160
1770657590356 1.1240183115005493 993280
1770657608692 1.124053716659546 998400
1770657612366 1.1241323947906494 1000448
