1770653918167 -1.8072881698608398 5120
1770653936732 -3.149261713027954 10240
1770653955291 -3.792705535888672 15360
1770653974318 -5.7973127365112305 20480
1770653993004 -7.585397243499756 25600
1770654011627 -8.511262893676758 30720
1770654030109 -8.650374412536621 35840
1770654048668 -8.490612030029297 40960
1770654067337 -8.183563232421875 46080
1770654085985 -7.790661811828613 51200
1770654104891 -7.346116542816162 56320
1770654123734 -6.9138312339782715 61440
1770654142434 -6.416510105133057 66560
1770654161173 -5.909541130065918 71680
1770654179827 -5.406048774719238 76800
1770654198863 -5.0437822341918945 81920
1770654217562 -5.8255157470703125 87040
1770654236933 -7.157479763031006 92160
1770654255946 -8.181329727172852 97280
1770654275438 -8.880088806152344 102400
1770654294961 -9.41472339630127 107520
1770654314595 -9.743329048156738 112640
1770654334773 -9.904025077819824 117760
1770654354893 -10.125384330749512 122880
1770654374810 -10.42027759552002 128000
1770654393816 -10.900262832641602 133120
1770654412337 -11.30736255645752 138240
1770654430723 -11.704923629760742 143360
1770654449182 -12.38676643371582 148480
1770654467214 -13.557939529418945 153600
1770654485386 -14.910383224487305 158720
1770654503767 -16.208744049072266 163840
1770654521760 -17.48874282836914 168960
1770654540344 -18.18195152282715 174080
1770654559255 -18.8759765625 179200
1770654578163 -19.397043228149414 184320
1770654597685 -20.018901824951172 189440
1770654616040 -20.74172592163086 194560
1770654634948 -21.31412124633789 199680
1770654653153 -21.983678817749023 204800
1770654671491 -22.591520309448242 209920
1770654690011 -23.325855255126953 215040
1770654708474 -23.81964111328125 220160
1770654726946 -24.341188430786133 225280
1770654745919 -24.829259872436523 230400
1770654765558 -25.106130599975586 235520
1770654784700 -25.377010345458984 240640
1770654803227 -25.554296493530273 245760
1770654822614 -25.69822120666504 250880
1770654841382 -25.59407615661621 256000
1770654859430 -25.606393814086914 261120
1770654877597 -25.58527946472168 266240
1770654895801 -25.446603775024414 271360
1770654913972 -25.449779510498047 276480
1770654932128 -25.32362937927246 281600
1770654950327 -25.451181411743164 286720
1770654968403 -25.581893920898438 291840
1770654986417 -25.528358459472656 296960
1770655004518 -25.7567195892334 302080
1770655022618 -26.0501708984375 307200
1770655040747 -26.001842498779297 312320
1770655058899 -26.175155639648438 317440
1770655076994 -26.360515594482422 322560
1770655095784 -26.760961532592773 327680
1770655114020 -27.099136352539062 332800
1770655132278 -27.32550048828125 337920
1770655150666 -27.817424774169922 343040
1770655169400 -28.355457305908203 348160
1770655187992 -29.198963165283203 353280
1770655206117 -29.6205997467041 358400
1770655224219 -30.006420135498047 363520
1770655242441 -30.066661834716797 368640
1770655260633 -30.36477279663086 373760
1770655278698 -30.777263641357422 378880
1770655296942 -31.35403060913086 384000
1770655315800 -31.768590927124023 389120
1770655334204 -32.25278854370117 394240
1770655352288 -32.660335540771484 399360
1770655370594 -32.875282287597656 404480
1770655388826 -33.218780517578125 409600
1770655406952 -33.320228576660156 414720
1770655425398 -33.653648376464844 419840
1770655444122 -33.80756759643555 424960
1770655463114 -34.213069915771484 430080
1770655482197 -34.32432174682617 435200
1770655502208 -34.52711868286133 440320
1770655521271 -34.73155975341797 445440
1770655539955 -34.800331115722656 450560
1770655558804 -34.71492385864258 455680
1770655577445 -34.835304260253906 460800
1770655596099 -34.960304260253906 465920
1770655614617 -35.03261947631836 471040
1770655633285 -35.00774002075195 476160
1770655652245 -35.05767059326172 481280
1770655670851 -34.94084930419922 486400
1770655689553 -34.75398635864258 491520
1770655708146 -34.83095169067383 496640
1770655726763 -34.81542205810547 501760
1770655745556 -34.71202850341797 506880
1770655765339 -34.625328063964844 512000
1770655785749 -34.373878479003906 517120
1770655807603 -34.484100341796875 522240
1770655827988 -34.559326171875 527360
1770655848401 -34.38311767578125 532480
1770655867522 -34.23666000366211 537600
1770655886329 -34.30511474609375 542720
1770655904694 -34.322906494140625 547840
1770655923887 -34.270103454589844 552960
1770655943110 -34.14059829711914 558080
1770655961810 -34.21375274658203 563200
1770655980588 -34.25383758544922 568320
1770655999149 -34.22041702270508 573440
1770656018095 -34.365089416503906 578560
1770656037233 -34.188629150390625 583680
1770656057085 -34.30424118041992 588800
1770656077284 -34.357337951660156 593920
1770656097524 -34.328365325927734 599040
1770656117649 -34.32891082763672 604160
1770656137474 -34.23358917236328 609280
1770656157537 -34.140464782714844 614400
1770656177234 -34.13953399658203 619520
1770656197099 -34.20817184448242 624640
1770656216912 -34.25204849243164 629760
1770656236692 -34.258296966552734 634880
1770656256039 -34.27465057373047 640000
1770656275587 -34.36656951904297 645120
1770656295231 -34.26650619506836 650240
1770656315051 -34.29010009765625 655360
1770656334445 -34.297386169433594 660480
1770656353841 -34.15261459350586 665600
1770656373491 -34.20905303955078 670720
1770656393673 -34.360939025878906 675840
1770656413511 -34.16761016845703 680960
1770656433441 -34.22597122192383 686080
1770656453279 -34.1051025390625 691200
1770656472959 -34.122352600097656 696320
1770656492567 -34.06632614135742 701440
1770656512553 -33.93134307861328 706560
1770656532483 -33.872623443603516 711680
1770656551119 -33.88676452636719 716800
1770656569918 -33.89116668701172 721920
1770656588623 -33.784034729003906 727040
1770656607226 -33.645751953125 732160
1770656626394 -33.46107864379883 737280
1770656646437 -33.59455108642578 742400
1770656665537 -33.648189544677734 747520
1770656684998 -33.53948974609375 752640
1770656705180 -33.309635162353516 757760
1770656725408 -33.24068069458008 762880
1770656745625 -33.135765075683594 768000
1770656765584 -33.040382385253906 773120
1770656785777 -32.945804595947266 778240
1770656805778 -32.899932861328125 783360
1770656825777 -32.81736373901367 788480
1770656845971 -32.66876220703125 793600
1770656866016 -32.640586853027344 798720
1770656884991 -32.49640655517578 803840
1770656904541 -32.451881408691406 808960
1770656924512 -32.430721282958984 814080
1770656944634 -32.270347595214844 819200
1770656963651 -32.231834411621094 824320
1770656982127 -32.41903305053711 829440
1770657000712 -32.21986770629883 834560
1770657019043 -32.16847229003906 839680
1770657037914 -32.12598419189453 844800
1770657056898 -31.990703582763672 849920
1770657075623 -32.04467010498047 855040
1770657094555 -31.846582412719727 860160
1770657113375 -32.06151580810547 865280
1770657132168 -31.90769386291504 870400
1770657150896 -31.878345489501953 875520
1770657170067 -31.93280601501465 880640
1770657189243 -31.830928802490234 885760
1770657208039 -31.729507446289062 890880
1770657226881 -31.62418556213379 896000
1770657245397 -31.67437744140625 901120
1770657264309 -31.813823699951172 906240
1770657282772 -31.648956298828125 911360
1770657301132 -31.552871704101562 916480
1770657320497 -31.469884872436523 921600
1770657339245 -31.4621524810791 926720
1770657358340 -31.360742568969727 931840
1770657377232 -31.4443302154541 936960
1770657395980 -31.2665958404541 942080
1770657415255 -31.339202880859375 947200
1770657434533 -31.362018585205078 952320
1770657453731 -31.214614868164062 957440
1770657472374 -31.256500244140625 962560
1770657492724 -31.248205184936523 967680
1770657512967 -31.019451141357422 972800
1770657532738 -31.026647567749023 977920
1770657552519 -30.90188217163086 983040
1770657571097 -30.937114715576172 988160
1770657590336 -30.828235626220703 993280
1770657608678 -30.764942169189453 998400
1770657612350 -30.806659698486328 1000448
