1770653918167 143.13565163976384 5120
1770653936732 97.76020883833675 10240
1770653955291 176.46852911477617 15360
1770653974318 102.23028175879887 20480
1770653993004 154.04377846334654 25600
1770654011627 169.65190308619503 30720
1770654030109 131.38815274253673 35840
1770654048668 141.2984772941652 40960
1770654067337 186.97026701734052 46080
1770654085985 161.6177558569667 51200
1770654104891 162.86661748145846 56320
1770654123734 182.09976989536753 61440
1770654142434 165.90736125944386 66560
1770654161173 127.26209114630743 71680
1770654179827 114.05933701356975 76800
1770654198863 102.8368557838474 81920
1770654217562 113.99733644986819 87040
1770654236933 137.58131601390804 92160
1770654255946 130.1124208958928 97280
1770654275438 153.435177055897 102400
1770654294961 115.77839732795981 107520
1770654314595 135.80391775943013 112640
1770654334773 164.07072445626662 117760
1770654354893 166.57945112990984 122880
1770654374810 124.09183431952663 128000
1770654393816 186.2727716836168 133120
1770654412337 172.27190208239207 138240
1770654430723 139.85675225075025 143360
1770654449182 178.51140619679944 148480
1770654467214 173.69156865993043 153600
1770654485386 116.15031430865942 158720
1770654503767 136.22735392510313 163840
1770654521760 146.9622985283812 168960
1770654540344 162.0673879443586 174080
1770654559255 179.5353137573838 179200
1770654578163 180.0362278404945 184320
1770654597685 178.8615778251599 189440
1770654616040 190.05410304046399 194560
1770654634948 171.14019911865515 199680
1770654653153 163.2596629169748 204800
1770654671491 174.05195451904723 209920
1770654690011 132.01674483019104 215040
1770654708474 169.94060208257363 220160
1770654726946 157.5502967470513 225280
1770654745919 168.30400064202883 230400
1770654765558 136.0153062879009 235520
1770654784700 111.36700122139025 240640
1770654803227 152.52569184333976 245760
1770654822614 184.46230978977923 250880
1770654841382 160.36950370880172 256000
1770654859430 201.65892590989952 261120
1770654877597 152.4093023255814 266240
1770654895801 140.1324379405967 271360
1770654913972 126.43728333283092 276480
1770654932128 152.97071373864839 281600
1770654950327 109.2124462960552 286720
1770654968403 167.15036065835093 291840
1770654986417 168.93442887062994 296960
1770655004518 163.50787462965852 302080
1770655022618 116.8004455583403 307200
1770655040747 168.42565152792835 312320
1770655058899 134.23061413895735 317440
1770655076994 172.41353228922597 322560
1770655095784 113.39634476046285 327680
1770655114020 164.79918274331067 332800
1770655132278 150.89052775479368 337920
1770655150666 123.13010803193988 343040
1770655169400 150.46290716028125 348160
1770655187992 139.27624107587582 353280
1770655206117 124.23150287305255 358400
1770655224219 163.8656040006251 363520
1770655242441 116.64777372973273 368640
1770655260633 188.55889228556015 373760
1770655278698 173.83554376657824 378880
1770655296942 171.94703398515966 384000
1770655315800 108.46683389795443 389120
1770655334204 172.91820580474933 394240
1770655352288 169.71368455126648 399360
1770655370594 163.06924303098634 404480
1770655388826 172.63351992097463 409600
1770655406952 173.4832278611904 414720
1770655425398 151.16788005478267 419840
1770655444122 174.24718540982926 424960
1770655463114 130.37125450702473 430080
1770655482197 112.71071937226237 435200
1770655502208 146.0615684635743 440320
1770655521271 151.28783725292166 445440
1770655539955 118.31605077574048 450560
1770655558804 163.96810007818607 455680
1770655577445 157.65689370019547 460800
1770655596099 157.34343699591102 465920
1770655614617 154.1060366682588 471040
1770655633285 151.2387408502506 476160
1770655652245 141.7425568585043 481280
1770655670851 172.3639352346511 486400
1770655689553 177.90566677977606 491520
1770655708146 179.16719350704827 496640
1770655726763 165.64527467319616 501760
1770655745556 171.21704698534515 506880
1770655765339 111.76465572372628 512000
1770655785749 129.56579760286667 517120
1770655807603 119.33604575070419 522240
1770655827988 146.1480887835813 527360
1770655848401 114.16800043551636 532480
1770655867522 186.12398491235857 537600
1770655886329 148.52351274787534 542720
1770655904694 165.488419806668 547840
1770655923887 142.06421894052298 552960
1770655943110 116.71593944790739 558080
1770655961810 137.4235444448085 563200
1770655980588 166.9042578591325 568320
1770655999149 118.44970347359504 573440
1770656018095 169.45313510019392 578560
1770656037233 182.1551289846261 583680
1770656057085 123.58724733337262 588800
1770656077284 170.92399853294756 593920
1770656097524 178.4886165368739 599040
1770656117649 163.9360562829783 604160
1770656137474 160.94179041479606 609280
1770656157537 157.8586375611592 614400
1770656177234 166.9640539787429 619520
1770656197099 174.75538519228365 624640
1770656216912 109.81003246413238 629760
1770656236692 141.83842277907408 634880
1770656256039 152.72563084877837 640000
1770656275587 158.41909654026287 645120
1770656295231 165.82864824259676 650240
1770656315051 118.94010889292196 655360
1770656334445 177.9736071625578 660480
1770656353841 148.1824412647942 665600
1770656373491 172.81845900288423 670720
1770656393673 103.11495722293245 675840
1770656413511 102.9630793401414 680960
1770656433441 138.81988482160588 686080
1770656453279 158.2278557416629 691200
1770656472959 196.8048048048048 696320
1770656492567 126.02319572141097 701440
1770656512553 142.48892512569643 706560
1770656532483 109.46326695722526 711680
1770656551119 114.04693150610436 716800
1770656569918 157.1842302503373 721920
1770656588623 108.134062081056 727040
1770656607226 170.33398310591292 732160
1770656626394 119.97780256872336 737280
1770656646437 153.87988406647833 742400
1770656665537 161.3131802622976 747520
1770656684998 169.67935596100165 752640
1770656705180 122.16893859955726 757760
1770656725408 141.41757982399946 762880
1770656745625 151.58856481983446 768000
1770656765584 171.25200065327454 773120
1770656785777 115.25346229940646 778240
1770656805778 133.22863858712915 783360
1770656825777 153.49694419030192 788480
1770656845971 91.04197959626656 793600
1770656866016 141.08934337997846 798720
1770656884991 113.98494442481724 803840
1770656904541 153.22218163220575 808960
1770656924512 170.0715270456573 814080
1770656944634 153.89682248477288 819200
1770656963651 125.6494412989425 824320
1770656982127 151.91799775435547 829440
1770657000712 123.92684296055548 834560
1770657019043 157.53846153846155 839680
1770657037914 173.19668001816905 844800
1770657056898 167.91320709395893 849920
1770657075623 138.4990093778893 855040
1770657094555 114.74582113643203 860160
1770657113375 147.40648063541155 865280
1770657132168 151.4954850827133 870400
1770657150896 141.20333961755992 875520
1770657170067 153.28377736359317 880640
1770657189243 170.21646848748023 885760
1770657208039 138.09317485924998 890880
1770657226881 148.32917211868303 896000
1770657245397 171.92588949008035 901120
1770657264309 161.21397547757235 906240
1770657282772 164.72798680386458 911360
1770657301132 142.67796033608872 916480
1770657320497 138.553911205074 921600
1770657339245 165.35141528029646 926720
1770657358340 157.61542219382963 931840
1770657377232 156.13103037522336 936960
1770657395980 178.43546328596955 942080
1770657415255 130.04384088301865 947200
1770657434533 149.07780344766306 952320
1770657453731 117.18551631649531 957440
1770657472374 150.46290716028125 962560
1770657492724 162.5447217485661 967680
1770657512967 114.37347294938918 972800
1770657532738 169.7686391969562 977920
1770657552519 156.40466868031473 983040
1770657571097 182.29763560500695 988160
1770657590336 118.37281630118815 993280
1770657608678 151.28783725292166 998400
1770657612350 165.88111528574254 1000448
