1770653918172 1.929522156715393 5120
1770653936738 1.7721282243728638 10240
1770653955296 1.9146372079849243 15360
1770653974324 1.9904180765151978 20480
1770653993010 1.9793007373809814 25600
1770654011633 1.8867607116699219 30720
1770654030116 1.8332035541534424 35840
1770654048674 1.7915202379226685 40960
1770654067343 1.7713725566864014 46080
1770654085991 1.7440990209579468 51200
1770654104897 1.7238402366638184 56320
1770654123739 1.7098870277404785 61440
1770654142441 1.688401699066162 66560
1770654161180 1.6746330261230469 71680
1770654179832 1.6705728769302368 76800
1770654198872 1.6784749031066895 81920
1770654217571 1.7381681203842163 87040
1770654236939 1.8211188316345215 92160
1770654255956 1.9071872234344482 97280
1770654275444 2.0051612854003906 102400
1770654294967 2.0944716930389404 107520
1770654314602 2.167043447494507 112640
1770654334780 2.2373740673065186 117760
1770654354901 2.3246235847473145 122880
1770654374819 2.403965711593628 128000
1770654393822 2.447911262512207 133120
1770654412343 2.505617618560791 138240
1770654430730 2.56589937210083 143360
1770654449189 2.6041340827941895 148480
1770654467221 2.5793049335479736 153600
1770654485395 2.4946088790893555 158720
1770654503774 2.420228958129883 163840
1770654521767 2.4639503955841064 168960
1770654540352 2.5298993587493896 174080
1770654559262 2.589912176132202 179200
1770654578170 2.668774366378784 184320
1770654597692 2.7349002361297607 189440
1770654616047 2.8033924102783203 194560
1770654634959 2.8678348064422607 199680
1770654653163 2.9207639694213867 204800
1770654671499 2.968153715133667 209920
1770654690020 3.0160069465637207 215040
1770654708482 3.0479066371917725 220160
1770654726955 3.074907064437866 225280
1770654745927 3.100470542907715 230400
1770654765566 3.115436553955078 235520
1770654784708 3.1379754543304443 240640
1770654803235 3.166980743408203 245760
1770654822623 3.193138599395752 250880
1770654841390 3.2124075889587402 256000
1770654859437 3.233973264694214 261120
1770654877605 3.2646493911743164 266240
1770654895810 3.2789103984832764 271360
1770654913981 3.3010919094085693 276480
1770654932136 3.318082571029663 281600
1770654950337 3.3353798389434814 286720
1770654968411 3.3446204662323 291840
1770654986425 3.3562464714050293 296960
1770655004527 3.366281270980835 302080
1770655022628 3.3695521354675293 307200
1770655040755 3.372415781021118 312320
1770655058909 3.3804686069488525 317440
1770655077003 3.38278865814209 322560
1770655095794 3.3939430713653564 327680
1770655114030 3.4031875133514404 332800
1770655132292 3.4053165912628174 337920
1770655150677 3.4084794521331787 343040
1770655169417 3.408318281173706 348160
1770655188004 3.397210121154785 353280
1770655206126 3.392648220062256 358400
1770655224229 3.3877720832824707 363520
1770655242451 3.3760881423950195 368640
1770655260641 3.3678410053253174 373760
1770655278707 3.370088577270508 378880
1770655296954 3.376720428466797 384000
1770655315811 3.369260549545288 389120
1770655334212 3.371572256088257 394240
1770655352297 3.3687636852264404 399360
1770655370605 3.3648881912231445 404480
1770655388835 3.360384464263916 409600
1770655406961 3.3613460063934326 414720
1770655425409 3.36580228805542 419840
1770655444132 3.3808035850524902 424960
1770655463129 3.392634630203247 430080
1770655482213 3.406423807144165 435200
1770655502220 3.4178273677825928 440320
1770655521286 3.4248123168945312 445440
1770655539967 3.4407122135162354 450560
1770655558813 3.4488162994384766 455680
1770655577455 3.4607651233673096 460800
1770655596117 3.4715240001678467 465920
1770655614628 3.4768736362457275 471040
1770655633295 3.4836771488189697 476160
1770655652256 3.491096019744873 481280
1770655670861 3.497347116470337 486400
1770655689563 3.5038490295410156 491520
1770655708159 3.512993574142456 496640
1770655726774 3.5185303688049316 501760
1770655745567 3.519587993621826 506880
1770655765353 3.523101329803467 512000
1770655785766 3.5263214111328125 517120
1770655807618 3.530573606491089 522240
1770655827999 3.534886598587036 527360
1770655848415 3.5403950214385986 532480
1770655867538 3.545290470123291 537600
1770655886339 3.5515859127044678 542720
1770655904707 3.555283546447754 547840
1770655923901 3.5600826740264893 552960
1770655943123 3.562410354614258 558080
1770655961821 3.568115234375 563200
1770655980602 3.569732189178467 568320
1770655999161 3.570767879486084 573440
1770656018110 3.5740699768066406 578560
1770656037244 3.5739386081695557 583680
1770656057102 3.5758864879608154 588800
1770656077296 3.5756044387817383 593920
1770656097535 3.5762717723846436 599040
1770656117663 3.577631950378418 604160
1770656137487 3.5777664184570312 609280
1770656157552 3.577328681945801 614400
1770656177249 3.5760855674743652 619520
1770656197118 3.578144073486328 624640
1770656216928 3.576791286468506 629760
1770656236705 3.5772862434387207 634880
1770656256053 3.5767312049865723 640000
1770656275599 3.5768110752105713 645120
1770656295244 3.57871413230896 650240
1770656315064 3.580824851989746 655360
1770656334459 3.581514596939087 660480
1770656353853 3.5830116271972656 665600
1770656373503 3.584897756576538 670720
1770656393688 3.584049701690674 675840
1770656413526 3.581831932067871 680960
1770656433455 3.5865423679351807 686080
1770656453298 3.585578680038452 691200
1770656472972 3.5837230682373047 696320
1770656492581 3.585024356842041 701440
1770656512570 3.587017059326172 706560
1770656532497 3.5897057056427 711680
1770656551134 3.5916879177093506 716800
1770656569931 3.590505599975586 721920
1770656588639 3.59002685546875 727040
1770656607239 3.5905160903930664 732160
1770656626411 3.5899176597595215 737280
1770656646451 3.5912468433380127 742400
1770656665550 3.590205192565918 747520
1770656685013 3.588796377182007 752640
1770656705199 3.590769052505493 757760
1770656725422 3.592456340789795 762880
1770656745638 3.5950374603271484 768000
1770656765597 3.596531391143799 773120
1770656785789 3.6030571460723877 778240
1770656805791 3.606379508972168 783360
1770656825790 3.608713388442993 788480
1770656845985 3.612449884414673 793600
1770656866031 3.6133151054382324 798720
1770656885005 3.6153392791748047 803840
1770656904555 3.6183876991271973 808960
1770656924527 3.618709087371826 814080
1770656944649 3.621084451675415 819200
1770656963666 3.622988224029541 824320
1770656982141 3.6219794750213623 829440
1770657000726 3.620936393737793 834560
1770657019057 3.6226747035980225 839680
1770657037927 3.6223363876342773 844800
1770657056915 3.62272310256958 849920
1770657075641 3.624999761581421 855040
1770657094571 3.628602981567383 860160
1770657113391 3.629326820373535 865280
1770657132185 3.6317243576049805 870400
1770657150910 3.6331026554107666 875520
1770657170081 3.6319663524627686 880640
1770657189258 3.63527250289917 885760
1770657208055 3.633402109146118 890880
1770657226896 3.63393497467041 896000
1770657245412 3.6353330612182617 901120
1770657264324 3.63559889793396 906240
1770657282789 3.633704423904419 911360
1770657301146 3.636587619781494 916480
1770657320514 3.635535717010498 921600
1770657339265 3.6355745792388916 926720
1770657358357 3.636831760406494 931840
1770657377254 3.635005474090576 936960
1770657395996 3.634993553161621 942080
1770657415271 3.636399745941162 947200
1770657434548 3.6371986865997314 952320
1770657453751 3.637969732284546 957440
1770657472391 3.6379339694976807 962560
1770657492740 3.6389365196228027 967680
1770657512986 3.6376566886901855 972800
1770657532756 3.636594295501709 977920
1770657552540 3.636955738067627 983040
1770657571112 3.6362948417663574 988160
1770657590356 3.637608766555786 993280
1770657608692 3.6393065452575684 998400
1770657612366 3.640620470046997 1000448
