1760243642240 399.81108513779526 5120
1760243694626 413.4933506415142 10240
1760243748298 416.4474598584254 15360
1760243803354 416.80063823875525 20480
1760243860677 413.47078897664835 25600
1760243914853 407.51160742469335 30720
1760243970525 401.910298588007 35840
1760244024893 398.39818336371286 40960
1760244085856 394.99978177925937 46080
1760244139653 391.2442033524434 51200
1760244193320 386.9123216168072 56320
1760244249811 383.4966514542079 61440
1760244309291 380.58076236834813 66560
1760244362342 377.1521204288853 71680
1760244416709 373.61310426623015 76800
1760244471529 370.6346771134036 81920
1760244528065 366.2970218414362 87040
