1760243642240 24.043307086614174 5120
1760243694626 22.80081300813008 10240
1760243748298 22.57734806629834 15360
1760243803354 22.438284518828453 20480
1760243860677 22.47759932375317 25600
1760243914853 22.88095238095238 30720
1760243970525 23.338403041825096 35840
1760244024893 23.51149747616377 40960
1760244085856 23.786147623862487 46080
1760244139653 24.099353049907577 51200
1760244193320 24.47523484201537 56320
1760244249811 24.71207920792079 61440
1760244309291 24.95491500369549 66560
1760244362342 25.286808214410023 71680
1760244416709 25.74743462429659 76800
1760244471529 26.199620373299588 81920
1760244528065 26.80347349177331 87040
