1760243642237 -1.3718611364252868 5120
1760243694619 -1.4297406472943044 10240
1760243748294 -1.8490647822618484 15360
1760243803350 -1.6865670124689738 20480
1760243860672 -1.5272926614834714 25600
1760243914848 -1.4097120261961413 30720
1760243970521 -1.3034519924057855 35840
1760244024886 -1.2402869387370783 40960
1760244085837 -1.1700864107712456 46080
1760244139646 -1.1214533871295407 51200
1760244193316 -1.090179841007505 56320
1760244249805 -1.0447605015801602 61440
1760244309284 -1.0145227063785898 66560
1760244362337 -0.9812852335647797 71680
1760244416704 -0.9493153728936847 76800
1760244471524 -0.9333747381045494 81920
1760244528061 -0.9168139263641003 87040
