1760243642240 4.7952755905511815 5120
1760243694626 4.227642276422764 10240
1760243748298 4.069060773480663 15360
1760243803354 4.054393305439331 20480
1760243860677 4.183431952662722 25600
1760243914853 4.492784992784993 30720
1760243970525 4.784537389100127 35840
1760244024893 4.949523275378575 40960
1760244085856 5.11830131445905 46080
1760244139653 5.29898336414048 51200
1760244193320 5.550384286934245 56320
1760244249811 5.718415841584158 61440
1760244309291 5.860679970436068 66560
1760244362342 6.03515489035851 71680
1760244416709 6.187024164184045 76800
1760244471529 6.345460297374249 81920
1760244528065 6.585313833028641 87040
