1771002450070 0.08012200146913528 5120
1771002467666 0.08384662121534348 10240
1771002485374 0.05964672192931175 15360
1771002502961 0.05146561190485954 20480
1771002520450 0.054899368435144424 25600
1771002537941 0.05812663584947586 30720
1771002555419 0.06124517694115639 35840
1771002572878 0.06178256496787071 40960
1771002590365 0.06294788420200348 46080
1771002607803 0.0641251727938652 51200
1771002625308 0.06522201001644135 56320
1771002642834 0.06622030586004257 61440
1771002660349 0.06648046523332596 66560
1771002677822 0.06677211821079254 71680
1771002695315 0.06697120517492294 76800
1771002712857 0.06807447224855423 81920
1771002730359 0.06831108778715134 87040
1771002747846 0.06830423325300217 92160
1771002765251 0.06841080635786057 97280
1771002782769 0.0684320256114006 102400
1771002800300 0.06914909929037094 107520
1771002817947 0.0692393109202385 112640
1771002835454 0.06948549300432205 117760
1771002852942 0.07000960409641266 122880
1771002870465 0.07033402472734451 128000
1771002887959 0.07038786262273788 133120
1771002905476 0.07041880488395691 138240
1771002923039 0.07065698504447937 143360
