1771002450070 21.115346908569336 5120
1771002467666 21.306779861450195 10240
1771002485374 21.51618003845215 15360
1771002502961 21.686725616455078 20480
1771002520450 21.736019134521484 25600
1771002537941 22.026185989379883 30720
1771002555419 21.96921157836914 35840
1771002572878 21.973440170288086 40960
1771002590365 22.052249908447266 46080
1771002607803 21.974061965942383 51200
1771002625308 21.94906234741211 56320
1771002642834 21.972185134887695 61440
1771002660349 22.01414680480957 66560
1771002677822 21.984983444213867 71680
1771002695315 22.050369262695312 76800
1771002712857 22.1236515045166 81920
1771002730359 22.122596740722656 87040
1771002747846 22.18306541442871 92160
1771002765251 22.177593231201172 97280
1771002782769 22.155519485473633 102400
1771002800300 22.145309448242188 107520
1771002817947 22.160659790039062 112640
1771002835454 22.13921546936035 117760
1771002852942 22.160001754760742 122880
1771002870465 22.12300682067871 128000
1771002887959 22.13065528869629 133120
1771002905476 22.116628646850586 138240
1771002923039 22.148656845092773 143360
