1771002450070 27.156862258911133 5120
1771002467666 27.39797592163086 10240
1771002485374 26.586254119873047 15360
1771002502961 26.384153366088867 20480
1771002520450 26.591793060302734 25600
1771002537941 27.040477752685547 30720
1771002555419 27.054393768310547 35840
1771002572878 27.062496185302734 40960
1771002590365 27.179006576538086 46080
1771002607803 27.129379272460938 51200
1771002625308 27.128582000732422 56320
1771002642834 27.199674606323242 61440
1771002660349 27.260433197021484 66560
1771002677822 27.246723175048828 71680
1771002695315 27.328296661376953 76800
1771002712857 27.442609786987305 81920
1771002730359 27.43657684326172 87040
1771002747846 27.50311279296875 92160
1771002765251 27.51026725769043 97280
1771002782769 27.49498748779297 102400
1771002800300 27.510059356689453 107520
1771002817947 27.525461196899414 112640
1771002835454 27.51274299621582 117760
1771002852942 27.560197830200195 122880
1771002870465 27.528371810913086 128000
1771002887959 27.528560638427734 133120
1771002905476 27.516454696655273 138240
1771002923039 27.55728530883789 143360
