1771002450070 0.0 5120
1771002467666 0.0 10240
1771002485374 0.0 15360
1771002502961 0.0 20480
1771002520450 0.0 25600
1771002537941 0.0 30720
1771002555419 0.0 35840
1771002572878 0.0 40960
1771002590365 0.0 46080
1771002607803 0.0 51200
1771002625308 0.0 56320
1771002642834 0.0 61440
1771002660349 0.0 66560
1771002677822 0.0 71680
1771002695315 0.0 76800
1771002712857 0.0 81920
1771002730359 0.0 87040
1771002747846 0.0 92160
1771002765251 0.0 97280
1771002782769 0.0 102400
1771002800300 0.0 107520
1771002817947 0.0 112640
1771002835454 0.0 117760
1771002852942 0.0 122880
1771002870465 0.0 128000
1771002887959 0.0 133120
1771002905476 0.0 138240
1771002923039 0.0 143360
