1771002450070 1.1970587968826294 5120
1771002467666 1.1720070838928223 10240
1771002485374 1.1687959432601929 15360
1771002502961 1.1625263690948486 20480
1771002520450 1.1619980335235596 25600
1771002537941 1.1699844598770142 30720
1771002555419 1.1653324365615845 35840
1771002572878 1.1593081951141357 40960
1771002590365 1.161594271659851 46080
1771002607803 1.1563094854354858 51200
1771002625308 1.1550348997116089 56320
1771002642834 1.1566990613937378 61440
1771002660349 1.1568009853363037 66560
1771002677822 1.1555025577545166 71680
1771002695315 1.157410979270935 76800
1771002712857 1.1612402200698853 81920
1771002730359 1.159537672996521 87040
1771002747846 1.1609838008880615 92160
1771002765251 1.1607303619384766 97280
1771002782769 1.1588325500488281 102400
1771002800300 1.1591367721557617 107520
1771002817947 1.1594947576522827 112640
1771002835454 1.1581568717956543 117760
1771002852942 1.1600269079208374 122880
1771002870465 1.158912181854248 128000
1771002887959 1.1589800119400024 133120
1771002905476 1.1581177711486816 138240
1771002923039 1.1595890522003174 143360
