1771002450061 19.697534561157227 5120
1771002467656 15.059532165527344 10240
1771002485363 15.945444107055664 15360
1771002502950 13.903890609741211 20480
1771002520439 12.747013092041016 25600
1771002537931 12.832179069519043 30720
1771002555408 12.206724166870117 35840
1771002572867 12.021014213562012 40960
1771002590355 11.08653450012207 46080
1771002607792 11.112386703491211 51200
1771002625297 11.19338607788086 56320
1771002642822 11.278233528137207 61440
1771002660338 10.919146537780762 66560
1771002677809 10.609210968017578 71680
1771002695305 10.755069732666016 76800
1771002712846 11.121813774108887 81920
1771002730348 11.190828323364258 87040
1771002747835 11.182313919067383 92160
1771002765242 14.613103866577148 97280
1771002782758 11.66104507446289 102400
1771002800291 13.381190299987793 107520
1771002817935 11.822696685791016 112640
1771002835442 14.5963716506958 117760
1771002852931 13.169166564941406 122880
1771002870453 13.345601081848145 128000
1771002887947 12.996496200561523 133120
1771002905464 11.72028636932373 138240
1771002923027 12.548974990844727 143360
