1771002450070 1.1288514137268066 5120
1771002467666 1.1672412157058716 10240
1771002485374 0.9754100441932678 15360
1771002502961 0.9201425909996033 20480
1771002520450 0.9454440474510193 25600
1771002537941 0.9839169979095459 30720
1771002555419 1.0130635499954224 35840
1771002572878 1.015998125076294 40960
1771002590365 1.0284149646759033 46080
1771002607803 1.0338201522827148 51200
1771002625308 1.0421353578567505 56320
1771002642834 1.053352952003479 61440
1771002660349 1.0571165084838867 66560
1771002677822 1.0561599731445312 71680
1771002695315 1.0596251487731934 76800
1771002712857 1.0713763236999512 81920
1771002730359 1.0732429027557373 87040
1771002747846 1.0747041702270508 92160
1771002765251 1.0763136148452759 97280
1771002782769 1.0759488344192505 102400
1771002800300 1.0823062658309937 107520
1771002817947 1.08223557472229 112640
1771002835454 1.0829652547836304 117760
1771002852942 1.0886409282684326 122880
1771002870465 1.089768409729004 128000
1771002887959 1.0904185771942139 133120
1771002905476 1.0910364389419556 138240
1771002923039 1.0931040048599243 143360
