1771002450070 1.7863582372665405 5120
1771002467666 1.808670163154602 10240
1771002485374 1.3087928295135498 15360
1771002502961 1.1496607065200806 20480
1771002520450 1.2164373397827148 25600
1771002537941 1.2760530710220337 30720
1771002555419 1.3380786180496216 35840
1771002572878 1.3463358879089355 40960
1771002590365 1.3668161630630493 46080
1771002607803 1.3898179531097412 51200
1771002625308 1.4121880531311035 56320
1771002642834 1.4323866367340088 61440
1771002660349 1.4357216358184814 66560
1771002677822 1.4409500360488892 71680
1771002695315 1.4451228380203247 76800
1771002712857 1.467835783958435 81920
1771002730359 1.4713430404663086 87040
1771002747846 1.470035433769226 92160
1771002765251 1.4728976488113403 97280
1771002782769 1.4721111059188843 102400
1771002800300 1.486586570739746 107520
1771002817947 1.4889153242111206 112640
1771002835454 1.493456244468689 117760
1771002852942 1.5034868717193604 122880
1771002870465 1.5102239847183228 128000
1771002887959 1.5108205080032349 133120
1771002905476 1.5114399194717407 138240
1771002923039 1.5166211128234863 143360
