1769375107514 0.08092927932739258 5120
1769375115356 0.08148091286420822 10240
1769375124381 0.08200549334287643 15360
1769375132582 0.08362678438425064 20480
1769375140404 0.08181121200323105 25600
1769375148354 0.08168711513280869 30720
1769375156781 0.0821509063243866 35840
1769375165096 0.0816292017698288 40960
1769375174009 0.08138000220060349 46080
1769375182533 0.08159580826759338 51200
1769375191112 0.08147002011537552 56320
1769375207452 0.08079802244901657 61440
1769375223649 0.0817120298743248 66560
1769375240261 0.08211185783147812 71680
1769375257892 0.0820644199848175 76800
1769375272987 0.0817309021949768 81920
1769375283911 0.08235931396484375 87040
1769375294157 0.08152729272842407 92160
1769375304560 0.08161349594593048 97280
1769375314488 0.08151791244745255 102400
1769375324508 0.08164938539266586 107520
1769375335071 0.08155109733343124 112640
1769375346127 0.08165492862462997 117760
1769375354913 0.08173287659883499 122880
1769375367840 0.08181019127368927 128000
1769375376679 0.08160620927810669 133120
1769375385326 0.0815076008439064 138240
1769375393642 0.08139492571353912 143360
1769375402488 0.0814543217420578 148480
1769375411519 0.08139985799789429 153600
1769375421807 0.08135882019996643 158720
1769375430471 0.08153489977121353 163840
1769375439279 0.08153139054775238 168960
1769375448508 0.08165673911571503 174080
1769375456928 0.08135626465082169 179200
1769375466679 0.0816970020532608 184320
1769375475954 0.08175326138734818 189440
1769375484611 0.08177119493484497 194560
1769375493380 0.08168451488018036 199680
1769375502828 0.08167511969804764 204800
1769375511134 0.08165720105171204 209920
1769375520018 0.0819305032491684 215040
1769375528928 0.08194905519485474 220160
1769375538240 0.08192892372608185 225280
1769375546961 0.08179248869419098 230400
1769375555861 0.08188193291425705 235520
1769375564696 0.08211192488670349 240640
1769375573574 0.08207906782627106 245760
1769375582091 0.08200405538082123 250880
1769375592262 0.08193572610616684 256000
1769375601468 0.08188436180353165 261120
1769375610091 0.0817994549870491 266240
1769375618468 0.08178847283124924 271360
1769375627042 0.08175268769264221 276480
1769375635202 0.0815976932644844 281600
1769375643558 0.08157134056091309 286720
1769375651777 0.08156187832355499 291840
1769375660013 0.08136588335037231 296960
1769375663302 0.08136045932769775 300032
