1769375107514 22.80311393737793 5120
1769375115356 23.117229461669922 10240
1769375124381 23.203752517700195 15360
1769375132582 23.213706970214844 20480
1769375140404 22.966278076171875 25600
1769375148354 22.902708053588867 30720
1769375156781 22.84589195251465 35840
1769375165096 22.788387298583984 40960
1769375174009 22.86189842224121 46080
1769375182533 22.889890670776367 51200
1769375191112 22.803918838500977 56320
1769375207452 22.710979461669922 61440
1769375223649 22.771013259887695 66560
1769375240261 22.780881881713867 71680
1769375257892 22.754119873046875 76800
1769375272987 22.688913345336914 81920
1769375283911 22.77654457092285 87040
1769375294157 22.720272064208984 92160
1769375304560 22.73682975769043 97280
1769375314488 22.72147560119629 102400
1769375324508 22.721506118774414 107520
1769375335071 22.690601348876953 112640
1769375346127 22.718494415283203 117760
1769375354913 22.71759033203125 122880
1769375367840 22.723834991455078 128000
1769375376679 22.706661224365234 133120
1769375385326 22.672128677368164 138240
1769375393642 22.684001922607422 143360
1769375402488 22.679235458374023 148480
1769375411519 22.6484317779541 153600
1769375421807 22.639739990234375 158720
1769375430471 22.69408416748047 163840
1769375439279 22.684368133544922 168960
1769375448508 22.701814651489258 174080
1769375456928 22.670169830322266 179200
1769375466679 22.69940948486328 184320
1769375475954 22.692087173461914 189440
1769375484611 22.706857681274414 194560
1769375493380 22.73455810546875 199680
1769375502828 22.738567352294922 204800
1769375511134 22.738414764404297 209920
1769375520018 22.781850814819336 215040
1769375528928 22.764366149902344 220160
1769375538240 22.78132438659668 225280
1769375546961 22.754701614379883 230400
1769375555861 22.75411605834961 235520
1769375564696 22.766630172729492 240640
1769375573574 22.77067756652832 245760
1769375582091 22.76044273376465 250880
1769375592262 22.763442993164062 256000
1769375601468 22.765945434570312 261120
1769375610091 22.76970863342285 266240
1769375618468 22.78313636779785 271360
1769375627042 22.7796573638916 276480
1769375635202 22.759443283081055 281600
1769375643558 22.74124526977539 286720
1769375651777 22.748672485351562 291840
1769375660013 22.711956024169922 296960
1769375663302 22.708410263061523 300032
