1769375107514 0.0 5120
1769375115356 0.0 10240
1769375124381 0.0 15360
1769375132582 0.0 20480
1769375140404 0.0 25600
1769375148354 0.0 30720
1769375156781 0.0 35840
1769375165096 0.0 40960
1769375174009 0.0 46080
1769375182533 0.0 51200
1769375191112 0.0 56320
1769375207452 0.0 61440
1769375223649 0.0 66560
1769375240261 0.0 71680
1769375257892 0.0 76800
1769375272987 0.0 81920
1769375283911 0.0 87040
1769375294157 0.0 92160
1769375304560 0.0 97280
1769375314488 0.0 102400
1769375324508 0.0 107520
1769375335071 0.0 112640
1769375346127 0.0 117760
1769375354913 0.0 122880
1769375367840 0.0 128000
1769375376679 0.0 133120
1769375385326 0.0 138240
1769375393642 0.0 143360
1769375402488 0.0 148480
1769375411519 0.0 153600
1769375421807 0.0 158720
1769375430471 0.0 163840
1769375439279 0.0 168960
1769375448508 0.0 174080
1769375456928 0.0 179200
1769375466679 0.0 184320
1769375475954 0.0 189440
1769375484611 0.0 194560
1769375493380 0.0 199680
1769375502828 0.0 204800
1769375511134 0.0 209920
1769375520018 0.0 215040
1769375528928 0.0 220160
1769375538240 0.0 225280
1769375546961 0.0 230400
1769375555861 0.0 235520
1769375564696 0.0 240640
1769375573574 0.0 245760
1769375582091 0.0 250880
1769375592262 0.0 256000
1769375601468 0.0 261120
1769375610091 0.0 266240
1769375618468 0.0 271360
1769375627042 0.0 276480
1769375635202 0.0 281600
1769375643558 0.0 286720
1769375651777 0.0 291840
1769375660013 0.0 296960
1769375663302 0.0 300032
