1769375107514 1.1281052827835083 5120
1769375115356 1.1519572734832764 10240
1769375124381 1.1599032878875732 15360
1769375132582 1.1587395668029785 20480
1769375140404 1.1551364660263062 25600
1769375148354 1.1544932126998901 30720
1769375156781 1.1509828567504883 35840
1769375165096 1.1500658988952637 40960
1769375174009 1.1514906883239746 46080
1769375182533 1.1523784399032593 51200
1769375191112 1.1501927375793457 56320
1769375207452 1.1468722820281982 61440
1769375223649 1.1504215002059937 66560
1769375240261 1.1503791809082031 71680
1769375257892 1.1486622095108032 76800
1769375272987 1.1467032432556152 81920
1769375283911 1.1493144035339355 87040
1769375294157 1.1474353075027466 92160
1769375304560 1.1477397680282593 97280
1769375314488 1.1467747688293457 102400
1769375324508 1.1467622518539429 107520
1769375335071 1.145734190940857 112640
1769375346127 1.1464488506317139 117760
1769375354913 1.1470577716827393 122880
1769375367840 1.1477338075637817 128000
1769375376679 1.1471569538116455 133120
1769375385326 1.1450802087783813 138240
1769375393642 1.1450364589691162 143360
1769375402488 1.1446064710617065 148480
1769375411519 1.1432132720947266 153600
1769375421807 1.1432263851165771 158720
1769375430471 1.146275520324707 163840
1769375439279 1.1455386877059937 168960
1769375448508 1.1467446088790894 174080
1769375456928 1.146071195602417 179200
1769375466679 1.1474595069885254 184320
1769375475954 1.1470075845718384 189440
1769375484611 1.1480951309204102 194560
1769375493380 1.1487263441085815 199680
1769375502828 1.1490012407302856 204800
1769375511134 1.1487351655960083 209920
1769375520018 1.1503064632415771 215040
1769375528928 1.1492847204208374 220160
1769375538240 1.149803876876831 225280
1769375546961 1.149242877960205 230400
1769375555861 1.149433970451355 235520
1769375564696 1.14943528175354 240640
1769375573574 1.1493078470230103 245760
1769375582091 1.1486623287200928 250880
1769375592262 1.1489012241363525 256000
1769375601468 1.1494368314743042 261120
1769375610091 1.149765968322754 266240
1769375618468 1.1502221822738647 271360
1769375627042 1.1502089500427246 276480
1769375635202 1.149458646774292 281600
1769375643558 1.1485795974731445 286720
1769375651777 1.148810863494873 291840
1769375660013 1.1473898887634277 296960
1769375663302 1.1474335193634033 300032
