1769375107508 -3.229567289352417 5120
1769375115349 -3.7689449787139893 10240
1769375124372 -3.7540392875671387 15360
1769375132574 -3.970210313796997 20480
1769375140398 -3.9150211811065674 25600
1769375148345 -3.8440539836883545 30720
1769375156771 -3.8933327198028564 35840
1769375165086 -3.774411678314209 40960
1769375174003 -3.9181969165802 46080
1769375182527 -3.874387264251709 51200
1769375191104 -3.7529537677764893 56320
1769375207436 -3.1878609657287598 61440
1769375223631 -2.9600465297698975 66560
1769375240244 -2.8027355670928955 71680
1769375257874 -2.8257603645324707 76800
1769375272974 -2.742687702178955 81920
1769375283903 -2.6456716060638428 87040
1769375294146 -2.647439479827881 92160
1769375304553 -2.59212064743042 97280
1769375314477 -2.5407471656799316 102400
1769375324500 -2.520399570465088 107520
1769375335060 -2.502265453338623 112640
1769375346120 -2.462007522583008 117760
1769375354900 -2.4762485027313232 122880
1769375367830 -2.2823104858398438 128000
1769375376667 -2.2803854942321777 133120
1769375385314 -2.0901565551757812 138240
1769375393635 -1.8687667846679688 143360
1769375402481 -1.6787536144256592 148480
1769375411507 -1.6454789638519287 153600
1769375421799 -1.5744775533676147 158720
1769375430463 -1.5365015268325806 163840
1769375439271 -0.9168890118598938 168960
1769375448501 -0.693717896938324 174080
1769375456920 -0.7866910696029663 179200
1769375466670 -0.6417461633682251 184320
1769375475947 -0.5731990933418274 189440
1769375484603 -0.6132540702819824 194560
1769375493368 0.300386905670166 199680
1769375502820 0.9233161211013794 204800
1769375511123 0.757085919380188 209920
1769375520010 0.9034720659255981 215040
1769375528913 0.8480520248413086 220160
1769375538231 0.753287136554718 225280
1769375546952 0.8370270729064941 230400
1769375555846 0.8389581441879272 235520
1769375564686 0.7226864099502563 240640
1769375573562 0.8784497976303101 245760
1769375582081 0.9418571591377258 250880
1769375592244 0.9435065984725952 256000
1769375601455 0.7962114810943604 261120
1769375610078 1.139716625213623 266240
1769375618460 1.1214351654052734 271360
1769375627030 1.0620123147964478 276480
1769375635193 1.1009585857391357 281600
1769375643549 1.048254132270813 286720
1769375651764 0.9802286028862 291840
1769375660004 1.0679688453674316 296960
1769375663292 1.2427358627319336 300032
