1769375107508 20.34598731994629 5120
1769375115349 14.22107219696045 10240
1769375124372 13.632863998413086 15360
1769375132574 13.564379692077637 20480
1769375140398 13.307121276855469 25600
1769375148345 12.544228553771973 30720
1769375156771 12.505047798156738 35840
1769375165086 12.35380744934082 40960
1769375174003 12.458185195922852 46080
1769375182527 13.141654968261719 51200
1769375191104 12.736532211303711 56320
1769375207436 13.118650436401367 61440
1769375223631 12.380691528320312 66560
1769375240244 11.614039421081543 71680
1769375257874 13.250017166137695 76800
1769375272974 12.345996856689453 81920
1769375283903 12.19590950012207 87040
1769375294146 13.273160934448242 92160
1769375304553 12.723041534423828 97280
1769375314477 12.793107986450195 102400
1769375324500 13.232095718383789 107520
1769375335060 13.196743965148926 112640
1769375346120 12.985064506530762 117760
1769375354900 13.124448776245117 122880
1769375367830 12.361686706542969 128000
1769375376667 12.1157865524292 133120
1769375385314 12.532588005065918 138240
1769375393635 12.384382247924805 143360
1769375402481 11.85982608795166 148480
1769375411507 12.357641220092773 153600
1769375421799 11.882225036621094 158720
1769375430463 12.345190048217773 163840
1769375439271 12.645364761352539 168960
1769375448501 12.074064254760742 174080
1769375456920 12.480936050415039 179200
1769375466670 13.044209480285645 184320
1769375475947 12.577553749084473 189440
1769375484603 13.732658386230469 194560
1769375493368 13.237586975097656 199680
1769375502820 14.214675903320312 204800
1769375511123 14.08221435546875 209920
1769375520010 12.876192092895508 215040
1769375528913 13.182840347290039 220160
1769375538231 12.932476997375488 225280
1769375546952 12.527372360229492 230400
1769375555846 12.319193840026855 235520
1769375564686 12.214381217956543 240640
1769375573562 12.551836013793945 245760
1769375582081 12.974435806274414 250880
1769375592244 12.395151138305664 256000
1769375601455 12.65009593963623 261120
1769375610078 12.634661674499512 266240
1769375618460 12.955514907836914 271360
1769375627030 13.06689453125 276480
1769375635193 12.79049301147461 281600
1769375643549 12.603002548217773 286720
1769375651764 12.68785285949707 291840
1769375660004 12.912870407104492 296960
1769375663292 12.143291473388672 300032
