1769375107514 1.0213199853897095 5120
1769375115356 1.0499331951141357 10240
1769375124381 1.049534559249878 15360
1769375132582 1.0521609783172607 20480
1769375140404 1.0318999290466309 25600
1769375148354 1.0313193798065186 30720
1769375156781 1.0316976308822632 35840
1769375165096 1.0240195989608765 40960
1769375174009 1.021402359008789 46080
1769375182533 1.0263762474060059 51200
1769375191112 1.0230153799057007 56320
1769375207452 1.01670503616333 61440
1769375223649 1.0225456953048706 66560
1769375240261 1.0251835584640503 71680
1769375257892 1.0248191356658936 76800
1769375272987 1.0202115774154663 81920
1769375283911 1.0266807079315186 87040
1769375294157 1.0215506553649902 92160
1769375304560 1.0226266384124756 97280
1769375314488 1.0211365222930908 102400
1769375324508 1.0227386951446533 107520
1769375335071 1.0210984945297241 112640
1769375346127 1.0211371183395386 117760
1769375354913 1.021497130393982 122880
1769375367840 1.0223039388656616 128000
1769375376679 1.0205711126327515 133120
1769375385326 1.020187258720398 138240
1769375393642 1.0205967426300049 143360
1769375402488 1.0213842391967773 148480
1769375411519 1.0211275815963745 153600
1769375421807 1.0206488370895386 158720
1769375430471 1.0223041772842407 163840
1769375439279 1.0218614339828491 168960
1769375448508 1.0226296186447144 174080
1769375456928 1.0203840732574463 179200
1769375466679 1.0228022336959839 184320
1769375475954 1.0231776237487793 189440
1769375484611 1.0230656862258911 194560
1769375493380 1.023176908493042 199680
1769375502828 1.0230556726455688 204800
1769375511134 1.0221080780029297 209920
1769375520018 1.0242798328399658 215040
1769375528928 1.024102807044983 220160
1769375538240 1.0243209600448608 225280
1769375546961 1.022876501083374 230400
1769375555861 1.0234519243240356 235520
1769375564696 1.0259188413619995 240640
1769375573574 1.0259788036346436 245760
1769375582091 1.0249757766723633 250880
1769375592262 1.024972915649414 256000
1769375601468 1.0254027843475342 261120
1769375610091 1.025900959968567 266240
1769375618468 1.0263088941574097 271360
1769375627042 1.025417447090149 276480
1769375635202 1.0245280265808105 281600
1769375643558 1.0235987901687622 286720
1769375651777 1.0242390632629395 291840
1769375660013 1.0217797756195068 296960
1769375663302 1.021885871887207 300032
