1769375107508 385.3996140770008 5120
1769375115349 426.25040650406504 10240
1769375124372 333.94140127388533 15360
1769375132574 399.8383222116301 20480
1769375140398 410.7632944863383 25600
1769375148345 196.601856191994 30720
1769375156771 271.23021210553543 35840
1769375165086 455.7539932630664 40960
1769375174003 530.454533957253 46080
1769375182527 230.82406031588795 51200
1769375191104 524.288 56320
1769375207436 150.62500897795016 61440
1769375223631 262.94928217666603 66560
1769375240244 363.2060962937305 71680
1769375257874 336.18980442449504 76800
1769375272974 96.24819863233742 81920
1769375283903 401.3688038277512 87040
1769375294146 282.55887900835353 92160
1769375304553 482.4921200966295 97280
1769375314477 350.1673067290032 102400
1769375324500 396.1375141669815 107520
1769375335060 396.77457194210575 112640
1769375346120 389.95016734845666 117760
1769375354900 233.15937517371728 122880
1769375367830 273.2979735453183 128000
1769375376667 189.77892403058686 133120
1769375385314 368.6004042534493 138240
1769375393635 530.1193124368049 143360
1769375402481 506.5584541062802 148480
1769375411507 229.0092274092274 153600
1769375421799 439.42420115243584 158720
1769375430463 498.0175730230349 163840
1769375439271 118.24933746828306 168960
1769375448501 328.707210031348 174080
1769375456920 484.3866497286061 179200
1769375466670 455.16049918610963 184320
1769375475947 524.68151113335 189440
1769375484603 270.72251984767314 194560
1769375493368 255.0504104591061 199680
1769375502820 442.48380630868235 204800
1769375511123 392.83544066685397 209920
1769375520010 461.3688263117369 215040
1769375528913 326.9137957911146 220160
1769375538231 182.32140838948055 225280
1769375546952 459.2974156811213 230400
1769375555846 336.4055181264036 235520
1769375564686 352.22573060127644 240640
1769375573562 455.60547469041927 245760
1769375582081 448.92475650219416 250880
1769375592244 326.0750991215113 256000
1769375601455 211.35318720080625 261120
1769375610078 255.45429076070405 266240
1769375618460 146.89024304825944 271360
1769375627030 232.05001383125864 276480
1769375635193 300.5376898824878 281600
1769375643549 285.6571545324525 286720
1769375651764 264.7752035856322 291840
1769375660004 456.6471420794774 296960
1769375663292 450.6128061882252 300032
