1769375107514 1.985323190689087 5120
1769375115356 2.0267534255981445 10240
1769375124381 2.0465621948242188 15360
1769375132582 2.0808138847351074 20480
1769375140404 2.0491414070129395 25600
1769375148354 2.0516648292541504 30720
1769375156781 2.0661556720733643 35840
1769375165096 2.054584503173828 40960
1769375174009 2.0435779094696045 46080
1769375182533 2.048447847366333 51200
1769375191112 2.049304485321045 56320
1769375207452 2.035660743713379 61440
1769375223649 2.058774948120117 66560
1769375240261 2.0677449703216553 71680
1769375257892 2.0665364265441895 76800
1769375272987 2.0621731281280518 81920
1769375283911 2.0755889415740967 87040
1769375294157 2.0572683811187744 92160
1769375304560 2.058906316757202 97280
1769375314488 2.0558764934539795 102400
1769375324508 2.0578978061676025 107520
1769375335071 2.0554039478302 112640
1769375346127 2.0567479133605957 117760
1769375354913 2.060133457183838 122880
1769375367840 2.062931776046753 128000
1769375376679 2.057992696762085 133120
1769375385326 2.0557031631469727 138240
1769375393642 2.0518462657928467 143360
1769375402488 2.052617311477661 148480
1769375411519 2.0512938499450684 153600
1769375421807 2.0503363609313965 158720
1769375430471 2.056138038635254 163840
1769375439279 2.0556981563568115 168960
1769375448508 2.0592880249023438 174080
1769375456928 2.053004503250122 179200
1769375466679 2.06099009513855 184320
1769375475954 2.06245756149292 189440
1769375484611 2.064047336578369 194560
1769375493380 2.0623393058776855 199680
1769375502828 2.0624196529388428 204800
1769375511134 2.0612356662750244 209920
1769375520018 2.0674948692321777 215040
1769375528928 2.067345142364502 220160
1769375538240 2.0658633708953857 225280
1769375546961 2.063420534133911 230400
1769375555861 2.0652661323547363 235520
1769375564696 2.0703728199005127 240640
1769375573574 2.069420576095581 245760
1769375582091 2.0673482418060303 250880
1769375592262 2.065800905227661 256000
1769375601468 2.065261125564575 261120
1769375610091 2.0625269412994385 266240
1769375618468 2.0622332096099854 271360
1769375627042 2.0610907077789307 276480
1769375635202 2.0576162338256836 281600
1769375643558 2.0567591190338135 286720
1769375651777 2.0565125942230225 291840
1769375660013 2.0523955821990967 296960
1769375663302 2.0528862476348877 300032
