1770950289944 20.365957260131836 5120
1770950324497 21.2368106842041 10240
1770950359041 21.696447372436523 15360
1770950393618 21.7263240814209 20480
1770950428209 21.603757858276367 25600
1770950462786 21.667570114135742 30720
1770950497367 21.746084213256836 35840
1770950531937 21.868452072143555 40960
1770950566544 21.904388427734375 46080
1770950601304 21.737905502319336 51200
1770950636020 21.427223205566406 56320
1770950670804 21.185468673706055 61440
1770950705425 20.974533081054688 66560
1770950739995 20.756023406982422 71680
1770950774728 20.586137771606445 76800
1770950809388 20.446584701538086 81920
1770950843975 20.21254539489746 87040
1770950878679 19.977041244506836 92160
1770950913577 19.670618057250977 97280
1770950948217 19.365434646606445 102400
1770950982831 19.11797332763672 107520
1770951017328 18.84504508972168 112640
1770951051906 18.587417602539062 117760
1770951086313 18.340415954589844 122880
1770951120874 18.121213912963867 128000
1770951155424 17.936260223388672 133120
1770951189915 17.763870239257812 138240
1770951224474 17.579471588134766 143360
1770951259044 17.378402709960938 148480
1770951293605 17.17608070373535 153600
1770951328072 17.007347106933594 158720
1770951362578 16.824600219726562 163840
1770951397126 16.62700843811035 168960
1770951431584 16.409526824951172 174080
1770951466117 16.186933517456055 179200
1770951500595 15.999113082885742 184320
1770951535552 15.80229377746582 189440
1770951570062 15.636979103088379 194560
1770951604497 15.417491912841797 199680
1770951639052 15.220503807067871 204800
1770951673635 15.016247749328613 209920
1770951708220 14.797271728515625 215040
1770951742700 14.612861633300781 220160
1770951777272 14.445364952087402 225280
1770951811854 14.268733024597168 230400
1770951846462 14.0822172164917 235520
1770951881051 13.915303230285645 240640
1770951915613 13.807120323181152 245760
1770951950212 13.636040687561035 250880
1770951984671 13.467315673828125 256000
1770952019204 13.335941314697266 261120
1770952053789 13.221014022827148 266240
1770952088378 13.10633373260498 271360
1770952122967 12.978418350219727 276480
1770952157621 12.866937637329102 281600
1770952192241 12.75544548034668 286720
1770952226835 12.627209663391113 291840
1770952261452 12.508565902709961 296960
1770952275323 12.457871437072754 300032
