1770950289944 0.06976526230573654 5120
1770950324497 0.07097835838794708 10240
1770950359041 0.07259964942932129 15360
1770950393618 0.07168617844581604 20480
1770950428209 0.07077004015445709 25600
1770950462786 0.07202791422605515 30720
1770950497367 0.07587189972400665 35840
1770950531937 0.07486476004123688 40960
1770950566544 0.07437795400619507 46080
1770950601304 0.07834891229867935 51200
1770950636020 0.08263473212718964 56320
1770950670804 0.08668394386768341 61440
1770950705425 0.08996878564357758 66560
1770950739995 0.09248041361570358 71680
1770950774728 0.09440038353204727 76800
1770950809388 0.09759659320116043 81920
1770950843975 0.10088387131690979 87040
1770950878679 0.10512567311525345 92160
1770950913577 0.10849766433238983 97280
1770950948217 0.11087298393249512 102400
1770950982831 0.11314654350280762 107520
1770951017328 0.11551642417907715 112640
1770951051906 0.11703026294708252 117760
1770951086313 0.11847436428070068 122880
1770951120874 0.12050437927246094 128000
1770951155424 0.12214986234903336 133120
1770951189915 0.12325093895196915 138240
1770951224474 0.12433968484401703 143360
1770951259044 0.1256253719329834 148480
1770951293605 0.12692613899707794 153600
1770951328072 0.12822183966636658 158720
1770951362578 0.12918639183044434 163840
1770951397126 0.13028398156166077 168960
1770951431584 0.13189640641212463 174080
1770951466117 0.13295604288578033 179200
1770951500595 0.13385127484798431 184320
1770951535552 0.13503925502300262 189440
1770951570062 0.136957585811615 194560
1770951604497 0.13841374218463898 199680
1770951639052 0.13996842503547668 204800
1770951673635 0.14113180339336395 209920
1770951708220 0.14219604432582855 215040
1770951742700 0.14283953607082367 220160
1770951777272 0.14334805309772491 225280
1770951811854 0.1436721682548523 230400
1770951846462 0.14323288202285767 235520
1770951881051 0.14238904416561127 240640
1770951915613 0.1415090262889862 245760
1770951950212 0.14089086651802063 250880
1770951984671 0.1400119662284851 256000
1770952019204 0.13968461751937866 261120
1770952053789 0.13968592882156372 266240
1770952088378 0.13976779580116272 271360
1770952122967 0.13925424218177795 276480
1770952157621 0.13907602429389954 281600
1770952192241 0.13881485164165497 286720
1770952226835 0.13822418451309204 291840
1770952261452 0.13772399723529816 296960
1770952275323 0.13751086592674255 300032
