1770950289944 26.063100814819336 5120
1770950324497 26.83466911315918 10240
1770950359041 27.290449142456055 15360
1770950393618 27.285167694091797 20480
1770950428209 27.102108001708984 25600
1770950462786 27.209259033203125 30720
1770950497367 27.471128463745117 35840
1770950531937 27.550365447998047 40960
1770950566544 27.55513572692871 46080
1770950601304 27.57286834716797 51200
1770950636020 27.45960235595703 56320
1770950670804 27.397647857666016 61440
1770950705425 27.318025588989258 66560
1770950739995 27.20648765563965 71680
1770950774728 27.14426040649414 76800
1770950809388 27.153663635253906 81920
1770950843975 27.064668655395508 87040
1770950878679 26.996938705444336 92160
1770950913577 26.842300415039062 97280
1770950948217 26.64400291442871 102400
1770950982831 26.510427474975586 107520
1770951017328 26.336196899414062 112640
1770951051906 26.165693283081055 117760
1770951086313 25.986671447753906 122880
1770951120874 25.863162994384766 128000
1770951155424 25.756147384643555 133120
1770951189915 25.643285751342773 138240
1770951224474 25.52259635925293 143360
1770951259044 25.38251304626465 148480
1770951293605 25.259536743164062 153600
1770951328072 25.14832878112793 158720
1770951362578 25.032882690429688 163840
1770951397126 24.905790328979492 168960
1770951431584 24.777738571166992 174080
1770951466117 24.622493743896484 179200
1770951500595 24.505809783935547 184320
1770951535552 24.384075164794922 189440
1770951570062 24.334877014160156 194560
1770951604497 24.210161209106445 199680
1770951639052 24.114511489868164 204800
1770951673635 23.992116928100586 209920
1770951708220 23.853260040283203 215040
1770951742700 23.730192184448242 220160
1770951777272 23.61792755126953 225280
1770951811854 23.48648452758789 230400
1770951846462 23.307140350341797 235520
1770951881051 23.12822914123535 240640
1770951915613 23.00372886657715 245760
1770951950212 22.834400177001953 250880
1770951984671 22.647785186767578 256000
1770952019204 22.525266647338867 261120
1770952053789 22.44419288635254 266240
1770952088378 22.34423065185547 271360
1770952122967 22.20887565612793 276480
1770952157621 22.106210708618164 281600
1770952192241 21.99921226501465 286720
1770952226835 21.86100959777832 291840
1770952261452 21.733736038208008 296960
1770952275323 21.67969512939453 300032
