1770950289944 1.2071330547332764 5120
1770950324497 1.1887389421463013 10240
1770950359041 1.185329556465149 15360
1770950393618 1.1796934604644775 20480
1770950428209 1.165893793106079 25600
1770950462786 1.1683998107910156 30720
1770950497367 1.1744980812072754 35840
1770950531937 1.1746346950531006 40960
1770950566544 1.17319655418396 46080
1770950601304 1.1749730110168457 51200
1770950636020 1.1736960411071777 56320
1770950670804 1.1764518022537231 61440
1770950705425 1.1779155731201172 66560
1770950739995 1.174774169921875 71680
1770950774728 1.1761958599090576 76800
1770950809388 1.1795597076416016 81920
1770950843975 1.1793150901794434 87040
1770950878679 1.178807258605957 92160
1770950913577 1.1772514581680298 97280
1770950948217 1.1754286289215088 102400
1770950982831 1.1769241094589233 107520
1770951017328 1.1753782033920288 112640
1770951051906 1.173986554145813 117760
1770951086313 1.170912742614746 122880
1770951120874 1.1702741384506226 128000
1770951155424 1.1704365015029907 133120
1770951189915 1.1691608428955078 138240
1770951224474 1.1685017347335815 143360
1770951259044 1.1666978597640991 148480
1770951293605 1.1661335229873657 153600
1770951328072 1.1651791334152222 158720
1770951362578 1.1651887893676758 163840
1770951397126 1.1640493869781494 168960
1770951431584 1.1628459692001343 174080
1770951466117 1.160850167274475 179200
1770951500595 1.160967469215393 184320
1770951535552 1.1601494550704956 189440
1770951570062 1.1618164777755737 194560
1770951604497 1.1610056161880493 199680
1770951639052 1.1614652872085571 204800
1770951673635 1.1606062650680542 209920
1770951708220 1.1595982313156128 215040
1770951742700 1.159471035003662 220160
1770951777272 1.1595607995986938 225280
1770951811854 1.1586816310882568 230400
1770951846462 1.1574450731277466 235520
1770951881051 1.1566126346588135 240640
1770951915613 1.157677412033081 245760
1770951950212 1.1566379070281982 250880
1770951984671 1.1541975736618042 256000
1770952019204 1.154552936553955 261120
1770952053789 1.155678629875183 266240
1770952088378 1.1552655696868896 271360
1770952122967 1.1538605690002441 276480
1770952157621 1.1529868841171265 281600
1770952192241 1.1524039506912231 286720
1770952226835 1.1503186225891113 291840
1770952261452 1.148989200592041 296960
1770952275323 1.1485886573791504 300032
