1770950289944 0.27101704478263855 5120
1770950324497 0.2686630189418793 10240
1770950359041 0.270088791847229 15360
1770950393618 0.26726874709129333 20480
1770950428209 0.26358386874198914 25600
1770950462786 0.26625022292137146 30720
1770950497367 0.27429771423339844 35840
1770950531937 0.27248597145080566 40960
1770950566544 0.2713695466518402 46080
1770950601304 0.27982187271118164 51200
1770950636020 0.2884025275707245 56320
1770950670804 0.29752472043037415 61440
1770950705425 0.3050803244113922 66560
1770950739995 0.3102250397205353 71680
1770950774728 0.3146376609802246 76800
1770950809388 0.3218054175376892 81920
1770950843975 0.3291551172733307 87040
1770950878679 0.3382207751274109 92160
1770950913577 0.34569719433784485 97280
1770950948217 0.3518008887767792 102400
1770950982831 0.3582296669483185 107520
1770951017328 0.36391931772232056 112640
1770951051906 0.36789143085479736 117760
1770951086313 0.3714704215526581 122880
1770951120874 0.37651723623275757 128000
1770951155424 0.3808750808238983 133120
1770951189915 0.3835533559322357 138240
1770951224474 0.38661572337150574 143360
1770951259044 0.3902575969696045 148480
1770951293605 0.39386165142059326 153600
1770951328072 0.39738884568214417 158720
1770951362578 0.40042003989219666 163840
1770951397126 0.40372729301452637 168960
1770951431584 0.40824463963508606 174080
1770951466117 0.4118185341358185 179200
1770951500595 0.41518232226371765 184320
1770951535552 0.4189259111881256 189440
1770951570062 0.4245440661907196 194560
1770951604497 0.4292616546154022 199680
1770951639052 0.4343547821044922 204800
1770951673635 0.43851399421691895 209920
1770951708220 0.44253411889076233 215040
1770951742700 0.4458390176296234 220160
1770951777272 0.4485354721546173 225280
1770951811854 0.45076408982276917 230400
1770951846462 0.45148980617523193 235520
1770951881051 0.4510315954685211 240640
1770951915613 0.4504889249801636 245760
1770951950212 0.45055344700813293 250880
1770951984671 0.449651837348938 256000
1770952019204 0.4504082202911377 261120
1770952053789 0.45151108503341675 266240
1770952088378 0.45265141129493713 271360
1770952122967 0.45230618119239807 276480
1770952157621 0.45274126529693604 281600
1770952192241 0.45310214161872864 286720
1770952226835 0.4525706470012665 291840
1770952261452 0.4524161219596863 296960
1770952275323 0.4523739814758301 300032
