1770950289935 123.73308159773438 5120
1770950324488 143.72914810499623 10240
1770950359032 138.7280545081696 15360
1770950393607 144.32262060422545 20480
1770950428199 139.93607580155472 25600
1770950462776 144.48668572806503 30720
1770950497356 142.47440470124664 35840
1770950531927 141.9728531293369 40960
1770950566534 126.5746446570299 46080
1770950601293 127.16563077949246 51200
1770950636009 135.57127157540887 56320
1770950670793 144.20849235000858 61440
1770950705414 131.072 66560
1770950739984 136.47557999544463 71680
1770950774717 136.50667187398295 76800
1770950809378 137.0508430270553 81920
1770950843964 133.9092012004342 87040
1770950878666 110.91640883247389 92160
1770950913566 132.1540109647741 97280
1770950948203 141.16056944771648 102400
1770950982821 128.86914308538422 107520
1770951017316 142.93565976008725 112640
1770951051895 145.14167070385494 117760
1770951086301 107.16978817998313 122880
1770951120860 94.29640287769784 128000
1770951155413 131.99597180261833 133120
1770951189903 136.0153062879009 138240
1770951224463 132.97942360736818 143360
1770951259033 138.19782537067545 148480
1770951293596 165.11057749084753 153600
1770951328061 135.91393389500973 158720
1770951362565 112.88666397523886 163840
1770951397115 145.26231211470528 168960
1770951431572 145.59511246875869 174080
1770951466105 144.62618530395503 179200
1770951500583 145.03627373007365 184320
1770951535540 139.76354548483837 189440
1770951570050 136.75591783501793 194560
1770951604484 145.72663470224447 199680
1770951639040 145.2824385174922 204800
1770951673623 146.7463438527745 209920
1770951708207 136.36021977307453 215040
1770951742687 146.33675249459213 220160
1770951777258 146.51566702763125 225280
1770951811842 147.4634883802693 230400
1770951846450 137.58582909627685 235520
1770951881039 139.89406977519846 240640
1770951915600 147.55167804122985 245760
1770951950199 140.09031396125584 250880
1770951984660 177.52916278676034 256000
1770952019190 139.08226945651091 261120
1770952053775 140.37631781518792 266240
1770952088364 138.74641085014886 271360
1770952122952 138.97167091878995 276480
1770952157607 141.93922165820643 281600
1770952192227 144.94104637500863 286720
1770952226821 146.04631080469375 291840
1770952261439 142.92591835343828 296960
1770952275309 129.1946403819498 300032
