1770950289944 1.6332168579101562 5120
1770950324497 1.593266248703003 10240
1770950359041 1.6013078689575195 15360
1770950393618 1.5774961709976196 20480
1770950428209 1.5473638772964478 25600
1770950462786 1.5744038820266724 30720
1770950497367 1.6511225700378418 35840
1770950531937 1.6264594793319702 40960
1770950566544 1.6145509481430054 46080
1770950601304 1.7041598558425903 51200
1770950636020 1.802949070930481 56320
1770950670804 1.901188850402832 61440
1770950705425 1.981995940208435 66560
1770950739995 2.043175220489502 71680
1770950774728 2.092331647872925 76800
1770950809388 2.1690335273742676 81920
1770950843975 2.251230239868164 87040
1770950878679 2.351287841796875 92160
1770950913577 2.4385135173797607 97280
1770950948217 2.509971857070923 102400
1770950982831 2.5822086334228516 107520
1770951017328 2.6495275497436523 112640
1770951051906 2.6995394229888916 117760
1770951086313 2.744288921356201 122880
1770951120874 2.802144765853882 128000
1770951155424 2.852080821990967 133120
1770951189915 2.885133743286133 138240
1770951224474 2.9225385189056396 143360
1770951259044 2.965343475341797 148480
1770951293605 3.008507490158081 153600
1770951328072 3.0501723289489746 158720
1770951362578 3.087165594100952 163840
1770951397126 3.1279489994049072 168960
1770951431584 3.1817941665649414 174080
1770951466117 3.2257509231567383 179200
1770951500595 3.265578269958496 184320
1770951535552 3.3101227283477783 189440
1770951570062 3.3725268840789795 194560
1770951604497 3.428502082824707 199680
1770951639052 3.4868690967559814 204800
1770951673635 3.5359275341033936 209920
1770951708220 3.5853025913238525 215040
1770951742700 3.6255764961242676 220160
1770951777272 3.6592562198638916 225280
1770951811854 3.6886866092681885 230400
1770951846462 3.702620506286621 235520
1770951881051 3.7024803161621094 240640
1770951915613 3.69923996925354 245760
1770951950212 3.7061378955841064 250880
1770951984671 3.7033209800720215 256000
1770952019204 3.715414047241211 261120
1770952053789 3.730311632156372 266240
1770952088378 3.7455618381500244 271360
1770952122967 3.7466704845428467 276480
1770952157621 3.755223512649536 281600
1770952192241 3.7629265785217285 286720
1770952226835 3.762878894805908 291840
1770952261452 3.7659544944763184 296960
1770952275323 3.767037868499756 300032
