1770857356972 0.07858788967132568 5120
1770857364202 0.08194639533758163 10240
1770857372001 0.09420142322778702 15360
1770857379739 0.10385660082101822 20480
1770857388431 0.10318250954151154 25600
1770857396174 0.10095547139644623 30720
1770857404472 0.10099818557500839 35840
1770857412610 0.09925231337547302 40960
1770857422593 0.09716994315385818 46080
1770857431109 0.09667614847421646 51200
1770857439007 0.09616785496473312 56320
1770857447696 0.09458006918430328 61440
1770857457365 0.09293123334646225 66560
1770857465462 0.09143801033496857 71680
1770857473706 0.09050583094358444 76800
1770857482231 0.08960318565368652 81920
1770857490351 0.08848071098327637 87040
1770857498769 0.0886395126581192 92160
1770857506878 0.08847957104444504 97280
1770857515274 0.08917034417390823 102400
1770857523534 0.08987665176391602 107520
1770857532302 0.08920124173164368 112640
1770857540688 0.0889093428850174 117760
1770857548855 0.08884500712156296 122880
1770857556501 0.08856627345085144 128000
1770857564947 0.08793523162603378 133120
1770857573066 0.08767665922641754 138240
1770857581094 0.08720117807388306 143360
1770857589014 0.08652406185865402 148480
1770857596370 0.08595406264066696 153600
1770857604358 0.08538765460252762 158720
1770857612030 0.08506616204977036 163840
1770857620494 0.08497939258813858 168960
1770857628644 0.08486191183328629 174080
1770857636844 0.08477109670639038 179200
1770857644695 0.08444799482822418 184320
1770857652555 0.08423915505409241 189440
1770857660497 0.0840267613530159 194560
1770857668726 0.08388899266719818 199680
1770857676919 0.0836668461561203 204800
1770857684995 0.08327607065439224 209920
1770857692643 0.08303902298212051 215040
1770857700638 0.08265385031700134 220160
1770857708451 0.08224698156118393 225280
1770857716462 0.08202031999826431 230400
1770857724187 0.08151678740978241 235520
1770857732123 0.0810462087392807 240640
1770857740344 0.08061104267835617 245760
1770857748350 0.08029063045978546 250880
1770857756792 0.07990440726280212 256000
1770857765252 0.07952829450368881 261120
1770857774997 0.07895642518997192 266240
1770857784461 0.07857228815555573 271360
1770857793727 0.07783153653144836 276480
1770857802094 0.07728465646505356 281600
1770857810296 0.07692033797502518 286720
1770857818656 0.07634605467319489 291840
1770857827112 0.07601144164800644 296960
1770857830371 0.07593245804309845 300032
