1770857356972 1.1164408922195435 5120
1770857364202 1.1400223970413208 10240
1770857372001 1.1479663848876953 15360
1770857379739 1.145464301109314 20480
1770857388431 1.1384227275848389 25600
1770857396174 1.1347324848175049 30720
1770857404472 1.1367634534835815 35840
1770857412610 1.1382277011871338 40960
1770857422593 1.1366424560546875 46080
1770857431109 1.1392654180526733 51200
1770857439007 1.1453869342803955 56320
1770857447696 1.1463356018066406 61440
1770857457365 1.1470903158187866 66560
1770857465462 1.1454198360443115 71680
1770857473706 1.1474045515060425 76800
1770857482231 1.1470327377319336 81920
1770857490351 1.1448208093643188 87040
1770857498769 1.145052194595337 92160
1770857506878 1.144892692565918 97280
1770857515274 1.1454523801803589 102400
1770857523534 1.1466169357299805 107520
1770857532302 1.1478880643844604 112640
1770857540688 1.1484966278076172 117760
1770857548855 1.148056149482727 122880
1770857556501 1.1477150917053223 128000
1770857564947 1.1476638317108154 133120
1770857573066 1.1498265266418457 138240
1770857581094 1.1498172283172607 143360
1770857589014 1.1476454734802246 148480
1770857596370 1.149828553199768 153600
1770857604358 1.149991750717163 158720
1770857612030 1.1533875465393066 163840
1770857620494 1.154326319694519 168960
1770857628644 1.1532776355743408 174080
1770857636844 1.152982234954834 179200
1770857644695 1.153570294380188 184320
1770857652555 1.1526179313659668 189440
1770857660497 1.1535402536392212 194560
1770857668726 1.1535300016403198 199680
1770857676919 1.1531543731689453 204800
1770857684995 1.1532871723175049 209920
1770857692643 1.1534847021102905 215040
1770857700638 1.1535547971725464 220160
1770857708451 1.153502345085144 225280
1770857716462 1.153801679611206 230400
1770857724187 1.1535553932189941 235520
1770857732123 1.1531461477279663 240640
1770857740344 1.153725266456604 245760
1770857748350 1.1538084745407104 250880
1770857756792 1.1541744470596313 256000
1770857765252 1.1546295881271362 261120
1770857774997 1.1540069580078125 266240
1770857784461 1.1547107696533203 271360
1770857793727 1.1541001796722412 276480
1770857802094 1.1546099185943604 281600
1770857810296 1.1549608707427979 286720
1770857818656 1.1544599533081055 291840
1770857827112 1.1556396484375 296960
1770857830371 1.1554574966430664 300032
