1770857356968 22.493253707885742 5120
1770857364198 16.987815856933594 10240
1770857371996 15.641487121582031 15360
1770857379733 16.033161163330078 20480
1770857388424 15.452998161315918 25600
1770857396167 13.651880264282227 30720
1770857404462 11.352048873901367 35840
1770857412605 9.702527046203613 40960
1770857421355 8.155279159545898 46080
1770857431103 7.783294677734375 51200
1770857439001 7.522435665130615 56320
1770857447691 7.466200828552246 61440
1770857457360 7.345117092132568 66560
1770857465457 7.456503868103027 71680
1770857473700 8.231969833374023 76800
1770857482226 8.332033157348633 81920
1770857490346 8.691110610961914 87040
1770857498711 8.926883697509766 92160
1770857506872 9.171320915222168 97280
1770857515266 9.672268867492676 102400
1770857523525 10.167391777038574 107520
1770857532295 10.54250717163086 112640
1770857540681 11.892583847045898 117760
1770857548850 15.609692573547363 122880
1770857556495 20.546445846557617 128000
1770857564941 25.55992889404297 133120
1770857573059 26.721200942993164 138240
1770857581087 26.928447723388672 143360
1770857589008 26.31595802307129 148480
1770857596363 26.897411346435547 153600
1770857604351 27.4056453704834 158720
1770857612020 29.317230224609375 163840
1770857620488 32.7053108215332 168960
1770857628637 33.77234649658203 174080
1770857636835 35.22167205810547 179200
1770857644688 36.09143829345703 184320
1770857652549 36.308502197265625 189440
1770857660490 36.407188415527344 194560
1770857668716 37.1766357421875 199680
1770857676913 37.00696563720703 204800
1770857684989 37.55335998535156 209920
1770857692632 37.049259185791016 215040
1770857700631 37.20991897583008 220160
1770857708445 36.77604293823242 225280
1770857716456 36.67064666748047 230400
1770857724180 35.622840881347656 235520
1770857732116 34.465579986572266 240640
1770857740336 33.895851135253906 245760
1770857748342 33.20972442626953 250880
1770857756785 32.5670280456543 256000
1770857765244 31.646526336669922 261120
1770857774985 31.372207641601562 266240
1770857784453 30.90817642211914 271360
1770857793720 29.407482147216797 276480
1770857802080 29.266155242919922 281600
1770857810287 27.725170135498047 286720
1770857818649 27.4342041015625 291840
1770857827105 26.27579689025879 296960
1770857830364 24.601289749145508 300032
