1770857356972 0.9879165291786194 5120
1770857364202 1.0109901428222656 10240
1770857372001 1.1405388116836548 15360
1770857379739 1.2248176336288452 20480
1770857388431 1.2226899862289429 25600
1770857396174 1.2174323797225952 30720
1770857404472 1.227730631828308 35840
1770857412610 1.2255784273147583 40960
1770857422593 1.2102279663085938 46080
1770857431109 1.2145508527755737 51200
1770857439007 1.2197511196136475 56320
1770857447696 1.2126933336257935 61440
1770857457365 1.2045668363571167 66560
1770857465462 1.1954845190048218 71680
1770857473706 1.1898002624511719 76800
1770857482231 1.1857130527496338 81920
1770857490351 1.1784026622772217 87040
1770857498769 1.1714985370635986 92160
1770857506878 1.1670700311660767 97280
1770857515274 1.1669032573699951 102400
1770857523534 1.1658411026000977 107520
1770857532302 1.1566218137741089 112640
1770857540688 1.149565577507019 117760
1770857548855 1.1434651613235474 122880
1770857556501 1.1386362314224243 128000
1770857564947 1.128785252571106 133120
1770857573066 1.1249336004257202 138240
1770857581094 1.1185920238494873 143360
1770857589014 1.1102746725082397 148480
1770857596370 1.105248212814331 153600
1770857604358 1.0985406637191772 158720
1770857612030 1.0951553583145142 163840
1770857620494 1.0929149389266968 168960
1770857628644 1.0885335206985474 174080
1770857636844 1.0857527256011963 179200
1770857644695 1.0813170671463013 184320
1770857652555 1.0772472620010376 189440
1770857660497 1.0736382007598877 194560
1770857668726 1.071220874786377 199680
1770857676919 1.0673850774765015 204800
1770857684995 1.0637481212615967 209920
1770857692643 1.060168981552124 215040
1770857700638 1.055517554283142 220160
1770857708451 1.0510553121566772 225280
1770857716462 1.0479016304016113 230400
1770857724187 1.0429803133010864 235520
1770857732123 1.037920594215393 240640
1770857740344 1.0338889360427856 245760
1770857748350 1.0301433801651 250880
1770857756792 1.0258396863937378 256000
1770857765252 1.0215519666671753 261120
1770857774997 1.0158270597457886 266240
1770857784461 1.011891484260559 271360
1770857793727 1.0050487518310547 276480
1770857802094 0.999390721321106 281600
1770857810296 0.9954916834831238 286720
1770857818656 0.98960280418396 291840
1770857827112 0.9861608743667603 296960
1770857830371 0.984761655330658 300032
