1770857356972 1.9555294513702393 5120
1770857364202 2.0002245903015137 10240
1770857372001 2.191885471343994 15360
1770857379739 2.3451220989227295 20480
1770857388431 2.3018276691436768 25600
1770857396174 2.2367992401123047 30720
1770857404472 2.2208447456359863 35840
1770857412610 2.1734440326690674 40960
1770857422593 2.1255533695220947 46080
1770857431109 2.108736038208008 51200
1770857439007 2.0915606021881104 56320
1770857447696 2.054208517074585 61440
1770857457365 2.0166549682617188 66560
1770857465462 1.983243703842163 71680
1770857473706 1.9627118110656738 76800
1770857482231 1.9443069696426392 81920
1770857490351 1.919024109840393 87040
1770857498769 1.928900957107544 92160
1770857506878 1.9333105087280273 97280
1770857515274 1.9507548809051514 102400
1770857523534 1.9701142311096191 107520
1770857532302 1.9657068252563477 112640
1770857540688 1.9699747562408447 117760
1770857548855 1.9731953144073486 122880
1770857556501 1.9718618392944336 128000
1770857564947 1.9672907590866089 133120
1770857573066 1.966286540031433 138240
1770857581094 1.96011483669281 143360
1770857589014 1.9503215551376343 148480
1770857596370 1.9446098804473877 153600
1770857604358 1.9389922618865967 158720
1770857612030 1.937004804611206 163840
1770857620494 1.9385181665420532 168960
1770857628644 1.9390439987182617 174080
1770857636844 1.939759612083435 179200
1770857644695 1.9351484775543213 184320
1770857652555 1.9324047565460205 189440
1770857660497 1.9306421279907227 194560
1770857668726 1.9298804998397827 199680
1770857676919 1.9275692701339722 204800
1770857684995 1.9206444025039673 209920
1770857692643 1.9179480075836182 215040
1770857700638 1.9118316173553467 220160
1770857708451 1.9062520265579224 225280
1770857716462 1.9035835266113281 230400
1770857724187 1.8944824934005737 235520
1770857732123 1.8871979713439941 240640
1770857740344 1.8814877271652222 245760
1770857748350 1.8776644468307495 250880
1770857756792 1.873998761177063 256000
1770857765252 1.8701366186141968 261120
1770857774997 1.8616081476211548 266240
1770857784461 1.8576171398162842 271360
1770857793727 1.8443039655685425 276480
1770857802094 1.8364883661270142 281600
1770857810296 1.8326501846313477 286720
1770857818656 1.8227299451828003 291840
1770857827112 1.8198238611221313 296960
1770857830371 1.8219672441482544 300032
