1769357305663 19.382125854492188 5120
1769357315709 19.644203186035156 10240
1769357322479 19.783449172973633 15360
1769357328439 19.6857852935791 20480
1769357334890 19.92581558227539 25600
1769357344744 19.976926803588867 30720
1769357352523 19.97715950012207 35840
1769357359185 20.027637481689453 40960
1769357365439 20.053442001342773 46080
1769357374179 20.043678283691406 51200
1769357381507 19.999799728393555 56320
1769357388199 20.00735092163086 61440
1769357394766 19.940147399902344 66560
1769357405878 20.00492286682129 71680
1769357414935 19.976213455200195 76800
1769357421324 19.98805809020996 81920
1769357428165 19.967180252075195 87040
1769357437594 19.948287963867188 92160
1769357447778 19.923887252807617 97280
1769357454569 19.94901466369629 102400
1769357461724 19.903549194335938 107520
1769357470439 19.877304077148438 112640
1769357481731 19.938831329345703 117760
1769357488933 19.903059005737305 122880
1769357495669 19.899192810058594 128000
1769357502600 19.88727569580078 133120
1769357515334 19.88428497314453 138240
1769357522238 19.88210678100586 143360
1769357530041 19.896848678588867 148480
1769357537197 19.895553588867188 153600
1769357548721 19.87486457824707 158720
1769357556145 19.876550674438477 163840
1769357563384 19.90094566345215 168960
1769357570789 19.916282653808594 174080
1769357580664 19.949705123901367 179200
1769357589436 19.92877769470215 184320
1769357598156 19.916847229003906 189440
1769357605336 19.884889602661133 194560
1769357613794 19.891468048095703 199680
1769357623910 19.910799026489258 204800
1769357631621 19.901002883911133 209920
1769357638760 19.91028594970703 215040
1769357646469 19.912586212158203 220160
1769357657682 19.955297470092773 225280
1769357665958 19.964540481567383 230400
1769357673122 19.942644119262695 235520
1769357679800 19.92667579650879 240640
1769357691502 19.932191848754883 245760
1769357698330 19.954206466674805 250880
1769357706593 19.956762313842773 256000
1769357713796 19.95823860168457 261120
1769357724498 19.95551872253418 266240
1769357731548 19.945091247558594 271360
1769357740131 19.936416625976562 276480
1769357747192 19.946041107177734 281600
1769357757821 19.951574325561523 286720
1769357765369 19.96505355834961 291840
1769357774214 19.952625274658203 296960
1769357776539 19.96173858642578 300032
