1769357305663 0.10369693487882614 5120
1769357315709 0.10567402839660645 10240
1769357322479 0.1050921306014061 15360
1769357328439 0.10373929142951965 20480
1769357334890 0.10308826714754105 25600
1769357344744 0.10386668145656586 30720
1769357352523 0.10474834591150284 35840
1769357359185 0.10525491833686829 40960
1769357365439 0.10482487827539444 46080
1769357374179 0.10363002866506577 51200
1769357381507 0.10431227087974548 56320
1769357388199 0.10443872958421707 61440
1769357394766 0.10478059202432632 66560
1769357405878 0.10476262122392654 71680
1769357414935 0.10462778061628342 76800
1769357421324 0.1047743409872055 81920
1769357428165 0.10442562401294708 87040
1769357437594 0.10495465993881226 92160
1769357447778 0.10551778972148895 97280
1769357454569 0.10554153472185135 102400
1769357461724 0.10551419109106064 107520
1769357470439 0.10554515570402145 112640
1769357481731 0.106098473072052 117760
1769357488933 0.10615809261798859 122880
1769357495669 0.10614562779664993 128000
1769357502600 0.10607630014419556 133120
1769357515334 0.1057073101401329 138240
1769357522238 0.10554385185241699 143360
1769357530041 0.10569420456886292 148480
1769357537197 0.10577139258384705 153600
1769357548721 0.10577785223722458 158720
1769357556145 0.10595796257257462 163840
1769357563384 0.10597299039363861 168960
1769357570789 0.10598499327898026 174080
1769357580664 0.10596831887960434 179200
1769357589436 0.10582417994737625 184320
1769357598156 0.10551460832357407 189440
1769357605336 0.1057046428322792 194560
1769357613794 0.10573673248291016 199680
1769357623910 0.10566985607147217 204800
1769357631621 0.10540793836116791 209920
1769357638760 0.10562283545732498 215040
1769357646469 0.10590900480747223 220160
1769357657682 0.10618314146995544 225280
1769357665958 0.10623341053724289 230400
1769357673122 0.10602932423353195 235520
1769357679800 0.10588862001895905 240640
1769357691502 0.10591843724250793 245760
1769357698330 0.10607568174600601 250880
1769357706593 0.10597885400056839 256000
1769357713796 0.10611043125391006 261120
1769357724498 0.1061733141541481 266240
1769357731548 0.10620824247598648 271360
1769357740131 0.10623064637184143 276480
1769357747192 0.10629409551620483 281600
1769357757821 0.10641603916883469 286720
1769357765369 0.10647577792406082 291840
1769357774214 0.10642935335636139 296960
1769357776539 0.10651102662086487 300032
