1769357305663 0.0 5120
1769357315709 0.0 10240
1769357322479 0.0 15360
1769357328439 0.0 20480
1769357334890 0.0 25600
1769357344744 0.0 30720
1769357352523 0.0 35840
1769357359185 0.0 40960
1769357365439 0.0 46080
1769357374179 0.0 51200
1769357381507 0.0 56320
1769357388199 0.0 61440
1769357394766 0.0 66560
1769357405878 0.0 71680
1769357414935 0.0 76800
1769357421324 0.0 81920
1769357428165 0.0 87040
1769357437594 0.0 92160
1769357447778 0.0 97280
1769357454569 0.0 102400
1769357461724 0.0 107520
1769357470439 0.0 112640
1769357481731 0.0 117760
1769357488933 0.0 122880
1769357495669 0.0 128000
1769357502600 0.0 133120
1769357515334 0.0 138240
1769357522238 0.0 143360
1769357530041 0.0 148480
1769357537197 0.0 153600
1769357548721 0.0 158720
1769357556145 0.0 163840
1769357563384 0.0 168960
1769357570789 0.0 174080
1769357580664 0.0 179200
1769357589436 0.0 184320
1769357598156 0.0 189440
1769357605336 0.0 194560
1769357613794 0.0 199680
1769357623910 0.0 204800
1769357631621 0.0 209920
1769357638760 0.0 215040
1769357646469 0.0 220160
1769357657682 0.0 225280
1769357665958 0.0 230400
1769357673122 0.0 235520
1769357679800 0.0 240640
1769357691502 0.0 245760
1769357698330 0.0 250880
1769357706593 0.0 256000
1769357713796 0.0 261120
1769357724498 0.0 266240
1769357731548 0.0 271360
1769357740131 0.0 276480
1769357747192 0.0 281600
1769357757821 0.0 286720
1769357765369 0.0 291840
1769357774214 0.0 296960
1769357776539 0.0 300032
