1769357305663 1.1246094703674316 5120
1769357315709 1.1475962400436401 10240
1769357322479 1.1534067392349243 15360
1769357328439 1.1427050828933716 20480
1769357334890 1.1540297269821167 25600
1769357344744 1.1551133394241333 30720
1769357352523 1.1584426164627075 35840
1769357359185 1.162427306175232 40960
1769357365439 1.162250280380249 46080
1769357374179 1.1599804162979126 51200
1769357381507 1.1586371660232544 56320
1769357388199 1.1573208570480347 61440
1769357394766 1.1552340984344482 66560
1769357405878 1.1579358577728271 71680
1769357414935 1.1568377017974854 76800
1769357421324 1.158109426498413 81920
1769357428165 1.1562693119049072 87040
1769357437594 1.155583381652832 92160
1769357447778 1.1549733877182007 97280
1769357454569 1.1565613746643066 102400
1769357461724 1.1545779705047607 107520
1769357470439 1.1533442735671997 112640
1769357481731 1.1564767360687256 117760
1769357488933 1.1553550958633423 122880
1769357495669 1.1551886796951294 128000
1769357502600 1.1540334224700928 133120
1769357515334 1.1533676385879517 138240
1769357522238 1.1529349088668823 143360
1769357530041 1.1543529033660889 148480
1769357537197 1.154374599456787 153600
1769357548721 1.1534361839294434 158720
1769357556145 1.154196858406067 163840
1769357563384 1.1550045013427734 168960
1769357570789 1.1552337408065796 174080
1769357580664 1.1565799713134766 179200
1769357589436 1.1555036306381226 184320
1769357598156 1.1547034978866577 189440
1769357605336 1.1539864540100098 194560
1769357613794 1.1541718244552612 199680
1769357623910 1.1548800468444824 204800
1769357631621 1.1539467573165894 209920
1769357638760 1.1549313068389893 215040
1769357646469 1.1558775901794434 220160
1769357657682 1.158178687095642 225280
1769357665958 1.1587285995483398 230400
1769357673122 1.1578705310821533 235520
1769357679800 1.1569857597351074 240640
1769357691502 1.1571364402770996 245760
1769357698330 1.1583737134933472 250880
1769357706593 1.1584070920944214 256000
1769357713796 1.1586296558380127 261120
1769357724498 1.158634066581726 266240
1769357731548 1.1581780910491943 271360
1769357740131 1.1579679250717163 276480
1769357747192 1.1586363315582275 281600
1769357757821 1.1591298580169678 286720
1769357765369 1.1600297689437866 291840
1769357774214 1.1593940258026123 296960
1769357776539 1.1599889993667603 300032
