1769357305663 2.276768445968628 5120
1769357315709 2.334704637527466 10240
1769357322479 2.3179750442504883 15360
1769357328439 2.284428596496582 20480
1769357334890 2.2707929611206055 25600
1769357344744 2.2841076850891113 30720
1769357352523 2.3038947582244873 35840
1769357359185 2.3179311752319336 40960
1769357365439 2.308769941329956 46080
1769357374179 2.283748149871826 51200
1769357381507 2.2976529598236084 56320
1769357388199 2.2999885082244873 61440
1769357394766 2.3082542419433594 66560
1769357405878 2.3067121505737305 71680
1769357414935 2.3041622638702393 76800
1769357421324 2.307450294494629 81920
1769357428165 2.2996768951416016 87040
1769357437594 2.3109261989593506 92160
1769357447778 2.323220729827881 97280
1769357454569 2.3230371475219727 102400
1769357461724 2.322601556777954 107520
1769357470439 2.3220512866973877 112640
1769357481731 2.3330209255218506 117760
1769357488933 2.334991931915283 122880
1769357495669 2.3346526622772217 128000
1769357502600 2.332963228225708 133120
1769357515334 2.32466983795166 138240
1769357522238 2.321864128112793 143360
1769357530041 2.3257036209106445 148480
1769357537197 2.3271164894104004 153600
1769357548721 2.3268074989318848 158720
1769357556145 2.330944299697876 163840
1769357563384 2.3309600353240967 168960
1769357570789 2.3308379650115967 174080
1769357580664 2.3294544219970703 179200
1769357589436 2.3270511627197266 184320
1769357598156 2.319880485534668 189440
1769357605336 2.3247995376586914 194560
1769357613794 2.325047492980957 199680
1769357623910 2.323133945465088 204800
1769357631621 2.317249298095703 209920
1769357638760 2.321845293045044 215040
1769357646469 2.328397035598755 220160
1769357657682 2.3346633911132812 225280
1769357665958 2.3359057903289795 230400
1769357673122 2.331998109817505 235520
1769357679800 2.3286781311035156 240640
1769357691502 2.3290598392486572 245760
1769357698330 2.332505702972412 250880
1769357706593 2.3304123878479004 256000
1769357713796 2.333556652069092 261120
1769357724498 2.334684133529663 266240
1769357731548 2.335411787033081 271360
1769357740131 2.3357458114624023 276480
1769357747192 2.3371634483337402 281600
1769357757821 2.3398613929748535 286720
1769357765369 2.3416504859924316 291840
1769357774214 2.3404576778411865 296960
1769357776539 2.3422791957855225 300032
