1771167957859 -0.7373538017272949 5120
1771167966366 -0.7396657466888428 10240
1771167974915 -0.7448807954788208 15360
1771167983337 -0.7461463809013367 20480
1771167992315 -0.7404990792274475 25600
1771168000895 -0.7325019836425781 30720
1771168009886 -0.7360841035842896 35840
1771168018622 -0.7331029772758484 40960
1771168027783 -0.7308307886123657 46080
1771168037487 -0.7280578017234802 51200
1771168046731 -0.7289104461669922 56320
1771168056088 -0.7298681139945984 61440
1771168066120 -0.7294596433639526 66560
1771168074878 -0.7295635342597961 71680
1771168083872 -0.7278106808662415 76800
1771168093036 -0.7277188301086426 81920
1771168102203 -0.728293776512146 87040
1771168111125 -0.7262247204780579 92160
1771168120152 -0.7259799838066101 97280
1771168129324 -0.7354902625083923 102400
1771168138375 -0.7451105713844299 107520
1771168147445 -0.7532263398170471 112640
1771168156622 -0.760501503944397 117760
1771168165509 -0.767035961151123 122880
1771168174538 -0.7733880281448364 128000
1771168183709 -0.7796118259429932 133120
1771168192908 -0.7847173810005188 138240
1771168202134 -0.7902289628982544 143360
1771168211146 -0.7956212759017944 148480
1771168220339 -0.8001987338066101 153600
1771168229301 -0.8046641945838928 158720
1771168238313 -0.8096261620521545 163840
1771168247680 -0.8133074641227722 168960
1771168256815 -0.8168203830718994 174080
1771168266307 -0.8198642730712891 179200
1771168277359 -0.8224191665649414 184320
1771168286896 -0.8244264125823975 189440
1771168296382 -0.8275423645973206 194560
1771168305801 -0.8300175070762634 199680
1771168315362 -0.8322269320487976 204800
1771168324583 -0.8347183465957642 209920
1771168334183 -0.8368668556213379 215040
1771168343353 -0.8382904529571533 220160
1771168352887 -0.8407211303710938 225280
1771168361912 -0.8427992463111877 230400
1771168371577 -0.8448570966720581 235520
1771168381199 -0.8464368581771851 240640
1771168390845 -0.8483657240867615 245760
1771168400180 -0.8497937321662903 250880
1771168409306 -0.8515366911888123 256000
1771168418473 -0.8529462218284607 261120
1771168427691 -0.854575514793396 266240
1771168437021 -0.8560283780097961 271360
1771168446903 -0.8576499223709106 276480
1771168456967 -0.8589192032814026 281600
1771168466356 -0.8603211641311646 286720
1771168475409 -0.8615721464157104 291840
1771168484739 -0.8627114295959473 296960
1771168494284 -0.8639196753501892 302080
1771168503812 -0.864961564540863 307200
1771168513170 -0.8656589984893799 312320
1771168522769 -0.8662487268447876 317440
1771168531850 -0.8670181035995483 322560
1771168541063 -0.8678543567657471 327680
1771168550460 -0.8688369989395142 332800
1771168559563 -0.8696008920669556 337920
1771168568638 -0.8701472878456116 343040
1771168577684 -0.8713043332099915 348160
1771168587062 -0.8720511198043823 353280
1771168596519 -0.8725934624671936 358400
1771168606449 -0.8732864260673523 363520
1771168615678 -0.8739616870880127 368640
1771168624807 -0.8747244477272034 373760
1771168634130 -0.8756344318389893 378880
1771168643457 -0.8761928081512451 384000
1771168652611 -0.8767713904380798 389120
1771168661589 -0.8775507211685181 394240
1771168671400 -0.8780713081359863 399360
1771168680740 -0.8785749077796936 404480
1771168689991 -0.8786855340003967 409600
1771168699047 -0.8758882880210876 414720
1771168708430 -0.8734238743782043 419840
1771168717755 -0.8709542155265808 424960
1771168727226 -0.8681825995445251 430080
1771168736659 -0.8658612370491028 435200
1771168746433 -0.8640819191932678 440320
1771168755989 -0.862306535243988 445440
1771168765168 -0.859344482421875 450560
1771168774155 -0.8567749857902527 455680
1771168783217 -0.8542349934577942 460800
1771168792421 -0.8515879511833191 465920
1771168802723 -0.8485509157180786 471040
1771168813027 -0.844740092754364 476160
1771168822937 -0.8406771421432495 481280
1771168833586 -0.8365667462348938 486400
1771168843931 -0.833188533782959 491520
1771168854356 -0.829122006893158 496640
1771168864703 -0.824378490447998 501760
1771168874689 -0.8199076056480408 506880
1771168884997 -0.8155505061149597 512000
1771168893982 -0.8114138245582581 517120
1771168904260 -0.8073767423629761 522240
1771168913909 -0.8040782809257507 527360
1771168923696 -0.8004400134086609 532480
1771168933854 -0.7966372966766357 537600
1771168944749 -0.7906444072723389 542720
1771168954285 -0.7847645282745361 547840
1771168963547 -0.7795568108558655 552960
1771168973134 -0.7744211554527283 558080
1771168982970 -0.7672833800315857 563200
1771168992780 -0.7612151503562927 568320
1771169002645 -0.7524508833885193 573440
1771169011898 -0.743448793888092 578560
1771169021345 -0.7340509295463562 583680
1771169031267 -0.7257192134857178 588800
1771169040835 -0.7177284955978394 593920
1771169050815 -0.7090100646018982 599040
1771169060806 -0.7000685930252075 604160
1771169070368 -0.6909399032592773 609280
1771169079585 -0.6826691031455994 614400
1771169089151 -0.6743054389953613 619520
1771169098436 -0.6659406423568726 624640
1771169107845 -0.6576085090637207 629760
1771169117147 -0.649810791015625 634880
1771169126418 -0.6419582962989807 640000
1771169135872 -0.6339964866638184 645120
1771169145256 -0.6267659664154053 650240
1771169154349 -0.6193222403526306 655360
1771169163706 -0.6121749877929688 660480
1771169172982 -0.6053569912910461 665600
1771169182168 -0.5985416769981384 670720
1771169191720 -0.5917764902114868 675840
1771169201713 -0.5847464203834534 680960
1771169211316 -0.5782111287117004 686080
1771169220338 -0.5717195272445679 691200
1771169229649 -0.5654498934745789 696320
1771169239434 -0.5592493414878845 701440
1771169248529 -0.553090512752533 706560
1771169258353 -0.5469840168952942 711680
1771169268061 -0.5412170886993408 716800
1771169277848 -0.535660445690155 721920
1771169287513 -0.5299123525619507 727040
1771169296986 -0.5241765379905701 732160
1771169306416 -0.51882004737854 737280
1771169316015 -0.5135252475738525 742400
1771169325429 -0.5085461735725403 747520
1771169335203 -0.5036923885345459 752640
1771169344732 -0.49909666180610657 757760
1771169354906 -0.4943646788597107 762880
1771169364557 -0.4899868071079254 768000
1771169373956 -0.48553466796875 773120
1771169383342 -0.48107558488845825 778240
1771169392916 -0.4767903983592987 783360
1771169402052 -0.472353994846344 788480
1771169411358 -0.46789488196372986 793600
1771169421107 -0.4639594256877899 798720
1771169430548 -0.4598597586154938 803840
1771169440098 -0.4555051624774933 808960
1771169449249 -0.4517079293727875 814080
1771169458851 -0.448275625705719 819200
1771169468101 -0.4450226128101349 824320
1771169478307 -0.44110339879989624 829440
1771169489634 -0.43724629282951355 834560
1771169500545 -0.4336416721343994 839680
1771169511178 -0.42987948656082153 844800
1771169522097 -0.4259791672229767 849920
1771169532765 -0.4220024645328522 855040
1771169544455 -0.41830840706825256 860160
1771169555482 -0.41466397047042847 865280
1771169566334 -0.4113806188106537 870400
1771169576452 -0.4080739915370941 875520
1771169586681 -0.4048509895801544 880640
1771169596816 -0.4021276533603668 885760
1771169607408 -0.39881783723831177 890880
1771169616967 -0.3955899775028229 896000
1771169626336 -0.3926582932472229 901120
1771169636979 -0.38960888981819153 906240
1771169646647 -0.38644471764564514 911360
1771169655920 -0.3836221992969513 916480
1771169665342 -0.3805847764015198 921600
1771169675498 -0.3777414560317993 926720
1771169685640 -0.37488165497779846 931840
1771169695460 -0.3721493184566498 936960
1771169706209 -0.36939963698387146 942080
1771169716768 -0.36669766902923584 947200
1771169727549 -0.3640895485877991 952320
1771169738049 -0.36176279187202454 957440
1771169747922 -0.35933718085289 962560
1771169758344 -0.35673290491104126 967680
1771169769721 -0.3542900085449219 972800
1771169779862 -0.35183900594711304 977920
1771169789548 -0.3493528366088867 983040
1771169799269 -0.3469844162464142 988160
1771169808981 -0.3450964093208313 993280
1771169818581 -0.342929482460022 998400
1771169828009 -0.3408026397228241 1003520
1771169837805 -0.3384992182254791 1008640
1771169847645 -0.33628350496292114 1013760
1771169858560 -0.33402010798454285 1018880
1771169868811 -0.3316432535648346 1024000
1771169878645 -0.3293417990207672 1029120
1771169888165 -0.32701417803764343 1034240
1771169898404 -0.32475805282592773 1039360
1771169908865 -0.322680801153183 1044480
1771169918483 -0.32044902443885803 1049600
1771169929251 -0.31836310029029846 1054720
1771169939492 -0.3163067698478699 1059840
1771169949544 -0.31421035528182983 1064960
1771169959228 -0.3123003840446472 1070080
1771169969278 -0.31052911281585693 1075200
1771169980005 -0.3084879219532013 1080320
1771169989806 -0.3065033257007599 1085440
1771169999452 -0.30458566546440125 1090560
1771170009979 -0.3027234673500061 1095680
1771170020289 -0.3008447587490082 1100800
1771170030654 -0.29906582832336426 1105920
1771170041036 -0.2971632182598114 1111040
1771170050772 -0.29532432556152344 1116160
1771170060843 -0.2934664189815521 1121280
1771170070607 -0.29163432121276855 1126400
1771170081345 -0.2898510694503784 1131520
1771170091243 -0.2880546450614929 1136640
1771170100918 -0.28625425696372986 1141760
1771170110776 -0.2845611572265625 1146880
1771170120826 -0.2829126715660095 1152000
1771170130828 -0.28124043345451355 1157120
1771170142210 -0.2795633375644684 1162240
1771170153178 -0.27793243527412415 1167360
1771170163589 -0.2762722671031952 1172480
1771170173609 -0.27466437220573425 1177600
1771170184449 -0.27313438057899475 1182720
1771170194072 -0.27153170108795166 1187840
1771170204256 -0.2699235677719116 1192960
1771170214231 -0.2683424949645996 1198080
1771170224105 -0.2667545974254608 1203200
1771170234978 -0.2652740180492401 1208320
1771170245787 -0.2637307643890381 1213440
1771170256687 -0.26214921474456787 1218560
1771170267442 -0.2606967091560364 1223680
1771170277894 -0.259239137172699 1228800
1771170288244 -0.2577892541885376 1233920
1771170298714 -0.25636225938796997 1239040
