1771167957859 4.0 5120
1771167966366 14.0 10240
1771167974915 26.0 15360
1771167983337 36.0 20480
1771167992315 45.0 25600
1771168000895 54.0 30720
1771168009886 66.0 35840
1771168018622 78.0 40960
1771168027783 90.0 46080
1771168037487 101.0 51200
1771168046731 105.0 56320
1771168056088 113.0 61440
1771168066120 123.0 66560
1771168074878 132.0 71680
1771168083872 141.0 76800
1771168093036 151.0 81920
1771168102203 154.0 87040
1771168111125 163.0 92160
1771168120152 171.0 97280
1771168129324 173.0 102400
1771168138375 173.0 107520
1771168147445 174.0 112640
1771168156622 175.0 117760
1771168165509 176.0 122880
1771168174538 177.0 128000
1771168183709 180.0 133120
1771168192908 180.0 138240
1771168202134 180.0 143360
1771168211146 182.0 148480
1771168220339 182.0 153600
1771168229301 182.0 158720
1771168238313 182.0 163840
1771168247680 182.0 168960
1771168256815 182.0 174080
1771168266307 183.0 179200
1771168277359 184.0 184320
1771168286896 186.0 189440
1771168296382 186.0 194560
1771168305801 188.0 199680
1771168315362 190.0 204800
1771168324583 190.0 209920
1771168334183 192.0 215040
1771168343353 195.0 220160
1771168352887 196.0 225280
1771168361912 197.0 230400
1771168371577 198.0 235520
1771168381199 199.0 240640
1771168390845 199.0 245760
1771168400180 199.0 250880
1771168409306 201.0 256000
1771168418473 202.0 261120
1771168427691 202.0 266240
1771168437021 202.0 271360
1771168446903 202.0 276480
1771168456967 202.0 281600
1771168466356 202.0 286720
1771168475409 203.0 291840
1771168484739 206.0 296960
1771168494284 207.0 302080
1771168503812 210.0 307200
1771168513170 213.0 312320
1771168522769 215.0 317440
1771168531850 215.0 322560
1771168541063 217.0 327680
1771168550460 218.0 332800
1771168559563 222.0 337920
1771168568638 222.0 343040
1771168577684 223.0 348160
1771168587062 225.0 353280
1771168596519 225.0 358400
1771168606449 228.0 363520
1771168615678 231.0 368640
1771168624807 231.0 373760
1771168634130 231.0 378880
1771168643457 231.0 384000
1771168652611 232.0 389120
1771168661589 233.0 394240
1771168671400 236.0 399360
1771168680740 237.0 404480
1771168689991 239.0 409600
1771168699047 256.0 414720
1771168708430 265.0 419840
1771168717755 276.0 424960
1771168727226 291.0 430080
1771168736659 302.0 435200
1771168746433 311.0 440320
1771168755989 325.0 445440
1771168765168 342.0 450560
1771168774155 357.0 455680
1771168783217 375.0 460800
1771168792421 393.0 465920
1771168802723 416.0 471040
1771168813027 453.0 476160
1771168822937 484.0 481280
1771168833586 517.0 486400
1771168843931 548.0 491520
1771168854356 585.0 496640
1771168864703 630.0 501760
1771168874689 669.0 506880
1771168884997 711.0 512000
1771168893982 760.0 517120
1771168904260 814.0 522240
1771168913909 851.0 527360
1771168923696 905.0 532480
1771168933854 981.0 537600
1771168944749 1145.0 542720
1771168954285 1312.0 547840
1771168963547 1495.0 552960
1771168973134 1678.0 558080
1771168982970 1954.0 563200
1771168992780 2185.0 568320
1771169002645 2577.0 573440
1771169011898 2990.0 578560
1771169021345 3437.0 583680
1771169031267 3833.0 588800
1771169040835 4221.0 593920
1771169050815 4672.0 599040
1771169060806 5142.0 604160
1771169070368 5626.0 609280
1771169079585 6084.0 614400
1771169089151 6551.0 619520
1771169098436 7038.0 624640
1771169107845 7528.0 629760
1771169117147 7999.0 634880
1771169126418 8490.0 640000
1771169135872 9002.0 645120
1771169145256 9474.0 650240
1771169154349 9969.0 655360
1771169163706 10457.0 660480
1771169172982 10929.0 665600
1771169182168 11413.0 670720
1771169191720 11901.0 675840
1771169201713 12436.0 680960
1771169211316 12939.0 686080
1771169220338 13450.0 691200
1771169229649 13948.0 696320
1771169239434 14466.0 701440
1771169248529 14985.0 706560
1771169258353 15526.0 711680
1771169268061 16053.0 716800
1771169277848 16568.0 721920
1771169287513 17105.0 727040
1771169296986 17649.0 732160
1771169306416 18181.0 737280
1771169316015 18708.0 742400
1771169325429 19217.0 747520
1771169335203 19726.0 752640
1771169344732 20224.0 757760
1771169354906 20737.0 762880
1771169364557 21223.0 768000
1771169373956 21723.0 773120
1771169383342 22236.0 778240
1771169392916 22733.0 783360
1771169402052 23265.0 788480
1771169411358 23806.0 793600
1771169421107 24290.0 798720
1771169430548 24808.0 803840
1771169440098 25371.0 808960
1771169449249 25866.0 814080
1771169458851 26327.0 819200
1771169468101 26783.0 824320
1771169478307 27332.0 829440
1771169489634 27877.0 834560
1771169500545 28400.0 839680
1771169511178 28963.0 844800
1771169522097 29552.0 849920
1771169532765 30163.0 855040
1771169544455 30744.0 860160
1771169555482 31328.0 865280
1771169566334 31852.0 870400
1771169576452 32396.0 875520
1771169586681 32943.0 880640
1771169596816 33430.0 885760
1771169607408 34004.0 890880
1771169616967 34566.0 896000
1771169626336 35093.0 901120
1771169636979 35655.0 906240
1771169646647 36238.0 911360
1771169655920 36765.0 916480
1771169665342 37342.0 921600
1771169675498 37892.0 926720
1771169685640 38452.0 931840
1771169695460 39011.0 936960
1771169706209 39569.0 942080
1771169716768 40122.0 947200
1771169727549 40674.0 952320
1771169738049 41181.0 957440
1771169747922 41710.0 962560
1771169758344 42271.0 967680
1771169769721 42811.0 972800
1771169779862 43359.0 977920
1771169789548 43917.0 983040
1771169799269 44468.0 988160
1771169808981 44922.0 993280
1771169818581 45431.0 998400
1771169828009 45946.0 1003520
1771169837805 46495.0 1008640
1771169847645 47040.0 1013760
1771169858560 47594.0 1018880
1771169868811 48190.0 1024000
1771169878645 48779.0 1029120
1771169888165 49381.0 1034240
1771169898404 49972.0 1039360
1771169908865 50531.0 1044480
1771169918483 51133.0 1049600
1771169929251 51697.0 1054720
1771169939492 52263.0 1059840
1771169949544 52851.0 1064960
1771169959228 53394.0 1070080
1771169969278 53906.0 1075200
1771169980005 54501.0 1080320
1771169989806 55088.0 1085440
1771169999452 55664.0 1090560
1771170009979 56226.0 1095680
1771170020289 56801.0 1100800
1771170030654 57350.0 1105920
1771170041036 57943.0 1111040
1771170050772 58536.0 1116160
1771170060843 59136.0 1121280
1771170070607 59732.0 1126400
1771170081345 60324.0 1131520
1771170091243 60922.0 1136640
1771170100918 61524.0 1141760
1771170110776 62107.0 1146880
1771170120826 62683.0 1152000
1771170130828 63266.0 1157120
1771170142210 63856.0 1162240
1771170153178 64446.0 1167360
1771170163589 65048.0 1172480
1771170173609 65638.0 1177600
1771170184449 66212.0 1182720
1771170194072 66828.0 1187840
1771170204256 67449.0 1192960
1771170214231 68057.0 1198080
1771170224105 68679.0 1203200
1771170234978 69271.0 1208320
1771170245787 69884.0 1213440
1771170256687 70525.0 1218560
1771170267442 71123.0 1223680
1771170277894 71726.0 1228800
1771170288244 72337.0 1233920
1771170298714 72941.0 1239040
