1771167957859 360.0 5120
1771167966366 662.0 10240
1771167974915 966.0 15360
1771167983337 1269.0 20480
1771167992315 1568.0 25600
1771168000895 1865.0 30720
1771168009886 2169.0 35840
1771168018622 2467.0 40960
1771168027783 2768.0 46080
1771168037487 3067.0 51200
1771168046731 3371.0 56320
1771168056088 3671.0 61440
1771168066120 3975.0 66560
1771168074878 4278.0 71680
1771168083872 4581.0 76800
1771168093036 4880.0 81920
1771168102203 5184.0 87040
1771168111125 5482.0 92160
1771168120152 5783.0 97280
1771168129324 6094.0 102400
1771168138375 6409.0 107520
1771168147445 6722.0 112640
1771168156622 7033.0 117760
1771168165509 7338.0 122880
1771168174538 7649.0 128000
1771168183709 7964.0 133120
1771168192908 8276.0 138240
1771168202134 8587.0 143360
1771168211146 8902.0 148480
1771168220339 9215.0 153600
1771168229301 9530.0 158720
1771168238313 9846.0 163840
1771168247680 10161.0 168960
1771168256815 10474.0 174080
1771168266307 10787.0 179200
1771168277359 11098.0 184320
1771168286896 11411.0 189440
1771168296382 11725.0 194560
1771168305801 12036.0 199680
1771168315362 12348.0 204800
1771168324583 12665.0 209920
1771168334183 12980.0 215040
1771168343353 13289.0 220160
1771168352887 13601.0 225280
1771168361912 13915.0 230400
1771168371577 14228.0 235520
1771168381199 14535.0 240640
1771168390845 14848.0 245760
1771168400180 15158.0 250880
1771168409306 15472.0 256000
1771168418473 15785.0 261120
1771168427691 16100.0 266240
1771168437021 16415.0 271360
1771168446903 16728.0 276480
1771168456967 17042.0 281600
1771168466356 17355.0 286720
1771168475409 17670.0 291840
1771168484739 17984.0 296960
1771168494284 18294.0 302080
1771168503812 18607.0 307200
1771168513170 18916.0 312320
1771168522769 19225.0 317440
1771168531850 19534.0 322560
1771168541063 19845.0 327680
1771168550460 20159.0 332800
1771168559563 20469.0 337920
1771168568638 20783.0 343040
1771168577684 21097.0 348160
1771168587062 21408.0 353280
1771168596519 21718.0 358400
1771168606449 22028.0 363520
1771168615678 22340.0 368640
1771168624807 22655.0 373760
1771168634130 22969.0 378880
1771168643457 23277.0 384000
1771168652611 23587.0 389120
1771168661589 23900.0 394240
1771168671400 24211.0 399360
1771168680740 24520.0 404480
1771168689991 24831.0 409600
1771168699047 25128.0 414720
1771168708430 25428.0 419840
1771168717755 25729.0 424960
1771168727226 26027.0 430080
1771168736659 26327.0 435200
1771168746433 26630.0 440320
1771168755989 26931.0 445440
1771168765168 27222.0 450560
1771168774155 27517.0 455680
1771168783217 27808.0 460800
1771168792421 28099.0 465920
1771168802723 28384.0 471040
1771168813027 28659.0 476160
1771168822937 28931.0 481280
1771168833586 29203.0 486400
1771168843931 29476.0 491520
1771168854356 29746.0 496640
1771168864703 29999.0 501760
1771168874689 30258.0 506880
1771168884997 30507.0 512000
1771168893982 30762.0 517120
1771168904260 31011.0 522240
1771168913909 31266.0 527360
1771168923696 31515.0 532480
1771168933854 31756.0 537600
1771168944749 31940.0 542720
1771168954285 32106.0 547840
1771168963547 32282.0 552960
1771168973134 32459.0 558080
1771168982970 32575.0 563200
1771168992780 32728.0 568320
1771169002645 32816.0 573440
1771169011898 32878.0 578560
1771169021345 32943.0 583680
1771169031267 33023.0 588800
1771169040835 33107.0 593920
1771169050815 33171.0 599040
1771169060806 33229.0 604160
1771169070368 33271.0 609280
1771169079585 33322.0 614400
1771169089151 33365.0 619520
1771169098436 33408.0 624640
1771169107845 33457.0 629760
1771169117147 33506.0 634880
1771169126418 33535.0 640000
1771169135872 33569.0 645120
1771169145256 33611.0 650240
1771169154349 33655.0 655360
1771169163706 33689.0 660480
1771169172982 33728.0 665600
1771169182168 33775.0 670720
1771169191720 33819.0 675840
1771169201713 33843.0 680960
1771169211316 33880.0 686080
1771169220338 33917.0 691200
1771169229649 33955.0 696320
1771169239434 33988.0 701440
1771169248529 34028.0 706560
1771169258353 34064.0 711680
1771169268061 34104.0 716800
1771169277848 34157.0 721920
1771169287513 34195.0 727040
1771169296986 34230.0 732160
1771169306416 34276.0 737280
1771169316015 34317.0 742400
1771169325429 34368.0 747520
1771169335203 34407.0 752640
1771169344732 34445.0 757760
1771169354906 34480.0 762880
1771169364557 34522.0 768000
1771169373956 34570.0 773120
1771169383342 34608.0 778240
1771169392916 34651.0 783360
1771169402052 34691.0 788480
1771169411358 34727.0 793600
1771169421107 34782.0 798720
1771169430548 34826.0 803840
1771169440098 34854.0 808960
1771169449249 34896.0 814080
1771169458851 34934.0 819200
1771169468101 34993.0 824320
1771169478307 35018.0 829440
1771169489634 35039.0 834560
1771169500545 35068.0 839680
1771169511178 35084.0 844800
1771169522097 35101.0 849920
1771169532765 35110.0 855040
1771169544455 35131.0 860160
1771169555482 35151.0 865280
1771169566334 35180.0 870400
1771169576452 35204.0 875520
1771169586681 35230.0 880640
1771169596816 35270.0 885760
1771169607408 35286.0 890880
1771169616967 35312.0 896000
1771169626336 35341.0 901120
1771169636979 35364.0 906240
1771169646647 35390.0 911360
1771169655920 35411.0 916480
1771169665342 35422.0 921600
1771169675498 35442.0 926720
1771169685640 35456.0 931840
1771169695460 35475.0 936960
1771169706209 35495.0 942080
1771169716768 35512.0 947200
1771169727549 35531.0 952320
1771169738049 35558.0 957440
1771169747922 35576.0 962560
1771169758344 35591.0 967680
1771169769721 35607.0 972800
1771169779862 35624.0 977920
1771169789548 35639.0 983040
1771169799269 35652.0 988160
1771169808981 35699.0 993280
1771169818581 35726.0 998400
1771169828009 35754.0 1003520
1771169837805 35771.0 1008640
1771169847645 35794.0 1013760
1771169858560 35813.0 1018880
1771169868811 35826.0 1024000
1771169878645 35838.0 1029120
1771169888165 35847.0 1034240
1771169898404 35857.0 1039360
1771169908865 35875.0 1044480
1771169918483 35894.0 1049600
1771169929251 35918.0 1054720
1771169939492 35938.0 1059840
1771169949544 35955.0 1064960
1771169959228 35974.0 1070080
1771169969278 36001.0 1075200
1771169980005 36015.0 1080320
1771169989806 36023.0 1085440
1771169999452 36040.0 1090560
1771170009979 36054.0 1095680
1771170020289 36067.0 1100800
1771170030654 36088.0 1105920
1771170041036 36106.0 1111040
1771170050772 36116.0 1116160
1771170060843 36125.0 1121280
1771170070607 36133.0 1126400
1771170081345 36150.0 1131520
1771170091243 36162.0 1136640
1771170100918 36177.0 1141760
1771170110776 36186.0 1146880
1771170120826 36202.0 1152000
1771170130828 36218.0 1157120
1771170142210 36228.0 1162240
1771170153178 36236.0 1167360
1771170163589 36247.0 1172480
1771170173609 36259.0 1177600
1771170184449 36272.0 1182720
1771170194072 36280.0 1187840
1771170204256 36291.0 1192960
1771170214231 36304.0 1198080
1771170224105 36309.0 1203200
1771170234978 36318.0 1208320
1771170245787 36325.0 1213440
1771170256687 36330.0 1218560
1771170267442 36338.0 1223680
1771170277894 36347.0 1228800
1771170288244 36354.0 1233920
1771170298714 36363.0 1239040
