1771167957859 1.6620879173278809 5120
1771167966366 1.4852070808410645 10240
1771167974915 1.3477822542190552 15360
1771167983337 1.2896552085876465 20480
1771167992315 1.3732175827026367 25600
1771168000895 1.467952013015747 30720
1771168009886 1.4127516746520996 35840
1771168018622 1.4300589561462402 40960
1771168027783 1.4441916942596436 46080
1771168037487 1.4780619144439697 51200
1771168046731 1.4836018085479736 56320
1771168056088 1.4775370359420776 61440
1771168066120 1.4699853658676147 66560
1771168074878 1.4663264751434326 71680
1771168083872 1.486128807067871 76800
1771168093036 1.4898627996444702 81920
1771168102203 1.4947545528411865 87040
1771168111125 1.5199291706085205 92160
1771168120152 1.5214141607284546 97280
1771168129324 1.430429220199585 102400
1771168138375 1.3370555639266968 107520
1771168147445 1.2518126964569092 112640
1771168156622 1.184586524963379 117760
1771168165509 1.1234362125396729 122880
1771168174538 1.0638896226882935 128000
1771168183709 1.0007981061935425 133120
1771168192908 0.9527554512023926 138240
1771168202134 0.9031025171279907 143360
1771168211146 0.8487450480461121 148480
1771168220339 0.8044588565826416 153600
1771168229301 0.7594727873802185 158720
1771168238313 0.7113083600997925 163840
1771168247680 0.672145426273346 168960
1771168256815 0.6374343037605286 174080
1771168266307 0.6048769354820251 179200
1771168277359 0.5817674398422241 184320
1771168286896 0.5572993159294128 189440
1771168296382 0.5279993414878845 194560
1771168305801 0.5032722353935242 199680
1771168315362 0.4790237545967102 204800
1771168324583 0.45204201340675354 209920
1771168334183 0.4251062870025635 215040
1771168343353 0.4103010892868042 220160
1771168352887 0.3891788125038147 225280
1771168361912 0.36897677183151245 230400
1771168371577 0.3483293950557709 235520
1771168381199 0.3370435833930969 240640
1771168390845 0.3179703652858734 245760
1771168400180 0.3056260943412781 250880
1771168409306 0.28836214542388916 256000
1771168418473 0.27406641840934753 261120
1771168427691 0.25935468077659607 266240
1771168437021 0.24468916654586792 271360
1771168446903 0.22876550257205963 276480
1771168456967 0.2159881740808487 281600
1771168466356 0.20407815277576447 286720
1771168475409 0.18969954550266266 291840
1771168484739 0.17638812959194183 296960
1771168494284 0.16655856370925903 302080
1771168503812 0.15416909754276276 307200
1771168513170 0.1469496637582779 312320
1771168522769 0.14164094626903534 317440
1771168531850 0.13547521829605103 322560
1771168541063 0.1260841339826584 327680
1771168550460 0.11618491262197495 332800
1771168559563 0.10734135657548904 337920
1771168568638 0.09895262867212296 343040
1771168577684 0.08686678856611252 348160
1771168587062 0.07930014282464981 353280
1771168596519 0.0754910483956337 358400
1771168606449 0.06739755719900131 363520
1771168615678 0.06034291908144951 368640
1771168624807 0.05332954600453377 373760
1771168634130 0.045129310339689255 378880
1771168643457 0.04077335447072983 384000
1771168652611 0.035916704684495926 389120
1771168661589 0.02958604320883751 394240
1771168671400 0.024481531232595444 399360
1771168680740 0.020095326006412506 404480
1771168689991 0.019206222146749496 409600
1771168699047 0.04443744197487831 414720
1771168708430 0.0689292773604393 419840
1771168717755 0.09048260003328323 424960
1771168727226 0.11564328521490097 430080
1771168736659 0.13800743222236633 435200
1771168746433 0.15454140305519104 440320
1771168755989 0.17027443647384644 445440
1771168765168 0.19913655519485474 450560
1771168774155 0.22445648908615112 455680
1771168783217 0.24786219000816345 460800
1771168792421 0.27305909991264343 465920
1771168802723 0.3013888895511627 471040
1771168813027 0.33535999059677124 476160
1771168822937 0.37445181608200073 481280
1771168833586 0.41344213485717773 486400
1771168843931 0.44502732157707214 491520
1771168854356 0.48254260420799255 496640
1771168864703 0.5264945030212402 501760
1771168874689 0.5684515237808228 506880
1771168884997 0.6106092929840088 512000
1771168893982 0.646992564201355 517120
1771168904260 0.6789630651473999 522240
1771168913909 0.7092505693435669 527360
1771168923696 0.7401758432388306 532480
1771168933854 0.7651128768920898 537600
1771168944749 0.7891491651535034 542720
1771168954285 0.8132443428039551 547840
1771168963547 0.8236078023910522 552960
1771168973134 0.8349005579948425 558080
1771168982970 0.8425092101097107 563200
1771168992780 0.8531492352485657 568320
1771169002645 0.8502952456474304 573440
1771169011898 0.8471199870109558 578560
1771169021345 0.8421934843063354 583680
1771169031267 0.8413962721824646 588800
1771169040835 0.841472864151001 593920
1771169050815 0.8364691138267517 599040
1771169060806 0.8320476412773132 604160
1771169070368 0.8287656903266907 609280
1771169079585 0.8248617053031921 614400
1771169089151 0.8223519325256348 619520
1771169098436 0.8181278705596924 624640
1771169107845 0.8155666589736938 629760
1771169117147 0.8131791353225708 634880
1771169126418 0.8084473609924316 640000
1771169135872 0.8039980530738831 645120
1771169145256 0.8016014695167542 650240
1771169154349 0.7992618680000305 655360
1771169163706 0.7965161204338074 660480
1771169172982 0.7949033975601196 665600
1771169182168 0.7937726974487305 670720
1771169191720 0.793197751045227 675840
1771169201713 0.7880896329879761 680960
1771169211316 0.7854930758476257 686080
1771169220338 0.7828340530395508 691200
1771169229649 0.7815481424331665 696320
1771169239434 0.7776654362678528 701440
1771169248529 0.7756105661392212 706560
1771169258353 0.7709618806838989 711680
1771169268061 0.7662739157676697 716800
1771169277848 0.7635879516601562 721920
1771169287513 0.7602924108505249 727040
1771169296986 0.7572813630104065 732160
1771169306416 0.7539318203926086 737280
1771169316015 0.7515134215354919 742400
1771169325429 0.7498927116394043 747520
1771169335203 0.7468734383583069 752640
1771169344732 0.7430810928344727 757760
1771169354906 0.7402520775794983 762880
1771169364557 0.7382097244262695 768000
1771169373956 0.7368144989013672 773120
1771169383342 0.7344222664833069 778240
1771169392916 0.7330875992774963 783360
1771169402052 0.7304765582084656 788480
1771169411358 0.7277433276176453 793600
1771169421107 0.7274512648582458 798720
1771169430548 0.7257604598999023 803840
1771169440098 0.7220091223716736 808960
1771169449249 0.7207300662994385 814080
1771169458851 0.7189076542854309 819200
1771169468101 0.7178354263305664 824320
1771169478307 0.7136487364768982 829440
1771169489634 0.7096922993659973 834560
1771169500545 0.7063559293746948 839680
1771169511178 0.7009227871894836 844800
1771169522097 0.6957913637161255 849920
1771169532765 0.6898871064186096 855040
1771169544455 0.6852675676345825 860160
1771169555482 0.6805607676506042 865280
1771169566334 0.6782879829406738 870400
1771169576452 0.6748372912406921 875520
1771169586681 0.671042799949646 880640
1771169596816 0.667874813079834 885760
1771169607408 0.6635445356369019 890880
1771169616967 0.6607372760772705 896000
1771169626336 0.6579208970069885 901120
1771169636979 0.6540362238883972 906240
1771169646647 0.6508767604827881 911360
1771169655920 0.6480824947357178 916480
1771169665342 0.6439035534858704 921600
1771169675498 0.6407259702682495 926720
1771169685640 0.6370487809181213 931840
1771169695460 0.6328840255737305 936960
1771169706209 0.6296493411064148 942080
1771169716768 0.6265700459480286 947200
1771169727549 0.6230693459510803 952320
1771169738049 0.6203885674476624 957440
1771169747922 0.6170457601547241 962560
1771169758344 0.6141250133514404 967680
1771169769721 0.6111096739768982 972800
1771169779862 0.6082004904747009 977920
1771169789548 0.6054288744926453 983040
1771169799269 0.6019657850265503 988160
1771169808981 0.6017352938652039 993280
1771169818581 0.6002748012542725 998400
1771169828009 0.5983659625053406 1003520
1771169837805 0.5961818695068359 1008640
1771169847645 0.5940737128257751 1013760
1771169858560 0.5921385288238525 1018880
1771169868811 0.5891318321228027 1024000
1771169878645 0.5859756469726562 1029120
1771169888165 0.5825726389884949 1034240
1771169898404 0.5794020891189575 1039360
1771169908865 0.5768523216247559 1044480
1771169918483 0.5742872953414917 1049600
1771169929251 0.5727957487106323 1054720
1771169939492 0.570883572101593 1059840
1771169949544 0.5684131979942322 1064960
1771169959228 0.5665954351425171 1070080
1771169969278 0.5655900239944458 1075200
1771169980005 0.5629667639732361 1080320
1771169989806 0.5599269270896912 1085440
1771169999452 0.5576801300048828 1090560
1771170009979 0.5554779171943665 1095680
1771170020289 0.5531237721443176 1100800
1771170030654 0.5516438484191895 1105920
1771170041036 0.5497400164604187 1111040
1771170050772 0.5468294620513916 1116160
1771170060843 0.5440474152565002 1121280
1771170070607 0.5413393974304199 1126400
1771170081345 0.5392282009124756 1131520
1771170091243 0.5369628071784973 1136640
1771170100918 0.5351071357727051 1141760
1771170110776 0.5325760841369629 1146880
1771170120826 0.5305607318878174 1152000
1771170130828 0.5288639664649963 1157120
1771170142210 0.5266925692558289 1162240
1771170153178 0.5241403579711914 1167360
1771170163589 0.5219457745552063 1172480
1771170173609 0.5199319124221802 1177600
1771170184449 0.5179003477096558 1182720
1771170194072 0.5150085091590881 1187840
1771170204256 0.5125072002410889 1192960
1771170214231 0.510597825050354 1198080
1771170224105 0.50791996717453 1203200
1771170234978 0.5055687427520752 1208320
1771170245787 0.5032765865325928 1213440
1771170256687 0.5005989670753479 1218560
1771170267442 0.4983156621456146 1223680
1771170277894 0.4962247610092163 1228800
1771170288244 0.4938449263572693 1233920
1771170298714 0.4917981028556824 1239040
