1771167957859 0.2829670310020447 5120
1771167966366 0.26923078298568726 10240
1771167974915 0.26108869910240173 15360
1771167983337 0.25977012515068054 20480
1771167992315 0.2641041576862335 25600
1771168000895 0.2725377678871155 30720
1771168009886 0.2657718062400818 35840
1771168018622 0.2687622904777527 40960
1771168027783 0.2697690725326538 46080
1771168037487 0.2720959484577179 51200
1771168046731 0.27301496267318726 56320
1771168056088 0.27246299386024475 61440
1771168066120 0.27306002378463745 66560
1771168074878 0.2727891206741333 71680
1771168083872 0.2740364372730255 76800
1771168093036 0.2739018201828003 81920
1771168102203 0.2738853394985199 87040
1771168111125 0.27617359161376953 92160
1771168120152 0.27678871154785156 97280
1771168129324 0.26854953169822693 102400
1771168138375 0.260103315114975 107520
1771168147445 0.25377029180526733 112640
1771168156622 0.24764150381088257 117760
1771168165509 0.2426137924194336 122880
1771168174538 0.23728597164154053 128000
1771168183709 0.23133595287799835 133120
1771168192908 0.22717596590518951 138240
1771168202134 0.22242499887943268 143360
1771168211146 0.21752531826496124 148480
1771168220339 0.21357880532741547 153600
1771168229301 0.20994645357131958 158720
1771168238313 0.20532509684562683 163840
1771168247680 0.20264913141727448 168960
1771168256815 0.19988738000392914 174080
1771168266307 0.19772106409072876 179200
1771168277359 0.19553270936012268 184320
1771168286896 0.19427438080310822 189440
1771168296382 0.19150365889072418 194560
1771168305801 0.18929973244667053 199680
1771168315362 0.18758971989154816 204800
1771168324583 0.18560871481895447 209920
1771168334183 0.1841026395559311 215040
1771168343353 0.18303173780441284 220160
1771168352887 0.1806914508342743 225280
1771168361912 0.17878401279449463 230400
1771168371577 0.1770414561033249 235520
1771168381199 0.17564816772937775 240640
1771168390845 0.17412108182907104 245760
1771168400180 0.17314580082893372 250880
1771168409306 0.17144133150577545 256000
1771168418473 0.17026333510875702 261120
1771168427691 0.1687522977590561 266240
1771168437021 0.16753926873207092 271360
1771168446903 0.16621382534503937 276480
1771168456967 0.1653328686952591 281600
1771168466356 0.16398018598556519 286720
1771168475409 0.1630392223596573 291840
1771168484739 0.16201210021972656 296960
1771168494284 0.1609102189540863 302080
1771168503812 0.16001488268375397 307200
1771168513170 0.15944378077983856 312320
1771168522769 0.15900205075740814 317440
1771168531850 0.15864095091819763 322560
1771168541063 0.15796032547950745 327680
1771168550460 0.1570398062467575 332800
1771168559563 0.15625150501728058 337920
1771168568638 0.15624850988388062 343040
1771168577684 0.15525327622890472 348160
1771168587062 0.15457865595817566 353280
1771168596519 0.15421774983406067 358400
1771168606449 0.1535765677690506 363520
1771168615678 0.15289530158042908 368640
1771168624807 0.15218910574913025 373760
1771168634130 0.1513793170452118 378880
1771168643457 0.15109749138355255 384000
1771168652611 0.15063604712486267 389120
1771168661589 0.14983631670475006 394240
1771168671400 0.14930257201194763 399360
1771168680740 0.14896796643733978 404480
1771168689991 0.14886318147182465 409600
1771168699047 0.15104003250598907 414720
1771168708430 0.15315455198287964 419840
1771168717755 0.15543164312839508 424960
1771168727226 0.1576867550611496 430080
1771168736659 0.159562885761261 435200
1771168746433 0.1611298769712448 440320
1771168755989 0.16245964169502258 445440
1771168765168 0.16481642425060272 450560
1771168774155 0.1668938845396042 455680
1771168783217 0.1688961386680603 460800
1771168792421 0.1710304617881775 465920
1771168802723 0.17347222566604614 471040
1771168813027 0.1761816442012787 476160
1771168822937 0.17943225800991058 481280
1771168833586 0.18263795971870422 486400
1771168843931 0.18518517911434174 491520
1771168854356 0.18822327256202698 496640
1771168864703 0.19187697768211365 501760
1771168874689 0.19558961689472198 506880
1771168884997 0.19901978969573975 512000
1771168893982 0.2018907368183136 517120
1771168904260 0.2047761231660843 522240
1771168913909 0.20736680924892426 527360
1771168923696 0.2097470760345459 532480
1771168933854 0.21159544587135315 537600
1771168944749 0.2129363715648651 542720
1771168954285 0.2142857164144516 547840
1771168963547 0.2144358605146408 552960
1771168973134 0.2145179659128189 558080
1771168982970 0.2140519618988037 563200
1771168992780 0.2139604091644287 568320
1771169002645 0.21210408210754395 573440
1771169011898 0.21018736064434052 578560
1771169021345 0.20805387198925018 583680
1771169031267 0.2065064013004303 588800
1771169040835 0.20507393777370453 593920
1771169050815 0.2030230164527893 599040
1771169060806 0.20101118087768555 604160
1771169070368 0.19911561906337738 609280
1771169079585 0.19727960228919983 614400
1771169089151 0.19561077654361725 619520
1771169098436 0.19373980164527893 624640
1771169107845 0.19204586744308472 629760
1771169117147 0.1904589831829071 634880
1771169126418 0.18864960968494415 640000
1771169135872 0.18684080243110657 645120
1771169145256 0.18535453081130981 650240
1771169154349 0.18384376168251038 655360
1771169163706 0.18234947323799133 660480
1771169172982 0.18102425336837769 665600
1771169182168 0.17973798513412476 670720
1771169191720 0.17852143943309784 675840
1771169201713 0.1768188625574112 680960
1771169211316 0.17544159293174744 686080
1771169220338 0.17408744990825653 691200
1771169229649 0.1728910505771637 696320
1771169239434 0.17146159708499908 701440
1771169248529 0.17019973695278168 706560
1771169258353 0.16868320107460022 711680
1771169268061 0.16721494495868683 716800
1771169277848 0.16597338020801544 721920
1771169287513 0.16465887427330017 727040
1771169296986 0.16338017582893372 732160
1771169306416 0.1621137261390686 737280
1771169316015 0.1609618067741394 742400
1771169325429 0.15993282198905945 747520
1771169335203 0.15881255269050598 752640
1771169344732 0.15763960778713226 757760
1771169354906 0.1565459966659546 762880
1771169364557 0.155583456158638 768000
1771169373956 0.15467287600040436 773120
1771169383342 0.1536661684513092 778240
1771169392916 0.15279521048069 783360
1771169402052 0.15177030861377716 788480
1771169411358 0.15075257420539856 793600
1771169421107 0.15007109940052032 798720
1771169430548 0.1491934061050415 803840
1771169440098 0.1480780392885208 808960
1771169449249 0.1472960114479065 814080
1771169458851 0.14652062952518463 819200
1771169468101 0.1458333283662796 824320
1771169478307 0.14474739134311676 829440
1771169489634 0.1436995416879654 834560
1771169500545 0.1427491009235382 839680
1771169511178 0.1415679156780243 844800
1771169522097 0.1403956562280655 849920
1771169532765 0.13913869857788086 855040
1771169544455 0.13804933428764343 860160
1771169555482 0.13696055114269257 865280
1771169566334 0.1361737698316574 870400
1771169576452 0.1352662742137909 875520
1771169586681 0.1343347132205963 880640
1771169596816 0.13353711366653442 885760
1771169607408 0.1325443834066391 890880
1771169616967 0.13171526789665222 896000
1771169626336 0.1309310793876648 901120
1771169636979 0.13002154231071472 906240
1771169646647 0.1291673630475998 911360
1771169655920 0.12840834259986877 916480
1771169665342 0.1274806261062622 921600
1771169675498 0.1266806721687317 926720
1771169685640 0.12583211064338684 931840
1771169695460 0.12494965642690659 936960
1771169706209 0.12416071444749832 942080
1771169716768 0.12339688837528229 947200
1771169727549 0.12260350584983826 952320
1771169738049 0.12193278223276138 957440
1771169747922 0.12118624150753021 962560
1771169758344 0.12045670300722122 967680
1771169769721 0.11974291503429413 972800
1771169779862 0.11905093491077423 977920
1771169789548 0.11835688352584839 983040
1771169799269 0.11761108040809631 988160
1771169808981 0.11725232750177383 993280
1771169818581 0.11673669517040253 998400
1771169828009 0.1161811500787735 1003520
1771169837805 0.11557630449533463 1008640
1771169847645 0.1149890124797821 1013760
1771169858560 0.11441485583782196 1018880
1771169868811 0.11371643841266632 1024000
1771169878645 0.11301511526107788 1029120
1771169888165 0.11228704452514648 1034240
1771169898404 0.11159398406744003 1039360
1771169908865 0.11098766326904297 1044480
1771169918483 0.11035655438899994 1049600
1771169929251 0.10985562205314636 1054720
1771169939492 0.10931848734617233 1059840
1771169949544 0.10872013121843338 1064960
1771169959228 0.10821546614170074 1070080
1771169969278 0.10781140625476837 1075200
1771169980005 0.10720756649971008 1080320
1771169989806 0.10657329857349396 1085440
1771169999452 0.10602591186761856 1090560
1771170009979 0.10549414902925491 1095680
1771170020289 0.10494465380907059 1100800
1771170030654 0.10449709743261337 1105920
1771170041036 0.10398834943771362 1111040
1771170050772 0.10338925570249557 1116160
1771170060843 0.10280177742242813 1121280
1771170070607 0.1022270917892456 1126400
1771170081345 0.1017165258526802 1131520
1771170091243 0.1011907234787941 1136640
1771170100918 0.10070521384477615 1141760
1771170110776 0.10016989707946777 1146880
1771170120826 0.09969156235456467 1152000
1771170130828 0.09924209117889404 1157120
1771170142210 0.09874705225229263 1162240
1771170153178 0.09822013974189758 1167360
1771170163589 0.09772446751594543 1172480
1771170173609 0.09725507348775864 1177600
1771170184449 0.09679559618234634 1182720
1771170194072 0.09623889625072479 1187840
1771170204256 0.0957200676202774 1192960
1771170214231 0.0952654704451561 1198080
1771170224105 0.09473463892936707 1203200
1771170234978 0.09425224363803864 1208320
1771170245787 0.09376794844865799 1213440
1771170256687 0.09323850274085999 1218560
1771170267442 0.09276854246854782 1223680
1771170277894 0.09231723099946976 1228800
1771170288244 0.09183833003044128 1233920
1771170298714 0.09139647334814072 1239040
