1771167957854 142.1797966101695 5120
1771167966360 111.98547551663374 10240
1771167974908 76.47698927868134 15360
1771167983330 103.66032326627453 20480
1771167992308 106.66286905882053 25600
1771168000885 98.53879948314342 30720
1771168009879 88.71764282843667 35840
1771168018616 82.87173002450012 40960
1771168027772 96.6006586978051 46080
1771168037480 60.700801759819385 51200
1771168046722 104.42683928793726 56320
1771168056077 96.91762368001478 61440
1771168066114 121.7646170818092 66560
1771168074871 109.97414719840583 71680
1771168083864 83.74204368486204 76800
1771168093029 109.1897014031708 81920
1771168102194 118.73472045293701 87040
1771168111118 70.91681320167726 92160
1771168120145 91.10723982883333 97280
1771168129316 111.84810666666667 102400
1771168138366 80.49251554463805 107520
1771168147428 110.86949855938252 112640
1771168156614 62.52968975953009 117760
1771168165500 71.18038184132372 122880
1771168174530 107.0603670520969 128000
1771168183700 98.51102708034854 133120
1771168192899 86.27414842850091 138240
1771168202127 83.9314029575971 143360
1771168211139 89.50330758396996 148480
1771168220330 95.12834818897281 153600
1771168229292 105.80721979768421 158720
1771168238306 101.453824198152 163840
1771168247669 89.75613096511877 168960
1771168256806 90.9847068266123 174080
1771168266299 116.66399643969737 179200
1771168277346 92.38758562963942 184320
1771168286882 119.57078510747478 189440
1771168296373 97.24569335280889 194560
1771168305787 62.78522244176995 199680
1771168315345 60.681481481481484 204800
1771168324572 102.38750152569267 209920
1771168334173 118.37281630118815 215040
1771168343344 107.23006519238145 220160
1771168352876 71.08989830508474 225280
1771168361903 116.23722425451724 230400
1771168371567 108.69451642997824 235520
1771168381189 75.99065132711296 240640
1771168390831 84.52338633295045 245760
1771168400168 59.19225504170254 250880
1771168409297 92.99184107839659 256000
1771168418465 86.74520185307743 261120
1771168427680 98.40932873466132 266240
1771168437011 67.80974552979598 271360
1771168446891 62.84166367014264 276480
1771168456958 102.10087633885102 281600
1771168466346 91.47283710989467 286720
1771168475397 73.81998662395719 291840
1771168484730 75.65074040005051 296960
1771168494271 87.63511000605921 302080
1771168503795 70.1529403893758 307200
1771168513161 96.85048606460849 312320
1771168522760 101.98419529749313 317440
1771168531840 114.38594960183266 322560
1771168541053 115.272467432529 327680
1771168550449 114.31424600038156 332800
1771168559552 95.44222454830928 337920
1771168568628 122.85960338615659 343040
1771168577674 99.0226881035012 348160
1771168587051 117.58961563262217 353280
1771168596506 61.618416606678515 358400
1771168606439 117.24120195667365 363520
1771168615667 115.28830983205519 368640
1771168624796 122.25083797254365 373760
1771168634116 54.06981900685815 378880
1771168643446 84.1114988168291 384000
1771168652600 90.91962195439174 389120
1771168661577 81.79379473078649 394240
1771168671390 79.85956093752975 399360
1771168680729 93.07231776323088 404480
1771168689978 60.05847902974068 409600
1771168699035 102.30259274616454 414720
1771168708420 90.04516960068699 419840
1771168717741 123.80247350866318 424960
1771168727215 99.06010722467585 430080
1771168736649 108.97692787362294 435200
1771168746414 71.85841799585397 440320
1771168755978 74.58264132154987 445440
1771168765155 74.6251045280669 450560
1771168774142 102.2402496099844 455680
1771168783205 112.5504212955509 460800
1771168792404 114.58281655511541 465920
1771168802707 94.70092571686611 471040
1771168813013 117.27398294421921 476160
1771168822925 94.13978542891772 481280
1771168833574 111.2931249502481 486400
1771168843921 95.15208711433756 491520
1771168854344 121.01281015579919 496640
1771168864692 114.056235383695 501760
1771168874678 124.986709577448 506880
1771168884986 114.71757562496582 512000
1771168893970 96.91762368001478 517120
1771168904246 109.23235585186728 522240
1771168913897 90.38669080251702 527360
1771168923683 95.89172382258802 532480
1771168933843 72.33803594218895 537600
1771168944737 106.0909067914506 542720
1771168954269 112.55948259667767 547840
1771168963534 115.34537854412453 552960
1771168973123 96.10264870314361 558080
1771168982955 88.49676126173647 563200
1771168992762 59.46330951570829 568320
1771169002623 83.57018470182709 573440
1771169011885 85.7818590857961 578560
1771169021324 78.91892298718648 583680
1771169031253 93.5330820863903 588800
1771169040822 102.80408833549842 593920
1771169050803 99.28991785621287 599040
1771169060789 57.75925747414517 604160
1771169070346 89.37362028553164 609280
1771169079572 93.45805387820585 614400
1771169089138 79.01704941504494 619520
1771169098424 114.55465122630687 624640
1771169107832 108.84683655992112 629760
1771169117129 110.3154572473107 634880
1771169126403 110.40256902950699 640000
1771169135859 91.22018268812528 645120
1771169145241 117.10045228655983 650240
1771169154327 82.80955577492597 655360
1771169163689 67.39136861724349 660480
1771169172968 64.22933447673884 665600
1771169182154 87.52903858594712 670720
1771169191706 102.96813472774586 675840
1771169201699 116.829726191471 680960
1771169211301 103.99960327299777 686080
1771169220324 90.89006869352288 691200
1771169229635 84.57792744651248 696320
1771169239412 76.3475253472159 701440
1771169248514 106.46252252709597 706560
1771169258338 81.2944140791565 711680
1771169268034 85.93124359762344 716800
1771169277834 117.25431215230215 721920
1771169287499 84.00368515922291 727040
1771169296971 62.83978066101339 732160
1771169306401 106.99482156067447 737280
1771169316000 92.88269814203778 742400
1771169325413 63.13014946040729 747520
1771169335187 115.84875017262809 752640
1771169344718 66.23143001515918 757760
1771169354891 62.63707774558705 762880
1771169364533 83.57018470182709 768000
1771169373941 106.57343225937595 773120
1771169383326 112.74707669148678 778240
1771169392902 70.48658095958322 783360
1771169402037 89.25380375800651 788480
1771169411339 82.76706922409029 793600
1771169421093 99.23588700137226 798720
1771169430528 61.20837650492521 803840
1771169440075 90.09932978174945 808960
1771169449234 83.67187998723269 814080
1771169458835 75.8216855273148 819200
1771169468085 95.28178100863244 824320
1771169478292 118.85584743121086 829440
1771169489604 62.22725991424714 834560
1771169500523 68.48625965416456 839680
1771169511160 80.5976940814758 844800
1771169522078 122.97126773777413 849920
1771169532748 67.56615171480581 855040
1771169544438 70.95160280808594 860160
1771169555464 84.91525286472042 865280
1771169566314 80.51878443493118 870400
1771169576432 91.51275282002051 875520
1771169586665 84.63424674119214 880640
1771169596793 76.43239303156207 885760
1771169607393 121.94516644861172 890880
1771169616939 92.66517906457813 896000
1771169626319 96.65185731403815 901120
1771169636962 114.0097311696431 906240
1771169646631 106.12311818434836 911360
1771169655902 71.29896136127968 916480
1771169665326 116.47608997500694 921600
1771169675472 102.78141540874338 926720
1771169685624 82.69037714646215 931840
1771169695433 66.39393411742358 936960
1771169706190 71.3924085106383 942080
1771169716749 104.44764300122021 947200
1771169727532 105.0098643032397 952320
1771169738032 114.52962700016384 957440
1771169747906 95.99487332066921 962560
1771169758324 113.28914458579801 967680
1771169769695 70.9372029698784 972800
1771169779841 74.41987224982257 977920
1771169789530 111.61594550002661 983040
1771169799251 80.34295565558854 988160
1771169808962 82.35914151628802 993280
1771169818563 82.61708162622124 998400
1771169827990 88.06937532808399 1003520
1771169837787 115.47240040745532 1008640
1771169847624 102.01147971592567 1013760
1771169858532 85.25181406126141 1018880
1771169868788 114.61099573723904 1024000
1771169878614 73.10588604395797 1029120
1771169888139 109.26081067000104 1034240
1771169898384 69.70061153948419 1039360
1771169908847 117.7546814902159 1044480
1771169918460 94.76939762302861 1049600
1771169929231 109.25796452108678 1054720
1771169939470 81.33224743067674 1059840
1771169949527 95.89172382258802 1064960
1771169959200 103.87854471605122 1070080
1771169969259 70.51502160353726 1075200
1771169979986 85.68022388821932 1080320
1771169989780 70.03229199712811 1085440
1771169999433 88.80028793428323 1090560
1771170009956 86.52509541000516 1095680
1771170020271 84.26696668943625 1100800
1771170030635 109.30067233022359 1105920
1771170041012 79.9996948253829 1111040
1771170050746 112.55344156715417 1116160
1771170060825 82.93563759318214 1121280
1771170070589 79.55811836115326 1126400
1771170081327 98.09401749380233 1131520
1771170091224 109.90498650525377 1136640
1771170100899 107.3151161600655 1141760
1771170110757 89.17600034017944 1146880
1771170120806 73.02188408572573 1152000
1771170130808 78.07132752587297 1157120
1771170142188 60.49157015734745 1162240
1771170153148 80.94143074933905 1167360
1771170163561 115.81676101063096 1172480
1771170173588 102.33254446531828 1177600
1771170184430 58.53143359522181 1182720
1771170194053 124.30882309356569 1187840
1771170204235 107.6843132220796 1192960
1771170214209 97.48074464870895 1198080
1771170224087 93.67931565899092 1203200
1771170234945 72.74200485605272 1208320
1771170245761 92.87858455678824 1213440
1771170256668 100.34940306720578 1218560
1771170267423 111.94363189922066 1223680
1771170277869 67.82838753497097 1228800
1771170288220 105.89537467178347 1233920
1771170298691 75.5539863818136 1239040
