1769361561578 285.69606975001705 5120
1769361568308 124.72653740930177 10240
1769361580163 166.12420785804815 15360
1769361587755 269.15895527177054 20480
1769361595416 573.0706380653095 25600
1769361602750 317.5338027102733 30720
1769361613889 514.0708420149529 35840
1769361621834 363.14320346320346 40960
1769361629251 389.11810000927727 46080
1769361636679 513.3158732101334 51200
1769361647719 227.11197747455057 56320
1769361654700 563.3719274680994 61440
1769361662053 500.9320434730682 66560
1769361669955 276.7421483240961 71680
1769361681324 383.42663863241614 76800
1769361688724 488.1638733705773 81920
1769361696541 354.90810627855814 87040
1769361704302 280.8748409562713 92160
1769361715662 249.15670666508257 97280
1769361722378 336.16285966177765 102400
1769361730112 477.76557694498234 107520
1769361738514 544.0083009079118 112640
1769361748133 253.06528297333173 117760
1769361756591 196.0871435250117 122880
1769361764123 534.5786387968392 128000
1769361772916 466.6559857587895 133120
1769361782114 128.05080140436576 138240
1769361790184 275.0363278688525 143360
1769361798374 434.37282518641257 148480
1769361807520 432.26878285066476 153600
1769361814794 291.51403947734224 158720
1769361825496 440.71703267836506 163840
1769361832675 291.9604622024224 168960
1769361841391 354.4582100904251 174080
1769361849048 149.45496009122007 179200
1769361859649 421.3686960016074 184320
1769361866838 262.4064064064064 189440
1769361874168 478.8564904669483 194560
1769361883632 160.3204647962694 199680
1769361893994 456.9954238396165 204800
1769361900747 286.3397050791917 209920
1769361908423 329.14572706584005 215040
1769361919035 109.30067233022359 220160
1769361927717 394.4981188863807 225280
1769361935708 499.4408192426768 230400
1769361943093 463.56145004420864 235520
1769361954430 407.3721833721834 240640
1769361961416 350.60636963972246 245760
1769361970978 319.2984165651644 250880
1769361978521 385.01046447585827 256000
1769361988028 276.30461133069826 261120
1769361995849 479.4586191129401 266240
1769362008137 300.64540176331445 271360
1769362016493 492.462604203358 276480
1769362025018 531.7322515212982 281600
1769362034261 514.4491598184717 286720
1769362043319 416.76311605723373 291840
1769362050508 355.5398830211071 296960
1769362055399 234.90921310557266 300032
