1769361561584 2.2207393646240234 5120
1769361568314 2.218952178955078 10240
1769361580168 2.1969056129455566 15360
1769361587765 2.226045608520508 20480
1769361595422 2.2838563919067383 25600
1769361602759 2.2824761867523193 30720
1769361613898 2.3040382862091064 35840
1769361621858 2.3229339122772217 40960
1769361629261 2.305825710296631 46080
1769361636685 2.2856175899505615 51200
1769361647727 2.280027389526367 56320
1769361654709 2.273752212524414 61440
1769361662061 2.265963315963745 66560
1769361669967 2.265550136566162 71680
1769361681335 2.2684123516082764 76800
1769361688736 2.267929792404175 81920
1769361696548 2.272477626800537 87040
1769361704313 2.2608585357666016 92160
1769361715669 2.259470224380493 97280
1769361722386 2.256777048110962 102400
1769361730118 2.2443840503692627 107520
1769361738521 2.2491540908813477 112640
1769361748143 2.2569797039031982 117760
1769361756605 2.2574617862701416 122880
1769361764135 2.25921893119812 128000
1769361772928 2.2574474811553955 133120
1769361782120 2.2567193508148193 138240
1769361790197 2.2573108673095703 143360
1769361798387 2.2573649883270264 148480
1769361807529 2.262049913406372 153600
1769361814806 2.2636678218841553 158720
1769361825509 2.2581920623779297 163840
1769361832686 2.258082628250122 168960
1769361841405 2.2586474418640137 174080
1769361849059 2.25626540184021 179200
1769361859660 2.2503678798675537 184320
1769361866850 2.2465243339538574 189440
1769361874178 2.244119882583618 194560
1769361883644 2.2429378032684326 199680
1769361894002 2.239258050918579 204800
1769361900761 2.242218017578125 209920
1769361908431 2.242302417755127 215040
1769361919048 2.2435481548309326 220160
1769361927727 2.2444586753845215 225280
1769361935717 2.2480218410491943 230400
1769361943104 2.2474093437194824 235520
1769361954439 2.249687910079956 240640
1769361961432 2.2478878498077393 245760
1769361970990 2.2467517852783203 250880
1769361978530 2.248478651046753 256000
1769361988039 2.248023509979248 261120
1769361995859 2.252079486846924 266240
1769362008153 2.2474825382232666 271360
1769362016508 2.244429111480713 276480
1769362025028 2.2416627407073975 281600
1769362034272 2.242286443710327 286720
1769362043329 2.2378270626068115 291840
1769362050518 2.23960018157959 296960
1769362055423 2.2380599975585938 300032
