1769369155424 18.029417037963867 5120
1769369173800 17.42934799194336 10240
1769369191896 17.259782791137695 15360
1769369210327 17.36107063293457 20480
1769369228803 17.341594696044922 25600
1769369246933 17.312833786010742 30720
1769369265333 17.352706909179688 35840
1769369283741 17.234148025512695 40960
1769369302099 17.246030807495117 46080
1769369320344 17.263690948486328 51200
1769369338799 17.26203155517578 56320
1769369357076 17.345027923583984 61440
1769369375549 17.314584732055664 66560
1769369393879 17.371646881103516 71680
1769369412180 17.385051727294922 76800
1769369430844 17.416269302368164 81920
1769369449063 17.432722091674805 87040
1769369467635 17.446001052856445 92160
1769369486034 17.396696090698242 97280
1769369504442 17.42906379699707 102400
1769369522857 17.388578414916992 107520
1769369541044 17.355863571166992 112640
1769369559617 17.355417251586914 117760
1769369577977 17.336740493774414 122880
1769369596371 17.331789016723633 128000
1769369615139 17.33286476135254 133120
1769369633961 17.306447982788086 138240
1769369652210 17.28510093688965 143360
1769369670802 17.26799774169922 148480
1769369689478 17.26797103881836 153600
1769369708024 17.25385284423828 158720
1769369726985 17.271522521972656 163840
1769369745511 17.291597366333008 168960
1769369764391 17.303335189819336 174080
1769369782622 17.326492309570312 179200
1769369800823 17.339336395263672 184320
1769369819186 17.34074592590332 189440
1769369837485 17.32218360900879 194560
1769369855758 17.31544303894043 199680
1769369874079 17.315807342529297 204800
1769369892246 17.300119400024414 209920
1769369910537 17.3096866607666 215040
1769369928863 17.303361892700195 220160
1769369947544 17.305143356323242 225280
1769369966911 17.31227684020996 230400
1769369987017 17.309019088745117 235520
1769370007349 17.31882095336914 240640
1769370027486 17.338178634643555 245760
1769370047794 17.336599349975586 250880
1769370071444 17.33467674255371 256000
1769370102275 17.3374080657959 261120
1769370122988 17.327072143554688 266240
1769370143698 17.341699600219727 271360
1769370165121 17.33152198791504 276480
1769370193240 17.3272647857666 281600
1769370212871 17.31755828857422 286720
1769370233565 17.32390785217285 291840
1769370254321 17.31974983215332 296960
1769370262256 17.320819854736328 300032
