1769369155424 23.755441665649414 5120
1769369173800 23.138731002807617 10240
1769369191896 22.94761848449707 15360
1769369210327 23.076923370361328 20480
1769369228803 23.09142303466797 25600
1769369246933 23.08108139038086 30720
1769369265333 23.14742660522461 35840
1769369283741 22.996021270751953 40960
1769369302099 22.967426300048828 46080
1769369320344 22.997081756591797 51200
1769369338799 22.973918914794922 56320
1769369357076 23.07366180419922 61440
1769369375549 23.07247543334961 66560
1769369393879 23.14756202697754 71680
1769369412180 23.166166305541992 76800
1769369430844 23.225088119506836 81920
1769369449063 23.239824295043945 87040
1769369467635 23.22921371459961 92160
1769369486034 23.17137336730957 97280
1769369504442 23.209239959716797 102400
1769369522857 23.16289710998535 107520
1769369541044 23.125940322875977 112640
1769369559617 23.133960723876953 117760
1769369577977 23.112552642822266 122880
1769369596371 23.110048294067383 128000
1769369615139 23.113344192504883 133120
1769369633961 23.070335388183594 138240
1769369652210 23.040634155273438 143360
1769369670802 23.017148971557617 148480
1769369689478 23.01222801208496 153600
1769369708024 22.982175827026367 158720
1769369726985 23.00924301147461 163840
1769369745511 23.03681755065918 168960
1769369764391 23.054933547973633 174080
1769369782622 23.082204818725586 179200
1769369800823 23.09852409362793 184320
1769369819186 23.098684310913086 189440
1769369837485 23.085533142089844 194560
1769369855758 23.078414916992188 199680
1769369874079 23.08244514465332 204800
1769369892246 23.058094024658203 209920
1769369910537 23.072311401367188 215040
1769369928863 23.067718505859375 220160
1769369947544 23.069717407226562 225280
1769369966911 23.076770782470703 230400
1769369987017 23.062847137451172 235520
1769370007349 23.078672409057617 240640
1769370027486 23.101619720458984 245760
1769370047794 23.10284423828125 250880
1769370071444 23.096281051635742 256000
1769370102275 23.09475326538086 261120
1769370122988 23.082298278808594 266240
1769370143698 23.097637176513672 271360
1769370165121 23.08165168762207 276480
1769370193240 23.086837768554688 281600
1769370212871 23.06284523010254 286720
1769370233565 23.069313049316406 291840
1769370254321 23.068025588989258 296960
1769370262256 23.069408416748047 300032
