1769369155424 0.0 5120
1769369173800 0.0 10240
1769369191896 0.0 15360
1769369210327 0.0 20480
1769369228803 0.0 25600
1769369246933 0.0 30720
1769369265333 0.0 35840
1769369283741 0.0 40960
1769369302099 0.0 46080
1769369320344 0.0 51200
1769369338799 0.0 56320
1769369357076 0.0 61440
1769369375549 0.0 66560
1769369393879 0.0 71680
1769369412180 0.0 76800
1769369430844 0.0 81920
1769369449063 0.0 87040
1769369467635 0.0 92160
1769369486034 0.0 97280
1769369504442 0.0 102400
1769369522857 0.0 107520
1769369541044 0.0 112640
1769369559617 0.0 117760
1769369577977 0.0 122880
1769369596371 0.0 128000
1769369615139 0.0 133120
1769369633961 0.0 138240
1769369652210 0.0 143360
1769369670802 0.0 148480
1769369689478 0.0 153600
1769369708024 0.0 158720
1769369726985 0.0 163840
1769369745511 0.0 168960
1769369764391 0.0 174080
1769369782622 0.0 179200
1769369800823 0.0 184320
1769369819186 0.0 189440
1769369837485 0.0 194560
1769369855758 0.0 199680
1769369874079 0.0 204800
1769369892246 0.0 209920
1769369910537 0.0 215040
1769369928863 0.0 220160
1769369947544 0.0 225280
1769369966911 0.0 230400
1769369987017 0.0 235520
1769370007349 0.0 240640
1769370027486 0.0 245760
1769370047794 0.0 250880
1769370071444 0.0 256000
1769370102275 0.0 261120
1769370122988 0.0 266240
1769370143698 0.0 271360
1769370165121 0.0 276480
1769370193240 0.0 281600
1769370212871 0.0 286720
1769370233565 0.0 291840
1769370254321 0.0 296960
1769370262256 0.0 300032
