1769369155419 19.23985481262207 5120
1769369173795 21.787343978881836 10240
1769369191890 22.412912368774414 15360
1769369210319 24.154605865478516 20480
1769369228797 24.622533798217773 25600
1769369246928 26.30193519592285 30720
1769369265325 27.060400009155273 35840
1769369283735 27.41811180114746 40960
1769369302092 28.09370994567871 46080
1769369320338 29.232946395874023 51200
1769369338791 30.080942153930664 56320
1769369357070 31.026098251342773 61440
1769369375541 31.37234115600586 66560
1769369393873 32.97451400756836 71680
1769369412174 33.075958251953125 76800
1769369430835 33.97636795043945 81920
1769369449053 35.00383758544922 87040
1769369467629 35.771507263183594 92160
1769369486024 36.13573455810547 97280
1769369504435 37.11425018310547 102400
1769369522850 37.59624481201172 107520
1769369541034 37.69874954223633 112640
1769369559606 38.45106887817383 117760
1769369577968 38.59507369995117 122880
1769369596366 38.763587951660156 128000
1769369615131 39.904884338378906 133120
1769369633949 40.31696701049805 138240
1769369652200 39.988624572753906 143360
1769369670795 40.9813232421875 148480
1769369689470 41.33662414550781 153600
1769369708017 42.0268440246582 158720
1769369726974 42.03868103027344 163840
1769369745502 41.650306701660156 168960
1769369764383 42.900123596191406 174080
1769369782616 43.34604263305664 179200
1769369800811 43.559776306152344 184320
1769369819179 43.778648376464844 189440
1769369837472 43.298248291015625 194560
1769369855751 43.54545211791992 199680
1769369874067 43.934268951416016 204800
1769369892239 43.94852066040039 209920
1769369910524 44.296302795410156 215040
1769369928855 43.894718170166016 220160
1769369947537 44.44139862060547 225280
1769369966897 43.87990951538086 230400
1769369987009 45.095008850097656 235520
1769370007340 44.4423828125 240640
1769370027478 44.92803955078125 245760
1769370047786 44.99174880981445 250880
1769370071428 45.78436279296875 256000
1769370102267 45.9321174621582 261120
1769370122980 45.78981399536133 266240
1769370143687 45.88014602661133 271360
1769370165105 45.76216125488281 276480
1769370193231 45.72631072998047 281600
1769370212855 45.90657424926758 286720
1769370233552 46.14674758911133 291840
1769370254312 45.797279357910156 296960
1769370262247 45.90519714355469 300032
