1769369155419 -3.6080989837646484 5120
1769369173795 -4.621874809265137 10240
1769369191890 -5.4227495193481445 15360
1769369210319 -6.198625087738037 20480
1769369228797 -6.886375427246094 25600
1769369246928 -7.518750190734863 30720
1769369265325 -8.126500129699707 35840
1769369283735 -8.70824909210205 40960
1769369302092 -9.212749481201172 46080
1769369320338 -9.70949935913086 51200
1769369338791 -10.226249694824219 56320
1769369357070 -10.593000411987305 61440
1769369375541 -11.083499908447266 66560
1769369393873 -11.448249816894531 71680
1769369412174 -11.812250137329102 76800
1769369430835 -12.163999557495117 81920
1769369449053 -12.548249244689941 87040
1769369467629 -12.831748962402344 92160
1769369486024 -13.08549976348877 97280
1769369504435 -13.315500259399414 102400
1769369522850 -13.576250076293945 107520
1769369541034 -13.728250503540039 112640
1769369559606 -13.96150016784668 117760
1769369577968 -14.150250434875488 122880
1769369596366 -14.342249870300293 128000
1769369615131 -14.523249626159668 133120
1769369633949 -14.70324993133545 138240
1769369652200 -14.907249450683594 143360
1769369670795 -15.070249557495117 148480
1769369689470 -15.20300006866455 153600
1769369708017 -15.363248825073242 158720
1769369726974 -15.438749313354492 163840
1769369745502 -15.594749450683594 168960
1769369764383 -15.699249267578125 174080
1769369782616 -15.8097505569458 179200
1769369800811 -15.827499389648438 184320
1769369819179 -15.894498825073242 189440
1769369837472 -16.068998336791992 194560
1769369855751 -16.065500259399414 199680
1769369874067 -16.04574966430664 204800
1769369892239 -16.15424919128418 209920
1769369910524 -16.172748565673828 215040
1769369928855 -16.279251098632812 220160
1769369947537 -16.304500579833984 225280
1769369966897 -16.434999465942383 230400
1769369987009 -16.490249633789062 235520
1769370007340 -16.54549789428711 240640
1769370027478 -16.547998428344727 245760
1769370047786 -16.649499893188477 250880
1769370071428 -16.64525032043457 256000
1769370102267 -16.6614990234375 261120
1769370122980 -16.654499053955078 266240
1769370143687 -16.63800048828125 271360
1769370165105 -16.671499252319336 276480
1769370193231 -16.61625099182129 281600
1769370212855 -16.68174934387207 286720
1769370233552 -16.764751434326172 291840
1769370254312 -16.805500030517578 296960
1769370262247 -16.831249237060547 300032
