1769369155424 0.8815067410469055 5120
1769369173800 0.8831572532653809 10240
1769369191896 0.8922567367553711 15360
1769369210327 0.9082421064376831 20480
1769369228803 0.9235900640487671 25600
1769369246933 0.9291713833808899 30720
1769369265333 0.9281302094459534 35840
1769369283741 0.9214673638343811 40960
1769369302099 0.9188859462738037 46080
1769369320344 0.9215689897537231 51200
1769369338799 0.9205935597419739 56320
1769369357076 0.9240503907203674 61440
1769369375549 0.9244280457496643 66560
1769369393879 0.9277070164680481 71680
1769369412180 0.9305381774902344 76800
1769369430844 0.9368060231208801 81920
1769369449063 0.9368096590042114 87040
1769369467635 0.9360328912734985 92160
1769369486034 0.9345045685768127 97280
1769369504442 0.9369718432426453 102400
1769369522857 0.9352174997329712 107520
1769369541044 0.9357336759567261 112640
1769369559617 0.9352109432220459 117760
1769369577977 0.932628333568573 122880
1769369596371 0.9314859509468079 128000
1769369615139 0.9290308356285095 133120
1769369633961 0.9272868633270264 138240
1769369652210 0.924481987953186 143360
1769369670802 0.9245780110359192 148480
1769369689478 0.9235098958015442 153600
1769369708024 0.9211789965629578 158720
1769369726985 0.9222615361213684 163840
1769369745511 0.9241647124290466 168960
1769369764391 0.9268330335617065 174080
1769369782622 0.9276428818702698 179200
1769369800823 0.9282141327857971 184320
1769369819186 0.9276604652404785 189440
1769369837485 0.9283785223960876 194560
1769369855758 0.9265896677970886 199680
1769369874079 0.9270989894866943 204800
1769369892246 0.9256887435913086 209920
1769369910537 0.9274442195892334 215040
1769369928863 0.9264700412750244 220160
1769369947544 0.9262019991874695 225280
1769369966911 0.9272706508636475 230400
1769369987017 0.9272013306617737 235520
1769370007349 0.9282009601593018 240640
1769370027486 0.9280712008476257 245760
1769370047794 0.9279815554618835 250880
1769370071444 0.9279890060424805 256000
1769370102275 0.92744380235672 261120
1769370122988 0.9279019236564636 266240
1769370143698 0.9276648759841919 271360
1769370165121 0.9272704124450684 276480
1769370193240 0.9282950758934021 281600
1769370212871 0.9263196587562561 286720
1769370233565 0.926974356174469 291840
1769370254321 0.9266544580459595 296960
1769370262256 0.927251398563385 300032
