1769369155419 315.12426746806915 5120
1769369173795 197.41617245599173 10240
1769369191890 488.5050081528069 15360
1769369210319 477.3306020257198 20480
1769369228797 125.52910543800317 25600
1769369246928 400.487348419746 30720
1769369265325 215.1587155022058 35840
1769369283735 115.85835036738301 40960
1769369302092 341.94554051850645 46080
1769369320338 409.04076457967625 51200
1769369338791 152.68115467219977 56320
1769369357070 393.2774496015002 61440
1769369375541 361.9523645150155 66560
1769369393873 437.6817280601064 71680
1769369412174 507.04835589941973 76800
1769369430835 106.88303348453188 81920
1769369449053 205.2911751749792 87040
1769369467629 533.7622804784933 92160
1769369486024 388.46938964527186 97280
1769369504435 497.7220837783316 102400
1769369522850 481.88235294117646 107520
1769369541034 361.57793103448273 112640
1769369559606 149.43366110873592 117760
1769369577968 413.68024460005915 122880
1769369596366 526.9888176906646 128000
1769369615131 420.355181399078 133120
1769369633949 343.93636736367364 138240
1769369652200 430.8921306759811 143360
1769369670795 520.8374518812865 148480
1769369689470 453.3892552156524 153600
1769369708017 526.5257343710771 158720
1769369726974 322.46513415853 163840
1769369745502 402.60165098867344 168960
1769369764383 478.3649635036496 174080
1769369782616 302.9253213924599 179200
1769369800811 390.71299487657194 184320
1769369819179 500.0362422508345 189440
1769369837472 359.7173241852487 194560
1769369855751 479.0205573321151 199680
1769369874067 400.44911208707276 204800
1769369892239 283.72481904890753 209920
1769369910524 419.556266880064 215040
1769369928855 183.20538132261728 220160
1769369947537 255.2366579443802 225280
1769369966897 337.4339501206758 230400
1769369987009 191.14542223032402 235520
1769370007340 159.15246262426956 240640
1769370027478 204.22163793942934 245760
1769370047786 127.67660040790234 250880
1769370071428 228.47281838980282 256000
1769370102267 122.20453353534177 261120
1769370122980 546.4891205211726 266240
1769370143687 278.783914921901 271360
1769370165105 363.646956823305 276480
1769370193231 177.98115929729272 281600
1769370212855 473.451179591376 286720
1769370233552 182.49593177566027 291840
1769370254312 337.5154099943671 296960
1769370262247 163.80800624877955 300032
