1769349821978 18.833148956298828 5120
1769349827590 18.743484497070312 10240
1769349833190 18.82987403869629 15360
1769349842665 18.667560577392578 20480
1769349847661 18.486589431762695 25600
1769349853027 18.411788940429688 30720
1769349858694 18.273710250854492 35840
1769349868450 18.35806655883789 40960
1769349873987 18.277677536010742 46080
1769349879951 18.28032875061035 51200
1769349885492 18.206865310668945 56320
1769349895836 18.246294021606445 61440
1769349901568 18.14749526977539 66560
1769349907191 18.13372230529785 71680
1769349912844 18.15757942199707 76800
1769349922814 18.1340274810791 81920
1769349928283 18.087085723876953 87040
1769349934200 18.084392547607422 92160
1769349939837 18.112340927124023 97280
1769349949434 18.128612518310547 102400
1769349954879 18.108078002929688 107520
1769349961839 18.082857131958008 112640
1769349967717 18.100351333618164 117760
1769349976423 18.074783325195312 122880
1769349982480 18.089345932006836 128000
1769349989429 18.08824348449707 133120
1769349995245 18.08653450012207 138240
1769350003130 18.091516494750977 143360
1769350009811 18.10801124572754 148480
1769350016580 18.07603645324707 153600
1769350022246 18.082347869873047 158720
1769350030577 18.05112648010254 163840
1769350036896 18.05513572692871 168960
1769350044064 18.07162094116211 174080
1769350049557 18.049495697021484 179200
1769350057746 18.06226921081543 184320
1769350064162 18.052759170532227 189440
1769350071344 18.0460262298584 194560
1769350077248 18.04730796813965 199680
1769350085140 18.04358673095703 204800
1769350091728 18.051759719848633 209920
1769350098856 18.062925338745117 215040
1769350105170 18.064598083496094 220160
1769350112555 18.060800552368164 225280
1769350119531 18.071699142456055 230400
1769350126296 18.090194702148438 235520
1769350131837 18.086143493652344 240640
1769350139173 18.093427658081055 245760
1769350146370 18.08085823059082 250880
1769350153303 18.09784698486328 256000
1769350159629 18.07674789428711 261120
1769350166640 18.08000946044922 266240
1769350174284 18.06294059753418 271360
1769350180736 18.055374145507812 276480
1769350186910 18.057416915893555 281600
1769350193612 18.06291961669922 286720
1769350201334 18.042125701904297 291840
1769350208032 18.03626823425293 296960
1769350210038 18.03107452392578 300032
