1769349821978 0.10623318701982498 5120
1769349827590 0.10498251020908356 10240
1769349833190 0.10519307851791382 15360
1769349842665 0.10240528732538223 20480
1769349847661 0.1009310632944107 25600
1769349853027 0.10094543546438217 30720
1769349858694 0.09996017813682556 35840
1769349868450 0.10042472928762436 40960
1769349873987 0.10001557320356369 46080
1769349879951 0.10002339631319046 51200
1769349885492 0.09942859411239624 56320
1769349895836 0.09901760518550873 61440
1769349901568 0.09801837056875229 66560
1769349907191 0.09855199605226517 71680
1769349912844 0.09817647933959961 76800
1769349922814 0.09790290892124176 81920
1769349928283 0.09722738713026047 87040
1769349934200 0.09711597114801407 92160
1769349939837 0.09710731357336044 97280
1769349949434 0.09715832024812698 102400
1769349954879 0.0969163104891777 107520
1769349961839 0.09681815654039383 112640
1769349967717 0.09670600295066833 117760
1769349976423 0.09639754891395569 122880
1769349982480 0.0964244082570076 128000
1769349989429 0.09654594957828522 133120
1769349995245 0.09687488526105881 138240
1769350003130 0.09662837535142899 143360
1769350009811 0.09706500917673111 148480
1769350016580 0.09688620269298553 153600
1769350022246 0.09677339345216751 158720
1769350030577 0.09679611772298813 163840
1769350036896 0.09684895724058151 168960
1769350044064 0.09673352539539337 174080
1769350049557 0.09654878824949265 179200
1769350057746 0.09644807130098343 184320
1769350064162 0.09625907987356186 189440
1769350071344 0.09632886201143265 194560
1769350077248 0.09635280072689056 199680
1769350085140 0.09628018736839294 204800
1769350091728 0.09616267681121826 209920
1769350098856 0.09617779403924942 215040
1769350105170 0.09630376100540161 220160
1769350112555 0.09641823172569275 225280
1769350119531 0.09647604823112488 230400
1769350126296 0.09631925821304321 235520
1769350131837 0.09621667116880417 240640
1769350139173 0.09612230956554413 245760
1769350146370 0.09622351080179214 250880
1769350153303 0.0964498221874237 256000
1769350159629 0.09618017077445984 261120
1769350166640 0.09624847024679184 266240
1769350174284 0.09618113934993744 271360
1769350180736 0.0964536964893341 276480
1769350186910 0.09657397121191025 281600
1769350193612 0.09661832451820374 286720
1769350201334 0.09659294039011002 291840
1769350208032 0.09656685590744019 296960
1769350210038 0.09661905467510223 300032
