1769349821978 1.170806884765625 5120
1769349827590 1.1652789115905762 10240
1769349833190 1.1788313388824463 15360
1769349842665 1.1682813167572021 20480
1769349847661 1.1624338626861572 25600
1769349853027 1.1582813262939453 30720
1769349858694 1.1517560482025146 35840
1769349868450 1.15828275680542 40960
1769349873987 1.155221939086914 46080
1769349879951 1.156412124633789 51200
1769349885492 1.152260422706604 56320
1769349895836 1.154082179069519 61440
1769349901568 1.1489368677139282 66560
1769349907191 1.1500110626220703 71680
1769349912844 1.1504267454147339 76800
1769349922814 1.1481635570526123 81920
1769349928283 1.1455683708190918 87040
1769349934200 1.1448553800582886 92160
1769349939837 1.1469898223876953 97280
1769349949434 1.1471176147460938 102400
1769349954879 1.1472361087799072 107520
1769349961839 1.146342158317566 112640
1769349967717 1.146591305732727 117760
1769349976423 1.1445971727371216 122880
1769349982480 1.1450920104980469 128000
1769349989429 1.1450695991516113 133120
1769349995245 1.1451133489608765 138240
1769350003130 1.1450181007385254 143360
1769350009811 1.146467924118042 148480
1769350016580 1.1449735164642334 153600
1769350022246 1.1445465087890625 158720
1769350030577 1.1440569162368774 163840
1769350036896 1.1436570882797241 168960
1769350044064 1.1439334154129028 174080
1769350049557 1.1428552865982056 179200
1769350057746 1.143269658088684 184320
1769350064162 1.142513394355774 189440
1769350071344 1.1427652835845947 194560
1769350077248 1.143180251121521 199680
1769350085140 1.1427254676818848 204800
1769350091728 1.1425352096557617 209920
1769350098856 1.1433560848236084 215040
1769350105170 1.1438190937042236 220160
1769350112555 1.144026517868042 225280
1769350119531 1.144415020942688 230400
1769350126296 1.1446096897125244 235520
1769350131837 1.1440726518630981 240640
1769350139173 1.1442829370498657 245760
1769350146370 1.1442092657089233 250880
1769350153303 1.1456667184829712 256000
1769350159629 1.1442879438400269 261120
1769350166640 1.1442267894744873 266240
1769350174284 1.143760085105896 271360
1769350180736 1.144149661064148 276480
1769350186910 1.1444518566131592 281600
1769350193612 1.1444090604782104 286720
1769350201334 1.1437482833862305 291840
1769350208032 1.1433955430984497 296960
1769350210038 1.1433498859405518 300032
