1769349821973 28.798612594604492 5120
1769349827585 31.472082138061523 10240
1769349833185 30.247493743896484 15360
1769349842661 30.0229434967041 20480
1769349847656 35.7440299987793 25600
1769349853018 27.53278160095215 30720
1769349858688 29.261621475219727 35840
1769349868443 24.689434051513672 40960
1769349873981 28.226551055908203 46080
1769349879946 25.48903465270996 51200
1769349885487 22.446517944335938 56320
1769349895830 21.964275360107422 61440
1769349901559 21.26226234436035 66560
1769349907186 24.12987518310547 71680
1769349912838 22.262733459472656 76800
1769349922808 21.810367584228516 81920
1769349928278 20.646404266357422 87040
1769349934193 22.847354888916016 92160
1769349939828 18.431041717529297 97280
1769349949429 17.309370040893555 102400
1769349954873 17.945995330810547 107520
1769349961832 18.26087188720703 112640
1769349967710 20.21057891845703 117760
1769349976416 20.650981903076172 122880
1769349982473 18.725643157958984 128000
1769349989421 17.193771362304688 133120
1769349995233 21.457530975341797 138240
1769350003122 17.657405853271484 143360
1769350009801 18.509578704833984 148480
1769350016573 17.246374130249023 153600
1769350022239 16.47296142578125 158720
1769350030570 18.23381233215332 163840
1769350036889 17.112112045288086 168960
1769350044055 16.689849853515625 174080
1769350049546 16.23353385925293 179200
1769350057738 17.162006378173828 184320
1769350064154 19.166240692138672 189440
1769350071337 15.65654468536377 194560
1769350077241 17.43460464477539 199680
1769350085131 17.198467254638672 204800
1769350091721 16.02267074584961 209920
1769350098849 19.218761444091797 215040
1769350105159 18.653959274291992 220160
1769350112547 20.030372619628906 225280
1769350119525 15.567395210266113 230400
1769350126287 16.791744232177734 235520
1769350131830 16.049413681030273 240640
1769350139162 16.753528594970703 245760
1769350146362 18.39216423034668 250880
1769350153296 17.699861526489258 256000
1769350159622 16.51781463623047 261120
1769350166630 18.374591827392578 266240
1769350174277 17.134056091308594 271360
1769350180727 16.80337905883789 276480
1769350186898 20.46534538269043 281600
1769350193605 17.760833740234375 286720
1769350201326 18.051992416381836 291840
1769350208023 18.388172149658203 296960
1769350210030 18.38219451904297 300032
