1769349821978 1.2297557592391968 5120
1769349827590 1.2121275663375854 10240
1769349833190 1.2294260263442993 15360
1769349842665 1.2067201137542725 20480
1769349847661 1.2021801471710205 25600
1769349853027 1.2024710178375244 30720
1769349858694 1.1866408586502075 35840
1769349868450 1.1945452690124512 40960
1769349873987 1.1934361457824707 46080
1769349879951 1.194743275642395 51200
1769349885492 1.1872228384017944 56320
1769349895836 1.1860244274139404 61440
1769349901568 1.1754652261734009 66560
1769349907191 1.1808898448944092 71680
1769349912844 1.1782636642456055 76800
1769349922814 1.174282193183899 81920
1769349928283 1.1683592796325684 87040
1769349934200 1.1683555841445923 92160
1769349939837 1.1695480346679688 97280
1769349949434 1.171371579170227 102400
1769349954879 1.1685547828674316 107520
1769349961839 1.169196367263794 112640
1769349967717 1.169334053993225 117760
1769349976423 1.1650691032409668 122880
1769349982480 1.1653112173080444 128000
1769349989429 1.1640939712524414 133120
1769349995245 1.1651722192764282 138240
1769350003130 1.164719581604004 143360
1769350009811 1.1670547723770142 148480
1769350016580 1.1650681495666504 153600
1769350022246 1.1644337177276611 158720
1769350030577 1.162845253944397 163840
1769350036896 1.1624804735183716 168960
1769350044064 1.1616284847259521 174080
1769350049557 1.15962553024292 179200
1769350057746 1.1584594249725342 184320
1769350064162 1.1571974754333496 189440
1769350071344 1.1574475765228271 194560
1769350077248 1.1571464538574219 199680
1769350085140 1.156477451324463 204800
1769350091728 1.1561952829360962 209920
1769350098856 1.156743049621582 215040
1769350105170 1.1575028896331787 220160
1769350112555 1.1576215028762817 225280
1769350119531 1.158820629119873 230400
1769350126296 1.1586092710494995 235520
1769350131837 1.1577800512313843 240640
1769350139173 1.157784104347229 245760
1769350146370 1.1581084728240967 250880
1769350153303 1.1605017185211182 256000
1769350159629 1.1583688259124756 261120
1769350166640 1.1596211194992065 266240
1769350174284 1.1585054397583008 271360
1769350180736 1.1607645750045776 276480
1769350186910 1.1612778902053833 281600
1769350193612 1.161582112312317 286720
1769350201334 1.1607996225357056 291840
1769350208032 1.1603552103042603 296960
1769350210038 1.160940170288086 300032
