1769349821978 0.34122857451438904 5120
1769349827590 0.33815571665763855 10240
1769349833190 0.34159520268440247 15360
1769349842665 0.33400458097457886 20480
1769349847661 0.3303754925727844 25600
1769349853027 0.3294968903064728 30720
1769349858694 0.3271458148956299 35840
1769349868450 0.32901710271835327 40960
1769349873987 0.3277890980243683 46080
1769349879951 0.32802873849868774 51200
1769349885492 0.32599952816963196 56320
1769349895836 0.3252023458480835 61440
1769349901568 0.32279300689697266 66560
1769349907191 0.32388216257095337 71680
1769349912844 0.32299816608428955 76800
1769349922814 0.3222397565841675 81920
1769349928283 0.3206331431865692 87040
1769349934200 0.3204518258571625 92160
1769349939837 0.3207029700279236 97280
1769349949434 0.3209172189235687 102400
1769349954879 0.32077905535697937 107520
1769349961839 0.3204798400402069 112640
1769349967717 0.32018154859542847 117760
1769349976423 0.31924664974212646 122880
1769349982480 0.3192254304885864 128000
1769349989429 0.3194911777973175 133120
1769349995245 0.32028427720069885 138240
1769350003130 0.31982994079589844 143360
1769350009811 0.3208579123020172 148480
1769350016580 0.3204571604728699 153600
1769350022246 0.32019665837287903 158720
1769350030577 0.32026374340057373 163840
1769350036896 0.32037821412086487 168960
1769350044064 0.3201272785663605 174080
1769350049557 0.3196755051612854 179200
1769350057746 0.31952643394470215 184320
1769350064162 0.3192031979560852 189440
1769350071344 0.3193957507610321 194560
1769350077248 0.31946080923080444 199680
1769350085140 0.3192303478717804 204800
1769350091728 0.3189665973186493 209920
1769350098856 0.31911662220954895 215040
1769350105170 0.31944119930267334 220160
1769350112555 0.3197595477104187 225280
1769350119531 0.319942444562912 230400
1769350126296 0.3195911645889282 235520
1769350131837 0.31933391094207764 240640
1769350139173 0.3191952109336853 245760
1769350146370 0.3193613290786743 250880
1769350153303 0.3199782371520996 256000
1769350159629 0.3192918002605438 261120
1769350166640 0.3193364441394806 266240
1769350174284 0.3191765546798706 271360
1769350180736 0.31983670592308044 276480
1769350186910 0.3201237916946411 281600
1769350193612 0.32021066546440125 286720
1769350201334 0.3201007843017578 291840
1769350208032 0.31997084617614746 296960
1769350210038 0.3200666308403015 300032
