1769349821973 388.57735779136556 5120
1769349827585 525.7996740629309 10240
1769349833185 545.920083300794 15360
1769349842661 183.6867828676535 20480
1769349847656 562.4653345849538 25600
1769349853018 391.6615930525726 30720
1769349858688 500.3344864606943 35840
1769349868443 218.45333333333335 40960
1769349873981 123.12649346836929 46080
1769349879946 132.13735744439543 51200
1769349885487 175.70709228771312 56320
1769349895830 549.9284122197456 61440
1769349901559 521.355376009944 66560
1769349907186 224.03076594380943 71680
1769349912838 333.5961186669848 76800
1769349922808 477.54799043606965 81920
1769349928278 536.7678525723061 87040
1769349934193 353.5022334597556 92160
1769349939828 407.055900621118 97280
1769349949429 538.4906920015407 102400
1769349954873 409.1205618415919 107520
1769349961832 429.21653704461727 112640
1769349967710 488.67575439822906 117760
1769349976416 545.5650364203955 122880
1769349982473 489.30284647690155 128000
1769349989421 99.61770853125594 133120
1769349995233 366.122905027933 138240
1769350003122 428.5587003167467 143360
1769350009801 391.8445440956652 148480
1769350016573 427.9028769638849 153600
1769350022239 507.9694804408381 158720
1769350030570 427.4667753770893 163840
1769350036889 399.57168714870915 168960
1769350044055 260.01512615460916 174080
1769350049546 362.39018489718336 179200
1769350057738 415.56563955216484 184320
1769350064154 183.96070175438595 189440
1769350071337 400.25803988930244 194560
1769350077241 481.38459772753356 199680
1769350085131 397.8283221094565 204800
1769350091721 187.42979712217357 209920
1769350098849 521.2257984341991 215040
1769350105159 443.93564775613885 220160
1769350112547 428.6024933578582 225280
1769350119525 237.74538034236483 230400
1769350126287 428.33986928104576 235520
1769350131830 535.3291640076579 240640
1769350139162 509.94577507598785 245760
1769350146362 450.3225252308353 250880
1769350153296 274.8741070843437 256000
1769350159622 459.8513320907795 261120
1769350166630 134.06328709326854 266240
1769350174277 524.68151113335 271360
1769350180727 364.7855279178988 276480
1769350186898 533.2194253750317 281600
1769350193605 262.30794246404 286720
1769350201326 512.1250305250305 291840
1769350208023 496.07380248373744 296960
1769350210030 481.1085111264051 300032
