1758757137492 387.0422494398664 20224
1758757175733 411.7601870477292 40448
1758757218135 418.42171553578646 60672
1758757258715 417.04871804180016 80896
1758757298611 416.89372426932374 101120
1758757339167 416.6231246343629 121344
1758757379197 416.5377727632836 141568
1758757421339 416.22077220984244 161792
1758757461225 416.02844600031506 182016
1758757503183 415.7006142236656 202240
1758757543036 415.5319341537667 222464
1758757585066 415.39546474801494 242688
1758757625763 415.4575611501806 262912
1758757666033 415.6353079353745 283136
1758757699572 415.66760879086326 300032
