1758757137492 0.3319381917201615 20224
1758757175733 0.01616075977706122 40448
1758757218135 -0.06376645614128684 60672
1758757258715 -0.03068856111156006 80896
1758757298611 -0.017290278893002498 101120
1758757339167 -0.0071060741839391265 121344
1758757379197 -0.0016270128776682523 141568
1758757421339 0.0071083493787860285 161792
1758757461225 0.012533717785435671 182016
1758757503183 0.019297561411651697 202240
1758757543036 0.02292799212861838 222464
1758757585066 0.026407072666526914 242688
1758757625763 0.02829505019757449 262912
1758757666033 0.027569448815744475 283136
1758757699572 0.02813491183925713 300032
