1758757137492 21.90010741138561 20224
1758757175733 20.963383187209903 40448
1758757218135 20.712729748127977 60672
1758757258715 20.573965998477544 80896
1758757298611 20.46091698646738 101120
1758757339167 20.403122901276024 121344
1758757379197 20.346921199942585 141568
1758757421339 20.323880035136153 161792
1758757461225 20.296122994652407 182016
1758757503183 20.27993187055405 202240
1758757543036 20.263426178772985 222464
1758757585066 20.243914638212736 242688
1758757625763 20.219890861578666 262912
1758757666033 20.200057036931412 283136
1758757699572 20.184871121878995 300032
