1758757137486 5.372294548153877 20224
1758757175728 3.1764165470435186 40448
1758757218129 1.7509451493495654 60672
1758757258708 1.2349028286497676 80896
1758757298604 0.8827107440341603 101120
1758757339160 0.7561621520393773 121344
1758757379190 0.6465227582394432 141568
1758757421332 0.5240785623613692 161792
1758757461217 0.4584568861160385 182016
1758757503177 0.3994608240392808 202240
1758757543029 0.37373094284671476 222464
1758757585059 0.30627539311118573 242688
1758757625755 0.28071606901369206 262912
1758757666027 0.26992383806578407 283136
1758757699566 0.20424840342469588 300032
