1758757137492 11.906193955500322 20224
1758757175733 9.399389646666883 40448
1758757218135 8.838665700916371 60672
1758757258715 9.256428101981724 80896
1758757298611 9.500690047414922 101120
1758757339167 9.671773505258912 121344
1758757379197 9.753719850131972 141568
1758757421339 9.85347381663122 161792
1758757461225 9.929979885856948 182016
1758757503183 10.01590516612377 202240
1758757543036 10.048326601427412 222464
1758757585066 10.115538455359575 242688
1758757625763 10.162490658624105 262912
1758757666033 10.16935209457602 283136
1758757699572 10.173559169524113 300032
