1758757137492 2.758324382384533 20224
1758757175733 2.155750386797318 40448
1758757218135 1.9925119128658952 60672
1758757258715 2.0235980715554427 80896
1758757298611 2.02605534235508 101120
1758757339167 2.0317327065144393 121344
1758757379197 2.0331563083106072 141568
1758757421339 2.040406575479985 161792
1758757461225 2.044674688057041 182016
1758757503183 2.0523995591624087 202240
1758757543036 2.0562534134352815 222464
1758757585066 2.059353117705902 242688
1758757625763 2.057643532395665 262912
1758757666033 2.0531869385427064 283136
1758757699572 2.0522915404805167 300032
