1758757137486 12.429187805224977 20224
1758757175728 17.83391088793173 40448
1758757218129 18.852244890620856 60672
1758757258708 14.099022148718104 80896
1758757298604 24.93626078322959 101120
1758757339160 16.569893492620334 121344
1758757379190 12.151028011391125 141568
1758757421332 12.519002492276925 161792
1758757461217 18.725741787433144 182016
1758757503177 15.081131614146615 202240
1758757543029 14.815836324073812 222464
1758757585059 15.432036263024665 242688
1758757625755 47.67500596746877 262912
1758757666027 37.73077615055234 283136
1758757699566 11.288666397523887 300032
