1758757137492 8.521929830024629 20224
1758757175733 2.0486075129319614 40448
1758757218135 0.3070115548076071 60672
1758757258715 0.7804491084954727 80896
1758757298611 0.9500437561995188 101120
1758757339167 1.0736512193109782 121344
1758757379197 1.1503157734751137 141568
1758757421339 1.2898209752305296 161792
1758757461225 1.3594399930746586 182016
1758757503183 1.481022284129091 202240
1758757543036 1.5334744272001146 222464
1758757585066 1.585361791952883 242688
1758757625763 1.604334799903094 262912
1758757666033 1.584545376024419 283136
1758757699572 1.5910447164502532 300032
