1770912957563 20.54329490661621 5120
1770912972864 21.317386627197266 10240
1770912986798 21.777488708496094 15360
1770913000696 21.84080696105957 20480
1770913014766 21.691707611083984 25600
1770913029155 21.848466873168945 30720
1770913043106 21.919261932373047 35840
1770913056927 21.95842170715332 40960
1770913070757 21.849363327026367 46080
1770913085261 21.934982299804688 51200
1770913099878 21.98518180847168 56320
1770913114154 22.11982536315918 61440
1770913128118 22.103805541992188 66560
1770913142739 22.03986930847168 71680
1770913156982 22.033357620239258 76800
1770913171608 22.044034957885742 81920
1770913186360 22.044269561767578 87040
1770913200928 22.042932510375977 92160
1770913215339 22.04916000366211 97280
1770913229928 22.085474014282227 102400
1770913243905 22.133987426757812 107520
1770913257793 22.15131187438965 112640
1770913271788 22.175487518310547 117760
1770913285790 22.174833297729492 122880
1770913299652 22.154335021972656 128000
1770913313676 22.162080764770508 133120
1770913327843 22.16407585144043 138240
1770913341620 22.17323875427246 143360
1770913355388 22.181142807006836 148480
1770913369237 22.18172264099121 153600
1770913383588 22.211483001708984 158720
1770913397886 22.187021255493164 163840
1770913412348 22.182098388671875 168960
1770913427099 22.181747436523438 174080
1770913442256 22.189655303955078 179200
1770913458569 22.235376358032227 184320
1770913474661 22.22431182861328 189440
1770913490853 22.211729049682617 194560
1770913506837 22.20956802368164 199680
1770913522989 22.214311599731445 204800
1770913538430 22.23344612121582 209920
1770913554185 22.224651336669922 215040
1770913569017 22.21314811706543 220160
1770913584009 22.20143699645996 225280
1770913598940 22.186622619628906 230400
1770913613192 22.187191009521484 235520
1770913627138 22.191429138183594 240640
1770913641829 22.18149757385254 245760
1770913655974 22.20161247253418 250880
1770913669830 22.196325302124023 256000
1770913683792 22.185636520385742 261120
1770913698001 22.172788619995117 266240
1770913711883 22.165924072265625 271360
1770913725724 22.15904426574707 276480
1770913739615 22.153356552124023 281600
1770913753487 22.13250732421875 286720
1770913767372 22.145830154418945 291840
1770913781045 22.151426315307617 296960
1770913786556 22.146440505981445 300032
