1770912957563 0.0 5120
1770912972864 0.0 10240
1770912986798 0.0 15360
1770913000696 0.0 20480
1770913014766 0.0 25600
1770913029155 0.0 30720
1770913043106 0.0 35840
1770913056927 0.0 40960
1770913070757 0.0 46080
1770913085261 0.0 51200
1770913099878 0.0 56320
1770913114154 0.0 61440
1770913128118 0.0 66560
1770913142739 0.0 71680
1770913156982 0.0 76800
1770913171608 0.0 81920
1770913186360 0.0 87040
1770913200928 0.0 92160
1770913215339 0.0 97280
1770913229928 0.0 102400
1770913243905 0.0 107520
1770913257793 0.0 112640
1770913271788 0.0 117760
1770913285790 0.0 122880
1770913299652 0.0 128000
1770913313676 0.0 133120
1770913327843 0.0 138240
1770913341620 0.0 143360
1770913355388 0.0 148480
1770913369237 0.0 153600
1770913383588 0.0 158720
1770913397886 0.0 163840
1770913412348 0.0 168960
1770913427099 0.0 174080
1770913442256 0.0 179200
1770913458569 0.0 184320
1770913474661 0.0 189440
1770913490853 0.0 194560
1770913506837 0.0 199680
1770913522989 0.0 204800
1770913538430 0.0 209920
1770913554185 0.0 215040
1770913569017 0.0 220160
1770913584009 0.0 225280
1770913598940 0.0 230400
1770913613192 0.0 235520
1770913627138 0.0 240640
1770913641829 0.0 245760
1770913655974 0.0 250880
1770913669830 0.0 256000
1770913683792 0.0 261120
1770913698001 0.0 266240
1770913711883 0.0 271360
1770913725724 0.0 276480
1770913739615 0.0 281600
1770913753487 0.0 286720
1770913767372 0.0 291840
1770913781045 0.0 296960
1770913786556 0.0 300032
