1770912957563 1.1547304391860962 5120
1770912972864 1.158268928527832 10240
1770912986798 1.1627179384231567 15360
1770913000696 1.1621460914611816 20480
1770913014766 1.148995041847229 25600
1770913029155 1.1522774696350098 30720
1770913043106 1.1524754762649536 35840
1770913056927 1.1563783884048462 40960
1770913070757 1.1495909690856934 46080
1770913085261 1.1537152528762817 51200
1770913099878 1.1555523872375488 56320
1770913114154 1.160446047782898 61440
1770913128118 1.1578261852264404 66560
1770913142739 1.1544108390808105 71680
1770913156982 1.1535916328430176 76800
1770913171608 1.1539467573165894 81920
1770913186360 1.153723120689392 87040
1770913200928 1.1531898975372314 92160
1770913215339 1.1534072160720825 97280
1770913229928 1.1556040048599243 102400
1770913243905 1.157346248626709 107520
1770913257793 1.1585419178009033 112640
1770913271788 1.1594971418380737 117760
1770913285790 1.1601929664611816 122880
1770913299652 1.158674716949463 128000
1770913313676 1.1587263345718384 133120
1770913327843 1.1583994626998901 138240
1770913341620 1.15873122215271 143360
1770913355388 1.1597245931625366 148480
1770913369237 1.159579873085022 153600
1770913383588 1.1610794067382812 158720
1770913397886 1.1603041887283325 163840
1770913412348 1.160239815711975 168960
1770913427099 1.1604973077774048 174080
1770913442256 1.1605721712112427 179200
1770913458569 1.1620759963989258 184320
1770913474661 1.1613023281097412 189440
1770913490853 1.161192536354065 194560
1770913506837 1.1608803272247314 199680
1770913522989 1.1607574224472046 204800
1770913538430 1.1620279550552368 209920
1770913554185 1.161678433418274 215040
1770913569017 1.1614248752593994 220160
1770913584009 1.1606810092926025 225280
1770913598940 1.1596324443817139 230400
1770913613192 1.1594429016113281 235520
1770913627138 1.1603132486343384 240640
1770913641829 1.159632921218872 245760
1770913655974 1.1600853204727173 250880
1770913669830 1.160185694694519 256000
1770913683792 1.16000235080719 261120
1770913698001 1.1595048904418945 266240
1770913711883 1.1593269109725952 271360
1770913725724 1.1591095924377441 276480
1770913739615 1.1591192483901978 281600
1770913753487 1.1580827236175537 286720
1770913767372 1.158474087715149 291840
1770913781045 1.1584831476211548 296960
1770913786556 1.1581621170043945 300032
