1770912957559 1.0407909154891968 5120
1770912972859 1.3761773109436035 10240
1770912986793 1.1430859565734863 15360
1770913000691 0.7724218964576721 20480
1770913014756 0.3323400914669037 25600
1770913029149 -0.07828033715486526 30720
1770913043100 -0.4021289348602295 35840
1770913056921 -0.7395553588867188 40960
1770913070751 -0.9135888814926147 46080
1770913085254 -1.01388680934906 51200
1770913099869 -1.5696876049041748 56320
1770913114149 -1.8894726037979126 61440
1770913128113 -2.1990625858306885 66560
1770913142733 -2.2986719608306885 71680
1770913156976 -2.5651562213897705 76800
1770913171602 -2.6705470085144043 81920
1770913186351 -3.0158591270446777 87040
1770913200922 -3.3187670707702637 92160
1770913215333 -3.426015853881836 97280
1770913229922 -3.7306251525878906 102400
1770913243899 -4.171719074249268 107520
1770913257786 -4.2621870040893555 112640
1770913271781 -4.288437843322754 117760
1770913285784 -4.492656230926514 122880
1770913299646 -4.928437232971191 128000
1770913313668 -5.110468864440918 133120
1770913327832 -5.314843654632568 138240
1770913341613 -5.617343902587891 143360
1770913355381 -5.904375076293945 148480
1770913369230 -5.845624923706055 153600
1770913383581 -5.898125171661377 158720
1770913397880 -6.197499752044678 163840
1770913412342 -6.258437156677246 168960
1770913427091 -6.824062347412109 174080
1770913442247 -6.852187156677246 179200
1770913458553 -6.843125343322754 184320
1770913474653 -6.852187156677246 189440
1770913490843 -6.949999809265137 194560
1770913506825 -7.208437442779541 199680
1770913522980 -7.551875114440918 204800
1770913538422 -7.5746870040893555 209920
1770913554178 -7.600937843322754 215040
1770913569006 -7.590000152587891 220160
1770913584001 -7.710312843322754 225280
1770913598931 -7.77218770980835 230400
1770913613186 -7.926562309265137 235520
1770913627129 -8.4140625 240640
1770913641821 -8.473124504089355 245760
1770913655961 -8.553125381469727 250880
1770913669817 -8.643750190734863 256000
1770913683783 -8.45687484741211 261120
1770913697988 -8.424687385559082 266240
1770913711875 -8.853438377380371 271360
1770913725717 -9.071249961853027 276480
1770913739606 -9.102499961853027 281600
1770913753476 -9.11312484741211 286720
1770913767364 -9.107500076293945 291840
1770913781038 -9.126249313354492 296960
1770913786549 -9.2890625 300032
