1770912957563 1.1210085153579712 5120
1770912972864 1.1272753477096558 10240
1770912986798 1.1355046033859253 15360
1770913000696 1.1300729513168335 20480
1770913014766 1.1269036531448364 25600
1770913029155 1.1307541131973267 30720
1770913043106 1.12820565700531 35840
1770913056927 1.1315664052963257 40960
1770913070757 1.1187044382095337 46080
1770913085261 1.1227396726608276 51200
1770913099878 1.1266690492630005 56320
1770913114154 1.1227318048477173 61440
1770913128118 1.1206588745117188 66560
1770913142739 1.120059609413147 71680
1770913156982 1.1189686059951782 76800
1770913171608 1.1203080415725708 81920
1770913186360 1.1163846254348755 87040
1770913200928 1.1154025793075562 92160
1770913215339 1.115737795829773 97280
1770913229928 1.1192675828933716 102400
1770913243905 1.1224570274353027 107520
1770913257793 1.1246296167373657 112640
1770913271788 1.1255645751953125 117760
1770913285790 1.125089406967163 122880
1770913299652 1.1222007274627686 128000
1770913313676 1.123293399810791 133120
1770913327843 1.1222946643829346 138240
1770913341620 1.1219329833984375 143360
1770913355388 1.1211591958999634 148480
1770913369237 1.1226614713668823 153600
1770913383588 1.1250975131988525 158720
1770913397886 1.123573899269104 163840
1770913412348 1.1250059604644775 168960
1770913427099 1.1247695684432983 174080
1770913442256 1.1234159469604492 179200
1770913458569 1.123295545578003 184320
1770913474661 1.122612714767456 189440
1770913490853 1.121559500694275 194560
1770913506837 1.1202094554901123 199680
1770913522989 1.1185855865478516 204800
1770913538430 1.1203491687774658 209920
1770913554185 1.1203126907348633 215040
1770913569017 1.1209495067596436 220160
1770913584009 1.1190108060836792 225280
1770913598940 1.1181808710098267 230400
1770913613192 1.1171083450317383 235520
1770913627138 1.11817467212677 240640
1770913641829 1.118435263633728 245760
1770913655974 1.1199333667755127 250880
1770913669830 1.1197059154510498 256000
1770913683792 1.118467092514038 261120
1770913698001 1.1171783208847046 266240
1770913711883 1.1171213388442993 271360
1770913725724 1.1177113056182861 276480
1770913739615 1.1179499626159668 281600
1770913753487 1.116236686706543 286720
1770913767372 1.116019368171692 291840
1770913781045 1.1153500080108643 296960
1770913786556 1.1154626607894897 300032
