1770912957563 0.2911798059940338 5120
1770912972864 0.2843894958496094 10240
1770912986798 0.2798292338848114 15360
1770913000696 0.27832818031311035 20480
1770913014766 0.2752971649169922 25600
1770913029155 0.2742738723754883 30720
1770913043106 0.2723201811313629 35840
1770913056927 0.2739102840423584 40960
1770913070757 0.2701917290687561 46080
1770913085261 0.27074217796325684 51200
1770913099878 0.271884024143219 56320
1770913114154 0.2713382840156555 61440
1770913128118 0.2705640196800232 66560
1770913142739 0.26981377601623535 71680
1770913156982 0.2691600024700165 76800
1770913171608 0.26964351534843445 81920
1770913186360 0.2687402367591858 87040
1770913200928 0.2684134840965271 92160
1770913215339 0.2677405774593353 97280
1770913229928 0.2685784697532654 102400
1770913243905 0.26903098821640015 107520
1770913257793 0.26891663670539856 112640
1770913271788 0.2689347267150879 117760
1770913285790 0.2690931260585785 122880
1770913299652 0.26863351464271545 128000
1770913313676 0.26886841654777527 133120
1770913327843 0.26860231161117554 138240
1770913341620 0.26865288615226746 143360
1770913355388 0.2687925100326538 148480
1770913369237 0.2688651382923126 153600
1770913383588 0.2694013714790344 158720
1770913397886 0.26916658878326416 163840
1770913412348 0.26958611607551575 168960
1770913427099 0.2697347402572632 174080
1770913442256 0.2693450152873993 179200
1770913458569 0.2691837251186371 184320
1770913474661 0.26882296800613403 189440
1770913490853 0.2688562870025635 194560
1770913506837 0.26852360367774963 199680
1770913522989 0.26842740178108215 204800
1770913538430 0.2689259350299835 209920
1770913554185 0.2688455581665039 215040
1770913569017 0.26900994777679443 220160
1770913584009 0.2687099575996399 225280
1770913598940 0.268451988697052 230400
1770913613192 0.26822617650032043 235520
1770913627138 0.26847782731056213 240640
1770913641829 0.26856711506843567 245760
1770913655974 0.2686677873134613 250880
1770913669830 0.26879802346229553 256000
1770913683792 0.2686646580696106 261120
1770913698001 0.2684680223464966 266240
1770913711883 0.26826921105384827 271360
1770913725724 0.26839587092399597 276480
1770913739615 0.2684519290924072 281600
1770913753487 0.2681256830692291 286720
1770913767372 0.2681092619895935 291840
1770913781045 0.2679198086261749 296960
1770913786556 0.2678457498550415 300032
