1770912957559 157.19601229293156 5120
1770912972859 151.51190261171115 10240
1770912986793 96.16213861567738 15360
1770913000691 111.35221812196352 20480
1770913014756 97.60323924324575 25600
1770913029149 112.15616225900473 30720
1770913043100 111.31380042462845 35840
1770913056921 135.23905333075385 40960
1770913070751 129.69801168867312 46080
1770913085254 110.17925816959126 51200
1770913099869 91.82529500623946 56320
1770913114149 126.89247897380045 61440
1770913128113 128.13686493752482 66560
1770913142733 122.80564501961703 71680
1770913156976 137.05532137372154 76800
1770913171602 128.15644096797848 81920
1770913186351 99.94290752257726 87040
1770913200922 99.30167148065723 92160
1770913215333 127.10397284766205 97280
1770913229922 90.48418690943608 102400
1770913243899 108.1061910407753 107520
1770913257786 118.80871314052631 112640
1770913271781 122.56520849770608 117760
1770913285784 107.23554828317951 122880
1770913299646 127.03467910470364 128000
1770913313668 115.38662998624484 133120
1770913327832 107.75901138144542 138240
1770913341613 121.18413221230244 143360
1770913355381 124.15795393996802 148480
1770913369230 92.75329500221142 153600
1770913383581 114.33917618515389 158720
1770913397880 124.09917746612226 163840
1770913412342 83.88104713717178 168960
1770913427091 127.38577416023811 174080
1770913442247 105.8285771957712 179200
1770913458553 76.59989772810286 184320
1770913474653 102.77637833864249 189440
1770913490843 114.73326585879585 194560
1770913506825 92.98771782024565 199680
1770913522980 96.42964870332904 204800
1770913538422 115.82635590412018 209920
1770913554178 133.5935787998471 215040
1770913569006 128.34467564259486 220160
1770913584001 129.27427955000772 225280
1770913598931 85.91188218184797 230400
1770913613186 134.92147843149868 235520
1770913627129 111.2429450456185 240640
1770913641821 76.96253073507285 245760
1770913655961 115.8071677066652 250880
1770913669817 98.99464230923553 256000
1770913683783 79.57774109700799 261120
1770913697988 129.3739666872301 266240
1770913711875 111.20460269904818 271360
1770913725717 96.61846075879386 276480
1770913739606 127.95314215985357 281600
1770913753476 89.8522707797772 286720
1770913767364 101.05295619910375 291840
1770913781038 111.02210222610445 296960
1770913786549 121.71868017063757 300032
