1769355262853 0.10435645282268524 5120
1769355269578 0.10183810442686081 10240
1769355278257 0.10097716748714447 15360
1769355284947 0.09694834053516388 20480
1769355292129 0.09833116829395294 25600
1769355299142 0.09859154373407364 30720
1769355307740 0.09813841432332993 35840
1769355314944 0.09759798645973206 40960
1769355321489 0.09797732532024384 46080
1769355328175 0.09807519614696503 51200
1769355337243 0.09835907816886902 56320
1769355343980 0.0979979932308197 61440
1769355351067 0.09764967858791351 66560
1769355357588 0.09730041027069092 71680
1769355366524 0.09715504199266434 76800
1769355373602 0.09685393422842026 81920
1769355380561 0.09658640623092651 87040
1769355387346 0.09689230471849442 92160
1769355396866 0.09668854624032974 97280
1769355403659 0.09665466845035553 102400
1769355410710 0.09692497551441193 107520
1769355417507 0.09692370891571045 112640
1769355426605 0.09690093249082565 117760
1769355433187 0.09651471674442291 122880
1769355440248 0.09642966091632843 128000
1769355447413 0.09641677141189575 133120
1769355456030 0.09623251110315323 138240
1769355463610 0.09633937478065491 143360
1769355470614 0.09604410082101822 148480
1769355477713 0.09587432444095612 153600
1769355485639 0.09578961133956909 158720
1769355493256 0.09595952183008194 163840
1769355499777 0.09594428539276123 168960
1769355507469 0.09602712839841843 174080
1769355515026 0.09602303802967072 179200
1769355522653 0.09600763022899628 184320
1769355530440 0.09608874469995499 189440
1769355537821 0.09621959924697876 194560
1769355545431 0.09671209752559662 199680
1769355552888 0.09658064693212509 204800
1769355560376 0.09675005078315735 209920
1769355567653 0.09682634472846985 215040
1769355575438 0.0969100221991539 220160
1769355582471 0.09689793735742569 225280
1769355590602 0.09674215316772461 230400
1769355598106 0.09666983038187027 235520
1769355605997 0.09662443399429321 240640
1769355612905 0.09654949605464935 245760
1769355620372 0.09652244299650192 250880
1769355627500 0.0964609906077385 256000
1769355636311 0.09651793539524078 261120
1769355644042 0.09669988602399826 266240
1769355652555 0.0967477411031723 271360
1769355660648 0.09690837562084198 276480
1769355670565 0.09694366157054901 281600
1769355677887 0.09699267894029617 286720
1769355685067 0.09711741656064987 291840
1769355692857 0.09702763706445694 296960
1769355698183 0.09704115241765976 300032
