1769355262853 26.60287094116211 5120
1769355269578 26.19975471496582 10240
1769355278257 26.426233291625977 15360
1769355284947 26.185876846313477 20480
1769355292129 26.127138137817383 25600
1769355299142 26.322519302368164 30720
1769355307740 26.25717544555664 35840
1769355314944 26.170610427856445 40960
1769355321489 26.229307174682617 46080
1769355328175 26.300039291381836 51200
1769355337243 26.300392150878906 56320
1769355343980 26.310916900634766 61440
1769355351067 26.313087463378906 66560
1769355357588 26.24066162109375 71680
1769355366524 26.188152313232422 76800
1769355373602 26.098615646362305 81920
1769355380561 26.087013244628906 87040
1769355387346 26.17458724975586 92160
1769355396866 26.21630859375 97280
1769355403659 26.189496994018555 102400
1769355410710 26.232603073120117 107520
1769355417507 26.228130340576172 112640
1769355426605 26.219152450561523 117760
1769355433187 26.175922393798828 122880
1769355440248 26.187294006347656 128000
1769355447413 26.174917221069336 133120
1769355456030 26.19065284729004 138240
1769355463610 26.197341918945312 143360
1769355470614 26.179479598999023 148480
1769355477713 26.144567489624023 153600
1769355485639 26.154542922973633 158720
1769355493256 26.165523529052734 163840
1769355499777 26.167346954345703 168960
1769355507469 26.190258026123047 174080
1769355515026 26.190961837768555 179200
1769355522653 26.18729019165039 184320
1769355530440 26.20985984802246 189440
1769355537821 26.210756301879883 194560
1769355545431 26.232656478881836 199680
1769355552888 26.236474990844727 204800
1769355560376 26.242687225341797 209920
1769355567653 26.24959373474121 215040
1769355575438 26.243072509765625 220160
1769355582471 26.264358520507812 225280
1769355590602 26.25699234008789 230400
1769355598106 26.240619659423828 235520
1769355605997 26.224201202392578 240640
1769355612905 26.247636795043945 245760
1769355620372 26.265716552734375 250880
1769355627500 26.241182327270508 256000
1769355636311 26.243797302246094 261120
1769355644042 26.264184951782227 266240
1769355652555 26.26348876953125 271360
1769355660648 26.26390838623047 276480
1769355670565 26.276092529296875 281600
1769355677887 26.264284133911133 286720
1769355685067 26.277271270751953 291840
1769355692857 26.27102279663086 296960
1769355698183 26.27819061279297 300032
