1769355262853 0.0 5120
1769355269578 0.0 10240
1769355278257 0.0 15360
1769355284947 0.0 20480
1769355292129 0.0 25600
1769355299142 0.0 30720
1769355307740 0.0 35840
1769355314944 0.0 40960
1769355321489 0.0 46080
1769355328175 0.0 51200
1769355337243 0.0 56320
1769355343980 0.0 61440
1769355351067 0.0 66560
1769355357588 0.0 71680
1769355366524 0.0 76800
1769355373602 0.0 81920
1769355380561 0.0 87040
1769355387346 0.0 92160
1769355396866 0.0 97280
1769355403659 0.0 102400
1769355410710 0.0 107520
1769355417507 0.0 112640
1769355426605 0.0 117760
1769355433187 0.0 122880
1769355440248 0.0 128000
1769355447413 0.0 133120
1769355456030 0.0 138240
1769355463610 0.0 143360
1769355470614 0.0 148480
1769355477713 0.0 153600
1769355485639 0.0 158720
1769355493256 0.0 163840
1769355499777 0.0 168960
1769355507469 0.0 174080
1769355515026 0.0 179200
1769355522653 0.0 184320
1769355530440 0.0 189440
1769355537821 0.0 194560
1769355545431 0.0 199680
1769355552888 0.0 204800
1769355560376 0.0 209920
1769355567653 0.0 215040
1769355575438 0.0 220160
1769355582471 0.0 225280
1769355590602 0.0 230400
1769355598106 0.0 235520
1769355605997 0.0 240640
1769355612905 0.0 245760
1769355620372 0.0 250880
1769355627500 0.0 256000
1769355636311 0.0 261120
1769355644042 0.0 266240
1769355652555 0.0 271360
1769355660648 0.0 276480
1769355670565 0.0 281600
1769355677887 0.0 286720
1769355685067 0.0 291840
1769355692857 0.0 296960
1769355698183 0.0 300032
