1769355262848 28.15943717956543 5120
1769355269573 24.411651611328125 10240
1769355278250 20.5720157623291 15360
1769355284943 17.613258361816406 20480
1769355292123 17.42034339904785 25600
1769355299134 17.7054443359375 30720
1769355307735 17.629070281982422 35840
1769355314932 17.999467849731445 40960
1769355321484 17.312530517578125 46080
1769355328168 17.270734786987305 51200
1769355337236 17.428829193115234 56320
1769355343973 17.35846710205078 61440
1769355351060 17.1602840423584 66560
1769355357579 16.816898345947266 71680
1769355366515 16.503862380981445 76800
1769355373596 15.903573989868164 81920
1769355380554 16.34712791442871 87040
1769355387340 15.046524047851562 92160
1769355396857 15.68163776397705 97280
1769355403653 15.543481826782227 102400
1769355410703 15.920747756958008 107520
1769355417501 15.945526123046875 112640
1769355426598 15.169482231140137 117760
1769355433180 14.654365539550781 122880
1769355440238 14.285146713256836 128000
1769355447404 14.426141738891602 133120
1769355456024 13.9170560836792 138240
1769355463603 14.072813034057617 143360
1769355470607 14.291888236999512 148480
1769355477707 14.227450370788574 153600
1769355485632 13.179659843444824 158720
1769355493249 13.211751937866211 163840
1769355499770 14.06346607208252 168960
1769355507462 13.156227111816406 174080
1769355515016 13.557687759399414 179200
1769355522641 13.818217277526855 184320
1769355530433 13.81334400177002 189440
1769355537814 12.506791114807129 194560
1769355545423 13.121058464050293 199680
1769355552881 13.377052307128906 204800
1769355560367 13.673619270324707 209920
1769355567643 13.478891372680664 215040
1769355575429 13.160104751586914 220160
1769355582462 13.214715957641602 225280
1769355590589 13.061330795288086 230400
1769355598094 13.137249946594238 235520
1769355605989 13.546407699584961 240640
1769355612897 13.629368782043457 245760
1769355620353 13.5637788772583 250880
1769355627491 13.15991497039795 256000
1769355636302 13.618612289428711 261120
1769355644031 13.105647087097168 266240
1769355652543 13.03709888458252 271360
1769355660640 12.863473892211914 276480
1769355670554 13.11493968963623 281600
1769355677878 13.776827812194824 286720
1769355685052 13.178927421569824 291840
1769355692848 13.505777359008789 296960
1769355698168 12.984125137329102 300032
