1769355262853 1.2088037729263306 5120
1769355269578 1.1899148225784302 10240
1769355278257 1.1796166896820068 15360
1769355284947 1.1482192277908325 20480
1769355292129 1.1506428718566895 25600
1769355299142 1.150094985961914 30720
1769355307740 1.153477430343628 35840
1769355314944 1.1436700820922852 40960
1769355321489 1.1482152938842773 46080
1769355328175 1.1487493515014648 51200
1769355337243 1.1521474123001099 56320
1769355343980 1.1501420736312866 61440
1769355351067 1.146923303604126 66560
1769355357588 1.1472597122192383 71680
1769355366524 1.1472506523132324 76800
1769355373602 1.1434451341629028 81920
1769355380561 1.144302248954773 87040
1769355387346 1.1460720300674438 92160
1769355396866 1.145456075668335 97280
1769355403659 1.1450761556625366 102400
1769355410710 1.1470671892166138 107520
1769355417507 1.1460635662078857 112640
1769355426605 1.1435511112213135 117760
1769355433187 1.1409111022949219 122880
1769355440248 1.1406886577606201 128000
1769355447413 1.1405749320983887 133120
1769355456030 1.138779878616333 138240
1769355463610 1.139439344406128 143360
1769355470614 1.1376913785934448 148480
1769355477713 1.134155035018921 153600
1769355485639 1.1339383125305176 158720
1769355493256 1.1339633464813232 163840
1769355499777 1.1333653926849365 168960
1769355507469 1.134004831314087 174080
1769355515026 1.1349519491195679 179200
1769355522653 1.135255217552185 184320
1769355530440 1.1362028121948242 189440
1769355537821 1.1362380981445312 194560
1769355545431 1.1393646001815796 199680
1769355552888 1.1382843255996704 204800
1769355560376 1.139075517654419 209920
1769355567653 1.1404445171356201 215040
1769355575438 1.1421550512313843 220160
1769355582471 1.1421310901641846 225280
1769355590602 1.1403906345367432 230400
1769355598106 1.1396743059158325 235520
1769355605997 1.13901686668396 240640
1769355612905 1.1388883590698242 245760
1769355620372 1.1389440298080444 250880
1769355627500 1.1383519172668457 256000
1769355636311 1.139426827430725 261120
1769355644042 1.1413787603378296 266240
1769355652555 1.1411099433898926 271360
1769355660648 1.142566442489624 276480
1769355670565 1.1423063278198242 281600
1769355677887 1.1417561769485474 286720
1769355685067 1.1425707340240479 291840
1769355692857 1.1416164636611938 296960
1769355698183 1.14195716381073 300032
