1769355262853 0.3349282443523407 5120
1769355269578 0.3281378149986267 10240
1769355278257 0.3279982805252075 15360
1769355284947 0.3182549774646759 20480
1769355292129 0.3206080496311188 25600
1769355299142 0.3215329647064209 30720
1769355307740 0.3204191029071808 35840
1769355314944 0.3189328610897064 40960
1769355321489 0.3200490474700928 46080
1769355328175 0.32045483589172363 51200
1769355337243 0.32089099287986755 56320
1769355343980 0.32006368041038513 61440
1769355351067 0.31909433007240295 66560
1769355357588 0.31798067688941956 71680
1769355366524 0.3173631429672241 76800
1769355373602 0.3162936568260193 81920
1769355380561 0.3156990706920624 87040
1769355387346 0.31672239303588867 92160
1769355396866 0.31630444526672363 97280
1769355403659 0.31617361307144165 102400
1769355410710 0.31689155101776123 107520
1769355417507 0.3168131411075592 112640
1769355426605 0.31673240661621094 117760
1769355433187 0.3158363401889801 122880
1769355440248 0.31566426157951355 128000
1769355447413 0.31569209694862366 133120
1769355456030 0.31529501080513 138240
1769355463610 0.3157064616680145 143360
1769355470614 0.31487613916397095 148480
1769355477713 0.31429123878479004 153600
1769355485639 0.31401973962783813 158720
1769355493256 0.31440410017967224 163840
1769355499777 0.31451481580734253 168960
1769355507469 0.3148014545440674 174080
1769355515026 0.3147059679031372 179200
1769355522653 0.3145449161529541 184320
1769355530440 0.3147476613521576 189440
1769355537821 0.3150463402271271 194560
1769355545431 0.31620800495147705 199680
1769355552888 0.3160231411457062 204800
1769355560376 0.3164730966091156 209920
1769355567653 0.3166685402393341 215040
1769355575438 0.31679025292396545 220160
1769355582471 0.3168467581272125 225280
1769355590602 0.31647226214408875 230400
1769355598106 0.3163034915924072 235520
1769355605997 0.3161187469959259 240640
1769355612905 0.31611955165863037 245760
1769355620372 0.3160805106163025 250880
1769355627500 0.3158884644508362 256000
1769355636311 0.31603214144706726 261120
1769355644042 0.3165278136730194 266240
1769355652555 0.31660380959510803 271360
1769355660648 0.3169598877429962 276480
1769355670565 0.3171599805355072 281600
1769355677887 0.31724467873573303 286720
1769355685067 0.31754636764526367 291840
1769355692857 0.3173709511756897 296960
1769355698183 0.31744301319122314 300032
