1769355262848 543.6557355800389 5120
1769355269573 358.8555783709788 10240
1769355278250 343.260823307963 15360
1769355284943 540.712130978471 20480
1769355292123 357.75366769020815 25600
1769355299134 254.9573886085952 30720
1769355307735 543.585277345775 35840
1769355314932 253.2792270531401 40960
1769355321484 419.8922815096606 46080
1769355328168 381.82102867546655 51200
1769355337236 419.85025025025027 56320
1769355343973 429.5682097501024 61440
1769355351060 188.5758474957288 66560
1769355357579 132.74794277756678 71680
1769355366515 444.5002119542179 76800
1769355373596 559.2405333333334 81920
1769355380554 436.4066174175424 87040
1769355387340 616.1751138533862 92160
1769355396857 468.4802859376745 97280
1769355403653 368.37379237660286 102400
1769355410703 408.6422447388932 107520
1769355417501 544.8563263185243 112640
1769355426598 199.91916110581505 117760
1769355433180 198.42482732519633 122880
1769355440238 434.14801780354003 128000
1769355447404 410.40156555772995 133120
1769355456024 554.215644820296 138240
1769355463603 424.3099645928174 143360
1769355470607 132.12070812070812 148480
1769355477707 516.7944800394283 153600
1769355485632 482.76979742173114 158720
1769355493249 531.059002279058 163840
1769355499770 101.82326665371917 168960
1769355507462 499.5002977253781 174080
1769355515016 511.9375076284633 179200
1769355522641 387.50036954915004 184320
1769355530433 173.71314972043902 189440
1769355537814 525.1413547013898 194560
1769355545423 528.9827216546853 199680
1769355552881 482.88095786322816 204800
1769355560367 485.3395047442722 209920
1769355567643 348.59574468085106 215040
1769355575429 465.5165371809101 220160
1769355582462 531.1262504748639 225280
1769355590589 121.75047895500725 230400
1769355598094 331.3821600695267 235520
1769355605989 480.4471935853379 240640
1769355612897 518.5835806132542 245760
1769355620353 295.16565798733285 250880
1769355627491 489.931550052564 256000
1769355636302 456.7963406665215 261120
1769355644031 482.4366229583621 266240
1769355652543 490.3898047468724 271360
1769355660640 552.0273756251645 276480
1769355670554 461.5211267605634 281600
1769355677878 520.7081315952825 286720
1769355685052 390.16781395348835 291840
1769355692848 258.3017613006528 296960
1769355698168 285.61824991487913 300032
