1769355262853 2.333054304122925 5120
1769355269578 2.273433208465576 10240
1769355278257 2.2520604133605957 15360
1769355284947 2.1628262996673584 20480
1769355292129 2.1961491107940674 25600
1769355299142 2.2012779712677 30720
1769355307740 2.191699743270874 35840
1769355314944 2.1800317764282227 40960
1769355321489 2.187617540359497 46080
1769355328175 2.189647912979126 51200
1769355337243 2.1953072547912598 56320
1769355343980 2.1861109733581543 61440
1769355351067 2.1783533096313477 66560
1769355357588 2.1694841384887695 71680
1769355366524 2.1657042503356934 76800
1769355373602 2.159536123275757 81920
1769355380561 2.153200387954712 87040
1769355387346 2.160043239593506 92160
1769355396866 2.154519557952881 97280
1769355403659 2.1540284156799316 102400
1769355410710 2.16020131111145 107520
1769355417507 2.1600451469421387 112640
1769355426605 2.1591339111328125 117760
1769355433187 2.151242971420288 122880
1769355440248 2.148881435394287 128000
1769355447413 2.1483983993530273 133120
1769355456030 2.144416093826294 138240
1769355463610 2.146834373474121 143360
1769355470614 2.139665126800537 148480
1769355477713 2.1362650394439697 153600
1769355485639 2.1344497203826904 158720
1769355493256 2.1385929584503174 163840
1769355499777 2.1382479667663574 168960
1769355507469 2.1403634548187256 174080
1769355515026 2.139737367630005 179200
1769355522653 2.1390645503997803 184320
1769355530440 2.1408886909484863 189440
1769355537821 2.144038438796997 194560
1769355545431 2.154788017272949 199680
1769355552888 2.1520142555236816 204800
1769355560376 2.155933380126953 209920
1769355567653 2.1571860313415527 215040
1769355575438 2.158961772918701 220160
1769355582471 2.1586625576019287 225280
1769355590602 2.15541934967041 230400
1769355598106 2.1540584564208984 235520
1769355605997 2.1533191204071045 240640
1769355612905 2.151866912841797 245760
1769355620372 2.1509134769439697 250880
1769355627500 2.149578094482422 256000
1769355636311 2.1507697105407715 261120
1769355644042 2.1544744968414307 266240
1769355652555 2.1552140712738037 271360
1769355660648 2.158655881881714 276480
1769355670565 2.1595299243927 281600
1769355677887 2.160590171813965 286720
1769355685067 2.1634037494659424 291840
1769355692857 2.161494731903076 296960
1769355698183 2.1617019176483154 300032
