1769372038958 0.28277188539505005 5120
1769372048790 0.27913698554039 10240
1769372058256 0.2758188247680664 15360
1769372066220 0.27544236183166504 20480
1769372072956 0.2778283655643463 25600
1769372083933 0.279795378446579 30720
1769372091746 0.2834264934062958 35840
1769372099513 0.2849842607975006 40960
1769372106816 0.2861778438091278 46080
1769372116579 0.28520601987838745 51200
1769372123233 0.2840430736541748 56320
1769372130500 0.2835094630718231 61440
1769372136902 0.2837807834148407 66560
1769372147010 0.2822394371032715 71680
1769372153968 0.2833293676376343 76800
1769372162240 0.28466272354125977 81920
1769372169640 0.28442588448524475 87040
1769372179645 0.28395876288414 92160
1769372186183 0.28392937779426575 97280
1769372194876 0.28444144129753113 102400
1769372201724 0.2849017083644867 107520
1769372210796 0.284805029630661 112640
1769372218462 0.2849597930908203 117760
1769372228299 0.2847938537597656 122880
1769372235789 0.28491124510765076 128000
1769372245051 0.28487664461135864 133120
1769372252067 0.28582528233528137 138240
1769372261629 0.28651684522628784 143360
1769372269204 0.2868505120277405 148480
1769372277202 0.28624477982521057 153600
1769372284572 0.28626909852027893 158720
1769372294875 0.2865382730960846 163840
1769372302178 0.28673791885375977 168960
1769372311733 0.28695201873779297 174080
1769372319326 0.287057489156723 179200
1769372329733 0.28748956322669983 184320
1769372337269 0.2875475287437439 189440
1769372346333 0.2875891923904419 194560
1769372354068 0.28715088963508606 199680
1769372364542 0.28723061084747314 204800
1769372371869 0.2873924672603607 209920
1769372381727 0.2877107262611389 215040
1769372388784 0.2875647246837616 220160
1769372398748 0.28742462396621704 225280
1769372406066 0.2875734865665436 230400
1769372414928 0.28775203227996826 235520
1769372422629 0.28797903656959534 240640
1769372430683 0.28847452998161316 245760
1769372438676 0.2882629632949829 250880
1769372448021 0.28813636302948 256000
1769372455788 0.288319855928421 261120
1769372464940 0.2878629267215729 266240
1769372472792 0.2882845401763916 271360
1769372481709 0.28788119554519653 276480
1769372490340 0.28784340620040894 281600
1769372499650 0.2879020869731903 286720
1769372507058 0.2877633571624756 291840
1769372514981 0.28785261511802673 296960
1769372518724 0.28780052065849304 300032
