1769372038953 492.636128729152 5120
1769372048785 258.7479333744602 10240
1769372058246 357.7231556503198 15360
1769372066215 348.8276779773786 20480
1769372072950 576.1406593406593 25600
1769372083922 184.90957986157034 30720
1769372091732 327.424199843872 35840
1769372099505 424.1383355243199 40960
1769372106807 436.8156634034576 46080
1769372116574 470.6883626977893 51200
1769372123225 564.8133584702397 56320
1769372130492 376.20450264597724 61440
1769372136896 212.1549822964087 66560
1769372147004 206.26033931644946 71680
1769372153961 494.4946946474888 76800
1769372162234 571.8985546768475 81920
1769372169633 384.0234389305988 87040
1769372179638 223.76781903542468 92160
1769372186177 378.342413855313 97280
1769372194869 508.21567914697687 102400
1769372201716 408.4432758788587 107520
1769372210789 548.2033721082212 112640
1769372218453 519.0970297029703 117760
1769372228292 182.6389723492271 122880
1769372235781 500.2748091603053 128000
1769372245040 234.27939451488578 133120
1769372252059 316.5512452830189 138240
1769372261621 376.3057599138705 143360
1769372269196 393.5726752369335 148480
1769372277193 318.8372481946028 153600
1769372284563 390.42204226007635 158720
1769372294868 483.66051660516604 163840
1769372302166 538.1452399281499 168960
1769372311725 122.3792489714936 174080
1769372319306 368.11514832367914 179200
1769372329726 473.8791097051181 184320
1769372337261 285.6571545324525 189440
1769372346322 325.97373125048574 194560
1769372354055 328.19280125195615 199680
1769372364534 576.9331499312242 204800
1769372371860 643.0022995554193 209920
1769372381720 234.04408236147538 215040
1769372388774 471.11131079411433 220160
1769372398741 465.9820019997778 225280
1769372406055 428.8215928841632 230400
1769372414919 484.6105141536684 235520
1769372422617 606.1132947976879 240640
1769372430675 101.43419588875453 245760
1769372438663 401.2920015308075 250880
1769372448008 264.258064516129 256000
1769372455778 550.5781044893673 261120
1769372464926 160.1612952497327 266240
1769372472780 489.1316618075802 271360
1769372481701 507.04835589941973 276480
1769372490325 223.30319970185806 281600
1769372499642 425.99065610400163 286720
1769372507048 583.5959371086684 291840
1769372514967 376.71133465061973 296960
1769372518706 292.8574221477447 300032
