1769372038958 1.8088462352752686 5120
1769372048790 1.7923084497451782 10240
1769372058256 1.7765249013900757 15360
1769372066220 1.7589679956436157 20480
1769372072956 1.7791597843170166 25600
1769372083933 1.8020414113998413 30720
1769372091746 1.836935043334961 35840
1769372099513 1.8514378070831299 40960
1769372106816 1.857552170753479 46080
1769372116579 1.8515229225158691 51200
1769372123233 1.8414491415023804 56320
1769372130500 1.8345670700073242 61440
1769372136902 1.8365869522094727 66560
1769372147010 1.8241461515426636 71680
1769372153968 1.8333609104156494 76800
1769372162240 1.842224359512329 81920
1769372169640 1.8441916704177856 87040
1769372179645 1.839965581893921 92160
1769372186183 1.8412744998931885 97280
1769372194876 1.8449652194976807 102400
1769372201724 1.8505760431289673 107520
1769372210796 1.848212480545044 112640
1769372218462 1.8503682613372803 117760
1769372228299 1.849867343902588 122880
1769372235789 1.8513212203979492 128000
1769372245051 1.8500975370407104 133120
1769372252067 1.8564962148666382 138240
1769372261629 1.8619071245193481 143360
1769372269204 1.8623789548873901 148480
1769372277202 1.855672836303711 153600
1769372284572 1.856471300125122 158720
1769372294875 1.8586901426315308 163840
1769372302178 1.8616942167282104 168960
1769372311733 1.8644959926605225 174080
1769372319326 1.8661410808563232 179200
1769372329733 1.8714770078659058 184320
1769372337269 1.8716353178024292 189440
1769372346333 1.8720217943191528 194560
1769372354068 1.868480920791626 199680
1769372364542 1.8676173686981201 204800
1769372371869 1.869072675704956 209920
1769372381727 1.8718845844268799 215040
1769372388784 1.8704707622528076 220160
1769372398748 1.8681966066360474 225280
1769372406066 1.869356393814087 230400
1769372414928 1.8710533380508423 235520
1769372422629 1.8729747533798218 240640
1769372430683 1.8772813081741333 245760
1769372438676 1.8747830390930176 250880
1769372448021 1.8739714622497559 256000
1769372455788 1.875627875328064 261120
1769372464940 1.8719223737716675 266240
1769372472792 1.8755031824111938 271360
1769372481709 1.8723088502883911 276480
1769372490340 1.872162938117981 281600
1769372499650 1.872174620628357 286720
1769372507058 1.8707462549209595 291840
1769372514981 1.8716342449188232 296960
1769372518724 1.8714720010757446 300032
