1769354232271 19.874439239501953 5120
1769354241010 19.94730567932129 10240
1769354249168 19.776180267333984 15360
1769354257421 19.744327545166016 20480
1769354265587 19.930078506469727 25600
1769354273916 19.890398025512695 30720
1769354281988 19.777132034301758 35840
1769354290230 19.697296142578125 40960
1769354298416 19.654903411865234 46080
1769354306474 19.590349197387695 51200
1769354314468 19.56778335571289 56320
1769354322699 19.55278205871582 61440
1769354330740 19.449838638305664 66560
1769354338800 19.47994613647461 71680
1769354347006 19.517093658447266 76800
1769354355403 19.553010940551758 81920
1769354363693 19.56902503967285 87040
1769354371717 19.54219627380371 92160
1769354379820 19.58950424194336 97280
1769354388168 19.582277297973633 102400
1769354396734 19.606956481933594 107520
1769354405189 19.604948043823242 112640
1769354413608 19.60348129272461 117760
1769354421915 19.571969985961914 122880
1769354430214 19.576778411865234 128000
1769354438660 19.56950569152832 133120
1769354446849 19.58802032470703 138240
1769354455431 19.58751106262207 143360
1769354463491 19.569934844970703 148480
1769354471774 19.600440979003906 153600
1769354480218 19.609193801879883 158720
1769354488861 19.606800079345703 163840
1769354497270 19.59700584411621 168960
1769354505664 19.612808227539062 174080
1769354514120 19.590877532958984 179200
1769354522319 19.57600975036621 184320
1769354530971 19.569393157958984 189440
1769354539412 19.552753448486328 194560
1769354547731 19.58320426940918 199680
1769354556420 19.60179328918457 204800
1769354565282 19.61615562438965 209920
1769354573424 19.62899398803711 215040
1769354581979 19.622629165649414 220160
1769354590583 19.62859344482422 225280
1769354599214 19.627670288085938 230400
1769354607742 19.62350082397461 235520
1769354616420 19.629079818725586 240640
1769354624835 19.638916015625 245760
1769354633733 19.63567543029785 250880
1769354642307 19.640409469604492 256000
1769354650603 19.6363525390625 261120
1769354659396 19.65428924560547 266240
1769354667835 19.64278793334961 271360
1769354676579 19.643770217895508 276480
1769354685488 19.639055252075195 281600
1769354694249 19.639997482299805 286720
1769354703639 19.63444709777832 291840
1769354712907 19.63188934326172 296960
1769354716275 19.62107276916504 300032
