1769354232271 0.10689050704240799 5120
1769354241010 0.10738204419612885 10240
1769354249168 0.11112023890018463 15360
1769354257421 0.1077965646982193 20480
1769354265587 0.1081518903374672 25600
1769354273916 0.10801901668310165 30720
1769354281988 0.1084555834531784 35840
1769354290230 0.10821297764778137 40960
1769354298416 0.10738325864076614 46080
1769354306474 0.10786242038011551 51200
1769354314468 0.10769908875226974 56320
1769354322699 0.10712555795907974 61440
1769354330740 0.10663530975580215 66560
1769354338800 0.10708123445510864 71680
1769354347006 0.10660942643880844 76800
1769354355403 0.10634760558605194 81920
1769354363693 0.10612206161022186 87040
1769354371717 0.10618826001882553 92160
1769354379820 0.10631497204303741 97280
1769354388168 0.10669804364442825 102400
1769354396734 0.10686776041984558 107520
1769354405189 0.10708104819059372 112640
1769354413608 0.10773096233606339 117760
1769354421915 0.10721179842948914 122880
1769354430214 0.10707144439220428 128000
1769354438660 0.1069299504160881 133120
1769354446849 0.10682106018066406 138240
1769354455431 0.10707747936248779 143360
1769354463491 0.10738369077444077 148480
1769354471774 0.10728784650564194 153600
1769354480218 0.10743573307991028 158720
1769354488861 0.10745500028133392 163840
1769354497270 0.10753460973501205 168960
1769354505664 0.10796637088060379 174080
1769354514120 0.1079292818903923 179200
1769354522319 0.10773774981498718 184320
1769354530971 0.10771717131137848 189440
1769354539412 0.10782581567764282 194560
1769354547731 0.10782652348279953 199680
1769354556420 0.10762201994657516 204800
1769354565282 0.107918880879879 209920
1769354573424 0.10794396698474884 215040
1769354581979 0.10793948918581009 220160
1769354590583 0.10807501524686813 225280
1769354599214 0.10823767632246017 230400
1769354607742 0.10793382674455643 235520
1769354616420 0.10789848864078522 240640
1769354624835 0.10791502147912979 245760
1769354633733 0.1078590676188469 250880
1769354642307 0.10795487463474274 256000
1769354650603 0.10817048698663712 261120
1769354659396 0.10834556072950363 266240
1769354667835 0.10810968279838562 271360
1769354676579 0.10789179056882858 276480
1769354685488 0.10791711509227753 281600
1769354694249 0.10800707340240479 286720
1769354703639 0.10796891897916794 291840
1769354712907 0.10789588838815689 296960
1769354716275 0.10780661553144455 300032
