1769354232271 0.0 5120
1769354241010 0.0 10240
1769354249168 0.0 15360
1769354257421 0.0 20480
1769354265587 0.0 25600
1769354273916 0.0 30720
1769354281988 0.0 35840
1769354290230 0.0 40960
1769354298416 0.0 46080
1769354306474 0.0 51200
1769354314468 0.0 56320
1769354322699 0.0 61440
1769354330740 0.0 66560
1769354338800 0.0 71680
1769354347006 0.0 76800
1769354355403 0.0 81920
1769354363693 0.0 87040
1769354371717 0.0 92160
1769354379820 0.0 97280
1769354388168 0.0 102400
1769354396734 0.0 107520
1769354405189 0.0 112640
1769354413608 0.0 117760
1769354421915 0.0 122880
1769354430214 0.0 128000
1769354438660 0.0 133120
1769354446849 0.0 138240
1769354455431 0.0 143360
1769354463491 0.0 148480
1769354471774 0.0 153600
1769354480218 0.0 158720
1769354488861 0.0 163840
1769354497270 0.0 168960
1769354505664 0.0 174080
1769354514120 0.0 179200
1769354522319 0.0 184320
1769354530971 0.0 189440
1769354539412 0.0 194560
1769354547731 0.0 199680
1769354556420 0.0 204800
1769354565282 0.0 209920
1769354573424 0.0 215040
1769354581979 0.0 220160
1769354590583 0.0 225280
1769354599214 0.0 230400
1769354607742 0.0 235520
1769354616420 0.0 240640
1769354624835 0.0 245760
1769354633733 0.0 250880
1769354642307 0.0 256000
1769354650603 0.0 261120
1769354659396 0.0 266240
1769354667835 0.0 271360
1769354676579 0.0 276480
1769354685488 0.0 281600
1769354694249 0.0 286720
1769354703639 0.0 291840
1769354712907 0.0 296960
1769354716275 0.0 300032
