1769354232271 1.175125002861023 5120
1769354241010 1.1790732145309448 10240
1769354249168 1.1710827350616455 15360
1769354257421 1.1633448600769043 20480
1769354265587 1.1697689294815063 25600
1769354273916 1.168453574180603 30720
1769354281988 1.1637392044067383 35840
1769354290230 1.15928053855896 40960
1769354298416 1.1571017503738403 46080
1769354306474 1.155745506286621 51200
1769354314468 1.1544625759124756 56320
1769354322699 1.1527295112609863 61440
1769354330740 1.148612141609192 66560
1769354338800 1.1510010957717896 71680
1769354347006 1.1508334875106812 76800
1769354355403 1.1521409749984741 81920
1769354363693 1.152774453163147 87040
1769354371717 1.1517658233642578 92160
1769354379820 1.1536141633987427 97280
1769354388168 1.15451180934906 102400
1769354396734 1.1561287641525269 107520
1769354405189 1.1563262939453125 112640
1769354413608 1.1569210290908813 117760
1769354421915 1.1545995473861694 122880
1769354430214 1.1547414064407349 128000
1769354438660 1.1537898778915405 133120
1769354446849 1.1544526815414429 138240
1769354455431 1.1547045707702637 143360
1769354463491 1.15436589717865 148480
1769354471774 1.155348300933838 153600
1769354480218 1.155949592590332 158720
1769354488861 1.1556683778762817 163840
1769354497270 1.1552222967147827 168960
1769354505664 1.1562479734420776 174080
1769354514120 1.1554783582687378 179200
1769354522319 1.1547991037368774 184320
1769354530971 1.1546581983566284 189440
1769354539412 1.1546082496643066 194560
1769354547731 1.155983567237854 199680
1769354556420 1.1562082767486572 204800
1769354565282 1.1570807695388794 209920
1769354573424 1.1573009490966797 215040
1769354581979 1.1573344469070435 220160
1769354590583 1.1577754020690918 225280
1769354599214 1.1580551862716675 230400
1769354607742 1.157241940498352 235520
1769354616420 1.1572593450546265 240640
1769354624835 1.1578952074050903 245760
1769354633733 1.1576025485992432 250880
1769354642307 1.1580363512039185 256000
1769354650603 1.1581740379333496 261120
1769354659396 1.159249186515808 266240
1769354667835 1.1583058834075928 271360
1769354676579 1.1580203771591187 276480
1769354685488 1.1578017473220825 281600
1769354694249 1.158104658126831 286720
1769354703639 1.1574921607971191 291840
1769354712907 1.1573505401611328 296960
1769354716275 1.1567282676696777 300032
