1769354232271 1.237805962562561 5120
1769354241010 1.2315073013305664 10240
1769354249168 1.263488531112671 15360
1769354257421 1.2349120378494263 20480
1769354265587 1.239497184753418 25600
1769354273916 1.2389609813690186 30720
1769354281988 1.2367043495178223 35840
1769354290230 1.2321019172668457 40960
1769354298416 1.2294542789459229 46080
1769354306474 1.2375022172927856 51200
1769354314468 1.236768364906311 56320
1769354322699 1.2306095361709595 61440
1769354330740 1.2269729375839233 66560
1769354338800 1.2279525995254517 71680
1769354347006 1.2234876155853271 76800
1769354355403 1.2240477800369263 81920
1769354363693 1.2234313488006592 87040
1769354371717 1.2237904071807861 92160
1769354379820 1.224764108657837 97280
1769354388168 1.2272236347198486 102400
1769354396734 1.2294745445251465 107520
1769354405189 1.2311476469039917 112640
1769354413608 1.2382179498672485 117760
1769354421915 1.2334493398666382 122880
1769354430214 1.2329168319702148 128000
1769354438660 1.2313941717147827 133120
1769354446849 1.2324790954589844 138240
1769354455431 1.233988642692566 143360
1769354463491 1.2358006238937378 148480
1769354471774 1.235739827156067 153600
1769354480218 1.2366255521774292 158720
1769354488861 1.2368589639663696 163840
1769354497270 1.2372195720672607 168960
1769354505664 1.2407180070877075 174080
1769354514120 1.239654302597046 179200
1769354522319 1.2370554208755493 184320
1769354530971 1.236879825592041 189440
1769354539412 1.2367093563079834 194560
1769354547731 1.2368696928024292 199680
1769354556420 1.2352871894836426 204800
1769354565282 1.2382330894470215 209920
1769354573424 1.2388206720352173 215040
1769354581979 1.2383207082748413 220160
1769354590583 1.2389638423919678 225280
1769354599214 1.2400085926055908 230400
1769354607742 1.2378681898117065 235520
1769354616420 1.2382802963256836 240640
1769354624835 1.2387354373931885 245760
1769354633733 1.2388254404067993 250880
1769354642307 1.2400165796279907 256000
1769354650603 1.2417962551116943 261120
1769354659396 1.242974877357483 266240
1769354667835 1.2409589290618896 271360
1769354676579 1.2405962944030762 276480
1769354685488 1.2404060363769531 281600
1769354694249 1.2409725189208984 286720
1769354703639 1.2401535511016846 291840
1769354712907 1.239492416381836 296960
1769354716275 1.238479733467102 300032
