1769354232271 0.33929258584976196 5120
1769354241010 0.34032291173934937 10240
1769354249168 0.3467487692832947 15360
1769354257421 0.3393089175224304 20480
1769354265587 0.33997800946235657 25600
1769354273916 0.33952322602272034 30720
1769354281988 0.33957794308662415 35840
1769354290230 0.3385367691516876 40960
1769354298416 0.33654484152793884 46080
1769354306474 0.3375113606452942 51200
1769354314468 0.3368096947669983 56320
1769354322699 0.3355617821216583 61440
1769354330740 0.33416056632995605 66560
1769354338800 0.33518660068511963 71680
1769354347006 0.3340137004852295 76800
1769354355403 0.33362963795661926 81920
1769354363693 0.3332809507846832 87040
1769354371717 0.3332838714122772 92160
1769354379820 0.3337676227092743 97280
1769354388168 0.33465099334716797 102400
1769354396734 0.3351020812988281 107520
1769354405189 0.3354299068450928 112640
1769354413608 0.3369607627391815 117760
1769354421915 0.3358526825904846 122880
1769354430214 0.3356163203716278 128000
1769354438660 0.3351771831512451 133120
1769354446849 0.3351658284664154 138240
1769354455431 0.33568787574768066 143360
1769354463491 0.336324542760849 148480
1769354471774 0.3361358344554901 153600
1769354480218 0.3365156352519989 158720
1769354488861 0.33652544021606445 163840
1769354497270 0.3366481363773346 168960
1769354505664 0.3375100791454315 174080
1769354514120 0.3373495638370514 179200
1769354522319 0.3369249701499939 184320
1769354530971 0.33682581782341003 189440
1769354539412 0.3371730446815491 194560
1769354547731 0.3373231589794159 199680
1769354556420 0.3368987441062927 204800
1769354565282 0.33752647042274475 209920
1769354573424 0.3376099467277527 215040
1769354581979 0.3376125991344452 220160
1769354590583 0.3379243314266205 225280
1769354599214 0.33829423785209656 230400
1769354607742 0.3375837206840515 235520
1769354616420 0.33753496408462524 240640
1769354624835 0.3376678228378296 245760
1769354633733 0.33751147985458374 250880
1769354642307 0.3377281129360199 256000
1769354650603 0.3381982445716858 261120
1769354659396 0.3386469781398773 266240
1769354667835 0.3380556106567383 271360
1769354676579 0.3375956118106842 276480
1769354685488 0.33767732977867126 281600
1769354694249 0.3379085063934326 286720
1769354703639 0.3378158211708069 291840
1769354712907 0.3376719355583191 296960
1769354716275 0.3374282419681549 300032
