1769354232264 390.0952380952381 5120
1769354241005 541.6198347107438 10240
1769354249158 323.8094649888057 15360
1769354257416 120.04991699582116 20480
1769354265580 442.99788762146176 25600
1769354273911 603.6706966033391 30720
1769354281981 304.06727562708426 35840
1769354290219 490.1605702933271 40960
1769354298410 230.45626373626374 46080
1769354306468 517.3682003207105 51200
1769354314462 489.64557553116975 56320
1769354322689 423.5387256386953 61440
1769354330734 489.3599346633998 66560
1769354338793 399.1913962120491 71680
1769354347000 171.64445899492551 76800
1769354355396 480.6674306669723 81920
1769354363687 421.114859437751 87040
1769354371711 172.02460831761135 92160
1769354379811 334.79438058748406 97280
1769354388162 494.20336985978554 102400
1769354396726 369.9985885673959 107520
1769354405178 380.9886456535562 112640
1769354413599 288.3872387238724 117760
1769354421908 284.1669376693767 122880
1769354430207 358.08964398531543 128000
1769354438650 146.85424179825637 133120
1769354446839 387.5719829975975 138240
1769354455424 212.33756897686428 143360
1769354463482 368.82729511079845 148480
1769354471764 362.57814661134165 153600
1769354480212 461.62271626678404 158720
1769354488852 269.50485124975904 163840
1769354497263 530.1193124368049 168960
1769354505657 255.25219084712757 174080
1769354514111 83.70360613861781 179200
1769354522311 477.4936247723133 184320
1769354530964 515.2074683699791 189440
1769354539398 360.58321870701513 194560
1769354547720 132.76895318286853 199680
1769354556412 188.17820449549106 204800
1769354565272 469.6868980963046 209920
1769354573416 251.77405606579026 215040
1769354581972 519.0970297029703 220160
1769354590575 389.69655300566757 225280
1769354599205 460.2045205178846 230400
1769354607734 471.0055025266704 235520
1769354616408 120.89770270659787 240640
1769354624827 482.714236390839 245760
1769354633722 381.5084591595416 250880
1769354642294 99.99532721420908 256000
1769354650594 452.99751593044607 261120
1769354659384 373.1255226403345 266240
1769354667823 357.50971701329695 271360
1769354676569 409.56000390586854 276480
1769354685478 424.1383355243199 281600
1769354694239 127.93362818362056 286720
1769354703625 332.380061811554 291840
1769354712894 352.28489837056946 296960
1769354716265 435.09377593360995 300032
