1769354232271 2.360119104385376 5120
1769354241010 2.3712306022644043 10240
1769354249168 2.4477696418762207 15360
1769354257421 2.3734865188598633 20480
1769354265587 2.380333185195923 25600
1769354273916 2.3764448165893555 30720
1769354281988 2.3841543197631836 35840
1769354290230 2.3788318634033203 40960
1769354298416 2.3606886863708496 46080
1769354306474 2.372098207473755 51200
1769354314468 2.367821455001831 56320
1769354322699 2.35649037361145 61440
1769354330740 2.3470985889434814 66560
1769354338800 2.355494499206543 71680
1769354347006 2.3443920612335205 76800
1769354355403 2.338564157485962 81920
1769354363693 2.333364963531494 87040
1769354371717 2.3344409465789795 92160
1769354379820 2.3367180824279785 97280
1769354388168 2.345524549484253 102400
1769354396734 2.349595785140991 107520
1769354405189 2.3545420169830322 112640
1769354413608 2.369058847427368 117760
1769354421915 2.35853910446167 122880
1769354430214 2.355668067932129 128000
1769354438660 2.3517966270446777 133120
1769354446849 2.349764347076416 138240
1769354455431 2.3556783199310303 143360
1769354463491 2.362858772277832 148480
1769354471774 2.3603005409240723 153600
1769354480218 2.363464593887329 158720
1769354488861 2.3636956214904785 163840
1769354497270 2.3655455112457275 168960
1769354505664 2.3741068840026855 174080
1769354514120 2.3733327388763428 179200
1769354522319 2.3696682453155518 184320
1769354530971 2.3691442012786865 189440
1769354539412 2.3725075721740723 194560
1769354547731 2.3719708919525146 199680
1769354556420 2.3672544956207275 204800
1769354565282 2.3732876777648926 209920
1769354573424 2.3735783100128174 215040
1769354581979 2.3740174770355225 220160
1769354590583 2.3773043155670166 225280
1769354599214 2.380922317504883 230400
1769354607742 2.374117612838745 235520
1769354616420 2.3731179237365723 240640
1769354624835 2.3737246990203857 245760
1769354633733 2.372464179992676 250880
1769354642307 2.3749730587005615 256000
1769354650603 2.3797550201416016 261120
1769354659396 2.383307933807373 266240
1769354667835 2.377854824066162 271360
1769354676579 2.3731417655944824 276480
1769354685488 2.3739593029022217 281600
1769354694249 2.375941276550293 286720
1769354703639 2.3749752044677734 291840
1769354712907 2.373884677886963 296960
1769354716275 2.3720338344573975 300032
