1771211391910 0.0 5120
1771211400305 0.0 10240
1771211408824 0.0 15360
1771211418811 0.0 20480
1771211428144 0.0 25600
1771211438198 0.0 30720
1771211447795 0.0 35840
1771211457363 0.0 40960
1771211466844 0.0 46080
1771211475743 0.0 51200
1771211484530 0.0 56320
1771211493513 0.0 61440
1771211502170 0.0 66560
1771211510376 0.0 71680
1771211518700 0.0 76800
1771211527526 0.0 81920
1771211536002 0.0 87040
1771211543856 0.0 92160
1771211553292 0.0 97280
1771211562303 0.0 102400
1771211571195 0.0 107520
1771211580233 0.0 112640
1771211588479 0.0 117760
1771211596801 0.0 122880
1771211604732 0.0 128000
1771211612779 0.0 133120
1771211621677 0.0 138240
1771211630424 0.0 143360
1771211639472 0.0 148480
1771211647904 0.0 153600
1771211656340 0.0 158720
1771211665093 0.0 163840
1771211673894 0.0 168960
1771211682328 0.0 174080
1771211691500 0.0 179200
1771211700265 0.0 184320
1771211709005 0.0 189440
1771211717674 0.0 194560
1771211726844 0.0 199680
1771211735411 0.0 204800
1771211744210 0.0 209920
1771211753354 0.0 215040
1771211762216 0.0 220160
1771211770777 0.0 225280
1771211779269 0.0 230400
1771211787668 0.0 235520
1771211796581 0.0 240640
1771211804861 0.0 245760
1771211812875 0.0 250880
1771211821336 0.0 256000
1771211830095 0.0 261120
1771211839028 0.0 266240
1771211847449 0.0 271360
1771211855726 0.0 276480
1771211864146 0.0 281600
1771211872761 0.0 286720
1771211881852 0.0 291840
1771211890473 0.0 296960
1771211899158 0.0 302080
1771211907747 0.0 307200
1771211916111 0.0 312320
1771211925328 0.0 317440
1771211934466 0.0 322560
1771211943375 0.0 327680
1771211953138 0.0 332800
1771211961987 0.0 337920
1771211970795 0.0 343040
1771211980435 0.0 348160
1771211990065 0.0 353280
1771211999013 0.0 358400
1771212007962 0.0 363520
1771212016902 0.0 368640
1771212025861 0.0 373760
1771212034614 0.0 378880
1771212044290 0.0 384000
1771212054024 0.0 389120
1771212062790 0.0 394240
1771212071450 0.0 399360
1771212080278 0.0 404480
1771212089470 0.0 409600
1771212098323 0.0 414720
1771212107098 0.0 419840
1771212115780 0.0 424960
1771212124352 0.0 430080
1771212133061 0.0 435200
1771212142094 0.0 440320
1771212150815 0.0 445440
1771212160563 0.0 450560
1771212170043 0.0 455680
1771212179007 0.0 460800
1771212188389 0.0 465920
1771212197365 0.0 471040
1771212205499 0.0 476160
1771212214106 0.0 481280
1771212223083 0.0 486400
1771212232156 0.0 491520
1771212240735 0.0 496640
1771212249619 0.0 501760
1771212258375 0.0 506880
1771212266938 0.0 512000
1771212275905 0.0 517120
1771212284952 0.0 522240
1771212294302 0.0 527360
1771212302582 0.0 532480
1771212311700 0.0 537600
1771212320661 0.0 542720
1771212329391 0.0 547840
1771212338134 0.0 552960
1771212347245 0.0 558080
1771212356614 0.0 563200
1771212365571 0.0 568320
1771212374286 0.0 573440
1771212383098 0.0 578560
1771212391607 0.0 583680
1771212400387 0.0 588800
1771212409100 0.0 593920
1771212417945 0.0 599040
1771212427366 0.0 604160
1771212437338 0.0 609280
1771212446626 0.0 614400
1771212455782 0.0 619520
1771212465644 0.0 624640
1771212474213 0.0 629760
1771212483233 0.0 634880
1771212492153 0.0 640000
1771212500723 0.0 645120
1771212509309 0.0 650240
1771212517733 0.0 655360
1771212527557 0.0 660480
1771212537218 0.0 665600
1771212547045 0.0 670720
1771212557122 0.0 675840
1771212565964 0.0 680960
1771212574517 0.0 686080
1771212583263 0.0 691200
1771212592969 0.0 696320
1771212602448 0.0 701440
1771212613715 0.0 706560
1771212623828 0.0 711680
1771212633863 0.0 716800
1771212643334 0.0 721920
1771212652978 0.0 727040
1771212662303 0.0 732160
1771212671344 0.0 737280
1771212680631 0.0 742400
1771212689686 0.0 747520
1771212698066 0.0 752640
1771212706613 0.0 757760
1771212717290 0.0 762880
1771212729121 0.0 768000
1771212737876 0.0 773120
1771212746916 0.0 778240
1771212755783 0.0 783360
1771212764759 0.0 788480
1771212775257 0.0 793600
1771212787054 0.0 798720
1771212798120 0.0 803840
1771212807812 0.0 808960
1771212817521 0.0 814080
1771212826841 0.0 819200
1771212836335 0.0 824320
1771212846180 0.0 829440
1771212855666 0.0 834560
1771212864874 0.0 839680
1771212874091 0.0 844800
1771212883520 0.0 849920
1771212894440 0.0 855040
1771212904753 0.0 860160
1771212913486 0.0 865280
1771212922780 0.0 870400
1771212931226 0.0 875520
1771212939221 0.0 880640
1771212948399 0.0 885760
1771212959034 0.0 890880
1771212968216 0.0 896000
1771212977225 0.0 901120
1771212986057 0.0 906240
1771212994870 0.0 911360
1771213003423 0.0 916480
1771213012741 0.0 921600
1771213022497 0.0 926720
1771213031222 0.0 931840
1771213040347 0.0 936960
1771213049249 0.0 942080
1771213058206 0.0 947200
1771213066920 0.0 952320
1771213075893 0.0 957440
1771213085881 0.0 962560
1771213094774 0.0 967680
1771213103874 0.0 972800
1771213113002 0.0 977920
1771213122590 0.0 983040
1771213131830 0.0 988160
1771213140702 0.0 993280
1771213149977 0.0 998400
1771213158906 0.0 1003520
1771213167934 0.0 1008640
1771213176956 0.0 1013760
1771213186415 0.0 1018880
1771213195388 0.0 1024000
1771213203935 0.0 1029120
1771213213542 0.0 1034240
1771213223073 0.0 1039360
1771213233496 0.0 1044480
1771213241640 0.0 1049600
1771213250510 0.0 1054720
1771213259176 0.0 1059840
1771213267933 0.0 1064960
1771213278096 0.0 1070080
1771213288058 0.0 1075200
1771213296965 0.0 1080320
1771213305672 0.0 1085440
1771213314619 0.0 1090560
1771213323796 0.0 1095680
1771213334198 0.0 1100800
1771213343986 0.0 1105920
1771213353869 0.0 1111040
1771213362893 0.0 1116160
1771213371458 0.0 1121280
1771213379944 0.0 1126400
1771213388625 0.0 1131520
1771213396897 0.0 1136640
1771213405533 0.0 1141760
1771213413977 0.0 1146880
1771213422914 0.0 1152000
1771213431940 0.0 1157120
1771213440810 0.0 1162240
1771213449713 0.0 1167360
1771213458917 0.0 1172480
1771213467884 0.0 1177600
1771213477366 0.0 1182720
1771213487659 0.0 1187840
1771213497323 0.0 1192960
1771213506255 0.0 1198080
1771213515036 0.0 1203200
1771213523681 0.0 1208320
1771213532640 0.0 1213440
1771213541841 0.0 1218560
1771213551482 0.0 1223680
1771213561440 0.0 1228800
1771213570392 0.0 1233920
1771213580309 0.0 1239040
1771213589465 0.0 1244160
1771213598857 0.0 1249280
