1771211391910 403.0498352050781 5120
1771211400305 408.6836242675781 10240
1771211408824 414.6234130859375 15360
1771211418811 420.77716064453125 20480
1771211428144 419.68182373046875 25600
1771211438198 419.188232421875 30720
1771211447795 418.6822509765625 35840
1771211457363 419.16668701171875 40960
1771211466844 419.95379638671875 46080
1771211475743 418.6629943847656 51200
1771211484530 418.2915954589844 56320
1771211493513 417.8512878417969 61440
1771211502170 418.19342041015625 66560
1771211510376 418.1102294921875 71680
1771211518700 417.6101989746094 76800
1771211527526 415.7416687011719 81920
1771211536002 413.08770751953125 87040
1771211543856 410.37939453125 92160
1771211553292 408.3910217285156 97280
1771211562303 407.4736633300781 102400
1771211571195 406.1239929199219 107520
1771211580233 405.1874694824219 112640
1771211588479 404.05499267578125 117760
1771211596801 403.1570739746094 122880
1771211604732 402.0085754394531 128000
1771211612779 400.63812255859375 133120
1771211621677 399.1884460449219 138240
1771211630424 398.0125427246094 143360
1771211639472 396.98272705078125 148480
1771211647904 395.92547607421875 153600
1771211656340 394.6929626464844 158720
1771211665093 393.2606506347656 163840
1771211673894 392.3162841796875 168960
1771211682328 391.9866943359375 174080
1771211691500 391.6061706542969 179200
1771211700265 391.3638000488281 184320
1771211709005 391.1344299316406 189440
1771211717674 390.54345703125 194560
1771211726844 388.5340270996094 199680
1771211735411 385.98309326171875 204800
1771211744210 383.27490234375 209920
1771211753354 380.90142822265625 215040
1771211762216 378.1964111328125 220160
1771211770777 376.4103698730469 225280
1771211779269 374.6024475097656 230400
1771211787668 372.7403259277344 235520
1771211796581 370.883056640625 240640
1771211804861 368.941650390625 245760
1771211812875 367.1199035644531 250880
1771211821336 365.4510803222656 256000
1771211830095 363.83587646484375 261120
1771211839028 362.2998352050781 266240
1771211847449 360.7390441894531 271360
1771211855726 359.2671813964844 276480
1771211864146 357.6439514160156 281600
1771211872761 356.1449890136719 286720
1771211881852 354.4180603027344 291840
1771211890473 352.6260070800781 296960
1771211899158 350.990234375 302080
1771211907747 349.8223571777344 307200
1771211916111 348.7167663574219 312320
1771211925328 347.6102600097656 317440
1771211934466 346.3298645019531 322560
1771211943375 345.400146484375 327680
1771211953138 344.2678527832031 332800
1771211961987 343.1604919433594 337920
1771211970795 341.66400146484375 343040
1771211980435 340.38018798828125 348160
1771211990065 338.9062194824219 353280
1771211999013 337.51654052734375 358400
1771212007962 336.40594482421875 363520
1771212016902 335.14654541015625 368640
1771212025861 334.0871276855469 373760
1771212034614 333.1570129394531 378880
1771212044290 332.48907470703125 384000
1771212054024 331.51824951171875 389120
1771212062790 330.479736328125 394240
1771212071450 329.33587646484375 399360
1771212080278 328.1898193359375 404480
1771212089470 326.9645690917969 409600
1771212098323 326.22760009765625 414720
1771212107098 325.1379699707031 419840
1771212115780 324.30511474609375 424960
1771212124352 323.32952880859375 430080
1771212133061 322.29949951171875 435200
1771212142094 321.41998291015625 440320
1771212150815 320.4651184082031 445440
1771212160563 319.6265563964844 450560
1771212170043 318.7244567871094 455680
1771212179007 317.3143310546875 460800
1771212188389 315.9140319824219 465920
1771212197365 314.7055358886719 471040
1771212205499 313.39715576171875 476160
1771212214106 312.1611328125 481280
1771212223083 310.7932434082031 486400
1771212232156 309.5628967285156 491520
1771212240735 308.2075500488281 496640
1771212249619 306.70013427734375 501760
1771212258375 305.4755859375 506880
1771212266938 304.16583251953125 512000
1771212275905 303.1353454589844 517120
1771212284952 302.0478820800781 522240
1771212294302 301.00103759765625 527360
1771212302582 300.2957458496094 532480
1771212311700 299.5073547363281 537600
1771212320661 298.5491943359375 542720
1771212329391 297.83233642578125 547840
1771212338134 296.992431640625 552960
1771212347245 295.49591064453125 558080
1771212356614 294.1448974609375 563200
1771212365571 292.7588806152344 568320
1771212374286 291.1330871582031 573440
1771212383098 289.404296875 578560
1771212391607 287.5802001953125 583680
1771212400387 285.8117370605469 588800
1771212409100 284.123291015625 593920
1771212417945 282.4254150390625 599040
1771212427366 280.6506042480469 604160
1771212437338 278.95172119140625 609280
1771212446626 277.29498291015625 614400
1771212455782 275.7188415527344 619520
1771212465644 274.3038635253906 624640
1771212474213 272.8370056152344 629760
1771212483233 271.4791564941406 634880
1771212492153 270.0809020996094 640000
1771212500723 268.96759033203125 645120
1771212509309 267.7007141113281 650240
1771212517733 266.6020812988281 655360
1771212527557 265.5889587402344 660480
1771212537218 264.5002746582031 665600
1771212547045 263.326416015625 670720
1771212557122 262.0722351074219 675840
1771212565964 260.9646911621094 680960
1771212574517 259.70440673828125 686080
1771212583263 258.62896728515625 691200
1771212592969 257.57379150390625 696320
1771212602448 256.4100036621094 701440
1771212613715 255.26136779785156 706560
1771212623828 254.1435089111328 711680
1771212633863 252.95851135253906 716800
1771212643334 251.75997924804688 721920
1771212652978 250.54397583007812 727040
1771212662303 249.31564331054688 732160
1771212671344 248.23333740234375 737280
1771212680631 247.20526123046875 742400
1771212689686 246.1789093017578 747520
1771212698066 245.00930786132812 752640
1771212706613 244.0181427001953 757760
1771212717290 242.927978515625 762880
1771212729121 241.7200469970703 768000
1771212737876 240.6324005126953 773120
1771212746916 239.6033477783203 778240
1771212755783 238.53863525390625 783360
1771212764759 237.45506286621094 788480
1771212775257 236.4880828857422 793600
1771212787054 235.4171905517578 798720
1771212798120 234.13172912597656 803840
1771212807812 233.13424682617188 808960
1771212817521 232.00338745117188 814080
1771212826841 230.90328979492188 819200
1771212836335 229.94837951660156 824320
1771212846180 228.89077758789062 829440
1771212855666 227.8291778564453 834560
1771212864874 226.82057189941406 839680
1771212874091 225.8450164794922 844800
1771212883520 224.9488067626953 849920
1771212894440 223.96217346191406 855040
1771212904753 222.91465759277344 860160
1771212913486 221.95083618164062 865280
1771212922780 221.1043701171875 870400
1771212931226 220.35081481933594 875520
1771212939221 219.43031311035156 880640
1771212948399 218.4404754638672 885760
1771212959034 217.60760498046875 890880
1771212968216 216.82083129882812 896000
1771212977225 215.9748077392578 901120
1771212986057 215.04656982421875 906240
1771212994870 214.12435913085938 911360
1771213003423 213.28457641601562 916480
1771213012741 212.54905700683594 921600
1771213022497 211.72454833984375 926720
1771213031222 210.98193359375 931840
1771213040347 210.2002410888672 936960
1771213049249 209.42758178710938 942080
1771213058206 208.79556274414062 947200
1771213066920 208.14193725585938 952320
1771213075893 207.44064331054688 957440
1771213085881 206.678466796875 962560
1771213094774 205.96884155273438 967680
1771213103874 205.34439086914062 972800
1771213113002 204.69802856445312 977920
1771213122590 203.9614715576172 983040
1771213131830 203.3734130859375 988160
1771213140702 202.68251037597656 993280
1771213149977 202.00189208984375 998400
1771213158906 201.4201202392578 1003520
1771213167934 200.787353515625 1008640
1771213176956 200.086181640625 1013760
1771213186415 199.53477478027344 1018880
1771213195388 198.994873046875 1024000
1771213203935 198.45091247558594 1029120
1771213213542 198.01101684570312 1034240
1771213223073 197.4509735107422 1039360
1771213233496 196.92572021484375 1044480
1771213241640 196.30545043945312 1049600
1771213250510 195.6917724609375 1054720
1771213259176 195.15797424316406 1059840
1771213267933 194.61268615722656 1064960
1771213278096 194.1431427001953 1070080
1771213288058 193.62786865234375 1075200
1771213296965 193.1482391357422 1080320
1771213305672 192.6903533935547 1085440
1771213314619 192.1802978515625 1090560
1771213323796 191.65130615234375 1095680
1771213334198 191.21783447265625 1100800
1771213343986 190.7052459716797 1105920
1771213353869 190.174072265625 1111040
1771213362893 189.75076293945312 1116160
1771213371458 189.31053161621094 1121280
1771213379944 188.8401336669922 1126400
1771213388625 188.39523315429688 1131520
1771213396897 187.9488983154297 1136640
1771213405533 187.4926300048828 1141760
1771213413977 187.0003204345703 1146880
1771213422914 186.53160095214844 1152000
1771213431940 186.08924865722656 1157120
1771213440810 185.64532470703125 1162240
1771213449713 185.18882751464844 1167360
1771213458917 184.68519592285156 1172480
1771213467884 184.2620849609375 1177600
1771213477366 183.81228637695312 1182720
1771213487659 183.3135223388672 1187840
1771213497323 182.84486389160156 1192960
1771213506255 182.38848876953125 1198080
1771213515036 181.9246826171875 1203200
1771213523681 181.5218048095703 1208320
1771213532640 181.09161376953125 1213440
1771213541841 180.7744598388672 1218560
1771213551482 180.35092163085938 1223680
1771213561440 179.989013671875 1228800
1771213570392 179.6096954345703 1233920
1771213580309 179.08737182617188 1239040
1771213589465 178.7188720703125 1244160
1771213598857 178.2734832763672 1249280
