1771211391910 0.13756035268306732 5120
1771211400305 0.09774357080459595 10240
1771211408824 0.02450455352663994 15360
1771211418811 -0.0711326152086258 20480
1771211428144 -0.04828719422221184 25600
1771211438198 -0.03297647461295128 30720
1771211447795 -0.02705678716301918 35840
1771211457363 -0.035730309784412384 40960
1771211466844 -0.04984540864825249 46080
1771211475743 -0.03148982673883438 51200
1771211484530 -0.02393183670938015 56320
1771211493513 -0.017677681520581245 61440
1771211502170 -0.020783474668860435 66560
1771211510376 -0.018246926367282867 71680
1771211518700 -0.011705536395311356 76800
1771211527526 0.011452277190983295 81920
1771211536002 0.037516817450523376 87040
1771211543856 0.06766626238822937 92160
1771211553292 0.09149414300918579 97280
1771211562303 0.10641507804393768 102400
1771211571195 0.12483960390090942 107520
1771211580233 0.13762670755386353 112640
1771211588479 0.15128448605537415 117760
1771211596801 0.1622377187013626 122880
1771211604732 0.17475517094135284 128000
1771211612779 0.19235257804393768 133120
1771211621677 0.20951969921588898 138240
1771211630424 0.22597534954547882 143360
1771211639472 0.24028785526752472 148480
1771211647904 0.25412717461586 153600
1771211656340 0.2647438645362854 158720
1771211665093 0.27698665857315063 163840
1771211673894 0.28320077061653137 168960
1771211682328 0.2846338748931885 174080
1771211691500 0.2855890095233917 179200
1771211700265 0.2842755913734436 184320
1771211709005 0.2838744521141052 189440
1771211717674 0.2852247357368469 194560
1771211726844 0.29487738013267517 199680
1771211735411 0.3087592124938965 204800
1771211744210 0.3210720121860504 209920
1771211753354 0.3306770622730255 215040
1771211762216 0.34455037117004395 220160
1771211770777 0.35798272490501404 225280
1771211779269 0.37299102544784546 230400
1771211787668 0.38504019379615784 235520
1771211796581 0.3971966803073883 240640
1771211804861 0.409402459859848 245760
1771211812875 0.4199922978878021 250880
1771211821336 0.42954859137535095 256000
1771211830095 0.438570499420166 261120
1771211839028 0.4473707675933838 266240
1771211847449 0.457817941904068 271360
1771211855726 0.4660677909851074 276480
1771211864146 0.4751242399215698 281600
1771211872761 0.4832450747489929 286720
1771211881852 0.4929758310317993 291840
1771211890473 0.5045116543769836 296960
1771211899158 0.5138669013977051 302080
1771211907747 0.5217819213867188 307200
1771211916111 0.529158353805542 312320
1771211925328 0.535956859588623 317440
1771211934466 0.5424916744232178 322560
1771211943375 0.5481022596359253 327680
1771211953138 0.5527662038803101 332800
1771211961987 0.5579456090927124 337920
1771211970795 0.5636495351791382 343040
1771211980435 0.56847083568573 348160
1771211990065 0.571925163269043 353280
1771211999013 0.576493501663208 358400
1771212007962 0.5805453658103943 363520
1771212016902 0.5842108726501465 368640
1771212025861 0.5855004787445068 373760
1771212034614 0.5877862572669983 378880
1771212044290 0.5908471345901489 384000
1771212054024 0.5945720076560974 389120
1771212062790 0.5958539843559265 394240
1771212071450 0.5958473682403564 399360
1771212080278 0.5962314605712891 404480
1771212089470 0.5974941253662109 409600
1771212098323 0.5984399914741516 414720
1771212107098 0.5988234877586365 419840
1771212115780 0.5988603830337524 424960
1771212124352 0.6009042263031006 430080
1771212133061 0.6032566428184509 435200
1771212142094 0.605283796787262 440320
1771212150815 0.6094563007354736 445440
1771212160563 0.613465428352356 450560
1771212170043 0.6175799369812012 455680
1771212179007 0.6201556324958801 460800
1771212188389 0.6222225427627563 465920
1771212197365 0.6258872747421265 471040
1771212205499 0.6290875673294067 476160
1771212214106 0.6330554485321045 481280
1771212223083 0.6369385123252869 486400
1771212232156 0.6399285197257996 491520
1771212240735 0.6443977355957031 496640
1771212249619 0.6474449038505554 501760
1771212258375 0.6515788435935974 506880
1771212266938 0.6549291014671326 512000
1771212275905 0.660658061504364 517120
1771212284952 0.6653558015823364 522240
1771212294302 0.6696896553039551 527360
1771212302582 0.6737968325614929 532480
1771212311700 0.6793354749679565 537600
1771212320661 0.6834355592727661 542720
1771212329391 0.6894024610519409 547840
1771212338134 0.6942784190177917 552960
1771212347245 0.6966547966003418 558080
1771212356614 0.6997340321540833 563200
1771212365571 0.7030249238014221 568320
1771212374286 0.7040114998817444 573440
1771212383098 0.7051721811294556 578560
1771212391607 0.7050797939300537 583680
1771212400387 0.7044945955276489 588800
1771212409100 0.7041152119636536 593920
1771212417945 0.7033158540725708 599040
1771212427366 0.7018858790397644 604160
1771212437338 0.7013953924179077 609280
1771212446626 0.7025902271270752 614400
1771212455782 0.7039064168930054 619520
1771212465644 0.7058528065681458 624640
1771212474213 0.7074984908103943 629760
1771212483233 0.7097741961479187 634880
1771212492153 0.7116309404373169 640000
1771212500723 0.7148221731185913 645120
1771212509309 0.7162408232688904 650240
1771212517733 0.7194328308105469 655360
1771212527557 0.721613347530365 660480
1771212537218 0.7239573001861572 665600
1771212547045 0.7270682454109192 670720
1771212557122 0.728299617767334 675840
1771212565964 0.7297681570053101 680960
1771212574517 0.7309840321540833 686080
1771212583263 0.733195960521698 691200
1771212592969 0.7358660101890564 696320
1771212602448 0.7365899682044983 701440
1771212613715 0.7380273342132568 706560
1771212623828 0.738684356212616 711680
1771212633863 0.7389796376228333 716800
1771212643334 0.73906409740448 721920
1771212652978 0.7380243539810181 727040
1771212662303 0.7379406094551086 732160
1771212671344 0.7382956147193909 737280
1771212680631 0.7389100790023804 742400
1771212689686 0.7394605875015259 747520
1771212698066 0.7391405701637268 752640
1771212706613 0.7395237684249878 757760
1771212717290 0.7395448684692383 762880
1771212729121 0.7389534115791321 768000
1771212737876 0.7383105158805847 773120
1771212746916 0.7388900518417358 778240
1771212755783 0.7387279868125916 783360
1771212764759 0.7379055619239807 788480
1771212775257 0.7376617789268494 793600
1771212787054 0.7365595698356628 798720
1771212798120 0.7343541383743286 803840
1771212807812 0.7333397269248962 808960
1771212817521 0.7310521006584167 814080
1771212826841 0.7290870547294617 819200
1771212836335 0.728455662727356 824320
1771212846180 0.727813720703125 829440
1771212855666 0.7267470359802246 834560
1771212864874 0.7258457541465759 839680
1771212874091 0.7251615524291992 844800
1771212883520 0.7241623401641846 849920
1771212894440 0.723668098449707 855040
1771212904753 0.7221742272377014 860160
1771212913486 0.7207974195480347 865280
1771212922780 0.7210022807121277 870400
1771212931226 0.7207721471786499 875520
1771212939221 0.7199963331222534 880640
1771212948399 0.7190366387367249 885760
1771212959034 0.718569815158844 890880
1771212968216 0.7179070711135864 896000
1771212977225 0.7176706194877625 901120
1771212986057 0.7166657447814941 906240
1771212994870 0.7156406044960022 911360
1771213003423 0.7145631313323975 916480
1771213012741 0.714903712272644 921600
1771213022497 0.7143079042434692 926720
1771213031222 0.7142429947853088 931840
1771213040347 0.7142428755760193 936960
1771213049249 0.7139834761619568 942080
1771213058206 0.7148287892341614 947200
1771213066920 0.7148112654685974 952320
1771213075893 0.7146890759468079 957440
1771213085881 0.7150744199752808 962560
1771213094774 0.7151216864585876 967680
1771213103874 0.7148808240890503 972800
1771213113002 0.7146360278129578 977920
1771213122590 0.7139109373092651 983040
1771213131830 0.7135565280914307 988160
1771213140702 0.713657021522522 993280
1771213149977 0.7133516073226929 998400
1771213158906 0.7132724523544312 1003520
1771213167934 0.7133240699768066 1008640
1771213176956 0.7126638889312744 1013760
1771213186415 0.7128283977508545 1018880
1771213195388 0.713499903678894 1024000
1771213203935 0.7132458686828613 1029120
1771213213542 0.7140633463859558 1034240
1771213223073 0.7135544419288635 1039360
1771213233496 0.7135685682296753 1044480
1771213241640 0.7133950591087341 1049600
1771213250510 0.7135710120201111 1054720
1771213259176 0.7137317061424255 1059840
1771213267933 0.7139416933059692 1064960
1771213278096 0.7144810557365417 1070080
1771213288058 0.7150160074234009 1075200
1771213296965 0.7157541513442993 1080320
1771213305672 0.7171740531921387 1085440
1771213314619 0.7181726098060608 1090560
1771213323796 0.7186006307601929 1095680
1771213334198 0.7203380465507507 1100800
1771213343986 0.7201455235481262 1105920
1771213353869 0.7206687927246094 1111040
1771213362893 0.7215006947517395 1116160
1771213371458 0.7217708230018616 1121280
1771213379944 0.7217186689376831 1126400
1771213388625 0.7227948307991028 1131520
1771213396897 0.723602831363678 1136640
1771213405533 0.7240867018699646 1141760
1771213413977 0.7242398262023926 1146880
1771213422914 0.7250430583953857 1152000
1771213431940 0.7263398170471191 1157120
1771213440810 0.726675271987915 1162240
1771213449713 0.727324366569519 1167360
1771213458917 0.7277129292488098 1172480
1771213467884 0.7283386588096619 1177600
1771213477366 0.7285979390144348 1182720
1771213487659 0.7285057902336121 1187840
1771213497323 0.7287889122962952 1192960
1771213506255 0.729499876499176 1198080
1771213515036 0.7297545671463013 1203200
1771213523681 0.7303400039672852 1208320
1771213532640 0.7304072976112366 1213440
1771213541841 0.731442391872406 1218560
1771213551482 0.7323551774024963 1223680
1771213561440 0.7330827116966248 1228800
1771213570392 0.7335352897644043 1233920
1771213580309 0.733514130115509 1239040
1771213589465 0.7345271706581116 1244160
1771213598857 0.7344357967376709 1249280
