1771211391910 0.0 5120
1771211400305 0.0 10240
1771211408824 0.0 15360
1771211418811 0.0 20480
1771211428144 0.0 25600
1771211438198 0.0 30720
1771211447795 0.0 35840
1771211457363 0.0 40960
1771211466844 0.0 46080
1771211475743 0.0 51200
1771211484530 0.0 56320
1771211493513 0.0 61440
1771211502170 0.0 66560
1771211510376 0.0 71680
1771211518700 0.0 76800
1771211527526 0.0 81920
1771211536002 0.0 87040
1771211543856 0.0 92160
1771211553292 0.0 97280
1771211562303 0.0 102400
1771211571195 0.0 107520
1771211580233 0.0 112640
1771211588479 0.0 117760
1771211596801 0.0 122880
1771211604732 0.0 128000
1771211612779 0.0 133120
1771211621677 0.0 138240
1771211630424 0.0 143360
1771211639472 0.0 148480
1771211647904 0.0 153600
1771211656340 0.0 158720
1771211665093 0.0 163840
1771211673894 0.0 168960
1771211682328 0.0 174080
1771211691500 0.0 179200
1771211700265 0.0 184320
1771211709005 1.0 189440
1771211717674 2.0 194560
1771211726844 8.0 199680
1771211735411 14.0 204800
1771211744210 25.0 209920
1771211753354 39.0 215040
1771211762216 54.0 220160
1771211770777 56.0 225280
1771211779269 56.0 230400
1771211787668 62.0 235520
1771211796581 67.0 240640
1771211804861 72.0 245760
1771211812875 74.0 250880
1771211821336 79.0 256000
1771211830095 83.0 261120
1771211839028 90.0 266240
1771211847449 95.0 271360
1771211855726 102.0 276480
1771211864146 108.0 281600
1771211872761 115.0 286720
1771211881852 125.0 291840
1771211890473 133.0 296960
1771211899158 141.0 302080
1771211907747 144.0 307200
1771211916111 148.0 312320
1771211925328 151.0 317440
1771211934466 158.0 322560
1771211943375 162.0 327680
1771211953138 174.0 332800
1771211961987 185.0 337920
1771211970795 208.0 343040
1771211980435 223.0 348160
1771211990065 251.0 353280
1771211999013 268.0 358400
1771212007962 284.0 363520
1771212016902 309.0 368640
1771212025861 335.0 373760
1771212034614 354.0 378880
1771212044290 362.0 384000
1771212054024 377.0 389120
1771212062790 405.0 394240
1771212071450 443.0 399360
1771212080278 481.0 404480
1771212089470 515.0 409600
1771212098323 535.0 414720
1771212107098 571.0 419840
1771212115780 601.0 424960
1771212124352 622.0 430080
1771212133061 644.0 435200
1771212142094 664.0 440320
1771212150815 677.0 445440
1771212160563 687.0 450560
1771212170043 697.0 455680
1771212179007 738.0 460800
1771212188389 777.0 465920
1771212197365 803.0 471040
1771212205499 833.0 476160
1771212214106 859.0 481280
1771212223083 889.0 486400
1771212232156 917.0 491520
1771212240735 945.0 496640
1771212249619 986.0 501760
1771212258375 1009.0 506880
1771212266938 1041.0 512000
1771212275905 1051.0 517120
1771212284952 1068.0 522240
1771212294302 1087.0 527360
1771212302582 1100.0 532480
1771212311700 1112.0 537600
1771212320661 1134.0 542720
1771212329391 1146.0 547840
1771212338134 1156.0 552960
1771212347245 1210.0 558080
1771212356614 1253.0 563200
1771212365571 1299.0 568320
1771212374286 1371.0 573440
1771212383098 1450.0 578560
1771212391607 1543.0 583680
1771212400387 1636.0 588800
1771212409100 1723.0 593920
1771212417945 1818.0 599040
1771212427366 1920.0 604160
1771212437338 2016.0 609280
1771212446626 2101.0 614400
1771212455782 2179.0 619520
1771212465644 2246.0 624640
1771212474213 2319.0 629760
1771212483233 2385.0 634880
1771212492153 2455.0 640000
1771212500723 2501.0 645120
1771212509309 2566.0 650240
1771212517733 2613.0 655360
1771212527557 2661.0 660480
1771212537218 2714.0 665600
1771212547045 2766.0 670720
1771212557122 2837.0 675840
1771212565964 2898.0 680960
1771212574517 2969.0 686080
1771212583263 3023.0 691200
1771212592969 3073.0 696320
1771212602448 3146.0 701440
1771212613715 3216.0 706560
1771212623828 3286.0 711680
1771212633863 3368.0 716800
1771212643334 3451.0 721920
1771212652978 3544.0 727040
1771212662303 3633.0 732160
1771212671344 3711.0 737280
1771212680631 3784.0 742400
1771212689686 3859.0 747520
1771212698066 3951.0 752640
1771212706613 4027.0 757760
1771212717290 4112.0 762880
1771212729121 4211.0 768000
1771212737876 4304.0 773120
1771212746916 4382.0 778240
1771212755783 4472.0 783360
1771212764759 4568.0 788480
1771212775257 4655.0 793600
1771212787054 4752.0 798720
1771212798120 4877.0 803840
1771212807812 4972.0 808960
1771212817521 5087.0 814080
1771212826841 5200.0 819200
1771212836335 5293.0 824320
1771212846180 5392.0 829440
1771212855666 5498.0 834560
1771212864874 5598.0 839680
1771212874091 5693.0 844800
1771212883520 5787.0 849920
1771212894440 5885.0 855040
1771212904753 5997.0 860160
1771212913486 6103.0 865280
1771212922780 6191.0 870400
1771212931226 6272.0 875520
1771212939221 6373.0 880640
1771212948399 6482.0 885760
1771212959034 6571.0 890880
1771212968216 6661.0 896000
1771212977225 6752.0 901120
1771212986057 6859.0 906240
1771212994870 6965.0 911360
1771213003423 7067.0 916480
1771213012741 7147.0 921600
1771213022497 7243.0 926720
1771213031222 7329.0 931840
1771213040347 7419.0 936960
1771213049249 7513.0 942080
1771213058206 7584.0 947200
1771213066920 7661.0 952320
1771213075893 7750.0 957440
1771213085881 7839.0 962560
1771213094774 7925.0 967680
1771213103874 8004.0 972800
1771213113002 8088.0 977920
1771213122590 8184.0 983040
1771213131830 8265.0 988160
1771213140702 8353.0 993280
1771213149977 8439.0 998400
1771213158906 8516.0 1003520
1771213167934 8594.0 1008640
1771213176956 8691.0 1013760
1771213186415 8768.0 1018880
1771213195388 8836.0 1024000
1771213203935 8916.0 1029120
1771213213542 8972.0 1034240
1771213223073 9056.0 1039360
1771213233496 9134.0 1044480
1771213241640 9221.0 1049600
1771213250510 9304.0 1054720
1771213259176 9383.0 1059840
1771213267933 9462.0 1064960
1771213278096 9527.0 1070080
1771213288058 9597.0 1075200
1771213296965 9663.0 1080320
1771213305672 9719.0 1085440
1771213314619 9784.0 1090560
1771213323796 9860.0 1095680
1771213334198 9913.0 1100800
1771213343986 9996.0 1105920
1771213353869 10072.0 1111040
1771213362893 10134.0 1116160
1771213371458 10204.0 1121280
1771213379944 10282.0 1126400
1771213388625 10348.0 1131520
1771213396897 10410.0 1136640
1771213405533 10481.0 1141760
1771213413977 10560.0 1146880
1771213422914 10628.0 1152000
1771213431940 10693.0 1157120
1771213440810 10766.0 1162240
1771213449713 10838.0 1167360
1771213458917 10919.0 1172480
1771213467884 10989.0 1177600
1771213477366 11064.0 1182720
1771213487659 11149.0 1187840
1771213497323 11226.0 1192960
1771213506255 11301.0 1198080
1771213515036 11379.0 1203200
1771213523681 11444.0 1208320
1771213532640 11522.0 1213440
1771213541841 11578.0 1218560
1771213551482 11648.0 1223680
1771213561440 11710.0 1228800
1771213570392 11783.0 1233920
1771213580309 11877.0 1239040
1771213589465 11937.0 1244160
1771213598857 12019.0 1249280
