1771211391910 281.0 5120
1771211400305 540.0 10240
1771211408824 809.0 15360
1771211418811 1053.0 20480
1771211428144 1310.0 25600
1771211438198 1564.0 30720
1771211447795 1807.0 35840
1771211457363 2046.0 40960
1771211466844 2284.0 46080
1771211475743 2521.0 51200
1771211484530 2774.0 56320
1771211493513 3021.0 61440
1771211502170 3274.0 66560
1771211510376 3526.0 71680
1771211518700 3775.0 76800
1771211527526 4009.0 81920
1771211536002 4215.0 87040
1771211543856 4426.0 92160
1771211553292 4654.0 97280
1771211562303 4905.0 102400
1771211571195 5147.0 107520
1771211580233 5382.0 112640
1771211588479 5610.0 117760
1771211596801 5843.0 122880
1771211604732 6071.0 128000
1771211612779 6301.0 133120
1771211621677 6524.0 138240
1771211630424 6762.0 143360
1771211639472 6999.0 148480
1771211647904 7236.0 153600
1771211656340 7444.0 158720
1771211665093 7638.0 163840
1771211673894 7826.0 168960
1771211682328 8034.0 174080
1771211691500 8231.0 179200
1771211700265 8429.0 184320
1771211709005 8638.0 189440
1771211717674 8822.0 194560
1771211726844 8959.0 199680
1771211735411 9089.0 204800
1771211744210 9202.0 209920
1771211753354 9322.0 215040
1771211762216 9450.0 220160
1771211770777 9613.0 225280
1771211779269 9776.0 230400
1771211787668 9924.0 235520
1771211796581 10072.0 240640
1771211804861 10212.0 245760
1771211812875 10346.0 250880
1771211821336 10481.0 256000
1771211830095 10619.0 261120
1771211839028 10754.0 266240
1771211847449 10906.0 271360
1771211855726 11050.0 276480
1771211864146 11185.0 281600
1771211872761 11321.0 286720
1771211881852 11453.0 291840
1771211890473 11588.0 296960
1771211899158 11714.0 302080
1771211907747 11863.0 307200
1771211916111 12010.0 312320
1771211925328 12152.0 317440
1771211934466 12284.0 322560
1771211943375 12433.0 327680
1771211953138 12566.0 332800
1771211961987 12691.0 337920
1771211970795 12804.0 343040
1771211980435 12919.0 348160
1771211990065 13018.0 353280
1771211999013 13126.0 358400
1771212007962 13246.0 363520
1771212016902 13357.0 368640
1771212025861 13465.0 373760
1771212034614 13583.0 378880
1771212044290 13716.0 384000
1771212054024 13838.0 389120
1771212062790 13946.0 394240
1771212071450 14039.0 399360
1771212080278 14131.0 404480
1771212089470 14219.0 409600
1771212098323 14334.0 414720
1771212107098 14425.0 419840
1771212115780 14530.0 424960
1771212124352 14630.0 430080
1771212133061 14736.0 435200
1771212142094 14843.0 440320
1771212150815 14957.0 445440
1771212160563 15076.0 450560
1771212170043 15195.0 455680
1771212179007 15283.0 460800
1771212188389 15356.0 465920
1771212197365 15452.0 471040
1771212205499 15539.0 476160
1771212214106 15630.0 481280
1771212223083 15718.0 486400
1771212232156 15806.0 491520
1771212240735 15896.0 496640
1771212249619 15970.0 501760
1771212258375 16061.0 506880
1771212266938 16146.0 512000
1771212275905 16260.0 517120
1771212284952 16364.0 522240
1771212294302 16468.0 527360
1771212302582 16596.0 532480
1771212311700 16728.0 537600
1771212320661 16838.0 542720
1771212329391 16977.0 547840
1771212338134 17096.0 552960
1771212347245 17171.0 558080
1771212356614 17255.0 563200
1771212365571 17337.0 568320
1771212374286 17398.0 573440
1771212383098 17456.0 578560
1771212391607 17504.0 583680
1771212400387 17549.0 588800
1771212409100 17599.0 593920
1771212417945 17644.0 599040
1771212427366 17683.0 604160
1771212437338 17726.0 609280
1771212446626 17788.0 614400
1771212455782 17848.0 619520
1771212465644 17915.0 624640
1771212474213 17979.0 629760
1771212483233 18055.0 634880
1771212492153 18122.0 640000
1771212500723 18207.0 645120
1771212509309 18273.0 650240
1771212517733 18358.0 655360
1771212527557 18442.0 660480
1771212537218 18521.0 665600
1771212547045 18603.0 670720
1771212557122 18667.0 675840
1771212565964 18741.0 680960
1771212574517 18805.0 686080
1771212583263 18880.0 691200
1771212592969 18957.0 696320
1771212602448 19017.0 701440
1771212613715 19084.0 706560
1771212623828 19144.0 711680
1771212633863 19201.0 716800
1771212643334 19253.0 721920
1771212652978 19296.0 727040
1771212662303 19352.0 732160
1771212671344 19408.0 737280
1771212680631 19471.0 742400
1771212689686 19530.0 747520
1771212698066 19582.0 752640
1771212706613 19643.0 757760
1771212717290 19699.0 762880
1771212729121 19746.0 768000
1771212737876 19793.0 773120
1771212746916 19853.0 778240
1771212755783 19907.0 783360
1771212764759 19955.0 788480
1771212775257 20011.0 793600
1771212787054 20058.0 798720
1771212798120 20090.0 803840
1771212807812 20134.0 808960
1771212817521 20164.0 814080
1771212826841 20201.0 819200
1771212836335 20251.0 824320
1771212846180 20299.0 829440
1771212855666 20344.0 834560
1771212864874 20391.0 839680
1771212874091 20439.0 844800
1771212883520 20483.0 849920
1771212894440 20529.0 855040
1771212904753 20563.0 860160
1771212913486 20603.0 865280
1771212922780 20662.0 870400
1771212931226 20717.0 875520
1771212939221 20761.0 880640
1771212948399 20801.0 885760
1771212959034 20850.0 890880
1771212968216 20900.0 896000
1771212977225 20951.0 901120
1771212986057 20994.0 906240
1771212994870 21031.0 911360
1771213003423 21073.0 916480
1771213012741 21135.0 921600
1771213022497 21178.0 926720
1771213031222 21233.0 931840
1771213040347 21289.0 936960
1771213049249 21340.0 942080
1771213058206 21406.0 947200
1771213066920 21461.0 952320
1771213075893 21520.0 957440
1771213085881 21577.0 962560
1771213094774 21632.0 967680
1771213103874 21689.0 972800
1771213113002 21741.0 977920
1771213122590 21782.0 983040
1771213131830 21836.0 988160
1771213140702 21892.0 993280
1771213149977 21938.0 998400
1771213158906 21992.0 1003520
1771213167934 22044.0 1008640
1771213176956 22091.0 1013760
1771213186415 22151.0 1018880
1771213195388 22213.0 1024000
1771213203935 22269.0 1029120
1771213213542 22339.0 1034240
1771213223073 22393.0 1039360
1771213233496 22453.0 1044480
1771213241640 22500.0 1049600
1771213250510 22553.0 1054720
1771213259176 22614.0 1059840
1771213267933 22672.0 1064960
1771213278096 22735.0 1070080
1771213288058 22796.0 1075200
1771213296965 22859.0 1080320
1771213305672 22935.0 1085440
1771213314619 23001.0 1090560
1771213323796 23058.0 1095680
1771213334198 23136.0 1100800
1771213343986 23191.0 1105920
1771213353869 23252.0 1111040
1771213362893 23322.0 1116160
1771213371458 23385.0 1121280
1771213379944 23442.0 1126400
1771213388625 23514.0 1131520
1771213396897 23581.0 1136640
1771213405533 23646.0 1141760
1771213413977 23701.0 1146880
1771213422914 23767.0 1152000
1771213431940 23840.0 1157120
1771213440810 23902.0 1162240
1771213449713 23971.0 1167360
1771213458917 24030.0 1172480
1771213467884 24096.0 1177600
1771213477366 24155.0 1182720
1771213487659 24205.0 1187840
1771213497323 24261.0 1192960
1771213506255 24325.0 1198080
1771213515036 24381.0 1203200
1771213523681 24444.0 1208320
1771213532640 24502.0 1213440
1771213541841 24577.0 1218560
1771213551482 24642.0 1223680
1771213561440 24713.0 1228800
1771213570392 24778.0 1233920
1771213580309 24828.0 1239040
1771213589465 24898.0 1244160
1771213598857 24951.0 1249280
