1771211391910 21.807828903198242 5120
1771211400305 20.811111450195312 10240
1771211408824 20.250926971435547 15360
1771211418811 20.396961212158203 20480
1771211428144 20.30839729309082 25600
1771211438198 20.28196907043457 30720
1771211447795 20.38018798828125 35840
1771211457363 20.5058650970459 40960
1771211466844 20.620840072631836 46080
1771211475743 20.702102661132812 51200
1771211484530 20.669069290161133 56320
1771211493513 20.672624588012695 61440
1771211502170 20.6368350982666 66560
1771211510376 20.61939811706543 71680
1771211518700 20.61456871032715 76800
1771211527526 20.689697265625 81920
1771211536002 20.88683319091797 87040
1771211543856 21.049028396606445 92160
1771211553292 21.114953994750977 97280
1771211562303 21.080326080322266 102400
1771211571195 21.08257293701172 107520
1771211580233 21.1092529296875 112640
1771211588479 21.169519424438477 117760
1771211596801 21.19767189025879 122880
1771211604732 21.247900009155273 128000
1771211612779 21.285511016845703 133120
1771211621677 21.34442138671875 138240
1771211630424 21.35004425048828 143360
1771211639472 21.355480194091797 148480
1771211647904 21.36249351501465 153600
1771211656340 21.454593658447266 158720
1771211665093 21.58051872253418 163840
1771211673894 21.716073989868164 168960
1771211682328 21.793004989624023 174080
1771211691500 21.89175033569336 179200
1771211700265 21.988372802734375 184320
1771211709005 22.040630340576172 189440
1771211717674 22.149139404296875 194560
1771211726844 22.336456298828125 199680
1771211735411 22.531034469604492 204800
1771211744210 22.736316680908203 209920
1771211753354 22.895952224731445 215040
1771211762216 23.02714729309082 220160
1771211770777 23.16185760498047 225280
1771211779269 23.29943084716797 230400
1771211787668 23.422992706298828 235520
1771211796581 23.55173110961914 240640
1771211804861 23.692920684814453 245760
1771211812875 23.86852264404297 250880
1771211821336 24.017234802246094 256000
1771211830095 24.16398811340332 261120
1771211839028 24.28347396850586 266240
1771211847449 24.388601303100586 271360
1771211855726 24.492467880249023 276480
1771211864146 24.617284774780273 281600
1771211872761 24.73749542236328 286720
1771211881852 24.841596603393555 291840
1771211890473 24.934476852416992 296960
1771211899158 25.055757522583008 302080
1771211907747 25.157325744628906 307200
1771211916111 25.248807907104492 312320
1771211925328 25.35454750061035 317440
1771211934466 25.457321166992188 322560
1771211943375 25.540294647216797 327680
1771211953138 25.61248016357422 332800
1771211961987 25.69485855102539 337920
1771211970795 25.739316940307617 343040
1771211980435 25.8195858001709 348160
1771211990065 25.852890014648438 353280
1771211999013 25.937435150146484 358400
1771212007962 25.996082305908203 363520
1771212016902 26.02165985107422 368640
1771212025861 26.048696517944336 373760
1771212034614 26.096935272216797 378880
1771212044290 26.167068481445312 384000
1771212054024 26.222299575805664 389120
1771212062790 26.23824119567871 394240
1771212071450 26.224002838134766 399360
1771212080278 26.20969009399414 404480
1771212089470 26.22471809387207 409600
1771212098323 26.260272979736328 414720
1771212107098 26.25760269165039 419840
1771212115780 26.261913299560547 424960
1771212124352 26.317007064819336 430080
1771212133061 26.3706111907959 435200
1771212142094 26.423614501953125 440320
1771212150815 26.49629020690918 445440
1771212160563 26.568546295166016 450560
1771212170043 26.644853591918945 455680
1771212179007 26.64521598815918 460800
1771212188389 26.658588409423828 465920
1771212197365 26.699047088623047 471040
1771212205499 26.73918914794922 476160
1771212214106 26.78009605407715 481280
1771212223083 26.822845458984375 486400
1771212232156 26.871793746948242 491520
1771212240735 26.91829490661621 496640
1771212249619 26.933120727539062 501760
1771212258375 26.9954891204834 506880
1771212266938 27.0299072265625 512000
1771212275905 27.107620239257812 517120
1771212284952 27.167966842651367 522240
1771212294302 27.22249984741211 527360
1771212302582 27.261585235595703 532480
1771212311700 27.302690505981445 537600
1771212320661 27.33913803100586 542720
1771212329391 27.36522674560547 547840
1771212338134 27.42850112915039 552960
1771212347245 27.404983520507812 558080
1771212356614 27.40771484375 563200
1771212365571 27.401105880737305 568320
1771212374286 27.342426300048828 573440
1771212383098 27.269702911376953 578560
1771212391607 27.167743682861328 583680
1771212400387 27.06989860534668 588800
1771212409100 26.990684509277344 593920
1771212417945 26.890092849731445 599040
1771212427366 26.785032272338867 604160
1771212437338 26.682859420776367 609280
1771212446626 26.61033821105957 614400
1771212455782 26.55170440673828 619520
1771212465644 26.51272201538086 624640
1771212474213 26.4642333984375 629760
1771212483233 26.425195693969727 634880
1771212492153 26.382320404052734 640000
1771212500723 26.379079818725586 645120
1771212509309 26.348865509033203 650240
1771212517733 26.3429012298584 655360
1771212527557 26.3369197845459 660480
1771212537218 26.321025848388672 665600
1771212547045 26.315738677978516 670720
1771212557122 26.27218246459961 675840
1771212565964 26.247377395629883 680960
1771212574517 26.209699630737305 686080
1771212583263 26.198694229125977 691200
1771212592969 26.19559669494629 696320
1771212602448 26.14849090576172 701440
1771212613715 26.105649948120117 706560
1771212623828 26.06718635559082 711680
1771212633863 26.003368377685547 716800
1771212643334 25.94300651550293 721920
1771212652978 25.86751365661621 727040
1771212662303 25.801130294799805 732160
1771212671344 25.748647689819336 737280
1771212680631 25.704923629760742 742400
1771212689686 25.655607223510742 747520
1771212698066 25.58296775817871 752640
1771212706613 25.534135818481445 757760
1771212717290 25.476417541503906 762880
1771212729121 25.397586822509766 768000
1771212737876 25.324356079101562 773120
1771212746916 25.279306411743164 778240
1771212755783 25.213708877563477 783360
1771212764759 25.14162254333496 788480
1771212775257 25.07950210571289 793600
1771212787054 25.013301849365234 798720
1771212798120 24.905275344848633 803840
1771212807812 24.83545684814453 808960
1771212817521 24.740842819213867 814080
1771212826841 24.652021408081055 819200
1771212836335 24.586517333984375 824320
1771212846180 24.521310806274414 829440
1771212855666 24.4477596282959 834560
1771212864874 24.381853103637695 839680
1771212874091 24.324506759643555 844800
1771212883520 24.26288604736328 849920
1771212894440 24.199779510498047 855040
1771212904753 24.118146896362305 860160
1771212913486 24.046207427978516 865280
1771212922780 23.99675941467285 870400
1771212931226 23.954980850219727 875520
1771212939221 23.888811111450195 880640
1771212948399 23.81332778930664 885760
1771212959034 23.769664764404297 890880
1771212968216 23.72014808654785 896000
1771212977225 23.672887802124023 901120
1771212986057 23.606325149536133 906240
1771212994870 23.539470672607422 911360
1771213003423 23.476119995117188 916480
1771213012741 23.447528839111328 921600
1771213022497 23.394039154052734 926720
1771213031222 23.3559627532959 931840
1771213040347 23.314512252807617 936960
1771213049249 23.262537002563477 942080
1771213058206 23.24053192138672 947200
1771213066920 23.213550567626953 952320
1771213075893 23.173999786376953 957440
1771213085881 23.134042739868164 962560
1771213094774 23.09747314453125 967680
1771213103874 23.073047637939453 972800
1771213113002 23.036943435668945 977920
1771213122590 22.987485885620117 983040
1771213131830 22.954586029052734 988160
1771213140702 22.916383743286133 993280
1771213149977 22.88195037841797 998400
1771213158906 22.85820198059082 1003520
1771213167934 22.834779739379883 1008640
1771213176956 22.790721893310547 1013760
1771213186415 22.765710830688477 1018880
1771213195388 22.751876831054688 1024000
1771213203935 22.724578857421875 1029120
1771213213542 22.726102828979492 1034240
1771213223073 22.697288513183594 1039360
1771213233496 22.671541213989258 1044480
1771213241640 22.63591957092285 1049600
1771213250510 22.60655403137207 1054720
1771213259176 22.580961227416992 1059840
1771213267933 22.555517196655273 1064960
1771213278096 22.546493530273438 1070080
1771213288058 22.534652709960938 1075200
1771213296965 22.524076461791992 1080320
1771213305672 22.530960083007812 1085440
1771213314619 22.524538040161133 1090560
1771213323796 22.501943588256836 1095680
1771213334198 22.507610321044922 1100800
1771213343986 22.47865104675293 1105920
1771213353869 22.460599899291992 1111040
1771213362893 22.45621109008789 1116160
1771213371458 22.442346572875977 1121280
1771213379944 22.419641494750977 1126400
1771213388625 22.409957885742188 1131520
1771213396897 22.409931182861328 1136640
1771213405533 22.398950576782227 1141760
1771213413977 22.37628746032715 1146880
1771213422914 22.368192672729492 1152000
1771213431940 22.362377166748047 1157120
1771213440810 22.34700584411621 1162240
1771213449713 22.33554458618164 1167360
1771213458917 22.311309814453125 1172480
1771213467884 22.297819137573242 1177600
1771213477366 22.282346725463867 1182720
1771213487659 22.25278663635254 1187840
1771213497323 22.23422622680664 1192960
1771213506255 22.216947555541992 1198080
1771213515036 22.19681167602539 1203200
1771213523681 22.191429138183594 1208320
1771213532640 22.17388343811035 1213440
1771213541841 22.17698860168457 1218560
1771213551482 22.163818359375 1223680
1771213561440 22.164127349853516 1228800
1771213570392 22.147451400756836 1233920
1771213580309 22.111783981323242 1239040
1771213589465 22.110628128051758 1244160
1771213598857 22.089963912963867 1249280
