1771211391904 0.011570867151021957 5120
1771211400300 -0.1898684799671173 10240
1771211408819 -0.2316494882106781 15360
1771211418790 -0.5324767827987671 20480
1771211428134 -1.0353906154632568 25600
1771211438190 -1.0548046827316284 30720
1771211447788 -1.0246094465255737 35840
1771211457353 -1.1924219131469727 40960
1771211466836 -1.9166406393051147 46080
1771211475734 -2.0419530868530273 51200
1771211484522 -2.135078191757202 56320
1771211493505 -2.1589064598083496 61440
1771211502163 -2.1251564025878906 66560
1771211510369 -1.9851562976837158 71680
1771211518692 -1.8435938358306885 76800
1771211527519 -1.8803905248641968 81920
1771211535995 -2.202500104904175 87040
1771211543849 -2.6435937881469727 92160
1771211553284 -3.078437566757202 97280
1771211562296 -3.4628124237060547 102400
1771211571183 -3.8514065742492676 107520
1771211580225 -4.157031059265137 112640
1771211588471 -4.424687385559082 117760
1771211596794 -4.717812538146973 122880
1771211604725 -4.919687747955322 128000
1771211612768 -5.1015625 133120
1771211621669 -5.270312309265137 138240
1771211630417 -5.369999885559082 143360
1771211639466 -5.315625190734863 148480
1771211647896 -5.318125247955322 153600
1771211656332 -5.395937442779541 158720
1771211665086 -5.491562843322754 163840
1771211673887 -5.708437442779541 168960
1771211682314 -5.807812690734863 174080
1771211691491 -6.133124828338623 179200
1771211700257 -6.468125343322754 184320
1771211708996 -6.932499885559082 189440
1771211717666 -7.400937557220459 194560
1771211726835 -8.038125991821289 199680
1771211735402 -8.631875991821289 204800
1771211744202 -9.278124809265137 209920
1771211753344 -9.843124389648438 215040
1771211762208 -10.349374771118164 220160
1771211770768 -10.764375686645508 225280
1771211779261 -11.144999504089355 230400
1771211787660 -11.38499927520752 235520
1771211796573 -11.693124771118164 240640
1771211804851 -11.887500762939453 245760
1771211812864 -12.248125076293945 250880
1771211821327 -12.565625190734863 256000
1771211830085 -12.938125610351562 261120
1771211839020 -13.178750991821289 266240
1771211847440 -13.563749313354492 271360
1771211855716 -13.982501029968262 276480
1771211864135 -14.380000114440918 281600
1771211872751 -14.671249389648438 286720
1771211881843 -14.996874809265137 291840
1771211890463 -15.326875686645508 296960
1771211899146 -15.621249198913574 302080
1771211907738 -15.823124885559082 307200
1771211916099 -16.09687614440918 312320
1771211925316 -16.40250015258789 317440
1771211934456 -16.586875915527344 322560
1771211943362 -16.778125762939453 327680
1771211953128 -16.96062469482422 332800
1771211961978 -17.10875129699707 337920
1771211970784 -17.280000686645508 343040
1771211980424 -17.408748626708984 348160
1771211990055 -17.543750762939453 353280
1771211998998 -17.608749389648438 358400
1771212007953 -17.795001983642578 363520
1771212016891 -17.853750228881836 368640
1771212025847 -18.00749969482422 373760
1771212034604 -18.137500762939453 378880
1771212044277 -18.252500534057617 384000
1771212054013 -18.331249237060547 389120
1771212062778 -18.438749313354492 394240
1771212071440 -18.535001754760742 399360
1771212080266 -18.595001220703125 404480
1771212089457 -18.591251373291016 409600
1771212098312 -18.670001983642578 414720
1771212107083 -18.708751678466797 419840
1771212115770 -18.718748092651367 424960
1771212124343 -18.762500762939453 430080
1771212133052 -18.759998321533203 435200
1771212142084 -18.77250099182129 440320
1771212150801 -18.72624969482422 445440
1771212160552 -18.674999237060547 450560
1771212170024 -18.667499542236328 455680
1771212178995 -18.62874984741211 460800
1771212188375 -18.611249923706055 465920
1771212197354 -18.66374969482422 471040
1771212205489 -18.575000762939453 476160
1771212214095 -18.532501220703125 481280
1771212223073 -18.506250381469727 486400
1771212232146 -18.487499237060547 491520
1771212240725 -18.4375 496640
1771212249609 -18.50874900817871 501760
1771212258365 -18.407499313354492 506880
1771212266928 -18.395000457763672 512000
1771212275894 -18.331249237060547 517120
1771212284942 -18.364999771118164 522240
1771212294291 -18.38625144958496 527360
1771212302569 -18.395000457763672 532480
1771212311685 -18.39000129699707 537600
1771212320649 -18.381250381469727 542720
1771212329378 -18.31875228881836 547840
1771212338121 -18.321250915527344 552960
1771212347232 -18.29250144958496 558080
1771212356602 -18.28499984741211 563200
1771212365559 -18.200000762939453 568320
1771212374273 -18.2137508392334 573440
1771212383078 -18.19000244140625 578560
1771212391585 -18.186248779296875 583680
1771212400374 -18.170001983642578 588800
1771212409080 -18.142499923706055 593920
1771212417931 -18.200000762939453 599040
1771212427354 -18.206249237060547 604160
1771212437325 -18.15999984741211 609280
1771212446609 -18.167499542236328 614400
1771212455769 -18.181249618530273 619520
1771212465629 -18.262500762939453 624640
1771212474189 -18.354999542236328 629760
1771212483220 -18.392498016357422 634880
1771212492142 -18.36750030517578 640000
1771212500710 -18.448749542236328 645120
1771212509295 -18.4637508392334 650240
1771212517721 -18.56624984741211 655360
1771212527540 -18.63249969482422 660480
1771212537205 -18.641250610351562 665600
1771212547027 -18.795001983642578 670720
1771212557108 -18.857500076293945 675840
1771212565953 -18.924999237060547 680960
1771212574503 -18.942501068115234 686080
1771212583250 -19.051250457763672 691200
1771212592954 -19.098751068115234 696320
1771212602433 -19.25 701440
1771212613702 -19.31624984741211 706560
1771212623814 -19.448749542236328 711680
1771212633846 -19.4950008392334 716800
1771212643320 -19.490001678466797 721920
1771212652965 -19.582500457763672 727040
1771212662289 -19.69124984741211 732160
1771212671330 -19.717500686645508 737280
1771212680615 -19.829999923706055 742400
1771212689673 -19.978750228881836 747520
1771212698045 -20.0625 752640
1771212706592 -20.10875129699707 757760
1771212717265 -20.186248779296875 762880
1771212729106 -20.231250762939453 768000
1771212737862 -20.32750129699707 773120
1771212746890 -20.353750228881836 778240
1771212755763 -20.408750534057617 783360
1771212764732 -20.528749465942383 788480
1771212775241 -20.5625 793600
1771212787039 -20.686250686645508 798720
1771212798097 -20.73375129699707 803840
1771212807794 -20.812501907348633 808960
1771212817504 -20.89875030517578 814080
1771212826825 -20.938751220703125 819200
1771212836316 -20.950000762939453 824320
1771212846165 -21.07375144958496 829440
1771212855645 -21.143749237060547 834560
1771212864859 -21.192501068115234 839680
1771212874075 -21.200000762939453 844800
1771212883501 -21.247501373291016 849920
1771212894412 -21.28375244140625 855040
1771212904732 -21.30500030517578 860160
1771212913470 -21.358749389648438 865280
1771212922762 -21.423749923706055 870400
1771212931211 -21.505001068115234 875520
1771212939204 -21.598751068115234 880640
1771212948382 -21.612499237060547 885760
1771212959015 -21.63250160217285 890880
1771212968201 -21.748750686645508 896000
1771212977209 -21.693750381469727 901120
1771212986032 -21.790000915527344 906240
1771212994850 -21.77250099182129 911360
1771213003404 -21.836252212524414 916480
1771213012718 -21.88250160217285 921600
1771213022481 -21.91750144958496 926720
1771213031204 -21.946250915527344 931840
1771213040329 -21.921249389648438 936960
1771213049233 -22.014999389648438 942080
1771213058183 -21.92875099182129 947200
1771213066896 -22.052499771118164 952320
1771213075876 -22.067501068115234 957440
1771213085863 -22.161251068115234 962560
1771213094750 -22.158750534057617 967680
1771213103859 -22.09000015258789 972800
1771213112984 -22.180002212524414 977920
1771213122575 -22.236249923706055 983040
1771213131814 -22.217500686645508 988160
1771213140685 -22.268749237060547 993280
1771213149960 -22.329999923706055 998400
1771213158888 -22.252500534057617 1003520
1771213167915 -22.263750076293945 1008640
1771213176939 -22.260000228881836 1013760
1771213186398 -22.27750015258789 1018880
1771213195372 -22.11625099182129 1024000
1771213203917 -22.22500228881836 1029120
1771213213511 -22.0625 1034240
1771213223054 -22.09749984741211 1039360
1771213233479 -22.11625099182129 1044480
1771213241613 -21.938751220703125 1049600
1771213250482 -21.94875144958496 1054720
1771213259157 -21.791250228881836 1059840
1771213267909 -21.810001373291016 1064960
1771213278068 -21.76875114440918 1070080
1771213288033 -21.646251678466797 1075200
1771213296935 -21.63249969482422 1080320
1771213305655 -21.60124969482422 1085440
1771213314600 -21.547500610351562 1090560
1771213323779 -21.50625228881836 1095680
1771213334170 -21.447500228881836 1100800
1771213343967 -21.471248626708984 1105920
1771213353851 -21.350000381469727 1111040
1771213362873 -21.350000381469727 1116160
1771213371437 -21.298751831054688 1121280
1771213379923 -21.28875160217285 1126400
1771213388600 -21.252498626708984 1131520
1771213396881 -21.22249984741211 1136640
1771213405517 -21.174999237060547 1141760
1771213413953 -21.14000129699707 1146880
1771213422889 -21.115001678466797 1152000
1771213431924 -21.14000129699707 1157120
1771213440794 -21.170000076293945 1162240
1771213449686 -21.125 1167360
1771213458899 -21.07874870300293 1172480
1771213467867 -21.02250099182129 1177600
1771213477340 -20.853750228881836 1182720
1771213487638 -20.766250610351562 1187840
1771213497300 -20.768749237060547 1192960
1771213506233 -20.780000686645508 1198080
1771213514993 -20.646249771118164 1203200
1771213523664 -20.705001831054688 1208320
1771213532604 -20.688749313354492 1213440
1771213541822 -20.563751220703125 1218560
1771213551457 -20.64750099182129 1223680
1771213561402 -20.572500228881836 1228800
1771213570371 -20.567501068115234 1233920
1771213580286 -20.54625129699707 1239040
1771213589435 -20.473751068115234 1244160
1771213598835 -20.475000381469727 1249280
