1771211391910 2.3665480613708496 5120
1771211400305 2.224074125289917 10240
1771211408824 2.077873945236206 15360
1771211418811 1.9306743144989014 20480
1771211428144 1.9564884901046753 25600
1771211438198 1.9680306911468506 30720
1771211447795 1.980630874633789 35840
1771211457363 1.9696969985961914 40960
1771211466844 1.9514009952545166 46080
1771211475743 1.9829432964324951 51200
1771211484530 1.991708755493164 56320
1771211493513 2.002317190170288 61440
1771211502170 1.9938912391662598 66560
1771211510376 1.9957458972930908 71680
1771211518700 2.0076820850372314 76800
1771211527526 2.053380012512207 81920
1771211536002 2.119098424911499 87040
1771211543856 2.1859467029571533 92160
1771211553292 2.2346367835998535 97280
1771211562303 2.2566769123077393 102400
1771211571195 2.289294719696045 107520
1771211580233 2.3121516704559326 112640
1771211588479 2.33992862701416 117760
1771211596801 2.3618004322052 122880
1771211604732 2.3898863792419434 128000
1771211612779 2.4232661724090576 133120
1771211621677 2.4587676525115967 138240
1771211630424 2.4872817993164062 143360
1771211639472 2.512216091156006 148480
1771211647904 2.5378661155700684 153600
1771211656340 2.5683772563934326 158720
1771211665093 2.6040847301483154 163840
1771211673894 2.628034830093384 168960
1771211682328 2.636544704437256 174080
1771211691500 2.646458625793457 179200
1771211700265 2.653102397918701 184320
1771211709005 2.657715082168579 189440
1771211717674 2.67191743850708 194560
1771211726844 2.715066432952881 199680
1771211735411 2.7719433307647705 204800
1771211744210 2.8270294666290283 209920
1771211753354 2.8698856830596924 215040
1771211762216 2.9194023609161377 220160
1771211770777 2.9628710746765137 225280
1771211779269 3.0094590187072754 230400
1771211787668 3.05007004737854 235520
1771211796581 3.0919222831726074 240640
1771211804861 3.1360366344451904 245760
1771211812875 3.181286096572876 250880
1771211821336 3.219034194946289 256000
1771211830095 3.256680965423584 261120
1771211839028 3.2889156341552734 266240
1771211847449 3.324061393737793 271360
1771211855726 3.355003595352173 276480
1771211864146 3.391127347946167 281600
1771211872761 3.4231374263763428 286720
1771211881852 3.457592010498047 291840
1771211890473 3.4956915378570557 296960
1771211899158 3.5304934978485107 302080
1771211907747 3.5587573051452637 307200
1771211916111 3.5843889713287354 312320
1771211925328 3.6113955974578857 317440
1771211934466 3.638643264770508 322560
1771211943375 3.6601033210754395 327680
1771211953138 3.6788854598999023 332800
1771211961987 3.698198080062866 337920
1771211970795 3.7158775329589844 343040
1771211980435 3.7364935874938965 348160
1771211990065 3.7496421337127686 353280
1771211999013 3.77168869972229 358400
1771212007962 3.7877309322357178 363520
1771212016902 3.799429178237915 368640
1771212025861 3.805652141571045 373760
1771212034614 3.8153834342956543 378880
1771212044290 3.8286688327789307 384000
1771212054024 3.843404769897461 389120
1771212062790 3.8487212657928467 394240
1771212071450 3.8482253551483154 399360
1771212080278 3.8482754230499268 404480
1771212089470 3.854079008102417 409600
1771212098323 3.8601789474487305 414720
1771212107098 3.8617632389068604 419840
1771212115780 3.8625338077545166 424960
1771212124352 3.8743770122528076 430080
1771212133061 3.8873863220214844 435200
1771212142094 3.8983685970306396 440320
1771212150815 3.9168479442596436 445440
1771212160563 3.934847354888916 450560
1771212170043 3.954568386077881 455680
1771212179007 3.9628612995147705 460800
1771212188389 3.972416877746582 465920
1771212197365 3.987819194793701 471040
1771212205499 4.002687454223633 476160
1771212214106 4.01904296875 481280
1771212223083 4.035948753356934 486400
1771212232156 4.051246643066406 491520
1771212240735 4.069889068603516 496640
1771212249619 4.082861423492432 501760
1771212258375 4.102284908294678 506880
1771212266938 4.117298126220703 512000
1771212275905 4.141817569732666 517120
1771212284952 4.162689208984375 522240
1771212294302 4.18137264251709 527360
1771212302582 4.196202754974365 532480
1771212311700 4.213733196258545 537600
1771212320661 4.228355407714844 542720
1771212329391 4.24444055557251 547840
1771212338134 4.264518737792969 552960
1771212347245 4.271095275878906 558080
1771212356614 4.2818779945373535 563200
1771212365571 4.2918009757995605 568320
1771212374286 4.290904998779297 573440
1771212383098 4.2887444496154785 578560
1771212391607 4.280569076538086 583680
1771212400387 4.271722793579102 588800
1771212409100 4.265604019165039 593920
1771212417945 4.2552666664123535 599040
1771212427366 4.243330001831055 604160
1771212437338 4.233816146850586 609280
1771212446626 4.231434345245361 614400
1771212455782 4.231487274169922 619520
1771212465644 4.234661102294922 624640
1771212474213 4.236032962799072 629760
1771212483233 4.2396769523620605 634880
1771212492153 4.24201774597168 640000
1771212500723 4.251738548278809 645120
1771212509309 4.2542829513549805 650240
1771212517733 4.263602256774902 655360
1771212527557 4.270483016967773 660480
1771212537218 4.276477336883545 665600
1771212547045 4.285694122314453 670720
1771212557122 4.2861328125 675840
1771212565964 4.289107799530029 680960
1771212574517 4.290438175201416 686080
1771212583263 4.29680871963501 691200
1771212592969 4.3050384521484375 696320
1771212602448 4.303614139556885 701440
1771212613715 4.304125785827637 706560
1771212623828 4.303744792938232 711680
1771212633863 4.299348831176758 716800
1771212643334 4.294881820678711 721920
1771212652978 4.28590202331543 727040
1771212662303 4.280574321746826 732160
1771212671344 4.277044773101807 737280
1771212680631 4.275338649749756 742400
1771212689686 4.2726922035217285 747520
1771212698066 4.265754699707031 752640
1771212706613 4.262610912322998 757760
1771212717290 4.257989883422852 762880
1771212729121 4.249739170074463 768000
1771212737876 4.241523742675781 773120
1771212746916 4.239859580993652 778240
1771212755783 4.233725547790527 783360
1771212764759 4.225420951843262 788480
1771212775257 4.219046592712402 793600
1771212787054 4.21080207824707 798720
1771212798120 4.195457935333252 803840
1771212807812 4.186688423156738 808960
1771212817521 4.172349452972412 814080
1771212826841 4.159206390380859 819200
1771212836335 4.1519341468811035 824320
1771212846180 4.145148277282715 829440
1771212855666 4.1358642578125 834560
1771212864874 4.128130912780762 839680
1771212874091 4.121919631958008 844800
1771212883520 4.1139702796936035 849920
1771212894440 4.107405185699463 855040
1771212904753 4.096310138702393 860160
1771212913486 4.086310386657715 865280
1771212922780 4.082188129425049 870400
1771212931226 4.078105926513672 875520
1771212939221 4.0701704025268555 880640
1771212948399 4.061063766479492 885760
1771212959034 4.056453227996826 890880
1771212968216 4.0506510734558105 896000
1771212977225 4.0463128089904785 901120
1771212986057 4.037985324859619 906240
1771212994870 4.029504299163818 911360
1771213003423 4.021144390106201 916480
1771213012741 4.020083427429199 921600
1771213022497 4.014003753662109 926720
1771213031222 4.0108184814453125 931840
1771213040347 4.007628440856934 936960
1771213049249 4.002495288848877 942080
1771213058206 4.003139019012451 947200
1771213066920 4.001408100128174 952320
1771213075893 3.9976084232330322 957440
1771213085881 3.9953086376190186 962560
1771213094774 3.992691993713379 967680
1771213103874 3.9906039237976074 972800
1771213113002 3.9870259761810303 977920
1771213122590 3.980978488922119 983040
1771213131830 3.977442502975464 988160
1771213140702 3.9747726917266846 993280
1771213149977 3.971590280532837 998400
1771213158906 3.9696474075317383 1003520
1771213167934 3.9686336517333984 1008640
1771213176956 3.963290214538574 1013760
1771213186415 3.9617063999176025 1018880
1771213195388 3.9628007411956787 1024000
1771213203935 3.9599807262420654 1029120
1771213213542 3.9632396697998047 1034240
1771213223073 3.9596807956695557 1039360
1771213233496 3.9577674865722656 1044480
1771213241640 3.954383611679077 1049600
1771213250510 3.952726364135742 1054720
1771213259176 3.951214075088501 1059840
1771213267933 3.9498350620269775 1064960
1771213278096 3.9511189460754395 1070080
1771213288058 3.9520883560180664 1075200
1771213296965 3.9535083770751953 1080320
1771213305672 3.958718776702881 1085440
1771213314619 3.9616897106170654 1090560
1771213323796 3.9611761569976807 1095680
1771213334198 3.96689772605896 1100800
1771213343986 3.9640822410583496 1105920
1771213353869 3.964470148086548 1111040
1771213362893 3.9668819904327393 1116160
1771213371458 3.966923713684082 1121280
1771213379944 3.96506929397583 1126400
1771213388625 3.9673969745635986 1131520
1771213396897 3.9704039096832275 1136640
1771213405533 3.971137285232544 1141760
1771213413977 3.9697322845458984 1146880
1771213422914 3.9718563556671143 1152000
1771213431940 3.9749515056610107 1157120
1771213440810 3.9748470783233643 1162240
1771213449713 3.976184368133545 1167360
1771213458917 3.97542142868042 1172480
1771213467884 3.976257562637329 1177600
1771213477366 3.97589373588562 1182720
1771213487659 3.9733269214630127 1187840
1771213497323 3.972778797149658 1192960
1771213506255 3.973278045654297 1198080
1771213515036 3.972539186477661 1203200
1771213523681 3.974281072616577 1208320
1771213532640 3.9731013774871826 1213440
1771213541841 3.976268768310547 1218560
1771213551482 3.97767972946167 1223680
1771213561440 3.9802322387695312 1228800
1771213570392 3.9799513816833496 1233920
1771213580309 3.976787805557251 1239040
1771213589465 3.9800190925598145 1244160
1771213598857 3.978306770324707 1249280
