1771211391904 89.53387695854502 5120
1771211400300 138.85205415963188 10240
1771211408819 126.330652691184 15360
1771211418790 62.67358008457481 20480
1771211428134 110.7290055175691 25600
1771211438190 111.63971253659835 30720
1771211447788 113.765433438212 35840
1771211457353 125.77000809619479 40960
1771211466836 117.77452054025215 46080
1771211475734 87.68824218096671 51200
1771211484522 107.04397315162187 56320
1771211493505 87.08560513257065 61440
1771211502163 114.31424600038156 66560
1771211510369 127.75826987511422 71680
1771211518692 79.62759615749705 76800
1771211527519 82.1204894762604 81920
1771211535995 118.27601376120919 87040
1771211543849 111.36404428749701 92160
1771211553284 103.45832613897042 97280
1771211562296 130.7899840967913 102400
1771211571183 92.77381110373811 107520
1771211580225 123.44902283965152 112640
1771211588471 120.2426466372341 117760
1771211596794 100.17922996082928 122880
1771211604725 92.20479676405284 128000
1771211612768 123.13372280773861 133120
1771211621669 66.056192516064 138240
1771211630417 99.52788192302216 143360
1771211639466 117.01551166164491 148480
1771211647896 115.94482377332412 153600
1771211656332 119.0109809040093 158720
1771211665086 118.33274086613062 163840
1771211673887 130.355047240179 168960
1771211682314 115.81676101063096 174080
1771211691491 122.71581965534392 179200
1771211700257 113.91993046879244 184320
1771211708996 101.89005222883517 189440
1771211717666 115.510561537826 194560
1771211726835 106.95935125210384 199680
1771211735402 90.17099860260132 204800
1771211744202 123.09397194341727 209920
1771211753344 111.26065043238368 215040
1771211762208 114.81492431085927 220160
1771211770768 121.71868017063757 225280
1771211779261 124.38255093265325 230400
1771211787660 113.06925461652514 235520
1771211796573 104.30219083380996 240640
1771211804851 108.8242436822168 245760
1771211812864 100.45274704219955 250880
1771211821327 102.6380521228435 256000
1771211830085 104.18042722305017 261120
1771211839020 99.2546736712575 266240
1771211847440 97.80808245691766 271360
1771211855716 107.13693836368745 276480
1771211864135 80.39223353075346 281600
1771211872751 86.68245603157872 286720
1771211881843 91.64872719326996 291840
1771211890463 123.49991166597962 296960
1771211899146 91.11317721683973 302080
1771211907738 86.21739845420161 307200
1771211916099 73.80699655099599 312320
1771211925316 87.69190884382186 317440
1771211934456 130.19319592748946 322560
1771211943362 84.56258064516129 327680
1771211953128 78.39087935706944 332800
1771211961978 123.51082187343562 337920
1771211970784 92.1258126866983 343040
1771211980424 91.99649061238814 348160
1771211990055 80.81666313416443 353280
1771211998998 81.13244482271699 358400
1771212007953 126.04213120173092 363520
1771212016891 67.84484487722817 368640
1771212025847 69.00342195314556 373760
1771212034604 87.75245308282946 378880
1771212044277 93.64166908530731 384000
1771212054013 78.44219188329905 389120
1771212062778 116.96004015504309 394240
1771212071440 127.56787006904104 399360
1771212080266 94.767256377234 404480
1771212089457 105.24437307103605 409600
1771212098312 86.0228885516223 414720
1771212107083 109.9914509742218 419840
1771212115770 119.86808036352205 424960
1771212124343 88.9245447028643 430080
1771212133052 121.37349885696096 435200
1771212142084 89.58359675352413 440320
1771212150801 106.35993406872068 445440
1771212160552 117.88044180883055 450560
1771212170024 97.07239400111091 455680
1771212178995 96.38754452487647 460800
1771212188375 93.58316785291952 465920
1771212197354 107.79224383850325 471040
1771212205489 114.88096411941933 476160
1771212214095 109.53759369042334 481280
1771212223073 139.4846691054207 486400
1771212232146 136.9121592949241 491520
1771212240725 123.27848808159186 496640
1771212249609 105.61539042630876 501760
1771212258365 117.68199545467299 506880
1771212266928 102.78141540874338 512000
1771212275894 94.3218494198075 517120
1771212284942 86.83679426926979 522240
1771212294291 105.27343004869233 527360
1771212302569 94.55575093556968 532480
1771212311685 90.19814627642417 537600
1771212320649 96.90866662045701 542720
1771212329378 96.10044678657349 547840
1771212338121 112.502118985033 552960
1771212347232 86.22271559255833 558080
1771212356602 118.9131322295305 563200
1771212365559 94.2752079118903 568320
1771212374273 120.22196743866085 573440
1771212383078 79.87933267311648 578560
1771212391585 89.44986137769247 583680
1771212400374 100.03348517732357 588800
1771212409080 107.90871903058994 593920
1771212417931 115.40885452494291 599040
1771212427354 78.82252123581146 604160
1771212437325 66.28690636112209 609280
1771212446609 91.24995104971174 614400
1771212455769 109.90210669741117 619520
1771212465629 94.40039611982625 624640
1771212474189 75.89714637279916 629760
1771212483220 101.72942032500606 634880
1771212492142 115.45968563327553 640000
1771212500710 97.12184504237484 645120
1771212509295 92.33673828812962 650240
1771212517721 110.16768228619458 655360
1771212527540 101.80596616422729 660480
1771212537205 120.81412564449693 665600
1771212547027 86.55545008048206 670720
1771212557108 106.17415957877684 675840
1771212565953 102.35252202347544 680960
1771212574503 118.47312374657515 686080
1771212583250 127.70770027098621 691200
1771212592954 88.08972151048012 696320
1771212602433 107.54349888464398 701440
1771212613702 118.61048583224931 706560
1771212623814 103.58352267114492 711680
1771212633846 99.60587997815193 716800
1771212643320 122.65122671579378 721920
1771212652965 122.09781089892874 727040
1771212662289 117.48750700280112 732160
1771212671330 91.75298055257804 737280
1771212680615 111.91376274080794 742400
1771212689673 91.45289230970499 747520
1771212698045 130.66367601246105 752640
1771212706592 95.909265526388 757760
1771212717265 97.86285260972025 762880
1771212729106 86.37364085667215 768000
1771212737862 103.70389417727779 773120
1771212746890 86.74520185307743 778240
1771212755763 107.12599289965009 783360
1771212764732 82.2154618159009 788480
1771212775241 100.19119508874185 793600
1771212787039 100.81249849777672 798720
1771212798097 85.1220521979137 803840
1771212807794 109.12436257675097 808960
1771212817504 112.7864902656771 814080
1771212826825 111.83021383245348 819200
1771212836316 98.00233655778307 824320
1771212846165 128.03907442456804 829440
1771212855645 113.59289351099555 834560
1771212864859 99.47595104828764 839680
1771212874075 64.57146376008374 844800
1771212883501 71.79691538711721 849920
1771212894412 103.44301674599848 855040
1771212904732 105.29721587628349 860160
1771212913470 87.6717459919316 865280
1771212922762 104.72407680207735 870400
1771212931211 81.55047441281692 875520
1771212939204 81.96001954079141 880640
1771212948382 80.84470229949306 885760
1771212959015 65.6016016016016 890880
1771212968201 109.02791785807122 896000
1771212977209 96.64294930875576 901120
1771212986032 94.34518748453561 906240
1771212994850 75.80661136113069 911360
1771213003404 85.17563917714193 916480
1771213012718 121.70808426672858 921600
1771213022481 81.78582013883472 926720
1771213031204 105.35805074101984 931840
1771213040329 104.70839054347555 936960
1771213049233 128.8097782691481 942080
1771213058183 107.35357051446123 947200
1771213066896 95.85008798190087 952320
1771213075876 103.77830562153602 957440
1771213085863 119.54011457234873 962560
1771213094750 91.7830977285658 967680
1771213103859 70.5256927629809 972800
1771213112984 81.43014677331676 977920
1771213122575 116.89158909759769 983040
1771213131814 111.72595295809914 988160
1771213140685 94.03425701730787 993280
1771213149960 66.69906494497806 998400
1771213158888 110.54223440423793 1003520
1771213167915 96.52507306745218 1008640
1771213176939 97.29757817574465 1013760
1771213186398 116.56672780834862 1018880
1771213195372 107.78947368421052 1024000
1771213203917 74.59723259701917 1029120
1771213213511 104.33851588347969 1034240
1771213223054 73.19902268760907 1039360
1771213233479 118.17936941759883 1044480
1771213241613 84.2432714710372 1049600
1771213250482 69.35370471418886 1054720
1771213259157 88.13414582895567 1059840
1771213267909 72.19608923161664 1064960
1771213278068 100.66732269290772 1070080
1771213288033 89.41172457898102 1075200
1771213296935 77.77167120950844 1080320
1771213305655 119.12590530830185 1085440
1771213314600 84.31609206955473 1090560
1771213323779 89.07562596895109 1095680
1771213334170 98.67093253034723 1100800
1771213343967 72.85319252414368 1105920
1771213353851 97.39020595815822 1111040
1771213362873 120.4775090480841 1116160
1771213371437 63.95120909950294 1121280
1771213379923 95.94656296465745 1126400
1771213388600 116.05068894914504 1131520
1771213396881 89.50903775155253 1136640
1771213405517 95.41616998043587 1141760
1771213413953 110.58303672651533 1146880
1771213422889 103.85025255026245 1152000
1771213431924 102.85450844797568 1157120
1771213440794 108.15079160435253 1162240
1771213449686 124.46744613923676 1167360
1771213458899 108.66354050623073 1172480
1771213467867 103.78600945240393 1177600
1771213477340 74.97459914555887 1182720
1771213487638 97.52380952380952 1187840
1771213497300 90.27580120961667 1192960
1771213506233 80.68451831332717 1198080
1771213514993 58.66569690188125 1203200
1771213523664 86.22094314023764 1208320
1771213532604 83.77047674209591 1213440
1771213541822 79.45412870105514 1218560
1771213551457 66.01460589272223 1223680
1771213561402 63.24056511315833 1228800
1771213570371 91.07756449231304 1233920
1771213580286 63.91612568955533 1239040
1771213589435 115.67621831821066 1244160
1771213598835 111.6664625542451 1249280
