1771211391910 4.029062747955322 5120
1771211400305 3.0092592239379883 10240
1771211408824 1.691285490989685 15360
1771211418811 -0.21090532839298248 20480
1771211428144 0.18199744820594788 25600
1771211438198 0.4390451908111572 30720
1771211447795 0.5469009280204773 35840
1771211457363 0.3781769275665283 40960
1771211466844 0.10048161447048187 46080
1771211475743 0.43891313672065735 51200
1771211484530 0.5837539434432983 56320
1771211493513 0.7025543451309204 61440
1771211502170 0.6536092162132263 66560
1771211510376 0.6978161334991455 71680
1771211518700 0.8128475546836853 76800
1771211527526 1.3149994611740112 81920
1771211536002 1.9497824907302856 87040
1771211543856 2.6749508380889893 92160
1771211553292 3.205808401107788 97280
1771211562303 3.4898569583892822 102400
1771211571195 3.853166103363037 107520
1771211580233 4.107797145843506 112640
1771211588479 4.396909713745117 117760
1771211596801 4.625120639801025 122880
1771211604732 4.899700164794922 128000
1771211612779 5.272337913513184 133120
1771211621677 5.661275863647461 138240
1771211630424 6.001330375671387 143360
1771211639472 6.285909175872803 148480
1771211647904 6.567347049713135 153600
1771211656340 6.841985702514648 158720
1771211665093 7.180281639099121 163840
1771211673894 7.365841388702393 168960
1771211682328 7.418325424194336 174080
1771211691500 7.465009689331055 179200
1771211700265 7.465139865875244 184320
1771211709005 7.484556198120117 189440
1771211717674 7.568714618682861 194560
1771211726844 7.966145038604736 199680
1771211735411 8.520991325378418 204800
1771211744210 9.085310935974121 209920
1771211753354 9.513727188110352 215040
1771211762216 10.050215721130371 220160
1771211770777 10.479125022888184 225280
1771211779269 10.955680847167969 230400
1771211787668 11.366989135742188 235520
1771211796581 11.792912483215332 240640
1771211804861 12.227895736694336 245760
1771211812875 12.663333892822266 250880
1771211821336 13.025640487670898 256000
1771211830095 13.377983093261719 261120
1771211839028 13.69706916809082 266240
1771211847449 14.052148818969727 271360
1771211855726 14.358165740966797 276480
1771211864146 14.710322380065918 281600
1771211872761 15.037827491760254 286720
1771211881852 15.40074634552002 291840
1771211890473 15.806353569030762 296960
1771211899158 16.16763687133789 302080
1771211907747 16.445852279663086 307200
1771211916111 16.70059585571289 312320
1771211925328 16.96312713623047 317440
1771211934466 17.221996307373047 322560
1771211943375 17.4230899810791 327680
1771211953138 17.607412338256836 332800
1771211961987 17.79549217224121 337920
1771211970795 18.006685256958008 343040
1771211980435 18.221298217773438 348160
1771211990065 18.382160186767578 353280
1771211999013 18.608442306518555 358400
1771212007962 18.77762794494629 363520
1771212016902 18.925004959106445 368640
1771212025861 18.997350692749023 373760
1771212034614 19.09041404724121 378880
1771212044290 19.205181121826172 384000
1771212054024 19.35755157470703 389120
1771212062790 19.42498207092285 394240
1771212071450 19.448408126831055 399360
1771212080278 19.487613677978516 404480
1771212089470 19.568321228027344 409600
1771212098323 19.624366760253906 414720
1771212107098 19.667625427246094 419840
1771212115780 19.68851661682129 424960
1771212124352 19.808053970336914 430080
1771212133061 19.948789596557617 435200
1771212142094 20.05879783630371 440320
1771212150815 20.24897003173828 445440
1771212160563 20.4227352142334 450560
1771212170043 20.607614517211914 455680
1771212179007 20.73825454711914 460800
1771212188389 20.877443313598633 465920
1771212197365 21.055810928344727 471040
1771212205499 21.23462677001953 476160
1771212214106 21.429174423217773 481280
1771212223083 21.634124755859375 486400
1771212232156 21.809154510498047 491520
1771212240735 22.03697395324707 496640
1771212249619 22.215120315551758 501760
1771212258375 22.437225341796875 506880
1771212266938 22.618520736694336 512000
1771212275905 22.87755012512207 517120
1771212284952 23.104637145996094 522240
1771212294302 23.306135177612305 527360
1771212302582 23.461841583251953 532480
1771212311700 23.649694442749023 537600
1771212320661 23.816776275634766 542720
1771212329391 24.002613067626953 547840
1771212338134 24.209640502929688 552960
1771212347245 24.336185455322266 558080
1771212356614 24.490108489990234 563200
1771212365571 24.64211654663086 568320
1771212374286 24.71061897277832 573440
1771212383098 24.77808380126953 578560
1771212391607 24.793378829956055 583680
1771212400387 24.796184539794922 588800
1771212409100 24.817779541015625 593920
1771212417945 24.80509376525879 599040
1771212427366 24.781641006469727 604160
1771212437338 24.776968002319336 609280
1771212446626 24.840993881225586 614400
1771212455782 24.917949676513672 619520
1771212465644 25.014863967895508 624640
1771212474213 25.098634719848633 629760
1771212483233 25.196266174316406 634880
1771212492153 25.28718376159668 640000
1771212500723 25.42630958557129 645120
1771212509309 25.508769989013672 650240
1771212517733 25.640533447265625 655360
1771212527557 25.743202209472656 660480
1771212537218 25.84732437133789 665600
1771212547045 25.988420486450195 670720
1771212557122 26.055408477783203 675840
1771212565964 26.13523292541504 680960
1771212574517 26.20826530456543 686080
1771212583263 26.31831169128418 691200
1771212592969 26.4417781829834 696320
1771212602448 26.487024307250977 701440
1771212613715 26.550643920898438 706560
1771212623828 26.596288681030273 711680
1771212633863 26.6157283782959 716800
1771212643334 26.63441276550293 721920
1771212652978 26.612388610839844 727040
1771212662303 26.62310218811035 732160
1771212671344 26.643877029418945 737280
1771212680631 26.675207138061523 742400
1771212689686 26.70384407043457 747520
1771212698066 26.695871353149414 752640
1771212706613 26.715402603149414 757760
1771212717290 26.725276947021484 762880
1771212729121 26.711462020874023 768000
1771212737876 26.691516876220703 773120
1771212746916 26.723915100097656 778240
1771212755783 26.720792770385742 783360
1771212764759 26.697412490844727 788480
1771212775257 26.68745994567871 793600
1771212787054 26.66204071044922 798720
1771212798120 26.58551597595215 803840
1771212807812 26.55408477783203 808960
1771212817521 26.478605270385742 814080
1771212826841 26.41092872619629 819200
1771212836335 26.391155242919922 824320
1771212846180 26.379884719848633 829440
1771212855666 26.346797943115234 834560
1771212864874 26.3250789642334 839680
1771212874091 26.31474494934082 844800
1771212883520 26.284557342529297 849920
1771212894440 26.273448944091797 855040
1771212904753 26.22360610961914 860160
1771212913486 26.17743492126465 865280
1771212922780 26.182321548461914 870400
1771212931226 26.181299209594727 875520
1771212939221 26.157644271850586 880640
1771212948399 26.122711181640625 885760
1771212959034 26.119579315185547 890880
1771212968216 26.104427337646484 896000
1771212977225 26.103986740112305 901120
1771212986057 26.074312210083008 906240
1771212994870 26.043405532836914 911360
1771213003423 26.009206771850586 916480
1771213012741 26.032306671142578 921600
1771213022497 26.017555236816406 926720
1771213031222 26.02532196044922 931840
1771213040347 26.03375816345215 936960
1771213049249 26.02454376220703 942080
1771213058206 26.06145477294922 947200
1771213066920 26.074094772338867 952320
1771213075893 26.076908111572266 957440
1771213085881 26.093486785888672 962560
1771213094774 26.104602813720703 967680
1771213103874 26.111648559570312 972800
1771213113002 26.109384536743164 977920
1771213122590 26.09044075012207 983040
1771213131830 26.084726333618164 988160
1771213140702 26.094650268554688 993280
1771213149977 26.09801483154297 998400
1771213158906 26.10655975341797 1003520
1771213167934 26.125465393066406 1008640
1771213176956 26.109891891479492 1013760
1771213186415 26.121360778808594 1018880
1771213195388 26.158193588256836 1024000
1771213203935 26.154678344726562 1029120
1771213213542 26.200292587280273 1034240
1771213223073 26.191896438598633 1039360
1771213233496 26.198354721069336 1044480
1771213241640 26.19812774658203 1049600
1771213250510 26.211759567260742 1054720
1771213259176 26.22119140625 1059840
1771213267933 26.234010696411133 1064960
1771213278096 26.265668869018555 1070080
1771213288058 26.29735565185547 1075200
1771213296965 26.331953048706055 1080320
1771213305672 26.400272369384766 1085440
1771213314619 26.45384979248047 1090560
1771213323796 26.47357749938965 1095680
1771213334198 26.548538208007812 1100800
1771213343986 26.545061111450195 1105920
1771213353869 26.574970245361328 1111040
1771213362893 26.61664581298828 1116160
1771213371458 26.635738372802734 1121280
1771213379944 26.640003204345703 1126400
1771213388625 26.684185028076172 1131520
1771213396897 26.730579376220703 1136640
1771213405533 26.758350372314453 1141760
1771213413977 26.771242141723633 1146880
1771213422914 26.813396453857422 1152000
1771213431940 26.86227035522461 1157120
1771213440810 26.881742477416992 1162240
1771213449713 26.913257598876953 1167360
1771213458917 26.929882049560547 1172480
1771213467884 26.956247329711914 1177600
1771213477366 26.973114013671875 1182720
1771213487659 26.97376823425293 1187840
1771213497323 26.9918270111084 1192960
1771213506255 27.019378662109375 1198080
1771213515036 27.034212112426758 1203200
1771213523681 27.066282272338867 1208320
1771213532640 27.07631492614746 1213440
1771213541841 27.120145797729492 1218560
1771213551482 27.153108596801758 1223680
1771213561440 27.192190170288086 1228800
1771213570392 27.20927619934082 1233920
1771213580309 27.207782745361328 1239040
1771213589465 27.25383758544922 1244160
1771213598857 27.259082794189453 1249280
