1761840161753 0.27020174264907837 5120
1761840273977 0.2452097161785587 10240
1761840384630 0.2703911285472776 15360
1761840497202 0.3341352117013389 20480
1761840611481 0.35950451388366106 25600
1761840726166 0.38726434389703884 30720
1761840843715 0.4073785406582829 35840
1761840960743 0.41809075738873835 40960
1761841077117 0.44990896661937685 46080
1761841196247 0.4877570269990628 51200
1761841310821 0.5092947200675412 56320
1761841427697 0.5388176816950524 61440
1761841551805 0.5463573504516082 66560
1761841675661 0.5519875206595193 71680
1761841793107 0.5635736278556215 76800
1761841909943 0.5739800707843605 81920
1761842025034 0.5907331978010315 87040
1761842139961 0.6071410592311576 92160
1761842257062 0.6243374278225057 97280
1761842369718 0.6334742039173573 102400
1761842483995 0.6393348960484029 107520
1761842609403 0.6446054113827882 112640
1761842727697 0.6475254983231075 117760
1761842840922 0.6500531912469456 122880
1761842957585 0.6511344185745136 128000
1761843076266 0.6526886617314737 133120
1761843187191 0.6573217352503364 138240
1761843300934 0.6631001629385406 143360
1761843414240 0.6658582354125736 148480
1761843527560 0.6749305980611147 153600
1761843640444 0.6807119774565178 158720
1761843756185 0.6828108893779921 163840
1761843875893 0.6832252363006543 168960
1761843987381 0.6853772650541352 174080
1761844101506 0.6847444735047551 179200
1761844212894 0.6866360896868292 184320
1761844327924 0.6897008395779954 189440
1761844438626 0.6893067484629192 194560
1761844551271 0.6868996435164431 199680
1761844663327 0.6846120317220701 204800
1761844778305 0.6825788909375131 209920
1761844889744 0.6816181779055336 215040
1761845001495 0.680056033298731 220160
1761845115297 0.6788661258535691 225280
1761845227411 0.6779105353340192 230400
1761845339190 0.6777775540815515 235520
1761845452840 0.6757887896791676 240640
1761845564292 0.6792896468881804 245760
1761845677014 0.6814103132123766 250880
1761845790542 0.6807761480163255 256000
1761845903058 0.6809051990044861 261120
1761846015152 0.6816782667999324 266240
1761846127475 0.6829377772768868 271360
1761846241576 0.68690591150914 276480
1761846353402 0.6890370077630825 281600
1761846467092 0.6917484489088044 286720
1761846584608 0.6915591163601703 291840
1761846701472 0.6926142795183182 296960
1761846820191 0.693708130534398 302080
1761846937330 0.6934996894434895 307200
1761847055611 0.6925713181225909 312320
1761847172281 0.6903669433856529 317440
1761847289135 0.6892780247246033 322560
1761847405387 0.6882621106642982 327680
1761847522039 0.6883740592882917 332800
1761847637555 0.6915252623873483 337920
1761847752628 0.6931354128336218 343040
1761847869733 0.6961704124842122 348160
1761847988758 0.6980113256882071 353280
1761848104538 0.7000803653032214 358400
1761848218091 0.699776879093756 363520
1761848333675 0.7003042978934065 368640
1761848446645 0.7017847260482815 373760
1761848558283 0.7030764717658408 378880
1761848674628 0.702236263325284 384000
1761848788183 0.7047810711684487 389120
1761848899148 0.7045081175824219 394240
1761849012465 0.7035409786026303 399360
1761849126095 0.7045876802229324 404480
1761849241231 0.705425425225343 409600
1761849353469 0.7060127896535365 414720
1761849466657 0.7062293838098775 419840
1761849579558 0.7068057964160608 424960
1761849692456 0.7077337229466857 430080
1761849806564 0.7089605219658857 435200
1761849921017 0.7084826354355468 440320
1761850032182 0.709372759400535 445440
1761850147764 0.7113876079580745 450560
1761850260669 0.7105604085444975 455680
1761850372843 0.7104227712824673 460800
1761850485872 0.7094918961537694 465920
1761850600396 0.7099613891272031 471040
1761850714414 0.7101042492656374 476160
1761850831407 0.7111248203967182 481280
