1761840161753 66.875 5120
1761840273977 69.19642857142857 10240
1761840384630 67.7381404174573 15360
1761840497202 68.98169909458679 20480
1761840611481 68.40774151221912 25600
1761840726166 68.80768670840006 30720
1761840843715 68.83361696557141 35840
1761840960743 68.1820308844174 40960
1761841077117 68.39369912252882 46080
1761841196247 69.3187366789382 51200
1761841310821 68.96016845060537 56320
1761841427697 69.99740301899043 61440
1761841551805 69.43985664152916 66560
1761841675661 68.87604108828428 71680
1761841793107 68.78909798831927 76800
1761841909943 68.60064520055998 81920
1761842025034 68.54495063225359 87040
1761842139961 68.1200680458761 92160
1761842257062 68.65112135820583 97280
1761842369718 68.76926926926927 102400
1761842483995 68.96596481107586 107520
1761842609403 68.9493036723813 112640
1761842727697 68.88718558653804 117760
1761842840922 69.01903991140264 122880
1761842957585 68.55050318340521 128000
1761843076266 67.51647740808386 133120
1761843187191 66.93362049073149 138240
1761843300934 66.78347610041904 143360
1761843414240 66.59644479416288 148480
1761843527560 66.66432983966128 153600
1761843640444 66.35220891685272 158720
1761843756185 65.58583627311991 163840
1761843875893 65.16683290968177 168960
1761843987381 64.77861151396684 174080
1761844101506 63.68502195878505 179200
1761844212894 63.00652886842976 184320
1761844327924 62.68418563405262 189440
1761844438626 62.155465352276025 194560
1761844551271 61.68067942964267 199680
1761844663327 61.36477215684087 204800
1761844778305 61.06220069507156 209920
1761844889744 60.95586889833701 215040
1761845001495 60.916945623237304 220160
1761845115297 60.92396540114984 225280
1761845227411 60.87714103382259 230400
1761845339190 60.89315109869365 235520
1761845452840 60.79150368866664 240640
1761845564292 61.01770299926847 245760
1761845677014 61.0677783368073 250880
1761845790542 60.92116299891617 256000
1761845903058 60.76201733648542 261120
1761846015152 60.534269048487054 266240
1761846127475 60.09405386028588 271360
1761846241576 60.05847438997582 276480
1761846353402 59.95098356761893 281600
1761846467092 59.783051568314725 286720
1761846584608 59.59303932654856 291840
1761846701472 59.317969492786574 296960
1761846820191 58.824993888028686 302080
1761846937330 58.52922854329522 307200
1761847055611 58.29445392830203 312320
1761847172281 57.897923638427365 317440
1761847289135 57.69900829322044 322560
1761847405387 57.409744195798865 327680
1761847522039 56.918065412489206 332800
1761847637555 56.69890240284782 337920
1761847752628 56.38737404217187 343040
1761847869733 56.074657323966555 348160
1761847988758 55.809861665715914 353280
1761848104538 55.50879912625293 358400
1761848218091 55.212016898763885 363520
1761848333675 54.988278161630745 368640
1761848446645 54.82837801061369 373760
1761848558283 54.61579629411468 378880
1761848674628 54.167788245850154 384000
1761848788183 53.90514276310376 389120
1761848899148 53.67097341100661 394240
1761849012465 53.33055778813696 399360
1761849126095 53.083485640724085 404480
1761849241231 52.906075089617005 409600
1761849353469 52.59223784052743 414720
1761849466657 52.24347184203242 419840
1761849579558 51.93119698397738 424960
1761849692456 51.70942100984554 430080
1761849806564 51.53612643506784 435200
1761849921017 51.230009871668315 440320
1761850032182 50.95837098796024 445440
1761850147764 50.80605072097689 450560
1761850260669 50.5359533085035 455680
1761850372843 50.32092063222778 460800
1761850485872 50.00120210788219 465920
1761850600396 49.826953692808196 471040
1761850714414 49.64830194885289 476160
1761850831407 49.54734141474473 481280
