1761840161753 0.0 5120
1761840273977 0.0 10240
1761840384630 0.0 15360
1761840497202 0.0 20480
1761840611481 0.0 25600
1761840726166 0.0 30720
1761840843715 0.0 35840
1761840960743 0.0 40960
1761841077117 0.0 46080
1761841196247 0.0 51200
1761841310821 0.0 56320
1761841427697 0.0 61440
1761841551805 0.0 66560
1761841675661 0.0 71680
1761841793107 0.0 76800
1761841909943 0.0 81920
1761842025034 0.0 87040
1761842139961 0.0 92160
1761842257062 0.0 97280
1761842369718 0.0 102400
1761842483995 0.0 107520
1761842609403 0.0 112640
1761842727697 0.0 117760
1761842840922 0.0 122880
1761842957585 0.0 128000
1761843076266 0.0 133120
1761843187191 0.0 138240
1761843300934 0.0 143360
1761843414240 0.0 148480
1761843527560 0.0 153600
1761843640444 0.0 158720
1761843756185 0.0 163840
1761843875893 0.0 168960
1761843987381 0.0 174080
1761844101506 0.0 179200
1761844212894 0.0 184320
1761844327924 0.0 189440
1761844438626 0.0 194560
1761844551271 0.0 199680
1761844663327 0.0 204800
1761844778305 0.0 209920
1761844889744 0.0 215040
1761845001495 0.0 220160
1761845115297 0.0 225280
1761845227411 0.0 230400
1761845339190 0.0 235520
1761845452840 0.0 240640
1761845564292 0.0 245760
1761845677014 0.0 250880
1761845790542 0.0 256000
1761845903058 0.0 261120
1761846015152 0.0 266240
1761846127475 0.0 271360
1761846241576 0.0 276480
1761846353402 0.0 281600
1761846467092 0.0 286720
1761846584608 0.0 291840
1761846701472 0.0 296960
1761846820191 0.0 302080
1761846937330 0.0 307200
1761847055611 0.0 312320
1761847172281 0.0 317440
1761847289135 0.0 322560
1761847405387 0.0 327680
1761847522039 0.0 332800
1761847637555 0.0 337920
1761847752628 0.0 343040
1761847869733 0.0 348160
1761847988758 0.0 353280
1761848104538 0.0 358400
1761848218091 0.0 363520
1761848333675 0.0 368640
1761848446645 0.0 373760
1761848558283 0.0 378880
1761848674628 0.0 384000
1761848788183 0.0 389120
1761848899148 0.0 394240
1761849012465 0.0 399360
1761849126095 0.0 404480
1761849241231 0.0 409600
1761849353469 0.0 414720
1761849466657 0.0 419840
1761849579558 0.0 424960
1761849692456 0.0 430080
1761849806564 0.0 435200
1761849921017 0.0 440320
1761850032182 0.0 445440
1761850147764 0.0 450560
1761850260669 0.0 455680
1761850372843 0.0 460800
1761850485872 0.0 465920
1761850600396 0.0 471040
1761850714414 0.0 476160
1761850831407 0.0 481280
