1761840161753 2.953125 5120
1761840273977 2.9993131868131866 10240
1761840384630 3.0116223908918407 15360
1761840497202 3.2700828356771336 20480
1761840611481 3.497949811382647 25600
1761840726166 3.751346629785995 30720
1761840843715 3.952611598376751 35840
1761840960743 4.041179223210108 40960
1761841077117 4.111005391690454 46080
1761841196247 4.192888975004844 51200
1761841310821 4.164151605544832 56320
1761841427697 4.207109235513715 61440
1761841551805 4.177480773538416 66560
1761841675661 4.181982232093281 71680
1761841793107 4.184815055158988 76800
1761841909943 4.181143100614767 81920
1761842025034 4.220162826953057 87040
1761842139961 4.247434560719969 92160
1761842257062 4.285579543072731 97280
1761842369718 4.311511511511512 102400
1761842483995 4.353908278050188 107520
1761842609403 4.358459346417245 112640
1761842727697 4.370203955772873 117760
1761842840922 4.414746347489031 122880
1761842957585 4.436639967139043 128000
1761843076266 4.462240927499405 133120
1761843187191 4.4920390739173905 138240
1761843300934 4.490154633440872 143360
1761843414240 4.480882721127365 148480
1761843527560 4.503470535156521 153600
1761843640444 4.540288207834382 158720
1761843756185 4.571461540997659 163840
1761843875893 4.605231828565913 168960
1761843987381 4.657386972696892 174080
1761844101506 4.672184515217592 179200
1761844212894 4.711767006649216 184320
1761844327924 4.76763227904227 189440
1761844438626 4.807944331690345 194560
1761844551271 4.836590353916946 199680
1761844663327 4.875425288638518 204800
1761844778305 4.908765016555838 209920
1761844889744 4.9504063290458 215040
1761845001495 4.9659453332981895 220160
1761845115297 4.996944113533951 225280
1761845227411 5.041021059349075 230400
1761845339190 5.088348561504191 235520
1761845452840 5.116502450859039 240640
1761845564292 5.1542062911485 245760
1761845677014 5.172117204532931 250880
1761845790542 5.191437726780077 256000
1761845903058 5.2114216845130485 261120
1761846015152 5.225323550856726 266240
1761846127475 5.238428104135861 271360
1761846241576 5.2366454165750715 276480
1761846353402 5.239165640992421 281600
1761846467092 5.255948963317384 286720
1761846584608 5.269904091803828 291840
1761846701472 5.295853829936753 296960
1761846820191 5.309612093553907 302080
1761846937330 5.329863553242369 307200
1761847055611 5.357159871372424 312320
1761847172281 5.369244016516958 317440
1761847289135 5.393087049817317 322560
1761847405387 5.40284396324959 327680
1761847522039 5.405354661860238 332800
1761847637555 5.422593444081874 337920
1761847752628 5.430570033466835 343040
1761847869733 5.4439708883390825 348160
1761847988758 5.455683114660582 353280
1761848104538 5.4709778568534535 358400
1761848218091 5.4779290321459 363520
1761848333675 5.493142208930597 368640
1761848446645 5.5145087767043135 373760
1761848558283 5.534071593261415 378880
1761848674628 5.537676752571324 384000
1761848788183 5.561326421459722 389120
1761848899148 5.5727373319881535 394240
1761849012465 5.5773026844558755 399360
1761849126095 5.585750385403919 404480
1761849241231 5.596157474372681 409600
1761849353469 5.60579674088817 414720
1761849466657 5.614031310552702 419840
1761849579558 5.618284637134779 424960
1761849692456 5.63279438773974 430080
1761849806564 5.64687639779335 435200
1761849921017 5.645651309101089 440320
1761850032182 5.650511617059732 445440
1761850147764 5.660642889103794 450560
1761850260669 5.65973143827504 455680
1761850372843 5.671218932903554 460800
1761850485872 5.6687214324653 465920
1761850600396 5.677123278189243 471040
1761850714414 5.683085272592715 476160
1761850831407 5.690173347631911 481280
