1761840161749 33.4015104484558 5120
1761840273972 12.606215133666991 10240
1761840384626 8.866490797996521 15360
1761840497197 7.905364083789643 20480
1761840611477 6.768250629718488 25600
1761840726158 5.645198909390358 30720
1761840843709 4.993040937847561 35840
1761840960738 4.529374042604028 40960
1761841077111 4.2377266825800355 46080
1761841196242 4.1785675976323144 51200
1761841310815 4.20115339415414 56320
1761841427692 4.111214155603627 61440
1761841551800 4.024846438783588 66560
1761841675656 3.8865296785596386 71680
1761841793102 3.5806080456783898 76800
1761841909937 3.429726972226743 81920
1761842025029 3.3450922615583556 87040
1761842139955 3.241842531476702 92160
1761842257056 3.213088160355886 97280
1761842369711 3.3411294857818303 102400
1761842483990 3.397215420704968 107520
1761842609397 3.5023147067508185 112640
1761842727691 3.4203743007265284 117760
1761842840917 3.3179325847783363 122880
1761842957579 3.3000766354515436 128000
1761843076259 3.1308804595015434 133120
1761843187181 3.015941988440121 138240
1761843300928 2.983780830329192 143360
1761843414230 2.949996732424383 148480
1761843527554 2.839098853307055 153600
1761843640439 2.8004796052590395 158720
1761843756179 2.650847716716506 163840
1761843875888 2.5629505902026075 168960
1761843987375 2.4760754144679735 174080
1761844101479 2.373728968013417 179200
1761844212887 2.3488709937669956 184320
1761844327918 2.2849666267312982 189440
1761844438615 2.2278350758178074 194560
1761844551265 2.1287026058897682 199680
1761844663321 2.1235091073714676 204800
1761844778298 2.040063303975226 209920
1761844889739 2.0146238650642867 215040
1761845001488 1.9318448299831814 220160
1761845115291 1.8530428666334888 225280
1761845227400 1.833231945206634 230400
1761845339179 1.7423309867825858 235520
1761845452833 1.685873510716325 240640
1761845564286 1.6206998715855767 245760
1761845677007 1.5734684458786878 250880
1761845790535 1.5293322954519812 256000
1761845903051 1.4601231813430786 261120
1761846015145 1.402131823835702 266240
1761846127467 1.3557316440209408 271360
1761846241569 1.298438970417994 276480
1761846353395 1.24111068200374 281600
1761846467085 1.2379174750385762 286720
1761846584601 1.1689995313524366 291840
1761846701464 1.1165235030446266 296960
1761846820183 1.1029290310112205 302080
1761846937301 1.0763304830151934 307200
1761847055600 1.047222009795943 312320
1761847172273 0.9889462106097548 317440
1761847289127 0.9288275160970567 322560
1761847405377 0.9546191855457342 327680
1761847522032 0.8989829759656286 332800
1761847637505 0.8816508357114302 337920
1761847752616 0.8512908197584605 343040
1761847869726 0.8463479518051371 348160
1761847988748 0.8121972931878415 353280
1761848104529 0.8240744122888288 358400
1761848218082 0.7634133675393093 363520
1761848333668 0.7966295253933301 368640
1761848446637 0.7667358969599823 373760
1761848558276 0.7367832635226597 378880
1761848674621 0.7337058328060393 384000
1761848788176 0.6914391522144708 389120
1761848899140 0.6903196179681491 394240
1761849012458 0.6673119195221024 399360
1761849126086 0.654098796266498 404480
1761849241222 0.6355426003510817 409600
1761849353461 0.6340525440159689 414720
1761849466649 0.6115071376976886 419840
1761849579542 0.6240064688829274 424960
1761849692448 0.5918512162233475 430080
1761849806556 0.5718005303933587 435200
1761849921007 0.5555682764252489 440320
1761850032170 0.5637552914925671 445440
1761850147755 0.5606054871747282 450560
1761850260661 0.5498300323144202 455680
1761850372835 0.527275190501414 460800
1761850485864 0.5123888916718332 465920
1761850600388 0.5063179989233451 471040
1761850714405 0.5081774836036781 476160
1761850831393 0.5126500765887542 481280
