1761840161749 -3.472080078125 5120
1761840273972 -3.077045454545454 10240
1761840384626 -2.90125 15360
1761840497197 -2.5752380952380953 20480
1761840611477 -2.250625 25600
1761840726158 -2.050967741935484 30720
1761840843709 -1.9270833333333333 35840
1761840960738 -1.8456097560975606 40960
1761841077111 -1.7733967391304348 46080
1761841196242 -1.738235294117647 51200
1761841310815 -1.713392857142857 56320
1761841427692 -1.6942622950819675 61440
1761841551800 -1.6647348484848483 66560
1761841675656 -1.6189788732394366 71680
1761841793102 -1.5720394736842105 76800
1761841909937 -1.5619135802469135 81920
1761842025029 -1.5542151162790696 87040
1761842139955 -1.5674725274725276 92160
1761842257056 -1.5976041666666667 97280
1761842369711 -1.6355198019801978 102400
1761842483990 -1.65561320754717 107520
1761842609397 -1.6512162162162163 112640
1761842727691 -1.6385775862068965 117760
1761842840917 -1.6178512396694213 122880
1761842957579 -1.5847222222222224 128000
1761843076259 -1.5382442748091603 133120
1761843187181 -1.4768014705882353 138240
1761843300928 -1.4154255319148938 143360
1761843414230 -1.3506164383561643 148480
1761843527554 -1.2970529801324504 153600
1761843640439 -1.2458333333333336 158720
1761843756179 -1.1993478260869566 163840
1761843875888 -1.1522289156626506 168960
1761843987375 -1.1079532163742691 174080
1761844101479 -1.072215909090909 179200
1761844212887 -1.0370441988950276 184320
1761844327918 -1.0036559139784946 189440
1761844438615 -0.9724607329842933 194560
1761844551265 -0.9443622448979592 199680
1761844663321 -0.917363184079602 204800
1761844778298 -0.8986650485436892 209920
1761844889739 -0.872085308056872 215040
1761845001488 -0.8443518518518518 220160
1761845115291 -0.8228733031674209 225280
1761845227400 -0.8099778761061948 230400
1761845339179 -0.7890909090909091 235520
1761845452833 -0.7713771186440679 240640
1761845564286 -0.7508921161825728 245760
1761845677007 -0.7221443089430893 250880
1761845790535 -0.6985657370517929 256000
1761845903051 -0.682939453125 261120
1761846015145 -0.658831417624521 266240
1761846127467 -0.6415883458646617 271360
1761846241569 -0.6238929889298892 276480
1761846353395 -0.6068387681159421 281600
1761846467085 -0.5933985765124555 286720
1761846584601 -0.5742919580419581 291840
1761846701464 -0.5559364261168385 296960
1761846820183 -0.54125 302080
1761846937301 -0.5301495016611295 307200
1761847055600 -0.515359477124183 312320
1761847172273 -0.5052009646302251 317440
1761847289127 -0.49291139240506326 322560
1761847405377 -0.47806074766355144 327680
1761847522032 -0.4701993865030675 332800
1761847637505 -0.4598867069486405 337920
1761847752616 -0.4491517857142857 343040
1761847869726 -0.44104105571847513 348160
1761847988748 -0.4320086705202312 353280
1761848104529 -0.4228846153846154 358400
1761848218082 -0.4123384831460674 363520
1761848333668 -0.4051662049861495 368640
1761848446637 -0.39666666666666667 373760
1761848558276 -0.38945417789757414 378880
1761848674621 -0.3823337765957447 384000
1761848788176 -0.3753215223097113 389120
1761848899140 -0.3695466321243523 394240
1761849012458 -0.3621227621483376 399360
1761849126086 -0.3556313131313132 404480
1761849241222 -0.3487780548628429 409600
1761849353461 -0.3420935960591133 414720
1761849466649 -0.33719586374695865 419840
1761849579542 -0.33136418269230766 424960
1761849692448 -0.32384204275534445 430080
1761849806556 -0.3182453051643192 435200
1761849921007 -0.31464617169373554 440320
1761850032170 -0.3075 445440
1761850147755 -0.3056802721088436 450560
1761850260661 -0.2993441704035874 455680
1761850372835 -0.2940243902439024 460800
1761850485864 -0.2910416666666667 465920
1761850600388 -0.2875867678958785 471040
1761850714405 -0.2827521459227468 476160
1761850831393 -0.2767728237791932 481280
