1761840161753 0.85625 5120
1761840273977 0.8059752747252747 10240
1761840384630 0.8648007590132827 15360
1761840497202 1.0872664226545945 20480
1761840611481 1.2284730195177955 25600
1761840726166 1.38331634881351 30720
1761840843715 1.505432648252389 35840
1761840960743 1.56902199344876 40960
1761841077117 1.6718469182788878 46080
1761841196247 1.7849254020538656 51200
1761841310821 1.8251447622389894 56320
1761841427697 1.892955689011524 61440
1761841551805 1.904054356753528 66560
1761841675661 1.9249028317601333 71680
1761841793107 1.954510058403634 76800
1761841909943 1.982104814657009 81920
1761842025034 2.0358565737051793 87040
1761842139961 2.089666904461395 92160
1761842257062 2.1387549779920354 97280
1761842369718 2.1696196196196196 102400
1761842483995 2.1989712527641574 107520
1761842609403 2.215654731810452 112640
1761842727697 2.2294612572133388 117760
1761842840922 2.249776376879499 122880
1761842957585 2.2645717806531116 128000
1761843076266 2.2858731041054554 133120
1761843187191 2.3143219752326742 138240
1761843300934 2.329365520821745 143360
1761843414240 2.336921921384885 148480
1761843527560 2.367946137294371 153600
1761843640444 2.397165279751032 158720
1761843756185 2.418647588276021 163840
1761843875893 2.433025515621481 168960
1761843987381 2.4566492212623747 174080
1761844101506 2.4682902859248794 179200
1761844212894 2.4890633932063664 184320
1761844327924 2.516996748448123 189440
1761844438626 2.5312844302696433 194560
1761844551271 2.538430949270011 199680
1761844663327 2.545819621841709 204800
1761844778305 2.552445064718277 209920
1761844889744 2.56339809482805 215040
1761845001495 2.5658820738553993 220160
1761845115297 2.5703630807479154 225280
1761845227411 2.5804211869814933 230400
1761845339190 2.5938734929144958 235520
1761845452840 2.5980096053869386 240640
1761845564292 2.6173372348207753 245760
1761845677014 2.629435300318647 250880
1761845790542 2.6357853070072097 256000
1761845903058 2.6450192370092247 261120
1761846015152 2.653230951512942 266240
1761846127475 2.6635524488058433 271360
1761846241576 2.674499890085733 276480
1761846353402 2.6831854203105094 281600
1761846467092 2.6973737373737374 286720
1761846584608 2.703920090463626 291840
1761846701472 2.7165061386466043 296960
1761846820191 2.727467199087279 302080
1761846937330 2.734742680304644 307200
1761847055611 2.7422089007106276 312320
1761847172281 2.743008669445586 317440
1761847289135 2.7472404260666163 322560
1761847405387 2.7491136441614885 327680
1761847522039 2.752863204536067 332800
1761847637555 2.7677803322456245 337920
1761847752628 2.776192827490353 343040
1761847869733 2.789590594694165 348160
1761847988758 2.7991122361665717 353280
1761848104538 2.8109288847393734 358400
1761848218091 2.8145656217945376 363520
1761848333675 2.8220068062287305 368640
1761848446645 2.8330385086406316 373760
1761848558283 2.843888318551305 378880
1761848674628 2.8454214645331737 384000
1761848788183 2.859738336213281 389120
1761848899148 2.8644026426270055 394240
1761849012465 2.8656164603761454 399360
1761849126095 2.873555728612069 404480
1761849241231 2.8790170429532735 409600
1761849353469 2.883707550690384 414720
1761849466657 2.889013625319103 419840
1761849579558 2.8941351737557386 424960
1761849692456 2.9019359889200014 430080
1761849806564 2.91064559415536 435200
1761849921017 2.911243388192306 440320
1761850032182 2.9166836719820424 445440
1761850147764 2.9255062715607454 450560
1761850260669 2.92623828074832 455680
1761850372843 2.9300336471852293 460800
1761850485872 2.929089612949218 465920
1761850600396 2.9337717173115525 471040
1761850714414 2.936723953622235 476160
1761850831407 2.942294378758467 481280
