1761840161749 114.59533892516598 5120
1761840273972 151.99507157093677 10240
1761840384626 50.624663552642694 15360
1761840497197 144.5165558350274 20480
1761840611477 57.45071020587067 25600
1761840726158 26.694398655830145 30720
1761840843709 68.53773877804467 35840
1761840960738 72.9038448167976 40960
1761841077111 137.239185917152 46080
1761841196242 102.57279107872148 51200
1761841310815 47.23368506402099 56320
1761841427692 85.96646853863497 61440
1761841551800 107.1834815496269 66560
1761841675656 55.27840160261479 71680
1761841793102 221.92084656084657 76800
1761841909937 38.07984021063144 81920
1761842025029 103.1529967290524 87040
1761842139955 56.773383145185306 92160
1761842257056 62.679199605481415 97280
1761842369711 51.773860662617885 102400
1761842483990 122.17249716000117 107520
1761842609397 30.941941956710977 112640
1761842727691 130.5376116522984 117760
1761842840917 106.91572775936783 122880
1761842957579 36.51666376458297 128000
1761843076259 115.82955455524565 133120
1761843187181 80.34911208597536 138240
1761843300928 39.55286063200777 143360
1761843414230 127.21963056204314 148480
1761843527554 48.22535729479264 153600
1761843640439 65.35219694608912 158720
1761843756179 196.5742138070019 163840
1761843875888 34.13250002034456 168960
1761843987375 217.86328693122792 174080
1761844101479 41.61759044273779 179200
1761844212887 46.19023181542867 184320
1761844327918 111.21639752870362 189440
1761844438615 80.26300782670265 194560
1761844551265 51.71194318756242 199680
1761844663321 91.56069767949529 204800
1761844778298 144.5813167873147 209920
1761844889739 118.50324913827203 215040
1761845001488 84.5421269047811 220160
1761845115291 68.22558029832295 225280
1761845227400 64.40785614471523 230400
1761845339179 95.30776222504998 235520
1761845452833 110.62095157717059 240640
1761845564286 111.54173869106188 245760
1761845677007 132.69754492533536 250880
1761845790535 38.47244108933141 256000
1761845903051 91.29165941145743 261120
1761846015145 88.10452463975129 266240
1761846127467 53.53359966304611 271360
1761846241569 63.88205370333704 276480
1761846353395 114.39842897665285 281600
1761846467085 122.8236258748426 286720
1761846584601 64.0772415478864 291840
1761846701464 32.20195009596929 296960
1761846820183 96.74102777008949 302080
1761846937301 73.4760002802887 307200
1761847055600 97.74198359433258 312320
1761847172273 92.11771940613195 317440
1761847289127 107.27668934472352 322560
1761847405377 92.95680503534939 327680
1761847522032 92.57518705718763 332800
1761847637505 31.53801732435034 337920
1761847752616 62.676389719067544 343040
1761847869726 106.95662374091546 348160
1761847988748 98.87562470532768 353280
1761848104529 119.28174501606803 358400
1761848218082 109.88770992166418 363520
1761848333668 69.63002805584607 368640
1761848446637 69.0704652120214 373760
1761848558276 81.43014677331676 378880
1761848674621 93.85960122630743 384000
1761848788176 144.8009390319685 389120
1761848899140 53.28807013086012 394240
1761849012458 154.3158204562178 399360
1761849126086 135.23905333075385 404480
1761849241222 132.30825526008644 409600
1761849353461 129.73010423432618 414720
1761849466649 146.86966874430982 419840
1761849579542 107.95315677039096 424960
1761849692448 132.56333754740834 430080
1761849806556 47.0730623330565 435200
1761849921007 97.8674195580652 440320
1761850032170 61.7972654408298 445440
1761850147755 96.11365979972044 450560
1761850260661 133.00050735667173 455680
1761850372835 55.37108080634728 460800
1761850485864 75.93012183421133 465920
1761850600388 45.7030281237401 471040
1761850714405 135.0474595917316 476160
1761850831393 175.37648436193342 481280
