1770645086884 20.13493537902832 5120
1770645104868 20.488441467285156 10240
1770645122838 20.21711540222168 15360
1770645140732 20.278268814086914 20480
1770645158376 18.570032119750977 25600
1770645176144 17.569355010986328 30720
1770645193853 16.8201847076416 35840
1770645211558 16.238544464111328 40960
1770645229315 15.73782730102539 46080
1770645247028 15.34658432006836 51200
1770645264739 14.962925910949707 56320
1770645282994 14.718517303466797 61440
1770645300763 14.545615196228027 66560
1770645318752 14.365782737731934 71680
1770645336836 14.198022842407227 76800
1770645354787 13.979914665222168 81920
1770645372954 13.53597354888916 87040
1770645390676 13.094385147094727 92160
1770645408601 12.766386985778809 97280
1770645426466 12.422871589660645 102400
1770645444342 12.109725952148438 107520
1770645462100 11.869683265686035 112640
1770645480196 11.580781936645508 117760
1770645497963 11.355088233947754 122880
1770645515715 11.137463569641113 128000
1770645533517 10.934357643127441 133120
1770645551316 10.782553672790527 138240
1770645569120 10.613849639892578 143360
1770645586822 10.426545143127441 148480
1770645604602 10.245809555053711 153600
1770645622339 10.11026382446289 158720
1770645640393 9.9908447265625 163840
1770645658122 9.860525131225586 168960
1770645675905 9.725714683532715 174080
1770645693616 9.605256080627441 179200
1770645711339 9.46286392211914 184320
1770645729086 9.370826721191406 189440
1770645749972 9.280071258544922 194560
1770645772513 9.15701675415039 199680
1770645792575 9.041526794433594 204800
1770645811920 8.940437316894531 209920
1770645832129 8.852180480957031 215040
1770645851944 8.77657413482666 220160
1770645871693 8.687225341796875 225280
1770645890605 8.592718124389648 230400
1770645909764 8.511348724365234 235520
1770645928827 8.459620475769043 240640
1770645947986 8.417793273925781 245760
1770645967063 8.368814468383789 250880
1770645985888 8.309565544128418 256000
1770646004952 8.252164840698242 261120
1770646024080 8.198518753051758 266240
1770646042912 8.169058799743652 271360
1770646061672 8.152433395385742 276480
1770646080641 8.133963584899902 281600
1770646099744 8.120732307434082 286720
1770646118544 8.095492362976074 291840
1770646137482 8.046448707580566 296960
1770646156625 7.984302520751953 302080
1770646175690 7.931055068969727 307200
1770646194558 7.883971214294434 312320
1770646213691 7.8393330574035645 317440
1770646232763 7.797231674194336 322560
1770646252333 7.746695041656494 327680
1770646271466 7.6885986328125 332800
1770646290142 7.65759801864624 337920
1770646308749 7.62851095199585 343040
1770646327466 7.574794769287109 348160
1770646346164 7.53533935546875 353280
1770646364879 7.496663570404053 358400
1770646383621 7.4607744216918945 363520
1770646402231 7.420306205749512 368640
1770646420821 7.382557392120361 373760
1770646439478 7.351043224334717 378880
1770646458295 7.3179097175598145 384000
1770646477311 7.300126075744629 389120
1770646496190 7.275065898895264 394240
1770646514941 7.244807720184326 399360
1770646533643 7.2248053550720215 404480
1770646552452 7.193610668182373 409600
1770646571538 7.163374423980713 414720
1770646590352 7.13614559173584 419840
1770646609141 7.112154960632324 424960
1770646627794 7.083400726318359 430080
1770646646457 7.047699928283691 435200
1770646665153 7.01523494720459 440320
1770646683804 6.989865303039551 445440
1770646702441 6.967179775238037 450560
1770646721086 6.956408500671387 455680
1770646739802 6.92929744720459 460800
1770646758473 6.902738571166992 465920
1770646777160 6.875688076019287 471040
1770646795813 6.852392196655273 476160
1770646814414 6.824224948883057 481280
1770646833080 6.802198886871338 486400
1770646852116 6.780450820922852 491520
1770646871032 6.753444194793701 496640
1770646889603 6.7349019050598145 501760
1770646908289 6.708570957183838 506880
1770646927137 6.6935882568359375 512000
1770646945892 6.66754674911499 517120
1770646964724 6.642403602600098 522240
1770646983534 6.6194963455200195 527360
1770647002167 6.595848083496094 532480
1770647020980 6.576048851013184 537600
1770647039739 6.551350116729736 542720
1770647058384 6.537859916687012 547840
1770647076986 6.512214660644531 552960
1770647095785 6.488379001617432 558080
1770647114465 6.465607643127441 563200
1770647133654 6.441618919372559 568320
1770647153052 6.4200615882873535 573440
1770647172267 6.402971267700195 578560
1770647190895 6.379344463348389 583680
1770647210076 6.3594794273376465 588800
1770647229011 6.339931488037109 593920
1770647247456 6.32035493850708 599040
1770647265581 6.304996013641357 604160
1770647283754 6.288706302642822 609280
1770647302332 6.266692638397217 614400
1770647320948 6.246392250061035 619520
1770647339884 6.2230024337768555 624640
1770647358210 6.209591388702393 629760
1770647376313 6.195632457733154 634880
1770647394779 6.185418128967285 640000
1770647413205 6.167686939239502 645120
1770647431518 6.153892993927002 650240
1770647450230 6.142536640167236 655360
1770647468529 6.126626968383789 660480
1770647486951 6.109879016876221 665600
1770647505248 6.0943756103515625 670720
1770647523573 6.073503494262695 675840
1770647542133 6.056009769439697 680960
1770647560618 6.0394744873046875 686080
1770647579329 6.031023979187012 691200
1770647597766 6.014247894287109 696320
1770647616190 5.995902061462402 701440
1770647634749 5.9787983894348145 706560
1770647653208 5.961917877197266 711680
1770647671803 5.94462251663208 716800
1770647690314 5.926240921020508 721920
1770647708446 5.907503128051758 727040
1770647726709 5.887616157531738 732160
1770647745482 5.8721795082092285 737280
1770647764471 5.858689308166504 742400
1770647783327 5.84377908706665 747520
1770647802180 5.824008464813232 752640
1770647820721 5.804161548614502 757760
1770647839664 5.7895827293396 762880
1770647858317 5.773594379425049 768000
1770647876971 5.758780479431152 773120
1770647896983 5.748925685882568 778240
1770647916493 5.735875129699707 783360
1770647935979 5.71934700012207 788480
1770647955724 5.703981876373291 793600
1770647975667 5.690310955047607 798720
1770647995150 5.678178310394287 803840
1770648014768 5.666601657867432 808960
1770648034179 5.653562068939209 814080
1770648054036 5.638317584991455 819200
1770648073732 5.622255802154541 824320
1770648095096 5.607281684875488 829440
1770648115041 5.595012187957764 834560
1770648134389 5.585293769836426 839680
1770648153325 5.572097301483154 844800
1770648172511 5.558406829833984 849920
1770648191462 5.5436930656433105 855040
1770648210600 5.533347129821777 860160
1770648230579 5.519697189331055 865280
1770648251344 5.5068583488464355 870400
1770648271056 5.495077133178711 875520
1770648289977 5.48090934753418 880640
1770648308920 5.469902038574219 885760
1770648328874 5.45823860168457 890880
1770648348414 5.446224689483643 896000
1770648368528 5.433543682098389 901120
1770648387853 5.422285556793213 906240
1770648406726 5.406998634338379 911360
1770648425654 5.3933892250061035 916480
1770648444603 5.384155750274658 921600
1770648464555 5.3729023933410645 926720
1770648483987 5.361624717712402 931840
1770648502450 5.351607322692871 936960
1770648520798 5.34419059753418 942080
1770648540302 5.333899021148682 947200
1770648559231 5.323380470275879 952320
1770648577438 5.313950538635254 957440
1770648596614 5.306807041168213 962560
1770648616350 5.294132232666016 967680
1770648636197 5.284593105316162 972800
1770648656179 5.2737321853637695 977920
1770648676274 5.262874603271484 983040
1770648695909 5.25423526763916 988160
1770648715551 5.24554443359375 993280
1770648734955 5.240257740020752 998400
1770648738878 5.238240718841553 1000448
