1770645086884 26.32601547241211 5120
1770645104868 26.63337516784668 10240
1770645122838 25.765125274658203 15360
1770645140732 26.044225692749023 20480
1770645158376 24.777137756347656 25600
1770645176144 24.306957244873047 30720
1770645193853 23.954179763793945 35840
1770645211558 23.704627990722656 40960
1770645229315 23.48240089416504 46080
1770645247028 23.302410125732422 51200
1770645264739 23.115163803100586 56320
1770645282994 22.998281478881836 61440
1770645300763 22.94947624206543 66560
1770645318752 22.91643524169922 71680
1770645336836 22.896223068237305 76800
1770645354787 22.796777725219727 81920
1770645372954 22.403366088867188 87040
1770645390676 22.030376434326172 92160
1770645408601 21.771024703979492 97280
1770645426466 21.3859920501709 102400
1770645444342 21.070255279541016 107520
1770645462100 20.866840362548828 112640
1770645480196 20.618505477905273 117760
1770645497963 20.472047805786133 122880
1770645515715 20.30722999572754 128000
1770645533517 20.188535690307617 133120
1770645551316 20.064002990722656 138240
1770645569120 19.958511352539062 143360
1770645586822 19.76300048828125 148480
1770645604602 19.581417083740234 153600
1770645622339 19.461483001708984 158720
1770645640393 19.286340713500977 163840
1770645658122 19.101116180419922 168960
1770645675905 18.92253303527832 174080
1770645693616 18.791494369506836 179200
1770645711339 18.631763458251953 184320
1770645729086 18.479509353637695 189440
1770645749972 18.366121292114258 194560
1770645772513 18.197778701782227 199680
1770645792575 18.069564819335938 204800
1770645811920 17.968164443969727 209920
1770645832129 17.910078048706055 215040
1770645851944 17.84093475341797 220160
1770645871693 17.76849937438965 225280
1770645890605 17.686464309692383 230400
1770645909764 17.616085052490234 235520
1770645928827 17.602710723876953 240640
1770645947986 17.601757049560547 245760
1770645967063 17.602157592773438 250880
1770645985888 17.559350967407227 256000
1770646004952 17.51214599609375 261120
1770646024080 17.474838256835938 266240
1770646042912 17.4517765045166 271360
1770646061672 17.46963882446289 276480
1770646080641 17.47126007080078 281600
1770646099744 17.4787540435791 286720
1770646118544 17.47734832763672 291840
1770646137482 17.42237663269043 296960
1770646156625 17.347349166870117 302080
1770646175690 17.300167083740234 307200
1770646194558 17.253875732421875 312320
1770646213691 17.196455001831055 317440
1770646232763 17.127601623535156 322560
1770646252333 17.058921813964844 327680
1770646271466 16.998552322387695 332800
1770646290142 16.9594669342041 337920
1770646308749 16.914091110229492 343040
1770646327466 16.849834442138672 348160
1770646346164 16.79889678955078 353280
1770646364879 16.741117477416992 358400
1770646383621 16.686159133911133 363520
1770646402231 16.624801635742188 368640
1770646420821 16.56783676147461 373760
1770646439478 16.531003952026367 378880
1770646458295 16.48470687866211 384000
1770646477311 16.448373794555664 389120
1770646496190 16.405126571655273 394240
1770646514941 16.356334686279297 399360
1770646533643 16.313255310058594 404480
1770646552452 16.272796630859375 409600
1770646571538 16.234434127807617 414720
1770646590352 16.226587295532227 419840
1770646609141 16.19896697998047 424960
1770646627794 16.160770416259766 430080
1770646646457 16.09513282775879 435200
1770646665153 16.050378799438477 440320
1770646683804 16.008710861206055 445440
1770646702441 15.97426986694336 450560
1770646721086 15.964009284973145 455680
1770646739802 15.92001724243164 460800
1770646758473 15.8871431350708 465920
1770646777160 15.856239318847656 471040
1770646795813 15.818222999572754 476160
1770646814414 15.782608032226562 481280
1770646833080 15.756087303161621 486400
1770646852116 15.723160743713379 491520
1770646871032 15.697383880615234 496640
1770646889603 15.676915168762207 501760
1770646908289 15.654950141906738 506880
1770646927137 15.649190902709961 512000
1770646945892 15.621668815612793 517120
1770646964724 15.593682289123535 522240
1770646983534 15.555124282836914 527360
1770647002167 15.519789695739746 532480
1770647020980 15.492427825927734 537600
1770647039739 15.444636344909668 542720
1770647058384 15.422471046447754 547840
1770647076986 15.387621879577637 552960
1770647095785 15.35795783996582 558080
1770647114465 15.330089569091797 563200
1770647133654 15.296496391296387 568320
1770647153052 15.260169982910156 573440
1770647172267 15.242393493652344 578560
1770647190895 15.210043907165527 583680
1770647210076 15.183158874511719 588800
1770647229011 15.157941818237305 593920
1770647247456 15.132345199584961 599040
1770647265581 15.11987018585205 604160
1770647283754 15.102273941040039 609280
1770647302332 15.078210830688477 614400
1770647320948 15.050272941589355 619520
1770647339884 15.01717758178711 624640
1770647358210 15.001708030700684 629760
1770647376313 14.98972225189209 634880
1770647394779 14.985876083374023 640000
1770647413205 14.960010528564453 645120
1770647431518 14.947300910949707 650240
1770647450230 14.93356990814209 655360
1770647468529 14.92011547088623 660480
1770647486951 14.901610374450684 665600
1770647505248 14.878218650817871 670720
1770647523573 14.851358413696289 675840
1770647542133 14.830924034118652 680960
1770647560618 14.811036109924316 686080
1770647579329 14.807720184326172 691200
1770647597766 14.788928031921387 696320
1770647616190 14.766376495361328 701440
1770647634749 14.74715518951416 706560
1770647653208 14.722527503967285 711680
1770647671803 14.70164966583252 716800
1770647690314 14.680922508239746 721920
1770647708446 14.655099868774414 727040
1770647726709 14.634395599365234 732160
1770647745482 14.61790943145752 737280
1770647764471 14.605670928955078 742400
1770647783327 14.586531639099121 747520
1770647802180 14.569631576538086 752640
1770647820721 14.540902137756348 757760
1770647839664 14.52527141571045 762880
1770647858317 14.510107040405273 768000
1770647876971 14.503195762634277 773120
1770647896983 14.491488456726074 778240
1770647916493 14.485389709472656 783360
1770647935979 14.467029571533203 788480
1770647955724 14.451735496520996 793600
1770647975667 14.441482543945312 798720
1770647995150 14.433981895446777 803840
1770648014768 14.42088508605957 808960
1770648034179 14.410141944885254 814080
1770648054036 14.389076232910156 819200
1770648073732 14.3731107711792 824320
1770648095096 14.357569694519043 829440
1770648115041 14.343934059143066 834560
1770648134389 14.34011173248291 839680
1770648153325 14.325567245483398 844800
1770648172511 14.308089256286621 849920
1770648191462 14.292080879211426 855040
1770648210600 14.27997875213623 860160
1770648230579 14.264718055725098 865280
1770648251344 14.250030517578125 870400
1770648271056 14.24045181274414 875520
1770648289977 14.224711418151855 880640
1770648308920 14.214215278625488 885760
1770648328874 14.201568603515625 890880
1770648348414 14.19482421875 896000
1770648368528 14.183053016662598 901120
1770648387853 14.172216415405273 906240
1770648406726 14.159530639648438 911360
1770648425654 14.1449556350708 916480
1770648444603 14.141274452209473 921600
1770648464555 14.13473129272461 926720
1770648483987 14.122774124145508 931840
1770648502450 14.114123344421387 936960
1770648520798 14.11081314086914 942080
1770648540302 14.097857475280762 947200
1770648559231 14.082737922668457 952320
1770648577438 14.069682121276855 957440
1770648596614 14.062975883483887 962560
1770648616350 14.045437812805176 967680
1770648636197 14.030720710754395 972800
1770648656179 14.014825820922852 977920
1770648676274 14.002321243286133 983040
1770648695909 13.99168586730957 988160
1770648715551 13.977545738220215 993280
1770648734955 13.97048282623291 998400
1770648738878 13.967668533325195 1000448
