1770645086880 19.405452728271484 5120
1770645104862 18.5029296875 10240
1770645122832 19.99004554748535 15360
1770645140727 21.059890747070312 20480
1770645158368 23.447771072387695 25600
1770645176139 27.498432159423828 30720
1770645193847 31.075138092041016 35840
1770645211553 34.30547332763672 40960
1770645229309 37.81450653076172 46080
1770645247023 40.28534698486328 51200
1770645264734 41.26250457763672 56320
1770645282988 42.256568908691406 61440
1770645300757 43.27621841430664 66560
1770645318747 43.26194381713867 71680
1770645336831 43.402618408203125 76800
1770645354781 43.82372283935547 81920
1770645372947 44.97838592529297 87040
1770645390669 46.418357849121094 92160
1770645408594 47.76676940917969 97280
1770645426457 48.40961456298828 102400
1770645444336 51.19261932373047 107520
1770645462090 51.8772087097168 112640
1770645480188 53.81591796875 117760
1770645497956 54.85486602783203 122880
1770645515709 56.935203552246094 128000
1770645533511 55.959381103515625 133120
1770645551308 58.470191955566406 138240
1770645569113 58.37528610229492 143360
1770645586815 59.50358200073242 148480
1770645604595 58.468238830566406 153600
1770645622333 59.42549514770508 158720
1770645640386 59.97388458251953 163840
1770645658115 59.25736618041992 168960
1770645675899 61.07574462890625 174080
1770645693610 61.7527961730957 179200
1770645711332 59.52539825439453 184320
1770645729079 60.3753662109375 189440
1770645749963 58.79779052734375 194560
1770645772505 59.02256393432617 199680
1770645792564 59.433189392089844 204800
1770645811908 57.980186462402344 209920
1770645832121 56.407997131347656 215040
1770645851936 54.969459533691406 220160
1770645871684 55.090415954589844 225280
1770645890597 54.45842361450195 230400
1770645909756 53.615692138671875 235520
1770645928819 52.910484313964844 240640
1770645947977 51.280174255371094 245760
1770645967053 51.764404296875 250880
1770645985881 51.570411682128906 256000
1770646004944 52.381629943847656 261120
1770646024072 51.2617301940918 266240
1770646042903 53.08952713012695 271360
1770646061663 50.108612060546875 276480
1770646080632 52.01871871948242 281600
1770646099735 50.88591384887695 286720
1770646118536 50.50981521606445 291840
1770646137474 49.845359802246094 296960
1770646156616 50.475563049316406 302080
1770646175681 51.552345275878906 307200
1770646194550 50.57401657104492 312320
1770646213681 50.552635192871094 317440
1770646232755 50.533935546875 322560
1770646252324 50.20122528076172 327680
1770646271458 49.69181823730469 332800
1770646290133 50.0283088684082 337920
1770646308741 49.20561218261719 343040
1770646327458 49.124759674072266 348160
1770646346153 48.18602752685547 353280
1770646364868 46.98599624633789 358400
1770646383612 46.918121337890625 363520
1770646402222 46.68333053588867 368640
1770646420811 47.28984832763672 373760
1770646439470 48.12208557128906 378880
1770646458285 48.19269943237305 384000
1770646477302 48.61821365356445 389120
1770646496180 48.003604888916016 394240
1770646514931 46.4046630859375 399360
1770646533634 47.35367202758789 404480
1770646552441 45.846744537353516 409600
1770646571528 46.02921676635742 414720
1770646590343 45.32140350341797 419840
1770646609131 46.02979278564453 424960
1770646627785 43.642093658447266 430080
1770646646447 43.753787994384766 435200
1770646665144 44.09170913696289 440320
1770646683795 44.550785064697266 445440
1770646702431 44.05481719970703 450560
1770646721075 43.77465057373047 455680
1770646739793 43.84819793701172 460800
1770646758462 43.82709503173828 465920
1770646777150 43.4051399230957 471040
1770646795803 44.09267044067383 476160
1770646814404 42.460975646972656 481280
1770646833070 42.054725646972656 486400
1770646852103 40.766517639160156 491520
1770646871022 41.609798431396484 496640
1770646889593 41.244850158691406 501760
1770646908276 40.948036193847656 506880
1770646927125 40.227840423583984 512000
1770646945875 39.12273406982422 517120
1770646964712 40.039649963378906 522240
1770646983523 39.59892272949219 527360
1770647002155 39.62022018432617 532480
1770647020963 38.93501281738281 537600
1770647039729 38.109642028808594 542720
1770647058368 40.20743942260742 547840
1770647076976 39.60880661010742 552960
1770647095774 38.91157150268555 558080
1770647114454 38.21927261352539 563200
1770647133641 39.932857513427734 568320
1770647153040 39.48560333251953 573440
1770647172253 38.845149993896484 578560
1770647190885 38.73224639892578 583680
1770647210057 37.72907638549805 588800
1770647228998 37.880741119384766 593920
1770647247445 37.59174346923828 599040
1770647265570 38.36785125732422 604160
1770647283743 37.3387336730957 609280
1770647302315 37.59952926635742 614400
1770647320936 37.5781364440918 619520
1770647339873 36.34946060180664 624640
1770647358199 38.255558013916016 629760
1770647376302 37.79182815551758 634880
1770647394767 36.47903823852539 640000
1770647413194 36.82659912109375 645120
1770647431505 35.98307800292969 650240
1770647450219 35.70884704589844 655360
1770647468519 36.25434875488281 660480
1770647486939 35.642066955566406 665600
1770647505232 35.6070671081543 670720
1770647523561 35.58837127685547 675840
1770647542122 35.32971954345703 680960
1770647560604 35.456947326660156 686080
1770647579316 35.77895736694336 691200
1770647597754 34.890892028808594 696320
1770647616176 35.20988845825195 701440
1770647634737 34.907615661621094 706560
1770647653196 35.499820709228516 711680
1770647671791 36.382850646972656 716800
1770647690301 34.69989013671875 721920
1770647708433 35.28710174560547 727040
1770647726696 35.29338836669922 732160
1770647745468 35.784481048583984 737280
1770647764458 35.87005615234375 742400
1770647783314 34.962127685546875 747520
1770647802167 35.31990432739258 752640
1770647820708 35.358009338378906 757760
1770647839650 35.18442916870117 762880
1770647858304 35.245872497558594 768000
1770647876954 36.11165237426758 773120
1770647896968 34.52138900756836 778240
1770647916480 35.421878814697266 783360
1770647935965 35.74006652832031 788480
1770647955708 35.57982635498047 793600
1770647975652 35.40465545654297 798720
1770647995136 35.111366271972656 803840
1770648014754 34.63948440551758 808960
1770648034166 34.427490234375 814080
1770648054022 34.32008361816406 819200
1770648073708 34.6041259765625 824320
1770648095078 34.243499755859375 829440
1770648115026 34.058204650878906 834560
1770648134374 33.393123626708984 839680
1770648153310 34.234954833984375 844800
1770648172497 34.06304168701172 849920
1770648191444 34.669342041015625 855040
1770648210587 34.48752975463867 860160
1770648230555 33.9224967956543 865280
1770648251318 34.08683395385742 870400
1770648271040 35.017662048339844 875520
1770648289963 33.927024841308594 880640
1770648308905 33.815059661865234 885760
1770648328853 33.62092590332031 890880
1770648348394 34.44686508178711 896000
1770648368502 32.38426971435547 901120
1770648387838 34.010162353515625 906240
1770648406711 33.665245056152344 911360
1770648425637 33.75386428833008 916480
1770648444588 33.95182800292969 921600
1770648464540 33.06231689453125 926720
1770648483973 33.15863800048828 931840
1770648502436 32.54670333862305 936960
1770648520783 33.591373443603516 942080
1770648540283 33.126556396484375 947200
1770648559216 34.336151123046875 952320
1770648577425 32.522518157958984 957440
1770648596599 33.73686981201172 962560
1770648616333 33.2084846496582 967680
1770648636178 33.77638244628906 972800
1770648656163 33.0064811706543 977920
1770648676257 33.19758605957031 983040
1770648695893 32.636390686035156 988160
1770648715532 33.676734924316406 993280
1770648734940 32.98502731323242 998400
1770648738856 34.04583740234375 1000448
