1770645086880 -3.0828731060028076 5120
1770645104862 -7.217313289642334 10240
1770645122832 -9.223237037658691 15360
1770645140727 -11.684743881225586 20480
1770645158368 -13.289522171020508 25600
1770645176139 -15.376879692077637 30720
1770645193847 -16.919754028320312 35840
1770645211553 -18.113439559936523 40960
1770645229309 -19.218379974365234 46080
1770645247023 -20.073041915893555 51200
1770645264734 -20.5644588470459 56320
1770645282988 -20.96321678161621 61440
1770645300757 -21.660266876220703 66560
1770645318747 -22.488353729248047 71680
1770645336831 -23.239187240600586 76800
1770645354781 -23.893978118896484 81920
1770645372947 -24.916568756103516 87040
1770645390669 -25.92245101928711 92160
1770645408594 -26.881845474243164 97280
1770645426457 -27.978656768798828 102400
1770645444336 -28.6511287689209 107520
1770645462090 -29.532581329345703 112640
1770645480188 -30.29201316833496 117760
1770645497956 -30.59750747680664 122880
1770645515709 -30.951772689819336 128000
1770645533511 -31.198144912719727 133120
1770645551308 -31.65836524963379 138240
1770645569113 -31.588125228881836 143360
1770645586815 -31.586034774780273 148480
1770645604595 -31.821346282958984 153600
1770645622333 -32.01515197753906 158720
1770645640386 -32.14542770385742 163840
1770645658115 -32.569583892822266 168960
1770645675899 -32.8399772644043 174080
1770645693610 -32.91167068481445 179200
1770645711332 -32.74705123901367 184320
1770645729079 -32.7841796875 189440
1770645749963 -32.77041244506836 194560
1770645772505 -32.621498107910156 199680
1770645792564 -32.58213424682617 204800
1770645811908 -32.407859802246094 209920
1770645832121 -32.23540115356445 215040
1770645851936 -32.01856994628906 220160
1770645871684 -31.78963851928711 225280
1770645890597 -31.64132308959961 230400
1770645909756 -31.612003326416016 235520
1770645928819 -31.719486236572266 240640
1770645947977 -31.54574203491211 245760
1770645967053 -31.657175064086914 250880
1770645985881 -31.718460083007812 256000
1770646004944 -31.78546714782715 261120
1770646024072 -31.892108917236328 266240
1770646042903 -32.15289306640625 271360
1770646061663 -32.228843688964844 276480
1770646080632 -32.2480583190918 281600
1770646099735 -32.24568557739258 286720
1770646118536 -32.27896499633789 291840
1770646137474 -32.20915985107422 296960
1770646156616 -32.31864547729492 302080
1770646175681 -32.275367736816406 307200
1770646194550 -32.37823486328125 312320
1770646213681 -32.349525451660156 317440
1770646232755 -32.59808349609375 322560
1770646252324 -32.63549041748047 327680
1770646271458 -32.703224182128906 332800
1770646290133 -32.57201385498047 337920
1770646308741 -32.601585388183594 343040
1770646327458 -32.524288177490234 348160
1770646346153 -32.419227600097656 353280
1770646364868 -32.38318634033203 358400
1770646383612 -32.304893493652344 363520
1770646402222 -32.22190856933594 368640
1770646420811 -32.325889587402344 373760
1770646439470 -32.16037368774414 378880
1770646458285 -32.136558532714844 384000
1770646477302 -32.04310607910156 389120
1770646496180 -31.832956314086914 394240
1770646514931 -31.7713623046875 399360
1770646533634 -31.607589721679688 404480
1770646552441 -31.702062606811523 409600
1770646571528 -31.54305648803711 414720
1770646590343 -31.63778305053711 419840
1770646609131 -31.340673446655273 424960
1770646627785 -31.3715877532959 430080
1770646646447 -31.289813995361328 435200
1770646665144 -31.35001564025879 440320
1770646683795 -31.22220802307129 445440
1770646702431 -31.34425926208496 450560
1770646721075 -31.353469848632812 455680
1770646739793 -31.101099014282227 460800
1770646758462 -31.127492904663086 465920
1770646777150 -30.923442840576172 471040
1770646795803 -30.936748504638672 476160
1770646814404 -30.80706214904785 481280
1770646833070 -30.699249267578125 486400
1770646852103 -30.574966430664062 491520
1770646871022 -30.53226089477539 496640
1770646889593 -30.39786720275879 501760
1770646908276 -30.291601181030273 506880
1770646927125 -30.160781860351562 512000
1770646945875 -29.965429306030273 517120
1770646964712 -30.00787353515625 522240
1770646983523 -29.774850845336914 527360
1770647002155 -29.869598388671875 532480
1770647020963 -29.94659423828125 537600
1770647039729 -29.785533905029297 542720
1770647058368 -29.819393157958984 547840
1770647076976 -29.6769962310791 552960
1770647095774 -29.629749298095703 558080
1770647114454 -29.59418296813965 563200
1770647133641 -29.61635971069336 568320
1770647153040 -29.525293350219727 573440
1770647172253 -29.567554473876953 578560
1770647190885 -29.441823959350586 583680
1770647210057 -29.319438934326172 588800
1770647228998 -29.304996490478516 593920
1770647247445 -29.31524658203125 599040
1770647265570 -29.214263916015625 604160
1770647283743 -29.167795181274414 609280
1770647302315 -29.330652236938477 614400
1770647320936 -29.334197998046875 619520
1770647339873 -29.265644073486328 624640
1770647358199 -29.267690658569336 629760
1770647376302 -29.13688087463379 634880
1770647394767 -29.1577205657959 640000
1770647413194 -29.275997161865234 645120
1770647431505 -29.263721466064453 650240
1770647450219 -29.292932510375977 655360
1770647468519 -29.331401824951172 660480
1770647486939 -29.394418716430664 665600
1770647505232 -29.2082462310791 670720
1770647523561 -29.237396240234375 675840
1770647542122 -29.2635555267334 680960
1770647560604 -29.22652816772461 686080
1770647579316 -29.314666748046875 691200
1770647597754 -29.372379302978516 696320
1770647616176 -29.346649169921875 701440
1770647634737 -29.307424545288086 706560
1770647653196 -29.291423797607422 711680
1770647671791 -29.32218360900879 716800
1770647690301 -29.240291595458984 721920
1770647708433 -29.39590835571289 727040
1770647726696 -29.475433349609375 732160
1770647745468 -29.373449325561523 737280
1770647764458 -29.478450775146484 742400
1770647783314 -29.623748779296875 747520
1770647802167 -29.637685775756836 752640
1770647820708 -29.559396743774414 757760
1770647839650 -29.574447631835938 762880
1770647858304 -29.523082733154297 768000
1770647876954 -29.616653442382812 773120
1770647896968 -29.5465087890625 778240
1770647916480 -29.555795669555664 783360
1770647935965 -29.586483001708984 788480
1770647955708 -29.7429256439209 793600
1770647975652 -29.6220703125 798720
1770647995136 -29.5103759765625 803840
1770648014754 -29.5308837890625 808960
1770648034166 -29.604272842407227 814080
1770648054022 -29.4307918548584 819200
1770648073708 -29.421117782592773 824320
1770648095078 -29.462072372436523 829440
1770648115026 -29.605571746826172 834560
1770648134374 -29.482624053955078 839680
1770648153310 -29.583511352539062 844800
1770648172497 -29.582530975341797 849920
1770648191444 -29.493200302124023 855040
1770648210587 -29.355892181396484 860160
1770648230555 -29.48699378967285 865280
1770648251318 -29.35042381286621 870400
1770648271040 -29.29778480529785 875520
1770648289963 -29.30807876586914 880640
1770648308905 -29.31766700744629 885760
1770648328853 -29.299875259399414 890880
1770648348394 -29.287744522094727 896000
1770648368502 -29.15964126586914 901120
1770648387838 -29.206714630126953 906240
1770648406711 -29.213497161865234 911360
1770648425637 -29.250110626220703 916480
1770648444588 -29.351512908935547 921600
1770648464540 -29.314594268798828 926720
1770648483973 -29.260051727294922 931840
1770648502436 -29.04547119140625 936960
1770648520783 -29.20365333557129 942080
1770648540283 -29.13108253479004 947200
1770648559216 -28.97086524963379 952320
1770648577425 -29.279333114624023 957440
1770648596599 -29.11374855041504 962560
1770648616333 -29.12203598022461 967680
1770648636178 -29.001312255859375 972800
1770648656163 -28.989734649658203 977920
1770648676257 -29.048248291015625 983040
1770648695893 -29.02251625061035 988160
1770648715532 -29.038259506225586 993280
1770648734940 -28.936437606811523 998400
1770648738856 -28.877071380615234 1000448
