1770645086884 1.1372039318084717 5120
1770645104868 1.1673165559768677 10240
1770645122838 1.049393653869629 15360
1770645140732 1.0947870016098022 20480
1770645158376 1.088053822517395 25600
1770645176144 1.1319290399551392 30720
1770645193853 1.1811938285827637 35840
1770645211558 1.226879596710205 40960
1770645229315 1.2626250982284546 46080
1770645247028 1.294044017791748 51200
1770645264739 1.314578652381897 56320
1770645282994 1.3324980735778809 61440
1770645300763 1.3451662063598633 66560
1770645318752 1.364620327949524 71680
1770645336836 1.3750543594360352 76800
1770645354787 1.3808794021606445 81920
1770645372954 1.3688687086105347 87040
1770645390676 1.3563566207885742 92160
1770645408601 1.3515329360961914 97280
1770645426466 1.3335222005844116 102400
1770645444342 1.3205541372299194 107520
1770645462100 1.3144588470458984 112640
1770645480196 1.3073842525482178 117760
1770645497963 1.3051953315734863 122880
1770645515715 1.3008402585983276 128000
1770645533517 1.3022257089614868 133120
1770645551316 1.2999651432037354 138240
1770645569120 1.3011865615844727 143360
1770645586822 1.2945486307144165 148480
1770645604602 1.2862823009490967 153600
1770645622339 1.280380129814148 158720
1770645640393 1.2662783861160278 163840
1770645658122 1.2534884214401245 168960
1770645675905 1.2390958070755005 174080
1770645693616 1.230910062789917 179200
1770645711339 1.2194857597351074 184320
1770645729086 1.206107497215271 189440
1770645749972 1.1992064714431763 194560
1770645772513 1.1877691745758057 199680
1770645792575 1.1807547807693481 204800
1770645811920 1.1750432252883911 209920
1770645832129 1.1745678186416626 215040
1770645851944 1.1695135831832886 220160
1770645871693 1.1668269634246826 225280
1770645890605 1.162873387336731 230400
1770645909764 1.1581579446792603 235520
1770645928827 1.1584270000457764 240640
1770645947986 1.1594133377075195 245760
1770645967063 1.163220763206482 250880
1770645985888 1.1611015796661377 256000
1770646004952 1.1589593887329102 261120
1770646024080 1.156679391860962 266240
1770646042912 1.1556013822555542 271360
1770646061672 1.1577974557876587 276480
1770646080641 1.1591633558273315 281600
1770646099744 1.1605911254882812 286720
1770646118544 1.1608362197875977 291840
1770646137482 1.1570024490356445 296960
1770646156625 1.1520521640777588 302080
1770646175690 1.1490801572799683 307200
1770646194558 1.146047592163086 312320
1770646213691 1.1419957876205444 317440
1770646232763 1.137037754058838 322560
1770646252333 1.13163161277771 327680
1770646271466 1.1282914876937866 332800
1770646290142 1.1253677606582642 337920
1770646308749 1.1208635568618774 343040
1770646327466 1.1174556016921997 348160
1770646346164 1.1146668195724487 353280
1770646364879 1.1115667819976807 358400
1770646383621 1.1069456338882446 363520
1770646402231 1.1025761365890503 368640
1770646420821 1.0985908508300781 373760
1770646439478 1.0956426858901978 378880
1770646458295 1.092639684677124 384000
1770646477311 1.0897572040557861 389120
1770646496190 1.086431860923767 394240
1770646514941 1.0819414854049683 399360
1770646533643 1.0781537294387817 404480
1770646552452 1.0757255554199219 409600
1770646571538 1.0724327564239502 414720
1770646590352 1.071670413017273 419840
1770646609141 1.0689120292663574 424960
1770646627794 1.0658475160598755 430080
1770646646457 1.0601768493652344 435200
1770646665153 1.0568513870239258 440320
1770646683804 1.0534757375717163 445440
1770646702441 1.0503100156784058 450560
1770646721086 1.0487020015716553 455680
1770646739802 1.0445970296859741 460800
1770646758473 1.0416655540466309 465920
1770646777160 1.038539171218872 471040
1770646795813 1.0347919464111328 476160
1770646814414 1.031517505645752 481280
1770646833080 1.0288856029510498 486400
1770646852116 1.025878667831421 491520
1770646871032 1.0240252017974854 496640
1770646889603 1.0228804349899292 501760
1770646908289 1.0217485427856445 506880
1770646927137 1.0212104320526123 512000
1770646945892 1.0191919803619385 517120
1770646964724 1.0168312788009644 522240
1770646983534 1.013405203819275 527360
1770647002167 1.0102393627166748 532480
1770647020980 1.0078306198120117 537600
1770647039739 1.0040898323059082 542720
1770647058384 1.001785397529602 547840
1770647076986 0.9992976188659668 552960
1770647095785 0.996654212474823 558080
1770647114465 0.9943982362747192 563200
1770647133654 0.9916509985923767 568320
1770647153052 0.9886374473571777 573440
1770647172267 0.9873186349868774 578560
1770647190895 0.9849647879600525 583680
1770647210076 0.982917308807373 588800
1770647229011 0.9804942011833191 593920
1770647247456 0.9788147807121277 599040
1770647265581 0.9776866436004639 604160
1770647283754 0.976412832736969 609280
1770647302332 0.9749688506126404 614400
1770647320948 0.9727634191513062 619520
1770647339884 0.970655083656311 624640
1770647358210 0.969545841217041 629760
1770647376313 0.9689244627952576 634880
1770647394779 0.9687729477882385 640000
1770647413205 0.966952383518219 645120
1770647431518 0.9655470848083496 650240
1770647450230 0.9639807343482971 655360
1770647468529 0.9630220532417297 660480
1770647486951 0.961799144744873 665600
1770647505248 0.9597118496894836 670720
1770647523573 0.9582182168960571 675840
1770647542133 0.9571011066436768 680960
1770647560618 0.9557202458381653 686080
1770647579329 0.9549615979194641 691200
1770647597766 0.954100489616394 696320
1770647616190 0.9531067609786987 701440
1770647634749 0.9518698453903198 706560
1770647653208 0.950275719165802 711680
1770647671803 0.9492146372795105 716800
1770647690314 0.9476765990257263 721920
1770647708446 0.9456750154495239 727040
1770647726709 0.9447794556617737 732160
1770647745482 0.9436742067337036 737280
1770647764471 0.9429453015327454 742400
1770647783327 0.9413371682167053 747520
1770647802180 0.9403566718101501 752640
1770647820721 0.938410758972168 757760
1770647839664 0.9373911023139954 762880
1770647858317 0.9365980625152588 768000
1770647876971 0.9362492561340332 773120
1770647896983 0.935090959072113 778240
1770647916493 0.9352264404296875 783360
1770647935979 0.9342541098594666 788480
1770647955724 0.9334011077880859 793600
1770647975667 0.9328831434249878 798720
1770647995150 0.9323448538780212 803840
1770648014768 0.9313592314720154 808960
1770648034179 0.930322527885437 814080
1770648054036 0.9290260076522827 819200
1770648073732 0.9283000826835632 824320
1770648095096 0.9270710349082947 829440
1770648115041 0.9260901212692261 834560
1770648134389 0.9260490536689758 839680
1770648153325 0.9251965880393982 844800
1770648172511 0.9240169525146484 849920
1770648191462 0.923279881477356 855040
1770648210600 0.922287106513977 860160
1770648230579 0.9214672446250916 865280
1770648251344 0.9208767414093018 870400
1770648271056 0.9204583168029785 875520
1770648289977 0.9195117354393005 880640
1770648308920 0.9187424182891846 885760
1770648328874 0.9179105758666992 890880
1770648348414 0.9180045127868652 896000
1770648368528 0.9174057841300964 901120
1770648387853 0.91688472032547 906240
1770648406726 0.9163088798522949 911360
1770648425654 0.9152876734733582 916480
1770648444603 0.9153950214385986 921600
1770648464555 0.9151549935340881 926720
1770648483987 0.9147790670394897 931840
1770648502450 0.9146789908409119 936960
1770648520798 0.9145126938819885 942080
1770648540302 0.9137399792671204 947200
1770648559231 0.9126842617988586 952320
1770648577438 0.9119487404823303 957440
1770648596614 0.9117051362991333 962560
1770648616350 0.9110379219055176 967680
1770648636197 0.9102001190185547 972800
1770648656179 0.9091793298721313 977920
1770648676274 0.9085221886634827 983040
1770648695909 0.907714307308197 988160
1770648715551 0.9068132042884827 993280
1770648734955 0.9064145684242249 998400
1770648738878 0.9061989188194275 1000448
