1770645086884 1.941305160522461 5120
1770645104868 1.9328080415725708 10240
1770645122838 1.6389480829238892 15360
1770645140732 1.7842165231704712 20480
1770645158376 2.0760653018951416 25600
1770645176144 2.3433070182800293 30720
1770645193853 2.58512544631958 35840
1770645211558 2.7843918800354004 40960
1770645229315 2.9524214267730713 46080
1770645247028 3.0812108516693115 51200
1770645264739 3.1884307861328125 56320
1770645282994 3.275651216506958 61440
1770645300763 3.3320505619049072 66560
1770645318752 3.412045955657959 71680
1770645336836 3.4916181564331055 76800
1770645354787 3.557305097579956 81920
1770645372954 3.609720230102539 87040
1770645390676 3.6597182750701904 92160
1770645408601 3.7090063095092773 97280
1770645426466 3.7179083824157715 102400
1770645444342 3.7416131496429443 107520
1770645462100 3.7694993019104004 112640
1770645480196 3.8117358684539795 117760
1770645497963 3.853057861328125 122880
1770645515715 3.8885250091552734 128000
1770645533517 3.940544366836548 133120
1770645551316 3.9618730545043945 138240
1770645569120 4.003396511077881 143360
1770645586822 4.005524158477783 148480
1770645604602 4.013009548187256 153600
1770645622339 4.024495601654053 158720
1770645640393 4.004854679107666 163840
1770645658122 3.9838428497314453 168960
1770645675905 3.9681451320648193 174080
1770645693616 3.96781849861145 179200
1770645711339 3.9613187313079834 184320
1770645729086 3.935490369796753 189440
1770645749972 3.928283214569092 194560
1770645772513 3.9143331050872803 199680
1770645792575 3.91579008102417 204800
1770645811920 3.9159257411956787 209920
1770645832129 3.9306535720825195 215040
1770645851944 3.928786039352417 220160
1770645871693 3.9418773651123047 225280
1770645890605 3.95361065864563 230400
1770645909764 3.9582881927490234 235520
1770645928827 3.9769279956817627 240640
1770645947986 3.996770143508911 245760
1770645967063 4.025303840637207 250880
1770645985888 4.039857864379883 256000
1770646004952 4.048773288726807 261120
1770646024080 4.061843395233154 266240
1770646042912 4.064884662628174 271360
1770646061672 4.082788944244385 276480
1770646080641 4.0971598625183105 281600
1770646099744 4.107085227966309 286720
1770646118544 4.12160062789917 291840
1770646137482 4.120447635650635 296960
1770646156625 4.118680000305176 302080
1770646175690 4.122578144073486 307200
1770646194558 4.123591423034668 312320
1770646213691 4.121366024017334 317440
1770646232763 4.111949920654297 322560
1770646252333 4.105898857116699 327680
1770646271466 4.111378192901611 332800
1770646290142 4.109255313873291 337920
1770646308749 4.099598407745361 343040
1770646327466 4.096817970275879 348160
1770646346164 4.094820022583008 353280
1770646364879 4.0886030197143555 358400
1770646383621 4.082474708557129 363520
1770646402231 4.073261737823486 368640
1770646420821 4.06493616104126 373760
1770646439478 4.0617876052856445 378880
1770646458295 4.05841588973999 384000
1770646477311 4.051079273223877 389120
1770646496190 4.042579174041748 394240
1770646514941 4.035391330718994 399360
1770646533643 4.024354457855225 404480
1770646552452 4.0231451988220215 409600
1770646571538 4.0213942527771 414720
1770646590352 4.030856609344482 419840
1770646609141 4.027616024017334 424960
1770646627794 4.026777744293213 430080
1770646646457 4.014381408691406 435200
1770646665153 4.0120415687561035 440320
1770646683804 4.005676746368408 445440
1770646702441 4.0023722648620605 450560
1770646721086 4.001558780670166 455680
1770646739802 3.993532419204712 460800
1770646758473 3.991365432739258 465920
1770646777160 3.9903907775878906 471040
1770646795813 3.9835357666015625 476160
1770646814414 3.980567455291748 481280
1770646833080 3.979015588760376 486400
1770646852116 3.974921703338623 491520
1770646871032 3.9777987003326416 496640
1770646889603 3.9759602546691895 501760
1770646908289 3.9803240299224854 506880
1770646927137 3.9865760803222656 512000
1770646945892 3.984985828399658 517120
1770646964724 3.9849774837493896 522240
1770646983534 3.9791836738586426 527360
1770647002167 3.9739811420440674 532480
1770647020980 3.972130060195923 537600
1770647039739 3.962786912918091 542720
1770647058384 3.958508014678955 547840
1770647076986 3.955357789993286 552960
1770647095785 3.9516191482543945 558080
1770647114465 3.9496498107910156 563200
1770647133654 3.9468140602111816 568320
1770647153052 3.9415106773376465 573440
1770647172267 3.9435389041900635 578560
1770647190895 3.940354347229004 583680
1770647210076 3.9384825229644775 588800
1770647229011 3.935220241546631 593920
1770647247456 3.932769775390625 599040
1770647265581 3.933289051055908 604160
1770647283754 3.9335668087005615 609280
1770647302332 3.933251142501831 614400
1770647320948 3.9302916526794434 619520
1770647339884 3.9284446239471436 624640
1770647358210 3.9288198947906494 629760
1770647376313 3.9311532974243164 634880
1770647394779 3.93349289894104 640000
1770647413205 3.931349277496338 645120
1770647431518 3.932243824005127 650240
1770647450230 3.9289393424987793 655360
1770647468529 3.9310922622680664 660480
1770647486951 3.9308323860168457 665600
1770647505248 3.9262962341308594 670720
1770647523573 3.923978805541992 675840
1770647542133 3.9238805770874023 680960
1770647560618 3.9220662117004395 686080
1770647579329 3.923525094985962 691200
1770647597766 3.9242193698883057 696320
1770647616190 3.924947500228882 701440
1770647634749 3.924969434738159 706560
1770647653208 3.9225447177886963 711680
1770647671803 3.922240734100342 716800
1770647690314 3.92388653755188 721920
1770647708446 3.9214789867401123 727040
1770647726709 3.923848867416382 732160
1770647745482 3.9235928058624268 737280
1770647764471 3.9259092807769775 742400
1770647783327 3.9246723651885986 747520
1770647802180 3.9275717735290527 752640
1770647820721 3.923799991607666 757760
1770647839664 3.9249532222747803 762880
1770647858317 3.925184726715088 768000
1770647876971 3.929448127746582 773120
1770647896983 3.9299237728118896 778240
1770647916493 3.9345951080322266 783360
1770647935979 3.9356653690338135 788480
1770647955724 3.937406301498413 793600
1770647975667 3.940861940383911 798720
1770647995150 3.943115234375 803840
1770648014768 3.942276954650879 808960
1770648034179 3.9430668354034424 814080
1770648054036 3.941885232925415 819200
1770648073732 3.943103075027466 824320
1770648095096 3.9425134658813477 829440
1770648115041 3.9415149688720703 834560
1770648134389 3.9446401596069336 839680
1770648153325 3.9434268474578857 844800
1770648172511 3.9422056674957275 849920
1770648191462 3.9416208267211914 855040
1770648210600 3.940356492996216 860160
1770648230579 3.9410245418548584 865280
1770648251344 3.9420087337493896 870400
1770648271056 3.9452788829803467 875520
1770648289977 3.945535182952881 880640
1770648308920 3.945767402648926 885760
1770648328874 3.9452624320983887 890880
1770648348414 3.949228048324585 896000
1770648368528 3.9512455463409424 901120
1770648387853 3.951627492904663 906240
1770648406726 3.95294189453125 911360
1770648425654 3.9525346755981445 916480
1770648444603 3.956428050994873 921600
1770648464555 3.9583961963653564 926720
1770648483987 3.95963454246521 931840
1770648502450 3.9621434211730957 936960
1770648520798 3.9646060466766357 942080
1770648540302 3.963561534881592 947200
1770648559231 3.962440252304077 952320
1770648577438 3.9606597423553467 957440
1770648596614 3.9615094661712646 962560
1770648616350 3.960413694381714 967680
1770648636197 3.9587528705596924 972800
1770648656179 3.9559998512268066 977920
1770648676274 3.9559824466705322 983040
1770648695909 3.9544155597686768 988160
1770648715551 3.95216965675354 993280
1770648734955 3.95102596282959 998400
1770648738878 3.95080304145813 1000448
