1769370922816 0.0 5120
1769370933280 0.0 10240
1769370941696 0.0 15360
1769370949477 0.0 20480
1769370958166 0.0 25600
1769370969674 0.0 30720
1769370977944 0.0 35840
1769370986729 0.0 40960
1769370994409 0.0 46080
1769371004962 0.0 51200
1769371012851 0.0 56320
1769371021150 0.0 61440
1769371028653 0.0 66560
1769371038498 0.0 71680
1769371046718 0.0 76800
1769371057023 0.0 81920
1769371064506 0.0 87040
1769371072581 0.0 92160
1769371080913 0.0 97280
1769371091319 0.0 102400
1769371099154 0.0 107520
1769371107664 0.0 112640
1769371115759 0.0 117760
1769371126222 0.0 122880
1769371134072 0.0 128000
1769371142435 0.0 133120
1769371150485 0.0 138240
1769371161802 0.0 143360
1769371170072 0.0 148480
1769371178764 0.0 153600
1769371186718 0.0 158720
1769371197684 0.0 163840
1769371205179 0.0 168960
1769371212969 0.0 174080
1769371221635 0.0 179200
1769371232369 0.0 184320
1769371240460 0.0 189440
1769371248720 0.0 194560
1769371257321 0.0 199680
1769371269112 0.0 204800
1769371277559 0.0 209920
1769371286263 0.0 215040
1769371294617 0.0 220160
1769371305615 0.0 225280
1769371314242 0.0 230400
1769371321851 0.0 235520
1769371329523 0.0 240640
1769371340103 0.0 245760
1769371347851 0.0 250880
1769371355179 0.0 256000
1769371363166 0.0 261120
1769371373945 0.0 266240
1769371381592 0.0 271360
1769371389249 0.0 276480
1769371397002 0.0 281600
1769371407361 0.0 286720
1769371414804 0.0 291840
1769371422355 0.0 296960
1769371427483 0.0 300032
