1769370922816 0.08395107090473175 5120
1769370933280 0.08886350691318512 10240
1769370941696 0.09207729250192642 15360
1769370949477 0.09083165973424911 20480
1769370958166 0.09380628168582916 25600
1769370969674 0.09447890520095825 30720
1769370977944 0.09359339624643326 35840
1769370986729 0.09256996214389801 40960
1769370994409 0.09142874926328659 46080
1769371004962 0.09109831601381302 51200
1769371012851 0.09177011251449585 56320
1769371021150 0.09212770313024521 61440
1769371028653 0.09212429076433182 66560
1769371038498 0.09260550886392593 71680
1769371046718 0.09256739169359207 76800
1769371057023 0.09300024062395096 81920
1769371064506 0.09294642508029938 87040
1769371072581 0.09280505031347275 92160
1769371080913 0.09260229021310806 97280
1769371091319 0.09236364811658859 102400
1769371099154 0.09211567789316177 107520
1769371107664 0.09222579002380371 112640
1769371115759 0.0921894833445549 117760
1769371126222 0.09208913892507553 122880
1769371134072 0.09174931049346924 128000
1769371142435 0.09120955318212509 133120
1769371150485 0.0913335308432579 138240
1769371161802 0.09113004803657532 143360
1769371170072 0.09142491221427917 148480
1769371178764 0.09144987910985947 153600
1769371186718 0.09144816547632217 158720
1769371197684 0.09175408631563187 163840
1769371205179 0.09189941734075546 168960
1769371212969 0.09192255884408951 174080
1769371221635 0.09160533547401428 179200
1769371232369 0.09141194075345993 184320
1769371240460 0.09153134375810623 189440
1769371248720 0.0916316881775856 194560
1769371257321 0.09195034205913544 199680
1769371269112 0.09188329428434372 204800
1769371277559 0.0919860377907753 209920
1769371286263 0.09186924993991852 215040
1769371294617 0.09180359542369843 220160
1769371305615 0.09190969914197922 225280
1769371314242 0.09200013428926468 230400
1769371321851 0.09203842282295227 235520
1769371329523 0.09224396198987961 240640
1769371340103 0.09218963980674744 245760
1769371347851 0.0921529084444046 250880
1769371355179 0.09209887683391571 256000
1769371363166 0.09205655008554459 261120
1769371373945 0.09201762080192566 266240
1769371381592 0.09185020625591278 271360
1769371389249 0.0917460098862648 276480
1769371397002 0.09177300333976746 281600
1769371407361 0.09175710380077362 286720
1769371414804 0.09156852960586548 291840
1769371422355 0.09167614579200745 296960
1769371427483 0.0917367935180664 300032
