1769370922816 23.813852310180664 5120
1769370933280 24.17482566833496 10240
1769370941696 24.20081901550293 15360
1769370949477 24.168468475341797 20480
1769370958166 24.868370056152344 25600
1769370969674 24.999082565307617 30720
1769370977944 24.974756240844727 35840
1769370986729 24.91996955871582 40960
1769370994409 24.875194549560547 46080
1769371004962 24.857656478881836 51200
1769371012851 24.948278427124023 56320
1769371021150 24.94599151611328 61440
1769371028653 24.949275970458984 66560
1769371038498 25.0072021484375 71680
1769371046718 24.957496643066406 76800
1769371057023 25.000350952148438 81920
1769371064506 24.993408203125 87040
1769371072581 24.986934661865234 92160
1769371080913 24.922338485717773 97280
1769371091319 24.900232315063477 102400
1769371099154 24.8674373626709 107520
1769371107664 24.869243621826172 112640
1769371115759 24.878793716430664 117760
1769371126222 24.8716983795166 122880
1769371134072 24.84663963317871 128000
1769371142435 24.844266891479492 133120
1769371150485 24.784740447998047 138240
1769371161802 24.75882911682129 143360
1769371170072 24.767873764038086 148480
1769371178764 24.77923583984375 153600
1769371186718 24.768247604370117 158720
1769371197684 24.78619956970215 163840
1769371205179 24.80238151550293 168960
1769371212969 24.800294876098633 174080
1769371221635 24.781639099121094 179200
1769371232369 24.73853302001953 184320
1769371240460 24.762577056884766 189440
1769371248720 24.739093780517578 194560
1769371257321 24.78265380859375 199680
1769371269112 24.750732421875 204800
1769371277559 24.772207260131836 209920
1769371286263 24.750341415405273 215040
1769371294617 24.742033004760742 220160
1769371305615 24.737091064453125 225280
1769371314242 24.745786666870117 230400
1769371321851 24.752330780029297 235520
1769371329523 24.741973876953125 240640
1769371340103 24.74308967590332 245760
1769371347851 24.747278213500977 250880
1769371355179 24.75615119934082 256000
1769371363166 24.762075424194336 261120
1769371373945 24.725688934326172 266240
1769371381592 24.717737197875977 271360
1769371389249 24.72012710571289 276480
1769371397002 24.72257423400879 281600
1769371407361 24.725845336914062 286720
1769371414804 24.70802116394043 291840
1769371422355 24.722492218017578 296960
1769371427483 24.721786499023438 300032
