1769370922816 1.1147063970565796 5120
1769370933280 1.1324316263198853 10240
1769370941696 1.1345953941345215 15360
1769370949477 1.1326762437820435 20480
1769370958166 1.1587398052215576 25600
1769370969674 1.1646782159805298 30720
1769370977944 1.1621860265731812 35840
1769370986729 1.1588475704193115 40960
1769370994409 1.1581782102584839 46080
1769371004962 1.1570109128952026 51200
1769371012851 1.162204384803772 56320
1769371021150 1.162693738937378 61440
1769371028653 1.161938190460205 66560
1769371038498 1.1630069017410278 71680
1769371046718 1.1602588891983032 76800
1769371057023 1.1611226797103882 81920
1769371064506 1.1606379747390747 87040
1769371072581 1.159279227256775 92160
1769371080913 1.156523585319519 97280
1769371091319 1.1559184789657593 102400
1769371099154 1.1552205085754395 107520
1769371107664 1.1561552286148071 112640
1769371115759 1.1563893556594849 117760
1769371126222 1.1559298038482666 122880
1769371134072 1.1553038358688354 128000
1769371142435 1.1541764736175537 133120
1769371150485 1.1517274379730225 138240
1769371161802 1.1508889198303223 143360
1769371170072 1.1508708000183105 148480
1769371178764 1.1510729789733887 153600
1769371186718 1.151334285736084 158720
1769371197684 1.1515748500823975 163840
1769371205179 1.1521430015563965 168960
1769371212969 1.1520918607711792 174080
1769371221635 1.1513478755950928 179200
1769371232369 1.1496717929840088 184320
1769371240460 1.1499217748641968 189440
1769371248720 1.1492807865142822 194560
1769371257321 1.1507775783538818 199680
1769371269112 1.149526596069336 204800
1769371277559 1.1502255201339722 209920
1769371286263 1.1493639945983887 215040
1769371294617 1.1490861177444458 220160
1769371305615 1.1490522623062134 225280
1769371314242 1.1495625972747803 230400
1769371321851 1.1497098207473755 235520
1769371329523 1.1493983268737793 240640
1769371340103 1.1495811939239502 245760
1769371347851 1.1495789289474487 250880
1769371355179 1.1499463319778442 256000
1769371363166 1.1502354145050049 261120
1769371373945 1.1485518217086792 266240
1769371381592 1.147910237312317 271360
1769371389249 1.1476342678070068 276480
1769371397002 1.1478480100631714 281600
1769371407361 1.1481555700302124 286720
1769371414804 1.1472177505493164 291840
1769371422355 1.1472492218017578 296960
1769371427483 1.1473517417907715 300032
