1769370922805 14.78179931640625 5120
1769370933271 13.847513198852539 10240
1769370941689 14.211807250976562 15360
1769370949468 14.088529586791992 20480
1769370958157 13.302413940429688 25600
1769370969667 12.0492525100708 30720
1769370977933 11.210942268371582 35840
1769370986721 10.25052547454834 40960
1769370994402 9.127309799194336 46080
1769371004955 8.771013259887695 51200
1769371012842 8.259428977966309 56320
1769371021140 7.6049485206604 61440
1769371028647 7.79384708404541 66560
1769371038489 8.281648635864258 71680
1769371046712 7.623470306396484 76800
1769371057017 7.484527587890625 81920
1769371064499 7.663387298583984 87040
1769371072570 7.974206447601318 92160
1769371080907 8.842073440551758 97280
1769371091311 8.398355484008789 102400
1769371099147 8.262757301330566 107520
1769371107656 8.467885971069336 112640
1769371115752 8.470499038696289 117760
1769371126216 8.126410484313965 122880
1769371134064 8.7881441116333 128000
1769371142427 8.304916381835938 133120
1769371150474 9.67103385925293 138240
1769371161794 8.974922180175781 143360
1769371170064 10.596418380737305 148480
1769371178752 9.715903282165527 153600
1769371186706 9.370536804199219 158720
1769371197676 8.861772537231445 163840
1769371205167 10.196745872497559 168960
1769371212957 9.596182823181152 174080
1769371221627 9.656957626342773 179200
1769371232355 9.723421096801758 184320
1769371240451 10.7515287399292 189440
1769371248712 9.87813949584961 194560
1769371257309 9.82710075378418 199680
1769371269103 10.041101455688477 204800
1769371277552 10.343069076538086 209920
1769371286251 10.171009063720703 215040
1769371294609 10.454252243041992 220160
1769371305603 10.246294975280762 225280
1769371314231 10.334749221801758 230400
1769371321839 10.380189895629883 235520
1769371329513 10.01551628112793 240640
1769371340095 10.04549789428711 245760
1769371347843 10.305093765258789 250880
1769371355170 9.759511947631836 256000
1769371363157 10.45256233215332 261120
1769371373937 10.768440246582031 266240
1769371381583 10.059965133666992 271360
1769371389241 10.268678665161133 276480
1769371396993 10.299734115600586 281600
1769371407353 10.458343505859375 286720
1769371414788 10.205652236938477 291840
1769371422344 10.04211711883545 296960
1769371427472 9.972043991088867 300032
