1769370922816 0.29049262404441833 5120
1769370933280 0.30382558703422546 10240
1769370941696 0.3113515079021454 15360
1769370949477 0.3081018328666687 20480
1769370958166 0.3172185719013214 25600
1769370969674 0.31951838731765747 30720
1769370977944 0.31683075428009033 35840
1769370986729 0.31385913491249084 40960
1769370994409 0.31114280223846436 46080
1769371004962 0.31001174449920654 51200
1769371012851 0.31171149015426636 56320
1769371021150 0.3123323917388916 61440
1769371028653 0.31213247776031494 66560
1769371038498 0.3129221200942993 71680
1769371046718 0.3127628564834595 76800
1769371057023 0.3138139247894287 81920
1769371064506 0.3138808310031891 87040
1769371072581 0.31341928243637085 92160
1769371080913 0.31289419531822205 97280
1769371091319 0.3123959004878998 102400
1769371099154 0.31201687455177307 107520
1769371107664 0.31242242455482483 112640
1769371115759 0.3124963641166687 117760
1769371126222 0.3122608959674835 122880
1769371134072 0.3115300238132477 128000
1769371142435 0.31008225679397583 133120
1769371150485 0.3100966811180115 138240
1769371161802 0.30958303809165955 143360
1769371170072 0.31015661358833313 148480
1769371178764 0.3102690875530243 153600
1769371186718 0.31041765213012695 158720
1769371197684 0.3109261989593506 163840
1769371205179 0.31126868724823 168960
1769371212969 0.31136906147003174 174080
1769371221635 0.31065064668655396 179200
1769371232369 0.3101559579372406 184320
1769371240460 0.31030651926994324 189440
1769371248720 0.31067249178886414 194560
1769371257321 0.3114648759365082 199680
1769371269112 0.31120234727859497 204800
1769371277559 0.31142204999923706 209920
1769371286263 0.31107115745544434 215040
1769371294617 0.3109484314918518 220160
1769371305615 0.3112206757068634 225280
1769371314242 0.31146955490112305 230400
1769371321851 0.3115138113498688 235520
1769371329523 0.31196194887161255 240640
1769371340103 0.31192177534103394 245760
1769371347851 0.31186363101005554 250880
1769371355179 0.3118255138397217 256000
1769371363166 0.3117779493331909 261120
1769371373945 0.3115488290786743 266240
1769371381592 0.31108105182647705 271360
1769371389249 0.31080159544944763 276480
1769371397002 0.31091585755348206 281600
1769371407361 0.3109765946865082 286720
1769371414804 0.31045952439308167 291840
1769371422355 0.3106732964515686 296960
1769371427483 0.3108340799808502 300032
