1769370922805 203.78505490234184 5120
1769370933271 207.2284584980237 10240
1769370941689 382.20375432841263 15360
1769370949468 411.52904238618527 20480
1769370958157 354.8480541455161 25600
1769370969667 391.2597014925373 30720
1769370977933 380.43573696145125 35840
1769370986721 370.1618568528815 40960
1769370994402 480.7776249426868 46080
1769371004955 134.32949013579298 51200
1769371012842 350.48917857441296 56320
1769371021140 204.21169482448025 61440
1769371028647 406.4641922666925 66560
1769371038489 403.6477721104802 71680
1769371046712 210.6208697398815 76800
1769371057017 93.22125663992176 81920
1769371064499 509.32653309046754 87040
1769371072570 319.4443259710586 92160
1769371080907 575.4292769927288 97280
1769371091311 235.80727497610616 102400
1769371099147 487.5396954550738 107520
1769371107656 483.43752881512216 112640
1769371115752 521.7444955840278 117760
1769371126216 351.10530721580443 122880
1769371134064 350.10884808013355 128000
1769371142427 528.3164126464291 133120
1769371150474 464.8973620039902 138240
1769371161794 396.10010388138636 143360
1769371170064 448.8286784376672 148480
1769371178752 414.293164757013 153600
1769371186706 372.3636363636364 158720
1769371197676 514.2599313388916 163840
1769371205167 342.0013046314416 168960
1769371212957 398.35729888878336 174080
1769371221627 466.2409959982214 179200
1769371232355 494.8447380840019 184320
1769371240451 510.4422538639406 189440
1769371248712 421.1994376380799 194560
1769371257309 443.4193889417486 199680
1769371269103 429.6562179881172 204800
1769371277552 184.99929428369796 209920
1769371286251 533.0838840874428 215040
1769371294609 304.57512163241597 220160
1769371305603 293.5337672335363 225280
1769371314231 375.4972247090421 230400
1769371321839 395.5771008205225 235520
1769371329513 362.13987221550684 240640
1769371340095 246.98527853020846 245760
1769371347843 352.43290479791614 250880
1769371355170 397.6397421312097 256000
1769371363157 533.4907148308318 261120
1769371373937 459.8513320907795 266240
1769371381583 408.4432758788587 271360
1769371389241 421.4110318496936 276480
1769371396993 438.7347280334728 281600
1769371407353 514.2599313388916 286720
1769371414788 341.36111337185645 291840
1769371422344 383.8477166651414 296960
1769371427472 360.05700060090993 300032
