1769370922816 1.9506652355194092 5120
1769370933280 2.063791275024414 10240
1769370941696 2.1335654258728027 15360
1769370949477 2.109524965286255 20480
1769370958166 2.1720237731933594 25600
1769370969674 2.186317205429077 30720
1769370977944 2.1646416187286377 35840
1769370986729 2.138397455215454 40960
1769370994409 2.114830732345581 46080
1769371004962 2.1041104793548584 51200
1769371012851 2.12039852142334 56320
1769371021150 2.127086877822876 61440
1769371028653 2.12723445892334 66560
1769371038498 2.1346559524536133 71680
1769371046718 2.133770704269409 76800
1769371057023 2.1434147357940674 81920
1769371064506 2.1436891555786133 87040
1769371072581 2.1398777961730957 92160
1769371080913 2.135873556137085 97280
1769371091319 2.130283832550049 102400
1769371099154 2.1267714500427246 107520
1769371107664 2.130999803543091 112640
1769371115759 2.130175828933716 117760
1769371126222 2.128317356109619 122880
1769371134072 2.12195086479187 128000
1769371142435 2.108483076095581 133120
1769371150485 2.1110305786132812 138240
1769371161802 2.1062707901000977 143360
1769371170072 2.1124930381774902 148480
1769371178764 2.112844705581665 153600
1769371186718 2.1138784885406494 158720
1769371197684 2.1190876960754395 163840
1769371205179 2.121853828430176 168960
1769371212969 2.123134136199951 174080
1769371221635 2.116607904434204 179200
1769371232369 2.1127686500549316 184320
1769371240460 2.1141514778137207 189440
1769371248720 2.117980480194092 194560
1769371257321 2.1248135566711426 199680
1769371269112 2.1235573291778564 204800
1769371277559 2.125216484069824 209920
1769371286263 2.1226348876953125 215040
1769371294617 2.1218576431274414 220160
1769371305615 2.1243412494659424 225280
1769371314242 2.1264007091522217 230400
1769371321851 2.1267943382263184 235520
1769371329523 2.1319785118103027 240640
1769371340103 2.131333827972412 245760
1769371347851 2.1308062076568604 250880
1769371355179 2.130225419998169 256000
1769371363166 2.129429578781128 261120
1769371373945 2.128495693206787 266240
1769371381592 2.1241562366485596 271360
1769371389249 2.1214816570281982 276480
1769371397002 2.1222920417785645 281600
1769371407361 2.1220650672912598 286720
1769371414804 2.117418050765991 291840
1769371422355 2.119168519973755 296960
1769371427483 2.1208882331848145 300032
