1770993252040 27.455224990844727 5120
1770993286634 27.985074996948242 10240
1770993321163 27.741748809814453 15360
1770993355705 27.925750732421875 20480
1770993390309 27.63013458251953 25600
1770993425027 27.56325340270996 30720
1770993459591 27.595041275024414 35840
1770993494122 27.659870147705078 40960
1770993528707 27.76951026916504 46080
1770993563241 27.83881950378418 51200
1770993597734 27.78230857849121 56320
1770993632243 27.765304565429688 61440
1770993666743 27.773935317993164 66560
1770993701257 27.784029006958008 71680
1770993735764 27.777360916137695 76800
1770993770310 27.71727752685547 81920
1770993804803 27.654151916503906 87040
1770993839317 27.627544403076172 92160
1770993873855 27.676586151123047 97280
1770993908416 27.72396469116211 102400
1770993942937 27.722623825073242 107520
1770993977473 27.735931396484375 112640
1770994011977 27.73665428161621 117760
1770994046509 27.690444946289062 122880
1770994081079 27.704139709472656 128000
1770994115605 27.681285858154297 133120
1770994150095 27.698692321777344 138240
1770994184684 27.682775497436523 143360
1770994219268 27.655546188354492 148480
1770994253829 27.634933471679688 153600
1770994288326 27.602025985717773 158720
1770994322794 27.586423873901367 163840
1770994357289 27.586206436157227 168960
1770994391807 27.58611488342285 174080
1770994426372 27.600120544433594 179200
1770994460921 27.595945358276367 184320
1770994495885 27.60685920715332 189440
1770994530420 27.617353439331055 194560
1770994564947 27.621891021728516 199680
1770994599494 27.61447525024414 204800
1770994633973 27.59555435180664 209920
1770994668387 27.61431884765625 215040
1770994702905 27.620525360107422 220160
1770994737350 27.605764389038086 225280
1770994771876 27.6343994140625 230400
1770994806316 27.621002197265625 235520
1770994840850 27.6154727935791 240640
1770994875400 27.632953643798828 245760
1770994909926 27.649600982666016 250880
1770994944459 27.62079429626465 256000
1770994979017 27.640472412109375 261120
1770995013578 27.618791580200195 266240
1770995048107 27.62771987915039 271360
1770995082659 27.614221572875977 276480
1770995117202 27.61119842529297 281600
1770995151785 27.613542556762695 286720
1770995186236 27.610071182250977 291840
1770995220813 27.61358070373535 296960
1770995234631 27.61119842529297 300032
