1770993252040 0.0 5120
1770993286634 0.0 10240
1770993321163 0.0 15360
1770993355705 0.0 20480
1770993390309 0.0 25600
1770993425027 0.0 30720
1770993459591 0.0 35840
1770993494122 0.0 40960
1770993528707 0.0 46080
1770993563241 0.0 51200
1770993597734 0.0 56320
1770993632243 0.0 61440
1770993666743 0.0 66560
1770993701257 0.0 71680
1770993735764 0.0 76800
1770993770310 0.0 81920
1770993804803 0.0 87040
1770993839317 0.0 92160
1770993873855 0.0 97280
1770993908416 0.0 102400
1770993942937 0.0 107520
1770993977473 0.0 112640
1770994011977 0.0 117760
1770994046509 0.0 122880
1770994081079 0.0 128000
1770994115605 0.0 133120
1770994150095 0.0 138240
1770994184684 0.0 143360
1770994219268 0.0 148480
1770994253829 0.0 153600
1770994288326 0.0 158720
1770994322794 0.0 163840
1770994357289 0.0 168960
1770994391807 0.0 174080
1770994426372 0.0 179200
1770994460921 0.0 184320
1770994495885 0.0 189440
1770994530420 0.0 194560
1770994564947 0.0 199680
1770994599494 0.0 204800
1770994633973 0.0 209920
1770994668387 0.0 215040
1770994702905 0.0 220160
1770994737350 0.0 225280
1770994771876 0.0 230400
1770994806316 0.0 235520
1770994840850 0.0 240640
1770994875400 0.0 245760
1770994909926 0.0 250880
1770994944459 0.0 256000
1770994979017 0.0 261120
1770995013578 0.0 266240
1770995048107 0.0 271360
1770995082659 0.0 276480
1770995117202 0.0 281600
1770995151785 0.0 286720
1770995186236 0.0 291840
1770995220813 0.0 296960
1770995234631 0.0 300032
