1770993252033 0.09511283785104752 5120
1770993286623 0.7814099192619324 10240
1770993321153 0.45175233483314514 15360
1770993355693 0.17544037103652954 20480
1770993390299 -0.2524462938308716 25600
1770993425016 -0.4881311357021332 30720
1770993459580 -0.8189355731010437 35840
1770993494112 -1.2552075386047363 40960
1770993528696 -1.5753028392791748 46080
1770993563231 -1.8648048639297485 51200
1770993597723 -2.098515748977661 56320
1770993632232 -2.400312662124634 61440
1770993666732 -2.7423439025878906 66560
1770993701245 -2.967968702316284 71680
1770993735754 -3.272656202316284 76800
1770993770299 -3.5914063453674316 81920
1770993804791 -3.7265625 87040
1770993839306 -3.9262499809265137 92160
1770993873843 -4.225937843322754 97280
1770993908405 -4.464844226837158 102400
1770993942925 -4.651093482971191 107520
1770993977461 -4.872969150543213 112640
1770994011966 -5.101718902587891 117760
1770994046496 -5.303437232971191 122880
1770994081067 -5.4473443031311035 128000
1770994115593 -5.599999904632568 133120
1770994150081 -5.836874961853027 138240
1770994184672 -5.95187520980835 143360
1770994219256 -6.211874961853027 148480
1770994253817 -6.329375267028809 153600
1770994288314 -6.616874694824219 158720
1770994322781 -6.841874599456787 163840
1770994357277 -6.910937309265137 168960
1770994391795 -7.032812595367432 174080
1770994426360 -7.334374904632568 179200
1770994460908 -7.478437900543213 184320
1770994495872 -7.5737504959106445 189440
1770994530407 -7.689062595367432 194560
1770994564934 -7.7578125 199680
1770994599481 -7.954061985015869 204800
1770994633960 -8.064374923706055 209920
1770994668373 -8.142812728881836 215040
1770994702892 -8.228124618530273 220160
1770994737334 -8.396875381469727 225280
1770994771863 -8.487500190734863 230400
1770994806302 -8.541563034057617 235520
1770994840836 -8.536874771118164 240640
1770994875386 -8.679375648498535 245760
1770994909912 -8.750624656677246 250880
1770994944445 -8.835624694824219 256000
1770994979003 -8.915937423706055 261120
1770995013565 -9.063750267028809 266240
1770995048093 -9.059999465942383 271360
1770995082646 -9.065000534057617 276480
1770995117188 -9.059999465942383 281600
1770995151771 -9.173124313354492 286720
1770995186222 -9.286874771118164 291840
1770995220798 -9.34000015258789 296960
1770995234617 -9.3359375 300032
