1770993252040 1.1504000425338745 5120
1770993286634 1.1469508409500122 10240
1770993321163 1.1228944063186646 15360
1770993355705 1.125186800956726 20480
1770993390309 1.1133158206939697 25600
1770993425027 1.1014525890350342 30720
1770993459591 1.1046788692474365 35840
1770993494122 1.1002064943313599 40960
1770993528707 1.1133604049682617 46080
1770993563241 1.1103050708770752 51200
1770993597734 1.107647180557251 56320
1770993632243 1.115090012550354 61440
1770993666743 1.1148380041122437 66560
1770993701257 1.11264169216156 71680
1770993735764 1.111900806427002 76800
1770993770310 1.1096867322921753 81920
1770993804803 1.1070770025253296 87040
1770993839317 1.1033707857131958 92160
1770993873855 1.1063209772109985 97280
1770993908416 1.1117894649505615 102400
1770993942937 1.1093270778656006 107520
1770993977473 1.1055583953857422 112640
1770994011977 1.1072758436203003 117760
1770994046509 1.1048191785812378 122880
1770994081079 1.1062095165252686 128000
1770994115605 1.1054084300994873 133120
1770994150095 1.1062976121902466 138240
1770994184684 1.1027525663375854 143360
1770994219268 1.104264736175537 148480
1770994253829 1.1042802333831787 153600
1770994288326 1.1044800281524658 158720
1770994322794 1.1051414012908936 163840
1770994357289 1.1072922945022583 168960
1770994391807 1.1080747842788696 174080
1770994426372 1.1101850271224976 179200
1770994460921 1.1097891330718994 184320
1770994495885 1.1095573902130127 189440
1770994530420 1.1096471548080444 194560
1770994564947 1.1097267866134644 199680
1770994599494 1.1100994348526 204800
1770994633973 1.1110349893569946 209920
1770994668387 1.1129735708236694 215040
1770994702905 1.1146092414855957 220160
1770994737350 1.11406672000885 225280
1770994771876 1.115464687347412 230400
1770994806316 1.114100694656372 235520
1770994840850 1.1137397289276123 240640
1770994875400 1.1141465902328491 245760
1770994909926 1.1164923906326294 250880
1770994944459 1.1149425506591797 256000
1770994979017 1.115990400314331 261120
1770995013578 1.115464448928833 266240
1770995048107 1.117403268814087 271360
1770995082659 1.1177828311920166 276480
1770995117202 1.1175960302352905 281600
1770995151785 1.1175334453582764 286720
1770995186236 1.1168993711471558 291840
1770995220813 1.1164625883102417 296960
1770995234631 1.11565363407135 300032
