1770993252040 0.2967919707298279 5120
1770993286634 0.28400853276252747 10240
1770993321163 0.2751837372779846 15360
1770993355705 0.2725575268268585 20480
1770993390309 0.26971226930618286 25600
1770993425027 0.2665857672691345 30720
1770993459591 0.2677904963493347 35840
1770993494122 0.26588985323905945 40960
1770993528707 0.2680210471153259 46080
1770993563241 0.2674006521701813 51200
1770993597734 0.26703640818595886 56320
1770993632243 0.26833558082580566 61440
1770993666743 0.2684006690979004 66560
1770993701257 0.26829227805137634 71680
1770993735764 0.2681993544101715 76800
1770993770310 0.26753318309783936 81920
1770993804803 0.26634618639945984 87040
1770993839317 0.26554593443870544 92160
1770993873855 0.2660382390022278 97280
1770993908416 0.26688891649246216 102400
1770993942937 0.2666974365711212 107520
1770993977473 0.2653385400772095 112640
1770994011977 0.2651306390762329 117760
1770994046509 0.26446932554244995 122880
1770994081079 0.2646162509918213 128000
1770994115605 0.2640528678894043 133120
1770994150095 0.2641874849796295 138240
1770994184684 0.26358991861343384 143360
1770994219268 0.26382002234458923 148480
1770994253829 0.2641754150390625 153600
1770994288326 0.264112651348114 158720
1770994322794 0.26425445079803467 163840
1770994357289 0.2643406093120575 168960
1770994391807 0.2643856406211853 174080
1770994426372 0.2649290859699249 179200
1770994460921 0.264899879693985 184320
1770994495885 0.2646605372428894 189440
1770994530420 0.2646406888961792 194560
1770994564947 0.26470690965652466 199680
1770994599494 0.264555424451828 204800
1770994633973 0.2644343376159668 209920
1770994668387 0.26497337222099304 215040
1770994702905 0.26544246077537537 220160
1770994737350 0.26510724425315857 225280
1770994771876 0.26537618041038513 230400
1770994806316 0.2651127576828003 235520
1770994840850 0.26496604084968567 240640
1770994875400 0.26496532559394836 245760
1770994909926 0.2654168903827667 250880
1770994944459 0.2652243673801422 256000
1770994979017 0.2655090391635895 261120
1770995013578 0.2653677761554718 266240
1770995048107 0.26583802700042725 271360
1770995082659 0.2658444046974182 276480
1770995117202 0.26571255922317505 281600
1770995151785 0.26573142409324646 286720
1770995186236 0.2654770612716675 291840
1770995220813 0.26541829109191895 296960
1770995234631 0.2652384042739868 300032
