1770993252040 1.8728493452072144 5120
1770993286634 1.7186323404312134 10240
1770993321163 1.6351498365402222 15360
1770993355705 1.6061009168624878 20480
1770993390309 1.5875940322875977 25600
1770993425027 1.5625207424163818 30720
1770993459591 1.5745258331298828 35840
1770993494122 1.5544763803482056 40960
1770993528707 1.5727100372314453 46080
1770993563241 1.5625241994857788 51200
1770993597734 1.5611776113510132 56320
1770993632243 1.5771082639694214 61440
1770993666743 1.5805155038833618 66560
1770993701257 1.5765905380249023 71680
1770993735764 1.5770137310028076 76800
1770993770310 1.5741472244262695 81920
1770993804803 1.5637931823730469 87040
1770993839317 1.5574764013290405 92160
1770993873855 1.558724045753479 97280
1770993908416 1.5659635066986084 102400
1770993942937 1.5644102096557617 107520
1770993977473 1.550778865814209 112640
1770994011977 1.548042893409729 117760
1770994046509 1.5437694787979126 122880
1770994081079 1.5452852249145508 128000
1770994115605 1.5396679639816284 133120
1770994150095 1.540930986404419 138240
1770994184684 1.5341464281082153 143360
1770994219268 1.5380727052688599 148480
1770994253829 1.54301118850708 153600
1770994288326 1.5438003540039062 158720
1770994322794 1.545917272567749 163840
1770994357289 1.5467801094055176 168960
1770994391807 1.5461244583129883 174080
1770994426372 1.5505179166793823 179200
1770994460921 1.550637125968933 184320
1770994495885 1.548588514328003 189440
1770994530420 1.5484182834625244 194560
1770994564947 1.5490604639053345 199680
1770994599494 1.5481839179992676 204800
1770994633973 1.5481888055801392 209920
1770994668387 1.5526599884033203 215040
1770994702905 1.5572776794433594 220160
1770994737350 1.5547610521316528 225280
1770994771876 1.5572940111160278 230400
1770994806316 1.55508553981781 235520
1770994840850 1.5534613132476807 240640
1770994875400 1.5528078079223633 245760
1770994909926 1.5574828386306763 250880
1770994944459 1.5563820600509644 256000
1770994979017 1.5584590435028076 261120
1770995013578 1.5574285984039307 266240
1770995048107 1.5622011423110962 271360
1770995082659 1.5625309944152832 276480
1770995117202 1.5612773895263672 281600
1770995151785 1.560819149017334 286720
1770995186236 1.5583171844482422 291840
1770995220813 1.5578480958938599 296960
1770995234631 1.5559935569763184 300032
