1770906112817 0.03448937088251114 5120
1770906140019 0.009519894607365131 10240
1770906167349 -0.0012223105877637863 15360
1770906194340 -0.006137758493423462 20480
1770906221204 -0.01012290921062231 25600
1770906248629 -0.011746217496693134 30720
1770906275583 -0.013426783494651318 35840
1770906302934 -0.01436131726950407 40960
1770906330440 -0.01485193707048893 46080
1770906357568 -0.015502896159887314 51200
1770906384799 -0.016007233411073685 56320
1770906411752 -0.016640236601233482 61440
1770906438611 -0.016965718939900398 66560
1770906466111 -0.017153486609458923 71680
1770906494721 -0.017384162172675133 76800
1770906522430 -0.017507877200841904 81920
1770906550152 -0.017898960039019585 87040
1770906578439 -0.018149683251976967 92160
1770906608689 -0.01824653334915638 97280
1770906637372 -0.018326397985219955 102400
1770906665306 -0.018644623458385468 107520
1770906694217 -0.01874326355755329 112640
1770906723643 -0.01894455775618553 117760
1770906751421 -0.01892576366662979 122880
1770906781168 -0.019008055329322815 128000
1770906808271 -0.019050227478146553 133120
1770906835285 -0.019140299409627914 138240
1770906862390 -0.019329875707626343 143360
1770906889879 -0.019413936883211136 148480
1770906918095 -0.01960350200533867 153600
1770906945728 -0.01964942179620266 158720
1770906973226 -0.019794797524809837 163840
1770907000346 -0.01991310529410839 168960
1770907028369 -0.019926857203245163 174080
1770907057037 -0.020053070038557053 179200
1770907085103 -0.02008485607802868 184320
1770907110379 -0.020165612921118736 189440
1770907135249 -0.020241865888237953 194560
1770907159404 -0.020290162414312363 199680
1770907183479 -0.02044789493083954 204800
1770907205625 -0.020429125055670738 209920
1770907228373 -0.020434867590665817 215040
1770907251882 -0.02049052156507969 220160
1770907274915 -0.02060003951191902 225280
1770907297472 -0.02070794627070427 230400
1770907320096 -0.020729374140501022 235520
1770907342990 -0.020774612203240395 240640
1770907365474 -0.02084973454475403 245760
1770907388516 -0.020862441509962082 250880
1770907411315 -0.020924488082528114 256000
1770907435461 -0.021008213981986046 261120
1770907459532 -0.021008387207984924 266240
1770907483854 -0.02105174958705902 271360
1770907508066 -0.021076427772641182 276480
1770907531953 -0.021096445620059967 281600
1770907555753 -0.02108348347246647 286720
1770907580219 -0.021096065640449524 291840
1770907604133 -0.021183962002396584 296960
1770907613635 -0.02119441144168377 300032
