1770906112817 25.55157470703125 5120
1770906140019 24.501453399658203 10240
1770906167349 24.931814193725586 15360
1770906194340 24.939855575561523 20480
1770906221204 25.093536376953125 25600
1770906248629 24.83211898803711 30720
1770906275583 25.05740737915039 35840
1770906302934 25.074228286743164 40960
1770906330440 25.017026901245117 46080
1770906357568 25.108158111572266 51200
1770906384799 25.116540908813477 56320
1770906411752 25.143850326538086 61440
1770906438611 25.16019630432129 66560
1770906466111 25.13006591796875 71680
1770906494721 25.1634464263916 76800
1770906522430 25.139312744140625 81920
1770906550152 25.17147445678711 87040
1770906578439 25.144561767578125 92160
1770906608689 25.075254440307617 97280
1770906637372 25.01506996154785 102400
1770906665306 25.054824829101562 107520
1770906694217 25.09331512451172 112640
1770906723643 25.104948043823242 117760
1770906751421 25.048114776611328 122880
1770906781168 25.026241302490234 128000
1770906808271 24.981672286987305 133120
1770906835285 24.961166381835938 138240
1770906862390 25.008220672607422 143360
1770906889879 24.982769012451172 148480
1770906918095 25.018199920654297 153600
1770906945728 25.032732009887695 158720
1770906973226 25.00827407836914 163840
1770907000346 25.057064056396484 168960
1770907028369 25.031661987304688 174080
1770907057037 25.043991088867188 179200
1770907085103 25.05142593383789 184320
1770907110379 25.06222915649414 189440
1770907135249 25.040803909301758 194560
1770907159404 25.064268112182617 199680
1770907183479 25.06614875793457 204800
1770907205625 25.079164505004883 209920
1770907228373 25.052635192871094 215040
1770907251882 25.05574607849121 220160
1770907274915 25.120956420898438 225280
1770907297472 25.148056030273438 230400
1770907320096 25.147891998291016 235520
1770907342990 25.16548728942871 240640
1770907365474 25.191261291503906 245760
1770907388516 25.190189361572266 250880
1770907411315 25.21529197692871 256000
1770907435461 25.19812774658203 261120
1770907459532 25.164636611938477 266240
1770907483854 25.164039611816406 271360
1770907508066 25.169218063354492 276480
1770907531953 25.184114456176758 281600
1770907555753 25.168638229370117 286720
1770907580219 25.15095329284668 291840
1770907604133 25.194931030273438 296960
1770907613635 25.210847854614258 300032
