1770906112817 0.0 5120
1770906140019 0.0 10240
1770906167349 0.0 15360
1770906194340 0.0 20480
1770906221204 0.0 25600
1770906248629 0.0 30720
1770906275583 0.0 35840
1770906302934 0.0 40960
1770906330440 0.0 46080
1770906357568 0.0 51200
1770906384799 0.0 56320
1770906411752 0.0 61440
1770906438611 0.0 66560
1770906466111 0.0 71680
1770906494721 0.0 76800
1770906522430 0.0 81920
1770906550152 0.0 87040
1770906578439 0.0 92160
1770906608689 0.0 97280
1770906637372 0.0 102400
1770906665306 0.0 107520
1770906694217 0.0 112640
1770906723643 0.0 117760
1770906751421 0.0 122880
1770906781168 0.0 128000
1770906808271 0.0 133120
1770906835285 0.0 138240
1770906862390 0.0 143360
1770906889879 0.0 148480
1770906918095 0.0 153600
1770906945728 0.0 158720
1770906973226 0.0 163840
1770907000346 0.0 168960
1770907028369 0.0 174080
1770907057037 0.0 179200
1770907085103 0.0 184320
1770907110379 0.0 189440
1770907135249 0.0 194560
1770907159404 0.0 199680
1770907183479 0.0 204800
1770907205625 0.0 209920
1770907228373 0.0 215040
1770907251882 0.0 220160
1770907274915 0.0 225280
1770907297472 0.0 230400
1770907320096 0.0 235520
1770907342990 0.0 240640
1770907365474 0.0 245760
1770907388516 0.0 250880
1770907411315 0.0 256000
1770907435461 0.0 261120
1770907459532 0.0 266240
1770907483854 0.0 271360
1770907508066 0.0 276480
1770907531953 0.0 281600
1770907555753 0.0 286720
1770907580219 0.0 291840
1770907604133 0.0 296960
1770907613635 0.0 300032
