1770906112810 16.728647232055664 5120
1770906140013 9.241862297058105 10240
1770906167341 6.930197238922119 15360
1770906194330 5.688344955444336 20480
1770906221194 4.861883163452148 25600
1770906248619 4.251134395599365 30720
1770906275574 3.8797764778137207 35840
1770906302926 3.189868211746216 40960
1770906330429 3.0090765953063965 46080
1770906357558 2.726928234100342 51200
1770906384786 2.687567710876465 56320
1770906411744 2.63694167137146 61440
1770906438603 2.6827874183654785 66560
1770906466102 2.7237327098846436 71680
1770906494712 2.3629672527313232 76800
1770906522421 2.8054769039154053 81920
1770906550143 2.556886911392212 87040
1770906578426 2.6947262287139893 92160
1770906608675 2.2775425910949707 97280
1770906637360 2.43243145942688 102400
1770906665298 2.5039443969726562 107520
1770906694204 2.4157345294952393 112640
1770906723626 2.6739463806152344 117760
1770906751407 2.3488667011260986 122880
1770906781152 2.2316017150878906 128000
1770906808258 2.29228138923645 133120
1770906835273 2.0644373893737793 138240
1770906862376 2.1755709648132324 143360
1770906889865 1.918697714805603 148480
1770906918082 1.8440014123916626 153600
1770906945706 1.9848670959472656 158720
1770906973209 1.9838593006134033 163840
1770907000333 1.9287103414535522 168960
1770907028356 2.0313446521759033 174080
1770907057022 1.975253701210022 179200
1770907085084 1.8717107772827148 184320
1770907110370 1.996437430381775 189440
1770907135241 1.9533393383026123 194560
1770907159391 1.919303297996521 199680
1770907183469 1.8211681842803955 204800
1770907205617 1.722137212753296 209920
1770907228365 1.9854042530059814 215040
1770907251870 1.8377174139022827 220160
1770907274907 1.9202873706817627 225280
1770907297464 1.8784761428833008 230400
1770907320089 1.8632152080535889 235520
1770907342981 1.981989860534668 240640
1770907365465 1.7325156927108765 245760
1770907388508 2.011791944503784 250880
1770907411306 1.9948021173477173 256000
1770907435453 1.9080756902694702 261120
1770907459524 1.9026310443878174 266240
1770907483845 1.889894723892212 271360
1770907508058 1.9530353546142578 276480
1770907531943 1.9472976922988892 281600
1770907555745 1.8015623092651367 286720
1770907580210 1.8295074701309204 291840
1770907604125 1.9319813251495361 296960
1770907613627 1.8372308015823364 300032
