1770906112817 0.7270894646644592 5120
1770906140019 0.5448157787322998 10240
1770906167349 0.477314293384552 15360
1770906194340 0.4434594511985779 20480
1770906221204 0.4160316586494446 25600
1770906248629 0.40145543217658997 30720
1770906275583 0.3943801820278168 35840
1770906302934 0.39121928811073303 40960
1770906330440 0.38914594054222107 46080
1770906357568 0.3875395953655243 51200
1770906384799 0.3869380056858063 56320
1770906411752 0.3818727135658264 61440
1770906438611 0.38039839267730713 66560
1770906466111 0.38031041622161865 71680
1770906494721 0.38114142417907715 76800
1770906522430 0.38058537244796753 81920
1770906550152 0.37861353158950806 87040
1770906578439 0.37559986114501953 92160
1770906608689 0.3735731244087219 97280
1770906637372 0.3714006245136261 102400
1770906665306 0.3690112829208374 107520
1770906694217 0.36961740255355835 112640
1770906723643 0.36843764781951904 117760
1770906751421 0.3681800365447998 122880
1770906781168 0.36678194999694824 128000
1770906808271 0.3652961850166321 133120
1770906835285 0.36457425355911255 138240
1770906862390 0.36385127902030945 143360
1770906889879 0.3623529076576233 148480
1770906918095 0.3613086938858032 153600
1770906945728 0.361619234085083 158720
1770906973226 0.3598152697086334 163840
1770907000346 0.3596934378147125 168960
1770907028369 0.35933056473731995 174080
1770907057037 0.35837918519973755 179200
1770907085103 0.3584968149662018 184320
1770907110379 0.3575744032859802 189440
1770907135249 0.3567526042461395 194560
1770907159404 0.356789231300354 199680
1770907183479 0.3553578853607178 204800
1770907205625 0.35611996054649353 209920
1770907228373 0.3562416434288025 215040
1770907251882 0.3556258976459503 220160
1770907274915 0.3559328615665436 225280
1770907297472 0.3553347587585449 230400
1770907320096 0.35563161969184875 235520
1770907342990 0.3555435836315155 240640
1770907365474 0.3551734387874603 245760
1770907388516 0.3553905189037323 250880
1770907411315 0.35463204979896545 256000
1770907435461 0.3537156581878662 261120
1770907459532 0.35340416431427 266240
1770907483854 0.3528110682964325 271360
1770907508066 0.3529019057750702 276480
1770907531953 0.35275742411613464 281600
1770907555753 0.3526040315628052 286720
1770907580219 0.35217851400375366 291840
1770907604133 0.3522163927555084 296960
1770907613635 0.3523893356323242 300032
