1770858002360 19.295488357543945 5120
1770858030506 20.465391159057617 10240
1770858059568 20.628704071044922 15360
1770858084979 20.975154876708984 20480
1770858109567 20.535173416137695 25600
1770858133270 20.556249618530273 30720
1770858156987 20.153091430664062 35840
1770858180679 19.557544708251953 40960
1770858204370 18.581619262695312 46080
1770858227809 17.63890838623047 51200
1770858251522 17.019390106201172 56320
1770858275201 16.613990783691406 61440
1770858299172 16.224058151245117 66560
1770858323542 15.881196975708008 71680
1770858347050 15.657127380371094 76800
1770858370898 15.443231582641602 81920
1770858394796 15.316384315490723 87040
1770858419658 15.200424194335938 92160
1770858444783 15.066380500793457 97280
1770858470157 14.97617244720459 102400
1770858495588 14.744047164916992 107520
1770858521336 14.460079193115234 112640
1770858546777 14.148857116699219 117760
1770858572427 13.789154052734375 122880
1770858597745 13.409154891967773 128000
1770858622714 13.058601379394531 133120
1770858647130 12.72215747833252 138240
1770858671462 12.410709381103516 143360
1770858695762 12.130252838134766 148480
1770858719999 11.873126983642578 153600
1770858744360 11.640758514404297 158720
1770858768609 11.400235176086426 163840
1770858792987 11.17357063293457 168960
1770858817266 10.980016708374023 174080
1770858841578 10.804435729980469 179200
1770858865936 10.643592834472656 184320
1770858890299 10.465581893920898 189440
1770858914645 10.334311485290527 194560
1770858938884 10.20804214477539 199680
1770858963212 10.07610034942627 204800
1770858987463 9.961054801940918 209920
1770859011714 9.830315589904785 215040
1770859036141 9.721904754638672 220160
1770859060959 9.618620872497559 225280
1770859085856 9.495731353759766 230400
1770859111917 9.39294147491455 235520
1770859137419 9.289548873901367 240640
1770859162651 9.18547534942627 245760
1770859187998 9.10397720336914 250880
1770859213214 9.040213584899902 256000
1770859238478 8.96234130859375 261120
1770859263549 8.892136573791504 266240
1770859288718 8.812990188598633 271360
1770859314013 8.741575241088867 276480
1770859339645 8.662470817565918 281600
1770859365167 8.593626976013184 286720
1770859390417 8.517241477966309 291840
1770859415667 8.459737777709961 296960
1770859425733 8.43311882019043 300032
