1770858002360 24.6395320892334 5120
1770858030506 25.86989402770996 10240
1770858059568 25.59821891784668 15360
1770858084979 25.664794921875 20480
1770858109567 25.54401206970215 25600
1770858133270 25.842044830322266 30720
1770858156987 25.665904998779297 35840
1770858180679 25.379663467407227 40960
1770858204370 24.73237419128418 46080
1770858227809 24.148958206176758 51200
1770858251522 23.92916488647461 56320
1770858275201 23.79888343811035 61440
1770858299172 23.62319564819336 66560
1770858323542 23.479673385620117 71680
1770858347050 23.408336639404297 76800
1770858370898 23.34910011291504 81920
1770858394796 23.330751419067383 87040
1770858419658 23.31940269470215 92160
1770858444783 23.30588150024414 97280
1770858470157 23.3547306060791 102400
1770858495588 23.246124267578125 107520
1770858521336 23.08336067199707 112640
1770858546777 22.884571075439453 117760
1770858572427 22.600431442260742 122880
1770858597745 22.245952606201172 128000
1770858622714 21.952964782714844 133120
1770858647130 21.673173904418945 138240
1770858671462 21.395479202270508 143360
1770858695762 21.157699584960938 148480
1770858719999 20.945104598999023 153600
1770858744360 20.730289459228516 158720
1770858768609 20.469961166381836 163840
1770858792987 20.231937408447266 168960
1770858817266 20.036813735961914 174080
1770858841578 19.862957000732422 179200
1770858865936 19.68474578857422 184320
1770858890299 19.481067657470703 189440
1770858914645 19.324111938476562 194560
1770858938884 19.196487426757812 199680
1770858963212 19.056190490722656 204800
1770858987463 18.952768325805664 209920
1770859011714 18.790193557739258 215040
1770859036141 18.66503143310547 220160
1770859060959 18.56167984008789 225280
1770859085856 18.415283203125 230400
1770859111917 18.29774284362793 235520
1770859137419 18.187044143676758 240640
1770859162651 18.08368682861328 245760
1770859187998 18.01518440246582 250880
1770859213214 17.959348678588867 256000
1770859238478 17.880281448364258 261120
1770859263549 17.817869186401367 266240
1770859288718 17.761375427246094 271360
1770859314013 17.706783294677734 276480
1770859339645 17.632200241088867 281600
1770859365167 17.583518981933594 286720
1770859390417 17.52452850341797 291840
1770859415667 17.47233009338379 296960
1770859425733 17.448135375976562 300032
