1770858002356 -2.879318952560425 5120
1770858030500 -5.148083686828613 10240
1770858059562 -10.027532577514648 15360
1770858084972 -12.576570510864258 20480
1770858109561 -13.695673942565918 25600
1770858133265 -15.059138298034668 30720
1770858156981 -15.903724670410156 35840
1770858180674 -16.398311614990234 40960
1770858204364 -16.8914794921875 46080
1770858227804 -17.501718521118164 51200
1770858251514 -18.8445987701416 56320
1770858275196 -20.260379791259766 61440
1770858299163 -21.896625518798828 66560
1770858323537 -23.343700408935547 71680
1770858347044 -24.817787170410156 76800
1770858370892 -25.953411102294922 81920
1770858394787 -26.685588836669922 87040
1770858419651 -27.0511417388916 92160
1770858444774 -26.925283432006836 97280
1770858470151 -26.737014770507812 102400
1770858495577 -26.353490829467773 107520
1770858521330 -25.991418838500977 112640
1770858546770 -25.762653350830078 117760
1770858572420 -25.60923194885254 122880
1770858597738 -25.659358978271484 128000
1770858622707 -26.082454681396484 133120
1770858647123 -26.335674285888672 138240
1770858671455 -26.851293563842773 143360
1770858695755 -27.39471435546875 148480
1770858719992 -28.0518856048584 153600
1770858744353 -28.522090911865234 158720
1770858768602 -28.885793685913086 163840
1770858792979 -29.476245880126953 168960
1770858817257 -29.96946144104004 174080
1770858841571 -30.277759552001953 179200
1770858865928 -30.465906143188477 184320
1770858890291 -30.464740753173828 189440
1770858914634 -30.52614402770996 194560
1770858938876 -30.508764266967773 199680
1770858963204 -30.637714385986328 204800
1770858987455 -30.3721866607666 209920
1770859011704 -30.587173461914062 215040
1770859036132 -30.463077545166016 220160
1770859060951 -30.443607330322266 225280
1770859085846 -30.540706634521484 230400
1770859111908 -30.456417083740234 235520
1770859137410 -30.493173599243164 240640
1770859162640 -30.30403709411621 245760
1770859187985 -30.4173641204834 250880
1770859213207 -30.427444458007812 256000
1770859238471 -30.45560646057129 261120
1770859263539 -30.401920318603516 266240
1770859288710 -30.451040267944336 271360
1770859313999 -30.270971298217773 276480
1770859339631 -30.200382232666016 281600
1770859365158 -30.039485931396484 286720
1770859390409 -30.098682403564453 291840
1770859415657 -30.194631576538086 296960
1770859425724 -30.132246017456055 300032
