1770858002360 0.9400051236152649 5120
1770858030506 1.0040725469589233 10240
1770858059568 0.9317618608474731 15360
1770858084979 0.8851459622383118 20480
1770858109567 0.9399271607398987 25600
1770858133270 0.9822151064872742 30720
1770858156987 1.0153703689575195 35840
1770858180679 1.0468007326126099 40960
1770858204370 1.056702733039856 46080
1770858227809 1.0776344537734985 51200
1770858251522 1.1218576431274414 56320
1770858275201 1.1595561504364014 61440
1770858299172 1.1861909627914429 66560
1770858323542 1.213843584060669 71680
1770858347050 1.2373130321502686 76800
1770858370898 1.261816382408142 81920
1770858394796 1.2777529954910278 87040
1770858419658 1.2941080331802368 92160
1770858444783 1.3066842555999756 97280
1770858470157 1.3232645988464355 102400
1770858495588 1.3340686559677124 107520
1770858521336 1.3390508890151978 112640
1770858546777 1.3410900831222534 117760
1770858572427 1.3318489789962769 122880
1770858597745 1.3179596662521362 128000
1770858622714 1.3064721822738647 133120
1770858647130 1.2982197999954224 138240
1770858671462 1.2850719690322876 143360
1770858695762 1.2765388488769531 148480
1770858719999 1.2672135829925537 153600
1770858744360 1.2593283653259277 158720
1770858768609 1.2465556859970093 163840
1770858792987 1.233875036239624 168960
1770858817266 1.2245473861694336 174080
1770858841578 1.216182827949524 179200
1770858865936 1.2057918310165405 184320
1770858890299 1.195101261138916 189440
1770858914645 1.1843512058258057 194560
1770858938884 1.1771141290664673 199680
1770858963212 1.1695221662521362 204800
1770858987463 1.1634596586227417 209920
1770859011714 1.1541043519973755 215040
1770859036141 1.1460742950439453 220160
1770859060959 1.1415174007415771 225280
1770859085856 1.1311941146850586 230400
1770859111917 1.1239606142044067 235520
1770859137419 1.1170086860656738 240640
1770859162651 1.1109527349472046 245760
1770859187998 1.1072896718978882 250880
1770859213214 1.1031949520111084 256000
1770859238478 1.0984570980072021 261120
1770859263549 1.0957351922988892 266240
1770859288718 1.0949920415878296 271360
1770859314013 1.0918781757354736 276480
1770859339645 1.0892255306243896 281600
1770859365167 1.0879521369934082 286720
1770859390417 1.0857253074645996 291840
1770859415667 1.0828073024749756 296960
1770859425733 1.0820032358169556 300032
