1770858002360 0.2524183392524719 5120
1770858030506 0.2560766637325287 10240
1770858059568 0.23713132739067078 15360
1770858084979 0.22460006177425385 20480
1770858109567 0.24064810574054718 25600
1770858133270 0.25428280234336853 30720
1770858156987 0.2677079141139984 35840
1770858180679 0.28419721126556396 40960
1770858204370 0.30107051134109497 46080
1770858227809 0.32012081146240234 51200
1770858251522 0.34031689167022705 56320
1770858275201 0.3537616431713104 61440
1770858299172 0.36386415362358093 66560
1770858323542 0.37370023131370544 71680
1770858347050 0.38155293464660645 76800
1770858370898 0.3895469605922699 81920
1770858394796 0.3942667245864868 87040
1770858419658 0.3993130028247833 92160
1770858444783 0.403705894947052 97280
1770858470157 0.4100152552127838 102400
1770858495588 0.41565266251564026 107520
1770858521336 0.4219207763671875 112640
1770858546777 0.42719167470932007 117760
1770858572427 0.4305833876132965 122880
1770858597745 0.43321728706359863 128000
1770858622714 0.43584373593330383 133120
1770858647130 0.4387854039669037 138240
1770858671462 0.4413291811943054 143360
1770858695762 0.44431939721107483 148480
1770858719999 0.44731637835502625 153600
1770858744360 0.44875192642211914 158720
1770858768609 0.44756603240966797 163840
1770858792987 0.44662585854530334 168960
1770858817266 0.4473573565483093 174080
1770858841578 0.4484010636806488 179200
1770858865936 0.44788309931755066 184320
1770858890299 0.44692713022232056 189440
1770858914645 0.4456033706665039 194560
1770858938884 0.4462825059890747 199680
1770858963212 0.446319580078125 204800
1770858987463 0.4470626711845398 209920
1770859011714 0.44590073823928833 215040
1770859036141 0.4450620412826538 220160
1770859060959 0.4450588524341583 225280
1770859085856 0.4445111155509949 230400
1770859111917 0.44438621401786804 235520
1770859137419 0.44414201378822327 240640
1770859162651 0.44418463110923767 245760
1770859187998 0.44466015696525574 250880
1770859213214 0.4446430206298828 256000
1770859238478 0.44494301080703735 261120
1770859263549 0.44581615924835205 266240
1770859288718 0.4470086693763733 271360
1770859314013 0.44752687215805054 276480
1770859339645 0.4479927122592926 281600
1770859365167 0.4488595426082611 286720
1770859390417 0.44960275292396545 291840
1770859415667 0.4499221444129944 296960
1770859425733 0.45029088854789734 300032
