1770858002356 213.21187474583164 5120
1770858030500 170.89614146599845 10240
1770858059562 179.55068493150685 15360
1770858084972 120.72371412946492 20480
1770858109561 154.7599439155782 25600
1770858133265 141.64203701202214 30720
1770858156981 161.44978636591094 35840
1770858180674 166.89097564857553 40960
1770858204364 165.0326185323628 46080
1770858227804 116.99592747559275 51200
1770858251514 112.32737011247991 56320
1770858275196 109.3234634832925 61440
1770858299163 91.7690405863691 66560
1770858323537 195.56599990674687 71680
1770858347044 175.5159225007323 76800
1770858370892 135.48368757671685 81920
1770858394787 111.60406577616945 87040
1770858419651 166.4538455432971 92160
1770858444774 132.04999527752418 97280
1770858470151 159.94752698013195 102400
1770858495577 116.22112000886696 107520
1770858521330 96.56729750886403 112640
1770858546770 157.73397014027302 117760
1770858572420 158.38320368552223 122880
1770858597738 99.83585642197467 128000
1770858622707 171.637435037034 133120
1770858647123 159.3762206938481 138240
1770858671455 96.72095007494524 143360
1770858695755 110.37642105263158 148480
1770858719992 161.79855726574857 153600
1770858744353 173.51911302333278 158720
1770858768602 135.1257731958763 163840
1770858792979 156.62661040367453 168960
1770858817257 121.11764366156511 174080
1770858841571 173.37566137566137 179200
1770858865928 165.31231278574808 184320
1770858890291 185.05643061989852 189440
1770858914634 106.95935125210384 194560
1770858938876 170.88221633733957 199680
1770858963204 150.16662489706778 204800
1770858987455 146.16336771675495 209920
1770859011704 176.1720430107527 215040
1770859036132 116.94373501366196 220160
1770859060951 138.07499094709814 225280
1770859085846 101.72695302078533 230400
1770859111908 108.75088155984236 235520
1770859137410 178.3823416833241 240640
1770859162640 165.4231512522185 245760
1770859187985 111.48244424952821 250880
1770859213207 128.21128568808462 256000
1770859238471 126.99237011020952 261120
1770859263539 105.17575666390832 266240
1770859288710 124.41575700047461 271360
1770859313999 160.52294385548623 276480
1770859339631 126.38775387211474 281600
1770859365158 112.26423275608255 286720
1770859390409 131.1826853907985 291840
1770859415657 168.84602069159857 296960
1770859425724 114.87152521019911 300032
