1770858002360 1.4834123849868774 5120
1770858030506 1.483450174331665 10240
1770858059568 1.2737447023391724 15360
1770858084979 1.140043020248413 20480
1770858109567 1.324799656867981 25600
1770858133270 1.4610134363174438 30720
1770858156987 1.612926959991455 35840
1770858180679 1.7950044870376587 40960
1770858204370 1.9979227781295776 46080
1770858227809 2.224518299102783 51200
1770858251522 2.450746536254883 56320
1770858275201 2.602123498916626 61440
1770858299172 2.7201266288757324 66560
1770858323542 2.8320305347442627 71680
1770858347050 2.920501947402954 76800
1770858370898 3.010066032409668 81920
1770858394796 3.0636837482452393 87040
1770858419658 3.120790958404541 92160
1770858444783 3.1708953380584717 97280
1770858470157 3.2370073795318604 102400
1770858495588 3.3037819862365723 107520
1770858521336 3.378934621810913 112640
1770858546777 3.4437620639801025 117760
1770858572427 3.491111993789673 122880
1770858597745 3.532188892364502 128000
1770858622714 3.5721936225891113 133120
1770858647130 3.614729166030884 138240
1770858671462 3.651733160018921 143360
1770858695762 3.691973924636841 148480
1770858719999 3.732516288757324 153600
1770858744360 3.7559492588043213 158720
1770858768609 3.752732038497925 163840
1770858792987 3.7520334720611572 168960
1770858817266 3.7654573917388916 174080
1770858841578 3.781486988067627 179200
1770858865936 3.782316207885742 184320
1770858890299 3.7794644832611084 189440
1770858914645 3.7698397636413574 194560
1770858938884 3.7803831100463867 199680
1770858963212 3.784996747970581 204800
1770858987463 3.796196937561035 209920
1770859011714 3.788761615753174 215040
1770859036141 3.7834718227386475 220160
1770859060959 3.786393404006958 225280
1770859085856 3.7851052284240723 230400
1770859111917 3.787177562713623 235520
1770859137419 3.7879185676574707 240640
1770859162651 3.7919368743896484 245760
1770859187998 3.799351692199707 250880
1770859213214 3.8016324043273926 256000
1770859238478 3.80747652053833 261120
1770859263549 3.818690299987793 266240
1770859288718 3.834327220916748 271360
1770859314013 3.842421054840088 276480
1770859339645 3.8498032093048096 281600
1770859365167 3.8608951568603516 286720
1770859390417 3.8712735176086426 291840
1770859415667 3.8763349056243896 296960
1770859425733 3.881073236465454 300032
