1759890111347 0.0 5120
1759890123710 0.0 10240
1759890134999 0.0 15360
1759890146536 0.0 20480
1759890160588 0.0 25600
1759890174539 0.0 30720
1759890185338 0.0 35840
1759890199290 0.0 40960
1759890210406 0.0 46080
1759890224079 0.0 51200
1759890235324 0.0 56320
1759890248565 0.0 61440
1759890263598 0.0 66560
1759890275516 0.0 71680
1759890286516 0.0 76800
1759890299344 0.0 81920
1759890314309 0.0 87040
1759890327681 0.0 92160
1759890339731 0.0 97280
1759890350331 0.0 102400
1759890365764 0.0 107520
1759890379350 0.0 112640
1759890390181 0.0 117760
1759890403585 0.0 122880
1759890415387 0.0 128000
1759890429915 0.0 133120
1759890440492 0.0 138240
1759890454534 0.0 143360
1759890465577 0.0 148480
1759890479989 0.0 153600
1759890491074 0.0 158720
1759890504618 0.0 163840
1759890518775 0.0 168960
1759890531884 0.0 174080
1759890544571 0.0 179200
1759890560348 0.0 184320
1759890574521 0.0 189440
1759890586411 0.0 194560
1759890598490 0.0 199680
1759890613181 0.0 204800
1759890626398 0.0 209920
1759890638537 0.0 215040
1759890651006 0.0 220160
1759890664526 0.0 225280
1759890678877 0.0 230400
1759890691404 0.0 235520
1759890703898 0.0 240640
1759890717774 0.0 245760
1759890732298 0.0 250880
1759890747229 0.0 256000
1759890760224 0.0 261120
1759890775922 0.0 266240
1759890787578 0.0 271360
1759890802842 0.0 276480
1759890814604 0.0 281600
1759890828444 0.0 286720
1759890839874 0.0 291840
1759890856793 0.0 296960
1759890868544 0.0 302080
1759890880076 0.0 307200
1759890894767 0.0 312320
1759890909275 0.0 317440
1759890922770 0.0 322560
1759890933782 0.0 327680
1759890949723 0.0 332800
1759890963292 0.0 337920
1759890975822 0.0 343040
1759890987968 0.0 348160
1759891005339 0.0 353280
1759891016412 0.0 358400
1759891028932 0.0 363520
1759891041715 0.0 368640
1759891059567 0.0 373760
1759891071499 0.0 378880
1759891084118 0.0 384000
1759891098369 0.0 389120
1759891113831 0.0 394240
1759891125181 0.0 399360
1759891137360 0.0 404480
1759891151638 0.0 409600
1759891166579 0.0 414720
1759891181250 0.0 419840
1759891193543 0.0 424960
1759891204922 0.0 430080
1759891220302 0.0 435200
1759891236771 0.0 440320
1759891250571 0.0 445440
1759891263496 0.0 450560
1759891278257 0.0 455680
1759891294147 0.0 460800
1759891305995 0.0 465920
1759891319654 0.0 471040
1759891331928 0.0 476160
1759891348045 0.0 481280
1759891360065 0.0 486400
1759891373222 0.0 491520
1759891384838 0.0 496640
1759891402005 0.0 501760
1759891415677 0.0 506880
1759891427020 0.0 512000
1759891439508 0.0 517120
1759891456733 0.0 522240
1759891471042 0.0 527360
1759891482535 0.0 532480
1759891494304 0.0 537600
1759891509575 0.0 542720
1759891522674 0.0 547840
1759891535487 0.0 552960
1759891549667 0.0 558080
1759891563629 0.0 563200
