1759890111347 500.0 5120
1759890123710 500.0 10240
1759890134999 500.0 15360
1759890146536 500.0 20480
1759890160588 500.0 25600
1759890174539 500.0 30720
1759890185338 500.0 35840
1759890199290 500.0 40960
1759890210406 500.0 46080
1759890224079 500.0 51200
1759890235324 500.0 56320
1759890248565 500.0 61440
1759890263598 500.0 66560
1759890275516 500.0 71680
1759890286516 500.0 76800
1759890299344 500.0 81920
1759890314309 500.0 87040
1759890327681 500.0 92160
1759890339731 500.0 97280
1759890350331 500.0 102400
1759890365764 500.0 107520
1759890379350 500.0 112640
1759890390181 500.0 117760
1759890403585 500.0 122880
1759890415387 500.0 128000
1759890429915 500.0 133120
1759890440492 500.0 138240
1759890454534 500.0 143360
1759890465577 500.0 148480
1759890479989 500.0 153600
1759890491074 500.0 158720
1759890504618 500.0 163840
1759890518775 500.0 168960
1759890531884 500.0 174080
1759890544571 500.0 179200
1759890560348 500.0 184320
1759890574521 500.0 189440
1759890586411 500.0 194560
1759890598490 500.0 199680
1759890613181 500.0 204800
1759890626398 500.0 209920
1759890638537 500.0 215040
1759890651006 500.0 220160
1759890664526 500.0 225280
1759890678877 500.0 230400
1759890691404 500.0 235520
1759890703898 500.0 240640
1759890717774 500.0 245760
1759890732298 500.0 250880
1759890747229 500.0 256000
1759890760224 500.0 261120
1759890775922 500.0 266240
1759890787578 500.0 271360
1759890802842 500.0 276480
1759890814604 500.0 281600
1759890828444 500.0 286720
1759890839874 500.0 291840
1759890856793 500.0 296960
1759890868544 500.0 302080
1759890880076 500.0 307200
1759890894767 500.0 312320
1759890909275 500.0 317440
1759890922770 500.0 322560
1759890933782 500.0 327680
1759890949723 500.0 332800
1759890963292 500.0 337920
1759890975822 500.0 343040
1759890987968 500.0 348160
1759891005339 500.0 353280
1759891016412 500.0 358400
1759891028932 500.0 363520
1759891041715 500.0 368640
1759891059567 500.0 373760
1759891071499 500.0 378880
1759891084118 500.0 384000
1759891098369 500.0 389120
1759891113831 500.0 394240
1759891125181 500.0 399360
1759891137360 500.0 404480
1759891151638 500.0 409600
1759891166579 500.0 414720
1759891181250 500.0 419840
1759891193543 500.0 424960
1759891204922 500.0 430080
1759891220302 500.0 435200
1759891236771 500.0 440320
1759891250571 500.0 445440
1759891263496 500.0 450560
1759891278257 500.0 455680
1759891294147 500.0 460800
1759891305995 500.0 465920
1759891319654 500.0 471040
1759891331928 500.0 476160
1759891348045 500.0 481280
1759891360065 500.0 486400
1759891373222 500.0 491520
1759891384838 500.0 496640
1759891402005 500.0 501760
1759891415677 500.0 506880
1759891427020 500.0 512000
1759891439508 500.0 517120
1759891456733 500.0 522240
1759891471042 500.0 527360
1759891482535 500.0 532480
1759891494304 500.0 537600
1759891509575 500.0 542720
1759891522674 500.0 547840
1759891535487 500.0 552960
1759891549667 500.0 558080
1759891563629 500.0 563200
