1759890111343 -7.0589153470005845 5120
1759890123705 -2.6326253977688876 10240
1759890134996 -1.778845700621605 15360
1759890146532 -1.4218595958891367 20480
1759890160581 -2.098042506438035 25600
1759890174536 -1.2361965410171016 30720
1759890185335 -1.2668734656439886 35840
1759890199285 -1.4500396356350038 40960
1759890210402 -1.4486768390821374 46080
1759890224075 -1.3197370491775813 51200
1759890235318 -1.2785759908812386 56320
1759890248561 -1.2708332108669593 61440
1759890263595 -1.218363654974735 66560
1759890275511 -1.3000241293034083 71680
1759890286511 -1.2263461087879381 76800
1759890299340 -1.1719698093555593 81920
1759890314302 -1.1518049351004667 87040
1759890327677 -1.1034124521108775 92160
1759890339718 -1.0394122421741485 97280
1759890350327 -1.0239104941339774 102400
1759890365759 -0.9960576903145268 107520
1759890379346 -0.9370217744294588 112640
1759890390176 -0.8739018686886492 117760
1759890403580 -0.85024752183394 122880
1759890415379 -0.8260474840799967 128000
1759890429910 -0.7790372775711176 133120
1759890440469 -0.7506233313504387 138240
1759890454529 -0.7189257385037469 143360
1759890465572 -0.6905559278514287 148480
1759890479984 -0.6761095299626029 153600
1759890491069 -0.6793068250020345 158720
1759890504611 -0.63484476456731 163840
1759890518765 -0.5938210165644267 168960
1759890531879 -0.5752566543936032 174080
1759890544565 -0.570826937935569 179200
1759890560342 -0.5465573990542586 184320
1759890574513 -0.519340778678976 189440
1759890586402 -0.5187340182159583 194560
1759890598484 -0.49041052837761084 199680
1759890613174 -0.4825530768626958 204800
1759890626389 -0.4669986345235584 209920
1759890638531 -0.4592453897846819 215040
1759890651000 -0.45009488529629177 220160
1759890664521 -0.4306222691255458 225280
1759890678868 -0.41889437532002943 230400
1759890691398 -0.4080830049721193 235520
1759890703889 -0.3934920407957949 240640
1759890717769 -0.38103932740777363 245760
1759890732292 -0.3656606790496082 250880
1759890747220 -0.35408371397223604 256000
1759890760217 -0.34109291210770604 261120
1759890775912 -0.3318533586816313 266240
1759890787568 -0.3219501194201018 271360
1759890802834 -0.31280971752321585 276480
1759890814598 -0.30394844386888586 281600
1759890828438 -0.29973775517473866 286720
1759890839868 -0.2943775197009107 291840
1759890856784 -0.2857916841801909 296960
1759890868537 -0.2781125339301857 302080
1759890880070 -0.271776242430424 307200
1759890894760 -0.26603203692467386 312320
1759890909268 -0.26134378917730894 317440
1759890922763 -0.25328475221802915 322560
1759890933771 -0.24993315040136793 327680
1759890949713 -0.2433658228330086 332800
1759890963281 -0.23901165821040868 337920
1759890975815 -0.23908924971308027 343040
1759890987957 -0.2333885850095329 348160
1759891005332 -0.22580904602315385 353280
1759891016404 -0.22158346067466628 358400
1759891028917 -0.21426844811171628 363520
1759891041708 -0.2083663208662968 368640
1759891059560 -0.2039449764731152 373760
1759891071492 -0.20098845181118122 378880
1759891084109 -0.19736601951274466 384000
1759891098360 -0.1929691585030143 389120
1759891113821 -0.18959641703669888 394240
1759891125174 -0.18670867519915257 399360
1759891137352 -0.18369027508629693 404480
1759891151630 -0.17885143227708014 409600
1759891166566 -0.17515768863884684 414720
1759891181242 -0.17233561541332235 419840
1759891193534 -0.16831672008220966 424960
1759891204911 -0.16599332510433967 430080
1759891220293 -0.16278364848642843 435200
1759891236761 -0.15990637007003042 440320
1759891250560 -0.15680927770947095 445440
1759891263488 -0.15407202238398615 450560
1759891278249 -0.15352882697443257 455680
1759891294139 -0.15033233181600297 460800
1759891305985 -0.1478299343795107 465920
1759891319645 -0.14637090120294866 471040
1759891331920 -0.14498019648212218 476160
1759891348036 -0.1436160154403395 481280
1759891360051 -0.14205371411908577 486400
1759891373215 -0.13972704048711893 491520
1759891384828 -0.1374434622226919 496640
1759891401997 -0.13522234487436452 501760
1759891415646 -0.13333212771723346 506880
1759891427012 -0.13179250363104358 512000
1759891439499 -0.12954518484032673 517120
1759891456725 -0.1274115465391872 522240
1759891471033 -0.1258412793625233 527360
1759891482521 -0.12389249948073257 532480
1759891494296 -0.12254087081880172 537600
1759891509567 -0.12064132007950892 542720
1759891522665 -0.11995055871223335 547840
1759891535477 -0.11783929990532217 552960
1759891549655 -0.11657360324929485 558080
1759891563621 -0.11473774468617516 563200
