1759890111347 18.210276662567516 5120
1759890123710 17.59514911358173 10240
1759890134999 17.701664162747687 15360
1759890146536 17.548239985598794 20480
1759890160588 17.519261377858875 25600
1759890174539 17.43116294549655 30720
1759890185338 17.389029145887488 35840
1759890199290 17.216251909040473 40960
1759890210406 17.162187644285734 46080
1759890224079 17.20831805952789 51200
1759890235324 17.187556625237196 56320
1759890248565 17.220012553348294 61440
1759890263598 17.20346749487289 66560
1759890275516 17.203815940062924 71680
1759890286516 17.256652608459248 76800
1759890299344 17.296601027494507 81920
1759890314309 17.271283592267782 87040
1759890327681 17.24349574473166 92160
1759890339731 17.26960943642928 97280
1759890350331 17.27342025682623 102400
1759890365764 17.29477575978925 107520
1759890379350 17.30995630465442 112640
1759890390181 17.241597841940752 117760
1759890403585 17.22032135650371 122880
1759890415387 17.182756430415782 128000
1759890429915 17.182213375965755 133120
1759890440492 17.17489584800218 138240
1759890454534 17.141464938927214 143360
1759890465577 17.151360269291917 148480
1759890479989 17.13878968764588 153600
1759890491074 17.13679676479879 158720
1759890504618 17.143555211787717 163840
1759890518775 17.13151644048969 168960
1759890531884 17.13156584593422 174080
1759890544571 17.151795567966676 179200
1759890560348 17.157736736172243 184320
1759890574521 17.167382497317885 189440
1759890586411 17.16470963020138 194560
1759890598490 17.18878927340405 199680
1759890613181 17.21191658493379 204800
1759890626398 17.218855835817042 209920
1759890638537 17.19294599885668 215040
1759890651006 17.198033472119125 220160
1759890664526 17.208164164117697 225280
1759890678877 17.20115806362263 230400
1759890691404 17.204327155755433 235520
1759890703898 17.203997918102356 240640
1759890717774 17.204456749466548 245760
1759890732298 17.194723695832838 250880
1759890747229 17.175687271138813 256000
1759890760224 17.175964557856734 261120
1759890775922 17.157509350121398 266240
1759890787578 17.16140275490346 271360
1759890802842 17.16483229891972 276480
1759890814604 17.174847382551263 281600
1759890828444 17.155509836990884 286720
1759890839874 17.146769734054455 291840
1759890856793 17.131644483365328 296960
1759890868544 17.132882075090663 302080
1759890880076 17.125941287706738 307200
1759890894767 17.124218492813952 312320
1759890909275 17.14778983784093 317440
1759890922770 17.14951415392692 322560
1759890933782 17.153595071554342 327680
1759890949723 17.147717694996064 332800
1759890963292 17.151594488007866 337920
1759890975822 17.152641514039225 343040
1759890987968 17.165004351174353 348160
1759891005339 17.152064658386298 353280
1759891016412 17.1471036576372 358400
1759891028932 17.131986644282094 363520
1759891041715 17.138746822028065 368640
1759891059567 17.145435844618508 373760
1759891071499 17.158457904396663 378880
1759891084118 17.15560581533967 384000
1759891098369 17.17300767857174 389120
1759891113831 17.17097513025838 394240
1759891125181 17.182114736724593 399360
1759891137360 17.18292883255062 404480
1759891151638 17.194604173580565 409600
1759891166579 17.189342696201024 414720
1759891181250 17.195350184954485 419840
1759891193543 17.20531574911756 424960
1759891204922 17.206362497759773 430080
1759891220302 17.201456147416028 435200
1759891236771 17.189589464439536 440320
1759891250571 17.180362017030795 445440
1759891263496 17.180988701313936 450560
1759891278257 17.18246887606863 455680
1759891294147 17.17707168220914 460800
1759891305995 17.185766939953922 465920
1759891319654 17.200303256380305 471040
1759891331928 17.185602004869725 476160
1759891348045 17.19120678911745 481280
1759891360065 17.18984425168113 486400
1759891373222 17.19300551721497 491520
1759891384838 17.19698959081372 496640
1759891402005 17.19318007764918 501760
1759891415677 17.202032072138085 506880
1759891427020 17.20668345430886 512000
1759891439508 17.208182819436345 517120
1759891456733 17.202265066958507 522240
1759891471042 17.209289320403208 527360
1759891482535 17.197875493022423 532480
1759891494304 17.197603879910478 537600
1759891509575 17.19307167953571 542720
1759891522674 17.193551487551815 547840
1759891535487 17.199409416522528 552960
1759891549667 17.20522874935653 558080
1759891563629 17.206601800809448 563200
