1771000300327 0.07856511324644089 5120
1771000317731 0.07717568427324295 10240
1771000335195 0.07978447526693344 15360
1771000352711 0.0768081322312355 20480
1771000370361 0.07842619717121124 25600
1771000387802 0.07682716846466064 30720
1771000405277 0.07788780331611633 35840
1771000422762 0.07698402553796768 40960
1771000440210 0.07569294422864914 46080
1771000457704 0.07553290575742722 51200
1771000475176 0.07559196650981903 56320
1771000492682 0.07542508840560913 61440
1771000510145 0.0754115954041481 66560
1771000527573 0.07575201243162155 71680
1771000545071 0.07530751079320908 76800
1771000562560 0.0750804990530014 81920
1771000580041 0.07521923631429672 87040
1771000597484 0.074709951877594 92160
1771000614960 0.07489225268363953 97280
1771000632417 0.07484384626150131 102400
1771000649901 0.07502934336662292 107520
1771000667381 0.07494276762008667 112640
1771000684889 0.07503028213977814 117760
1771000702319 0.07496976107358932 122880
1771000719797 0.07502090930938721 128000
1771000737266 0.07495841383934021 133120
1771000754764 0.07470905035734177 138240
1771000772228 0.07482191920280457 143360
1771000789690 0.0747087374329567 148480
1771000807093 0.07448183745145798 153600
1771000824595 0.07436498254537582 158720
1771000842084 0.07432716339826584 163840
1771000859575 0.07413780689239502 168960
1771000877062 0.07401229441165924 174080
1771000894504 0.07380903512239456 179200
1771000911949 0.07363114506006241 184320
1771000929427 0.07362368702888489 189440
1771000946916 0.07369610667228699 194560
1771000964379 0.07374732941389084 199680
1771000981850 0.07397980242967606 204800
1771000999332 0.07389859855175018 209920
1771001016812 0.07376192510128021 215040
1771001034297 0.07369774580001831 220160
1771001051780 0.07374058663845062 225280
1771001069263 0.07371353358030319 230400
1771001086676 0.07375933974981308 235520
1771001104144 0.07360469549894333 240640
1771001121633 0.07342542707920074 245760
1771001139114 0.0734284445643425 250880
1771001156593 0.0733971819281578 256000
1771001174042 0.07347802817821503 261120
1771001191525 0.07351571321487427 266240
1771001208999 0.0735374465584755 271360
1771001226472 0.07365972548723221 276480
1771001243942 0.07352901250123978 281600
1771001261390 0.0736217275261879 286720
1771001278901 0.07374773919582367 291840
1771001296388 0.07384654879570007 296960
1771001303376 0.07374422252178192 300032
