1771000300327 18.925199508666992 5120
1771000317731 20.427629470825195 10240
1771000335195 21.22402000427246 15360
1771000352711 21.327966690063477 20480
1771000370361 21.525318145751953 25600
1771000387802 21.62346076965332 30720
1771000405277 21.68206024169922 35840
1771000422762 21.783525466918945 40960
1771000440210 21.886253356933594 46080
1771000457704 21.952468872070312 51200
1771000475176 21.930856704711914 56320
1771000492682 21.927209854125977 61440
1771000510145 21.907978057861328 66560
1771000527573 21.958843231201172 71680
1771000545071 21.966093063354492 76800
1771000562560 21.96109390258789 81920
1771000580041 21.992673873901367 87040
1771000597484 21.991159439086914 92160
1771000614960 21.99463653564453 97280
1771000632417 22.016983032226562 102400
1771000649901 22.027761459350586 107520
1771000667381 22.05434226989746 112640
1771000684889 22.07009506225586 117760
1771000702319 22.076204299926758 122880
1771000719797 22.10581398010254 128000
1771000737266 22.106033325195312 133120
1771000754764 22.128828048706055 138240
1771000772228 22.17984390258789 143360
1771000789690 22.182710647583008 148480
1771000807093 22.174142837524414 153600
1771000824595 22.214271545410156 158720
1771000842084 22.202510833740234 163840
1771000859575 22.172710418701172 168960
1771000877062 22.173397064208984 174080
1771000894504 22.175649642944336 179200
1771000911949 22.170429229736328 184320
1771000929427 22.1998291015625 189440
1771000946916 22.187063217163086 194560
1771000964379 22.190147399902344 199680
1771000981850 22.215776443481445 204800
1771000999332 22.22088623046875 209920
1771001016812 22.208984375 215040
1771001034297 22.225555419921875 220160
1771001051780 22.221561431884766 225280
1771001069263 22.214412689208984 230400
1771001086676 22.236413955688477 235520
1771001104144 22.213485717773438 240640
1771001121633 22.222026824951172 245760
1771001139114 22.239377975463867 250880
1771001156593 22.23352813720703 256000
1771001174042 22.221080780029297 261120
1771001191525 22.1954288482666 266240
1771001208999 22.215845108032227 271360
1771001226472 22.22464370727539 276480
1771001243942 22.214448928833008 281600
1771001261390 22.2302188873291 286720
1771001278901 22.2312068939209 291840
1771001296388 22.245397567749023 296960
1771001303376 22.235675811767578 300032
