1771000300327 24.531421661376953 5120
1771000317731 26.053327560424805 10240
1771000335195 26.89391326904297 15360
1771000352711 26.883451461791992 20480
1771000370361 27.172250747680664 25600
1771000387802 27.214359283447266 30720
1771000405277 27.297313690185547 35840
1771000422762 27.384403228759766 40960
1771000440210 27.432126998901367 46080
1771000457704 27.47106170654297 51200
1771000475176 27.46219825744629 56320
1771000492682 27.44462013244629 61440
1771000510145 27.424680709838867 66560
1771000527573 27.495378494262695 71680
1771000545071 27.5069580078125 76800
1771000562560 27.50359535217285 81920
1771000580041 27.534460067749023 87040
1771000597484 27.507789611816406 92160
1771000614960 27.50070571899414 97280
1771000632417 27.514835357666016 102400
1771000649901 27.537498474121094 107520
1771000667381 27.568157196044922 112640
1771000684889 27.58866310119629 117760
1771000702319 27.591754913330078 122880
1771000719797 27.62718963623047 128000
1771000737266 27.625001907348633 133120
1771000754764 27.63865089416504 138240
1771000772228 27.703922271728516 143360
1771000789690 27.699764251708984 148480
1771000807093 27.679712295532227 153600
1771000824595 27.71367645263672 158720
1771000842084 27.69652557373047 163840
1771000859575 27.655275344848633 168960
1771000877062 27.655921936035156 174080
1771000894504 27.651386260986328 179200
1771000911949 27.637908935546875 184320
1771000929427 27.674175262451172 189440
1771000946916 27.665380477905273 194560
1771000964379 27.66999626159668 199680
1771000981850 27.710033416748047 204800
1771000999332 27.71366310119629 209920
1771001016812 27.6971378326416 215040
1771001034297 27.71502113342285 220160
1771001051780 27.716880798339844 225280
1771001069263 27.7105655670166 230400
1771001086676 27.738452911376953 235520
1771001104144 27.707294464111328 240640
1771001121633 27.710453033447266 245760
1771001139114 27.72972869873047 250880
1771001156593 27.721282958984375 256000
1771001174042 27.711200714111328 261120
1771001191525 27.68333625793457 266240
1771001208999 27.709564208984375 271360
1771001226472 27.724864959716797 276480
1771001243942 27.707948684692383 281600
1771001261390 27.7263126373291 286720
1771001278901 27.73084831237793 291840
1771001296388 27.750152587890625 296960
1771001303376 27.73723793029785 300032
