1771000300327 0.0 5120
1771000317731 0.0 10240
1771000335195 0.0 15360
1771000352711 0.0 20480
1771000370361 0.0 25600
1771000387802 0.0 30720
1771000405277 0.0 35840
1771000422762 0.0 40960
1771000440210 0.0 46080
1771000457704 0.0 51200
1771000475176 0.0 56320
1771000492682 0.0 61440
1771000510145 0.0 66560
1771000527573 0.0 71680
1771000545071 0.0 76800
1771000562560 0.0 81920
1771000580041 0.0 87040
1771000597484 0.0 92160
1771000614960 0.0 97280
1771000632417 0.0 102400
1771000649901 0.0 107520
1771000667381 0.0 112640
1771000684889 0.0 117760
1771000702319 0.0 122880
1771000719797 0.0 128000
1771000737266 0.0 133120
1771000754764 0.0 138240
1771000772228 0.0 143360
1771000789690 0.0 148480
1771000807093 0.0 153600
1771000824595 0.0 158720
1771000842084 0.0 163840
1771000859575 0.0 168960
1771000877062 0.0 174080
1771000894504 0.0 179200
1771000911949 0.0 184320
1771000929427 0.0 189440
1771000946916 0.0 194560
1771000964379 0.0 199680
1771000981850 0.0 204800
1771000999332 0.0 209920
1771001016812 0.0 215040
1771001034297 0.0 220160
1771001051780 0.0 225280
1771001069263 0.0 230400
1771001086676 0.0 235520
1771001104144 0.0 240640
1771001121633 0.0 245760
1771001139114 0.0 250880
1771001156593 0.0 256000
1771001174042 0.0 261120
1771001191525 0.0 266240
1771001208999 0.0 271360
1771001226472 0.0 276480
1771001243942 0.0 281600
1771001261390 0.0 286720
1771001278901 0.0 291840
1771001296388 0.0 296960
1771001303376 0.0 300032
