1771000300327 1.1277103424072266 5120
1771000317731 1.1464482545852661 10240
1771000335195 1.162426471710205 15360
1771000352711 1.1544859409332275 20480
1771000370361 1.1636013984680176 25600
1771000387802 1.1583613157272339 30720
1771000405277 1.158689260482788 35840
1771000422762 1.1591994762420654 40960
1771000440210 1.158371090888977 46080
1771000457704 1.1602275371551514 51200
1771000475176 1.1592544317245483 56320
1771000492682 1.1579015254974365 61440
1771000510145 1.1567295789718628 66560
1771000527573 1.1586940288543701 71680
1771000545071 1.1584924459457397 76800
1771000562560 1.1581107378005981 81920
1771000580041 1.1583411693572998 87040
1771000597484 1.1568167209625244 92160
1771000614960 1.1563235521316528 97280
1771000632417 1.1560478210449219 102400
1771000649901 1.1567347049713135 107520
1771000667381 1.157791256904602 112640
1771000684889 1.1584701538085938 117760
1771000702319 1.158573031425476 122880
1771000719797 1.1599104404449463 128000
1771000737266 1.1598091125488281 133120
1771000754764 1.160306692123413 138240
1771000772228 1.1629282236099243 143360
1771000789690 1.1626743078231812 148480
1771000807093 1.1610605716705322 153600
1771000824595 1.1624311208724976 158720
1771000842084 1.1614285707473755 163840
1771000859575 1.1599172353744507 168960
1771000877062 1.1597462892532349 174080
1771000894504 1.1592665910720825 179200
1771000911949 1.158709168434143 184320
1771000929427 1.160212755203247 189440
1771000946916 1.1598398685455322 194560
1771000964379 1.1600985527038574 199680
1771000981850 1.161501169204712 204800
1771000999332 1.1616548299789429 209920
1771001016812 1.1612530946731567 215040
1771001034297 1.1616928577423096 220160
1771001051780 1.1615931987762451 225280
1771001069263 1.1613136529922485 230400
1771001086676 1.1623852252960205 235520
1771001104144 1.161125659942627 240640
1771001121633 1.1611799001693726 245760
1771001139114 1.1618486642837524 250880
1771001156593 1.1614058017730713 256000
1771001174042 1.1610394716262817 261120
1771001191525 1.1601816415786743 266240
1771001208999 1.1610475778579712 271360
1771001226472 1.1615641117095947 276480
1771001243942 1.160649061203003 281600
1771001261390 1.161167025566101 286720
1771001278901 1.1611621379852295 291840
1771001296388 1.1618950366973877 296960
1771001303376 1.161290168762207 300032
