1771000300319 -1.9264554977416992 5120
1771000317721 -3.363158702850342 10240
1771000335182 -3.8862056732177734 15360
1771000352697 -4.331503868103027 20480
1771000370350 -5.1814656257629395 25600
1771000387791 -5.809386253356934 30720
1771000405267 -6.766510009765625 35840
1771000422751 -7.593879699707031 40960
1771000440200 -8.206192016601562 46080
1771000457694 -8.477282524108887 51200
1771000475165 -8.70457935333252 56320
1771000492671 -8.87810230255127 61440
1771000510135 -9.043425559997559 66560
1771000527562 -9.050393104553223 71680
1771000545059 -8.971487045288086 76800
1771000562549 -8.76811695098877 81920
1771000580030 -8.612113952636719 87040
1771000597473 -8.471853256225586 92160
1771000614949 -8.328224182128906 97280
1771000632406 -8.151247024536133 102400
1771000649890 -8.105749130249023 107520
1771000667369 -7.881913185119629 112640
1771000684878 -7.706225395202637 117760
1771000702307 -7.506289482116699 122880
1771000719785 -7.352214813232422 128000
1771000737255 -7.17849063873291 133120
1771000754752 -6.96755313873291 138240
1771000772216 -6.808746337890625 143360
1771000789680 -6.61586856842041 148480
1771000807081 -6.396296501159668 153600
1771000824583 -6.350649833679199 158720
1771000842072 -6.0830278396606445 163840
1771000859563 -5.956862449645996 168960
1771000877050 -5.778275489807129 174080
1771000894492 -5.647322654724121 179200
1771000911935 -5.459908962249756 184320
1771000929415 -5.20639705657959 189440
1771000946904 -5.143197059631348 194560
1771000964367 -4.990930080413818 199680
1771000981837 -4.756682872772217 204800
1771000999319 -4.663386344909668 209920
1771001016799 -4.521907806396484 215040
1771001034285 -4.351505756378174 220160
1771001051767 -4.181325435638428 225280
1771001069250 -4.022772789001465 230400
1771001086662 -3.905806064605713 235520
1771001104130 -3.7474074363708496 240640
1771001121619 -3.6898274421691895 245760
1771001139101 -3.532376766204834 250880
1771001156579 -3.3596014976501465 256000
1771001174029 -3.2638230323791504 261120
1771001191515 -3.149975299835205 266240
1771001208986 -3.0378289222717285 271360
1771001226458 -2.9068045616149902 276480
1771001243929 -2.7450873851776123 281600
1771001261379 -2.651146173477173 286720
1771001278886 -2.5936951637268066 291840
1771001296374 -2.4433364868164062 296960
1771001303361 -2.4747233390808105 300032
