1771000300327 1.0396913290023804 5120
1771000317731 1.0934299230575562 10240
1771000335195 1.1302624940872192 15360
1771000352711 1.113661289215088 20480
1771000370361 1.1297537088394165 25600
1771000387802 1.1182466745376587 30720
1771000405277 1.1368141174316406 35840
1771000422762 1.1358028650283813 40960
1771000440210 1.1279895305633545 46080
1771000457704 1.1260058879852295 51200
1771000475176 1.1232285499572754 56320
1771000492682 1.1249992847442627 61440
1771000510145 1.1249622106552124 66560
1771000527573 1.1290112733840942 71680
1771000545071 1.1261091232299805 76800
1771000562560 1.1248478889465332 81920
1771000580041 1.1246792078018188 87040
1771000597484 1.1217094659805298 92160
1771000614960 1.1222217082977295 97280
1771000632417 1.1231356859207153 102400
1771000649901 1.1244169473648071 107520
1771000667381 1.1242496967315674 112640
1771000684889 1.125780463218689 117760
1771000702319 1.1245800256729126 122880
1771000719797 1.1259424686431885 128000
1771000737266 1.1258049011230469 133120
1771000754764 1.1242791414260864 138240
1771000772228 1.1261401176452637 143360
1771000789690 1.1265546083450317 148480
1771000807093 1.1258431673049927 153600
1771000824595 1.1261316537857056 158720
1771000842084 1.1252045631408691 163840
1771000859575 1.1218165159225464 168960
1771000877062 1.1209228038787842 174080
1771000894504 1.1197080612182617 179200
1771000911949 1.1183794736862183 184320
1771000929427 1.11906099319458 189440
1771000946916 1.1197835206985474 194560
1771000964379 1.1204267740249634 199680
1771000981850 1.1225807666778564 204800
1771000999332 1.1220804452896118 209920
1771001016812 1.1206375360488892 215040
1771001034297 1.1204231977462769 220160
1771001051780 1.1211539506912231 225280
1771001069263 1.1206895112991333 230400
1771001086676 1.121663212776184 235520
1771001104144 1.1200833320617676 240640
1771001121633 1.1186249256134033 245760
1771001139114 1.118838906288147 250880
1771001156593 1.1188088655471802 256000
1771001174042 1.1195777654647827 261120
1771001191525 1.1186463832855225 266240
1771001208999 1.1182012557983398 271360
1771001226472 1.119754672050476 276480
1771001243942 1.1188844442367554 281600
1771001261390 1.1208292245864868 286720
1771001278901 1.1225340366363525 291840
1771001296388 1.1248102188110352 296960
1771001303376 1.123712420463562 300032
