1759586433813 0.0 5120
1759586451092 0.0 10240
1759586463466 0.0 15360
1759586474301 0.0 20480
1759586488394 0.0 25600
1759586502990 0.0 30720
1759586516355 0.0 35840
1759586528118 0.0 40960
1759586547584 0.0 46080
1759586562251 0.0 51200
1759586574505 0.0 56320
1759586587040 0.0 61440
1759586606215 0.0 66560
1759586620626 0.0 71680
1759586633156 0.0 76800
1759586647523 0.0 81920
1759586663320 0.0 87040
1759586678560 0.0 92160
1759586690987 0.0 97280
1759586708412 0.0 102400
1759586720767 0.0 107520
1759586735150 0.0 112640
1759586748088 0.0 117760
1759586767699 0.0 122880
1759586783642 0.0 128000
1759586797398 0.0 133120
1759586811370 0.0 138240
1759586829544 0.0 143360
1759586843727 0.0 148480
1759586858047 0.0 153600
1759586876161 0.0 158720
1759586890382 0.0 163840
1759586903689 0.0 168960
1759586918713 0.0 174080
1759586938871 0.0 179200
1759586951621 0.0 184320
1759586966829 0.0 189440
1759586980923 0.0 194560
1759587000010 0.0 199680
1759587012703 0.0 204800
1759587026576 0.0 209920
1759587044867 0.0 215040
1759587060339 0.0 220160
1759587072989 0.0 225280
1759587086167 0.0 230400
1759587106499 0.0 235520
1759587118988 0.0 240640
1759587131686 0.0 245760
1759587143752 0.0 250880
1759587163502 0.0 256000
1759587177350 0.0 261120
1759587190800 0.0 266240
1759587207341 0.0 271360
1759587220014 0.0 276480
1759587234615 0.0 281600
1759587250463 0.0 286720
1759587266886 0.0 291840
1759587282120 0.0 296960
1759587296195 0.0 302080
1759587312729 0.0 307200
1759587328144 0.0 312320
1759587342457 0.0 317440
1759587361270 0.0 322560
1759587374591 0.0 327680
1759587387205 0.0 332800
1759587401755 0.0 337920
1759587421077 0.0 343040
1759587433113 0.0 348160
1759587446927 0.0 353280
1759587460412 0.0 358400
1759587478403 0.0 363520
1759587493775 0.0 368640
1759587506758 0.0 373760
1759587526809 0.0 378880
1759587541132 0.0 384000
1759587556786 0.0 389120
1759587568050 0.0 394240
1759587584220 0.0 399360
1759587598194 0.0 404480
1759587609820 0.0 409600
1759587621529 0.0 414720
1759587636862 0.0 419840
1759587652128 0.0 424960
1759587663812 0.0 430080
1759587678587 0.0 435200
1759587689934 0.0 440320
1759587705501 0.0 445440
1759587719506 0.0 450560
1759587734885 0.0 455680
1759587747865 0.0 460800
1759587759720 0.0 465920
1759587772394 0.0 471040
1759587785773 0.0 476160
1759587798290 0.0 481280
1759587812297 0.0 486400
1759587823309 0.0 491520
1759587839751 0.0 496640
1759587855160 0.0 501760
1759587871479 0.0 506880
1759587884262 0.0 512000
1759587898891 0.0 517120
1759587913886 0.0 522240
1759587929423 0.0 527360
1759587943383 0.0 532480
1759587957733 0.0 537600
1759587971365 0.0 542720
1759587986430 0.0 547840
1759588000019 0.0 552960
1759588014137 0.0 558080
1759588027778 0.0 563200
1759588044483 0.0 568320
1759588059571 0.0 573440
1759588072969 0.0 578560
1759588084640 0.0 583680
1759588100446 0.0 588800
1759588117576 0.0 593920
1759588129105 0.0 599040
1759588140865 0.0 604160
1759588156869 0.0 609280
1759588173635 0.0 614400
1759588185460 0.0 619520
1759588200260 0.0 624640
1759588214118 0.0 629760
1759588229870 0.0 634880
1759588242844 0.0 640000
1759588259117 0.0 645120
1759588271544 0.0 650240
1759588288827 0.0 655360
1759588301172 0.0 660480
1759588318998 0.0 665600
1759588331945 0.0 670720
1759588346670 0.0 675840
1759588360577 0.0 680960
1759588376690 0.0 686080
1759588391289 0.0 691200
1759588407315 0.0 696320
1759588421398 0.0 701440
1759588436321 0.0 706560
1759588451067 0.0 711680
1759588465226 0.0 716800
1759588479811 0.0 721920
1759588495066 0.0 727040
1759588509895 0.0 732160
1759588523816 0.0 737280
1759588538808 0.0 742400
1759588553795 0.0 747520
1759588569571 0.0 752640
1759588582606 0.0 757760
1759588598527 0.0 762880
1759588613273 0.0 768000
1759588629979 0.0 773120
1759588642669 0.0 778240
1759588659813 0.0 783360
1759588673890 0.0 788480
1759588688797 0.0 793600
1759588703268 0.0 798720
1759588720583 0.0 803840
1759588733385 0.0 808960
1759588748402 0.0 814080
1759588762405 0.0 819200
1759588781397 0.0 824320
1759588797848 0.0 829440
1759588810018 0.0 834560
1759588824863 0.0 839680
1759588841217 0.0 844800
1759588857135 0.0 849920
1759588870068 0.0 855040
1759588884765 0.0 860160
1759588900816 0.0 865280
1759588915768 0.0 870400
1759588930205 0.0 875520
1759588944049 0.0 880640
1759588959452 0.0 885760
1759588976149 0.0 890880
1759588991963 0.0 896000
1759589011489 2.753910552985239e-05 901120
1759589036468 2.744689026733271e-05 906240
1759589052933 2.7342575123725154e-05 911360
1759589068641 2.7240533914464723e-05 916480
1759589081222 2.714514509080051e-05 921600
1759589097563 2.7049690281046283e-05 926720
1759589117172 2.6970898400625724e-05 931840
1759589132799 2.6889671677108822e-05 936960
1759589146033 2.6814683720805512e-05 942080
1759589160659 2.6736538153039946e-05 947200
1759589179918 2.6658136063126465e-05 952320
1759589195512 7.975541672205237e-05 957440
1759589208392 0.00010604453870625662 962560
1759589223537 0.00013220867817763558 967680
1759589241558 0.00015824454056335058 972800
1759589255996 0.00018411846708224835 977920
1759589268113 0.00018361618970175485 983040
1759589281523 0.0002092871157619359 988160
1759589300019 0.00020873013802280376 993280
1759589316302 0.0002862496096596232 998400
1759589328427 0.00031145371019232265 1003520
1759589346413 0.0003105429325604265 1008640
1759589368253 0.0003097893432465923 1013760
1759589383228 0.0003347582015759386 1018880
1759589396399 0.0003338983921508193 1024000
1759589410978 0.00033304298816416456 1029120
1759589430520 0.00035774518321664023 1034240
1759589442378 0.0003567787971457696 1039360
1759589455425 0.00035579953237775745 1044480
1759589470719 0.00035478066952180634 1049600
1759589490314 0.0003537855049024563 1054720
1759589503911 0.0003527336860670194 1059840
1759589515960 0.0003517764711794563 1064960
1759589532316 0.00035077169773501705 1070080
1759589549011 0.00034983382893125764 1075200
1759589562852 0.0003489183531053733 1080320
1759589575890 0.00034792117100325556 1085440
1759589590635 0.0003470500743678731 1090560
1759589608581 0.0003461490913586352 1095680
1759589620082 0.00034524426031417227 1100800
1759589632870 0.0003443356780953318 1105920
1759589650666 0.00034342344110287984 1111040
1759589666089 0.0003425411661079983 1116160
1759589678818 0.0003416133912449368 1121280
1759589692832 0.00034068233805421714 1126400
1759589709311 0.00033985531873573823 1131520
1759589721810 0.00033899125886825346 1136640
1759589733727 0.0003381152489977298 1141760
1759589750737 0.00033728437891490795 1146880
1759589766673 0.00033643332612404777 1152000
1759589778924 0.00033558655736133083 1157120
1759589792266 0.00033466402122726076 1162240
1759589808680 0.00033381020505484027 1167360
1759589822061 0.00033295281582952814 1172480
1759589835003 0.00033209981971724073 1177600
1759589849411 0.0003312433455577901 1182720
1759589864397 0.00033046146583264486 1187840
1759589877262 0.0003532071206555524 1192960
1759589891067 0.00035231116121758736 1198080
1759589908982 0.0003514444366345681 1203200
1759589924462 0.00037392787866040336 1208320
1759589936560 0.0003962796335578918 1213440
1759589948995 0.00039536722638262243 1218560
1759589969598 0.0003944407062808882 1223680
1759589982659 0.0003933910306845004 1228800
1759589995650 0.0003924012649170187 1233920
1759590009405 0.0003915336603790967 1239040
1759590027850 0.0004136029411764706 1244160
1759590041693 0.0004126358259593783 1249280
1759590054575 0.00041168263842828714 1254400
1759590066799 0.00041078071156347705 1259520
1759590085503 0.00040980807321904243 1264640
1759590100299 0.0004087843208502714 1269760
1759590113801 0.00040766408479412964 1274880
1759590128132 0.0004290973147541724 1280000
1759590144015 0.00042791829012860073 1285120
1759590159619 0.000426697808120733 1290240
1759590173163 0.00042557957218053536 1295360
1759590189308 0.00042439133348224256 1300480
1759590202269 0.0004232945684623268 1305600
1759590218414 0.00042217531385401624 1310720
1759590232748 0.00042110862386134443 1315840
1759590248917 0.0004201216141514649 1320960
1759590261243 0.00041922245267199154 1326080
1759590279104 0.00041827187671986794 1331200
1759590294634 0.00041737143861344817 1336320
1759590308353 0.0004165022578806611 1341440
1759590320945 0.0004374835943652113 1346560
1759590339902 0.00043652872359001223 1351680
1759590355489 0.00043564442701866734 1356800
1759590367319 0.0004347259053166978 1361920
1759590379390 0.0004337642057777392 1367040
1759590401773 0.00043287232430794535 1372160
1759590415098 0.0004319747726732759 1377280
1759590427699 0.00043106235316938595 1382400
1759590441127 0.00043011677670487536 1387520
1759590460869 0.0004506050982748262 1392640
1759590473414 0.000449621033700167 1397760
1759590487139 0.00044863167339614175 1402880
1759590500961 0.00044768482987976463 1408000
1759590517301 0.0004679556718354498 1413120
1759590530231 0.00046697232127695704 1418240
1759590545887 0.00046600296547341663 1423360
1759590560069 0.000464939346548882 1428480
1759590577627 0.00046392948271862676 1433600
1759590588094 0.0005051142821063266 1438720
1759590603080 0.0005040640161300485 1443840
1759590616898 0.0005239771965124078 1448960
1759590631834 0.0005228922214553137 1454080
1759590644258 0.0005635331440975121 1459200
1759590657398 0.0005622540138689324 1464320
1759590672489 0.0005818544532646191 1469440
1759590684857 0.0005806478370868069 1474560
1759590698334 0.0006001407226522081 1479680
1759590710979 0.0005989631740917446 1484800
1759590727535 0.0005977286312014345 1489920
1759590739105 0.0006171061834039577 1495040
1759590750876 0.0006157888254854469 1500160
1759590762146 0.0006350507016285977 1505280
1759590778612 0.000633765384143599 1510400
1759590791636 0.0006325368809810442 1515520
1759590802811 0.0006515321184974041 1520640
1759590813498 0.0006705545282750493 1525760
1759590833046 0.0006894174422612892 1530880
1759590844050 0.000708215297450425 1536000
1759590855053 0.0007269936791938448 1541120
1759590866649 0.0007456971260429683 1546240
1759590884494 0.0007441374039660512 1551360
1759590896166 0.0007425841929916108 1556480
1759590907168 0.0007410077705679724 1561600
1759590921075 0.0007394823623463575 1566720
1759590935674 0.0007378749202297383 1571840
1759590947865 0.0007363037551491512 1576960
1759590959279 0.0007347246768204293 1582080
1759590973409 0.0007332540626238604 1587200
1759590987954 0.0007316156842583988 1592320
1759591000005 0.0007300422240637702 1597440
1759591014902 0.0007284038113237263 1602560
1759591026852 0.0007268869592550391 1607680
1759591041278 0.0007253195326589822 1612800
1759591054023 0.000723801326317025 1617920
1759591068549 0.0007221484893434304 1623040
1759591081794 0.000720629479588657 1628160
1759591092962 0.000718991080624162 1633280
1759591105733 0.0007172627701851314 1638400
1759591118783 0.0007156673114119922 1643520
1759591133885 0.0007140651536205033 1648640
1759591147009 0.00071241528034504 1653760
1759591157895 0.0007109232395042752 1658880
1759591170546 0.0007095054555216782 1664000
1759591185434 0.0007078630189401187 1669120
1759591198274 0.0007063090579364321 1674240
1759591210882 0.0007048021791721432 1679360
1759591222615 0.0007034488003346134 1684480
1759591237099 0.0007210626185958255 1689600
1759591249324 0.0007196015679739429 1694720
1759591262974 0.0007370728757181736 1699840
1759591275896 0.0007354466424032134 1704960
1759591288645 0.0007339518602856766 1710080
1759591301067 0.0007324081203402881 1715200
1759591313583 0.000730898255214678 1720320
1759591328801 0.0007293536804308797 1725440
1759591340934 0.00072791070961962 1730560
1759591353758 0.000726311084624553 1735680
1759591365173 0.0007248801159808186 1740800
1759591380167 0.0007234413548758092 1745920
1759591391070 0.0007218212104386452 1751040
1759591404886 0.0007203147221247437 1756160
1759591420395 0.0007187615186140803 1761280
1759591431652 0.000717162244166161 1766400
1759591443462 0.0007156357230673248 1771520
1759591455203 0.0007140764611102973 1776640
1759591470045 0.0007125500155299362 1781760
1759591485420 0.000711094903819856 1786880
1759591496091 0.0007095166190623465 1792000
1759591506913 0.0007079196238950101 1797120
1759591520922 0.0007063042179039064 1802240
1759591536301 0.0007047216349541931 1807360
1759591548554 0.0007031588057118131 1812480
1759591561346 0.0007016407599309154 1817600
1759591573769 0.0007001292546316243 1822720
1759591591254 0.000698661793948514 1827840
1759591603626 0.0006971630825333833 1832960
1759591616989 0.0006956459697126447 1838080
1759591629491 0.0006942837306179125 1843200
1759591644809 0.0006929637526652452 1848320
1759591658387 0.0006914771014698321 1853440
1759591672156 0.0006900700686531247 1858560
1759591686101 0.0006886444299260149 1863680
1759591701084 0.0006872731117611814 1868800
1759591714414 0.0007034698651096534 1873920
1759591727671 0.0007020376643206908 1879040
1759591742992 0.0007006849195088199 1884160
1759591756863 0.0006992029086841001 1889280
1759591770344 0.000697800184917049 1894400
1759591782695 0.0006964273278083432 1899520
1759591801135 0.0006949632538179543 1904640
1759591814120 0.0006935413957520589 1909760
1759591829152 0.0006920175772464621 1914880
1759591841549 0.0006906912092276346 1920000
1759591863681 0.0006892867605245472 1925120
1759591876709 0.0006878643531495589 1930240
1759591890573 0.0006865538429851361 1935360
1759591902891 0.000685295276602306 1940480
1759591922173 0.0006840881105486386 1945600
1759591934586 0.0006828035915468915 1950720
1759591949578 0.0006815122757398668 1955840
1759591966755 0.0006802605397867383 1960960
1759591984566 0.0006790825594621666 1966080
1759591998062 0.0006777822963264199 1971200
1759592011769 0.0006765213273348443 1976320
1759592026600 0.000675390460109751 1981440
1759592044687 0.0006910034718711026 1986560
1759592057958 0.0006897944076180221 1991680
1759592071509 0.0006885664382641408 1996800
1759592087771 0.0007041309012875537 2001920
1759592103789 0.0007029171059898579 2007040
1759592119409 0.0007015433954700341 2012160
1759592134217 0.0007002100630189057 2017280
1759592152181 0.0007156409146889458 2022400
1759592164999 0.0007309455777792544 2027520
1759592178025 0.0007296002122473345 2032640
1759592191648 0.0007282115785640992 2037760
1759592209531 0.0007269002659794155 2042880
1759592223870 0.0007254501088175163 2048000
1759592237654 0.0007406066391270717 2053120
1759592251672 0.0007392439998028683 2058240
1759592268518 0.0007378621673471396 2063360
1759592284436 0.0007364493322859387 2068480
1759592297344 0.0007350418973881512 2073600
1759592317000 0.000733603951679953 2078720
1759592333746 0.0007322550200149706 2083840
1759592352570 0.0007308991683991684 2088960
1759592365461 0.0007294418959005365 2094080
1759592387500 0.000744288395573102 2099200
1759592403343 0.0007428100828394723 2104320
1759592416300 0.0007413256837117855 2109440
1759592431284 0.0007398472054684359 2114560
1759592458355 0.000738303506941658 2119680
1759592476353 0.0007369078704964516 2124800
1759592488221 0.0007354939801416625 2129920
1759592506965 0.0007340855050029523 2135040
1759592519516 0.0007327524411806872 2140160
1759592537720 0.000731307928331823 2145280
1759592550450 0.00074585416170753 2150400
1759592565587 0.0007443893631511428 2155520
1759592578075 0.0007429537945969871 2160640
1759592595756 0.0007416056551375915 2165760
1759592610506 0.0007403090396459117 2170880
1759592622033 0.0007389588541421002 2176000
1759592633304 0.0007533666070251436 2181120
1759592649292 0.0007520210565895845 2186240
1759592663544 0.0007506568247216314 2191360
1759592676164 0.0007492390540856942 2196480
1759592689157 0.0007478033277248083 2201600
1759592702446 0.0007464311261779616 2206720
1759592716245 0.0007450292579198162 2211840
1759592728214 0.0007435520099140268 2216960
1759592744122 0.0007421494503455634 2222080
1759592757937 0.0007407178790778062 2227200
1759592769207 0.0007547867342380505 2232320
1759592780671 0.0007532898782437584 2237440
1759592796836 0.000751868162219392 2242560
1759592811837 0.0007503828483920367 2247680
1759592823056 0.0007489491784486052 2252800
1759592836300 0.0007474981693922382 2257920
1759592849230 0.0007461322938238519 2263040
1759592864792 0.0007447374420548674 2268160
1759592876025 0.0007433139667177379 2273280
1759592890475 0.0007419183889772125 2278400
1759592904860 0.0007405616177492972 2283520
1759592918282 0.0007391317464627267 2288640
1759592930832 0.0007376962799030457 2293760
1759592945814 0.0007362110672055532 2298880
1759592963160 0.0007348860926556384 2304000
1759592974207 0.0007334999925153062 2309120
1759592986505 0.000732053484723986 2314240
1759592998373 0.0007305908840149697 2319360
1759593016523 0.0007291992202032828 2324480
1759593027225 0.0007277804182509506 2329600
1759593040152 0.0007264101993921874 2334720
1759593051856 0.0007249807658164171 2339840
1759593068899 0.000723589001447178 2344960
1759593079773 0.0007221280672021222 2350080
1759593092843 0.0007206412236193838 2355200
1759593107529 0.0007192766132346897 2360320
1759593121971 0.000717948717948718 2365440
1759593132927 0.0007165837964317052 2370560
1759593146346 0.0007151614221495709 2375680
1759593161699 0.0007138486640832143 2380800
1759593173968 0.0007124371165198174 2385920
1759593187263 0.0007111136911154327 2391040
1759593199072 0.0007096512570965125 2396160
1759593214122 0.0007082971957213068 2401280
1759593227665 0.0007069788916302356 2406400
1759593240674 0.0007056654857570783 2411520
1759593252193 0.0007043468261269549 2416640
1759593266546 0.0007029524000803374 2421760
1759593280187 0.000701593619793531 2426880
1759593292788 0.0007002901201926512 2432000
1759593306395 0.0007131853711416672 2437120
1759593319438 0.0007119160508592827 2442240
1759593332212 0.0007104997655350773 2447360
1759593344715 0.0007091595041556747 2452480
1759593360820 0.0007078242896983252 2457600
1759593373146 0.0007064841111723397 2462720
1759593385086 0.0007193635748138118 2467840
1759593396571 0.0007181075753308927 2472960
1759593415323 0.0007167249884059194 2478080
1759593427362 0.0007153677832014813 2483200
1759593438432 0.0007141556859395348 2488320
1759593450968 0.0007129277566539924 2493440
1759593467825 0.0007116345268328078 2498560
1759593478973 0.0007242642450241653 2503680
1759593491122 0.0007228949161024842 2508800
1759593507551 0.0007215908302457572 2513920
1759593520288 0.0007204012080574105 2519040
1759593531536 0.0007191060958070583 2524160
1759593542832 0.000717954382283095 2529280
1759593562561 0.0007305810186780619 2534400
1759593573338 0.0007293745269386912 2539520
1759593584453 0.0007281620091775891 2544640
1759593595821 0.0007406899389616624 2549760
1759593613889 0.0007394120305075927 2554880
1759593624154 0.0007381788853498832 2560000
1759593636573 0.0007368693967222958 2565120
1759593650248 0.0007355745654661363 2570240
1759593664996 0.0007342842767979767 2575360
1759593676228 0.000732928865181807 2580480
1759593687772 0.0007316974024742212 2585600
1759593705357 0.0007303317599642949 2590720
1759593716442 0.0007290696261492973 2595840
1759593727728 0.0007277628032345013 2600960
1759593738805 0.0007265388496468214 2606080
1759593756965 0.0007253482343143444 2611200
1759593768450 0.0007241809379484222 2616320
1759593780360 0.0007229786721291722 2621440
1759593792335 0.0007218575801729785 2626560
1759593809200 0.0007206822458594136 2631680
1759593820088 0.0007328838312501666 2636800
1759593832288 0.0007317819555874879 2641920
1759593847106 0.000730605738575983 2647040
1759593859792 0.000742636625246993 2652160
1759593870832 0.0007413585395236772 2657280
1759593883344 0.0007401044075860701 2662400
1759593900023 0.0007388057732393994 2667520
1759593910918 0.0007374922629159917 2672640
1759593922584 0.0007363092498849517 2677760
1759593934067 0.0007350721289526535 2682880
1759593950592 0.0007469923728147197 2688000
1759593962422 0.00074577069513679 2693120
1759593974692 0.0007575955484730531 2698240
1759593987027 0.0007563704650374273 2703360
1759594001864 0.000755051031035201 2708480
1759594012948 0.0007538929472014974 2713600
1759594026271 0.0007527286413248024 2718720
1759594040275 0.0007514608139097988 2723840
1759594052696 0.0007503428290512044 2728960
1759594064134 0.0007491507472132884 2734080
1759594076791 0.0007479528015990715 2739200
1759594094020 0.0007468452227659026 2744320
1759594104683 0.0007456258757890136 2749440
1759594116082 0.000757225730273628 2754560
1759594127742 0.0007559741174963162 2759680
1759594144051 0.0007547169811320754 2764800
1759594155351 0.0007534351534964499 2769920
1759594166033 0.0007521289072459335 2775040
1759594183351 0.0007634753397465262 2780160
1759594195109 0.0007748393161090364 2785280
1759594206423 0.0007861834597144378 2790400
1759594217249 0.0007848101265822784 2795520
1759594234976 0.0007833722913639522 2800640
1759594247449 0.0007821567341171721 2805760
1759594258072 0.0007808072539512625 2810880
1759594271170 0.00077948202162434 2816000
1759594285767 0.0007780929193544339 2821120
1759594297911 0.0007767087592703949 2826240
1759594308418 0.0007753295150438937 2831360
1759594325433 0.0007739744838089532 2836480
1759594336751 0.0007726819541375872 2841600
1759594349403 0.0007714417250432381 2846720
1759594359576 0.0007701576338769984 2851840
1759594378296 0.000781337202812814 2856960
1759594390261 0.00078003120124805 2862080
1759594400797 0.0007786910574130153 2867200
1759594414222 0.0007773746946027985 2872320
1759594433533 0.0007760723348690532 2877440
1759594446760 0.0007747743316034139 2882560
1759594460725 0.0007734141939919221 2887680
1759594477833 0.0007844483122104283 2892800
1759594492154 0.000783257863174642 2897920
1759594506686 0.0007820519086954396 2903040
1759594518387 0.0007808020300852783 2908160
1759594536422 0.0007794611974472645 2913280
1759594551058 0.00077816280624962 2918400
1759594562863 0.000776821585929819 2923520
1759594574931 0.0007755883564797984 2928640
1759594593414 0.0007742653552547213 2933760
1759594607209 0.0007728161904991909 2938880
1759594619129 0.0007713724403090311 2944000
1759594634500 0.0007698877647992878 2949120
1759594648592 0.0007684364719160483 2954240
1759594663824 0.0007670457950309814 2959360
1759594675875 0.0007656693026427554 2964480
1759594693330 0.0007643342529229814 2969600
1759594707003 0.0007630584335841093 2974720
1759594720584 0.0007617959339142027 2979840
1759594733105 0.0007606912781990634 2984960
1759594749971 0.0007595447478667474 2990080
1759594765213 0.0007583836947505629 2995200
1759594777247 0.0007572172266919072 3000320
1759594790651 0.0007560990017130368 3005440
1759594807286 0.0007549395458566795 3010560
1759594822880 0.0007537658850271474 3015680
1759594838177 0.0007643731552147889 3020800
1759594851109 0.0007749844416002254 3025920
1759594867973 0.0007737034605645691 3031040
1759594883467 0.0007724899927432758 3036160
1759594898661 0.0007713163799551234 3041280
1759594911493 0.0007817695996639557 3046400
1759594926023 0.000792226856490435 3051520
1759594940882 0.0007910288027546414 3056640
1759594956945 0.0007898435412867481 3061760
1759594969423 0.0007886435331230284 3066880
1759594983179 0.000787492762015055 3072000
1759594998857 0.0007863635312348221 3077120
1759595013120 0.0007852012655596869 3082240
1759595026374 0.0007839791553777511 3087360
1759595041849 0.0007828509589924247 3092480
1759595055441 0.0007817260050352352 3097600
1759595070812 0.0007805505176886522 3102720
1759595083943 0.0007908490739042728 3107840
1759595098710 0.0007897990018772035 3112960
1759595110023 0.0007886795903438186 3118080
1759595126521 0.000787527392257122 3123200
1759595139339 0.0007864502598705207 3128320
1759595152058 0.0007853313756957011 3133440
1759595163274 0.0007842067578164956 3138560
1759595176538 0.0007830764691195497 3143680
1759595192340 0.0008047149495636405 3148800
1759595203998 0.0008036037667511772 3153920
1759595216272 0.0008025682182985554 3159040
1759595226942 0.0008014629520928342 3164160
1759595243234 0.0008003787707985751 3169280
1759595256439 0.0008105278562663935 3174400
1759595267903 0.0008094071092924433 3179520
1759595284211 0.0008308072302683283 3184640
1759595295448 0.0008408825903668491 3189760
1759595306252 0.0008397245703409282 3194880
1759595319080 0.0008385978643707721 3200000
1759595337103 0.0008486973612212308 3205120
1759595350568 0.0008587328671640626 3210240
1759595362391 0.000857623380818195 3215360
1759595374513 0.0008564977030288873 3220480
1759595391775 0.0008553844786598236 3225600
1759595405612 0.000854283622162558 3230720
1759595418593 0.0008531855955678671 3235840
1759595430595 0.0008520338157836498 3240960
1759595444964 0.0008509415613119971 3246080
1759595458872 0.0008498521036598826 3251200
1759595472417 0.0008487654320987654 3256320
1759595485647 0.0008476162169897515 3261440
1759595498669 0.0008464794151596768 3266560
1759595511186 0.0008453085376162299 3271680
1759595523442 0.0008441779132360519 3276800
1759595535599 0.0008431056947957384 3281920
1759595548859 0.0008419349195241427 3287040
1759595564599 0.0008408316589499432 3292160
1759595576148 0.0008396488741071915 3297280
1759595588585 0.0008494048720992279 3302400
1759595601322 0.0008482686619105621 3307520
1759595617170 0.0008471170867860594 3312640
1759595628770 0.0008458677193020507 3317760
1759595642505 0.0008447226493967814 3322880
1759595657302 0.0008435989227890678 3328000
1759595672560 0.0008533437030795986 3333120
1759595684823 0.0008521930486936636 3338240
1759595698949 0.0008511188442021568 3343360
1759595715809 0.0008499284553895146 3348480
1759595726794 0.0008488234662082304 3353600
1759595741814 0.0008584888450105701 3358720
1759595753772 0.0008573296325270863 3363840
1759595769457 0.0008562376915831834 3368960
1759595780261 0.0008658563961132669 3374080
1759595796328 0.0008755165013506444 3379200
1759595812865 0.000874340246308045 3384320
1759595824137 0.0008839002364166898 3389440
1759595839239 0.0008933794203669237 3394560
1759595851314 0.0008922691253638121 3399680
1759595866752 0.0008911048639473824 3404800
1759595880365 0.0009110941605220781 3409920
1759595893978 0.0009099084801354282 3415040
1759595908237 0.0009192827481270935 3420160
1759595923007 0.0009181282846830875 3425280
1759595935112 0.0009169380592531697 3430400
1759595947175 0.0009157123610643314 3435520
1759595961417 0.000914509160859008 3440640
1759595979275 0.0009132324229000903 3445760
1759595991812 0.0009119688043774503 3450880
1759596005884 0.0009107849500638596 3456000
1759596021654 0.0009199535841600719 3461120
1759596033612 0.0009187817788868124 3466240
1759596046045 0.0009176225234619395 3471360
1759596060176 0.0009163707552769418 3476480
1759596078347 0.0009152270907218854 3481600
1759596091386 0.0009140103241620706 3486720
1759596105208 0.0009127967886149346 3491840
1759596123314 0.0009115959143928564 3496960
1759596139152 0.000910360523457301 3502080
1759596154878 0.0009091378686915646 3507200
1759596170658 0.0009080028065541294 3512320
1759596191934 0.0009068145049101944 3517440
1759596203701 0.0009057131976821976 3522560
1759596216840 0.0009046052631578947 3527680
1759596230611 0.0009034072826946176 3532800
1759596249023 0.000902258722688731 3537920
1759596260675 0.0009011499902716763 3543040
1759596272759 0.0009000623906884454 3548160
1759596292830 0.0008989957808493466 3553280
1759596305118 0.0008979500209181539 3558400
