1759586433813 393.38035171750994 5120
1759586451092 401.1904256933793 10240
1759586463466 404.156432345695 15360
1759586474301 403.82474870752105 20480
1759586488394 405.05795396158305 25600
1759586502990 406.8978128023839 30720
1759586516355 408.00065241434487 35840
1759586528118 408.59549875214157 40960
1759586547584 408.78388424528026 46080
1759586562251 408.9021151577657 51200
1759586574505 409.5472216309718 56320
1759586587040 409.61389891373767 61440
1759586606215 409.99076493581134 66560
1759586620626 410.5608253444398 71680
1759586633156 410.7856685044265 76800
1759586647523 410.95407235351047 81920
1759586663320 411.3477892628704 87040
1759586678560 411.506626526496 92160
1759586690987 411.6835874467922 97280
1759586708412 412.0427121184593 102400
1759586720767 412.24722658608846 107520
1759586735150 412.59322017686526 112640
1759586748088 412.8206169134024 117760
1759586767699 413.19535186504356 122880
1759586783642 413.2313500662927 128000
1759586797398 413.4047501486039 133120
1759586811370 413.3727208446647 138240
1759586829544 413.48469988236457 143360
1759586843727 413.52530792819016 148480
1759586858047 413.5683306161494 153600
1759586876161 413.6301176667945 158720
1759586890382 413.6247459569874 163840
1759586903689 413.66981545232267 168960
1759586918713 413.7388502639778 174080
1759586938871 413.7690341831074 179200
1759586951621 413.72584117151723 184320
1759586966829 413.72135896358094 189440
1759586980923 413.74484738644895 194560
1759587000010 413.7127564707457 199680
1759587012703 413.7473373888764 204800
1759587026576 413.78817212550905 209920
1759587044867 413.7305594764406 215040
1759587060339 413.69164919079884 220160
1759587072989 413.8362296902015 225280
1759587086167 413.87228491036615 230400
1759587106499 413.95091089012976 235520
1759587118988 413.8797868420979 240640
1759587131686 413.8667380817761 245760
1759587143752 413.91800387390566 250880
1759587163502 413.9390309548523 256000
1759587177350 413.9293464794582 261120
1759587190800 413.89571040697854 266240
1759587207341 413.96300263467936 271360
1759587220014 413.8741658831139 276480
1759587234615 413.9054766567205 281600
1759587250463 413.95303991818 286720
1759587266886 413.89339372440804 291840
1759587282120 413.9381504489485 296960
1759587296195 413.96759183923393 302080
1759587312729 413.8974774392954 307200
1759587328144 413.9566417746927 312320
1759587342457 413.9624726780756 317440
1759587361270 413.9883085586482 322560
1759587374591 413.9633458816191 327680
1759587387205 413.9704095789279 332800
1759587401755 413.93287385857303 337920
1759587421077 413.8729434148902 343040
1759587433113 413.8972872509199 348160
1759587446927 413.99156660542405 353280
1759587460412 413.9638456760146 358400
1759587478403 414.0401210430859 363520
1759587493775 414.01406063213227 368640
1759587506758 414.0095650915097 373760
1759587526809 414.0120111890701 378880
1759587541132 414.0044997917899 384000
1759587556786 414.01117023101756 389120
1759587568050 413.9763996592078 394240
1759587584220 413.9861374562493 399360
1759587598194 414.0197025831673 404480
1759587609820 414.0497597145663 409600
1759587621529 414.07774292221404 414720
1759587636862 414.12182995885405 419840
1759587652128 414.1363627913284 424960
1759587663812 414.18279494966873 430080
1759587678587 414.158049058618 435200
1759587689934 414.11521254996256 440320
1759587705501 414.16481223941895 445440
1759587719506 414.1571086756474 450560
1759587734885 414.16285685068766 455680
1759587747865 414.12919246565593 460800
1759587759720 414.12359525345016 465920
1759587772394 414.12703317478247 471040
1759587785773 414.1308945516551 476160
1759587798290 414.1476451647671 481280
1759587812297 414.1229826480373 486400
1759587823309 414.0784373538595 491520
1759587839751 414.1185643927331 496640
1759587855160 414.13237923457706 501760
1759587871479 414.1382798918695 506880
1759587884262 414.19754944517916 512000
1759587898891 413.7922722573285 517120
1759587913886 413.27437206417926 522240
1759587929423 412.72953751522755 527360
1759587943383 412.1644137275778 532480
1759587957733 411.62775532123504 537600
1759587971365 411.11709074098434 542720
1759587986430 410.66419810642407 547840
1759588000019 410.2802814705581 552960
1759588014137 409.91823785152377 558080
1759588027778 409.65410940850495 563200
1759588044483 409.3591438855485 568320
1759588059571 408.9875058391538 573440
1759588072969 408.6997036114398 578560
1759588084640 408.48014395036336 583680
1759588100446 408.2276626601956 588800
1759588117576 407.85578953963966 593920
1759588129105 407.40451601536205 599040
1759588140865 407.00727285508833 604160
1759588156869 406.5738773890582 609280
1759588173635 406.1403068971538 614400
1759588185460 405.7866619762494 619520
1759588200260 405.44010554210683 624640
1759588214118 405.0629785814575 629760
1759588229870 404.707418155093 634880
1759588242844 404.36914445831343 640000
1759588259117 404.0972585221034 645120
1759588271544 403.80272878119433 650240
1759588288827 403.5893112212803 655360
1759588301172 403.3699640388527 660480
1759588318998 402.98941668505176 665600
1759588331945 402.6170376305098 670720
1759588346670 402.3080486027746 675840
1759588360577 402.0616311461168 680960
1759588376690 401.8416170925723 686080
1759588391289 401.55787342583955 691200
1759588407315 401.2862258721014 696320
1759588421398 400.9724491478715 701440
1759588436321 400.6540272931219 706560
1759588451067 400.38731210883134 711680
1759588465226 400.09364459046037 716800
1759588479811 399.8365680657091 721920
1759588495066 399.6576678544711 727040
1759588509895 399.41850976618156 732160
1759588523816 399.29222352231045 737280
1759588538808 399.0809840922521 742400
1759588553795 398.85918433996966 747520
1759588569571 398.5368401652162 752640
1759588582606 398.2188708546901 757760
1759588598527 397.8488213365755 762880
1759588613273 397.52488496475314 768000
1759588629979 397.1952667458868 773120
1759588642669 396.8014464610148 778240
1759588659813 396.4082811065046 783360
1759588673890 396.01095559642056 788480
1759588688797 395.6042348167901 793600
1759588703268 395.13949165846697 798720
1759588720583 394.6982830872352 803840
1759588733385 394.3370591676633 808960
1759588748402 393.9150680041623 814080
1759588762405 393.4790514995752 819200
1759588781397 393.0719804969515 824320
1759588797848 392.6492618196507 829440
1759588810018 392.22678311188594 834560
1759588824863 391.78173022208915 839680
1759588841217 391.33469601121163 844800
1759588857135 390.87025556567323 849920
1759588870068 390.406714356649 855040
1759588884765 389.971166546736 860160
1759588900816 389.51112197865206 865280
1759588915768 389.05496089740154 870400
1759588930205 388.5506006230208 875520
1759588944049 388.0825720287454 880640
1759588959452 387.65887711018803 885760
1759588976149 387.18343889180125 890880
1759588991963 386.69311424261906 896000
1759589011489 386.1988797554441 901120
1759589036468 385.687890461498 906240
1759589052933 385.24186689228566 911360
1759589068641 384.8258232280884 916480
1759589081222 384.36565326912375 921600
1759589097563 383.943456069718 926720
1759589117172 383.4437717676748 931840
1759589132799 382.93843011610664 936960
1759589146033 382.4398240527294 942080
1759589160659 382.0042219578624 947200
1759589179918 381.53759148634936 952320
1759589195512 381.0278424290509 957440
1759589208392 380.5350588526478 962560
1759589223537 380.0236764891345 967680
1759589241558 379.4921511390413 972800
1759589255996 378.9778992853491 977920
1759589268113 378.49116833152516 983040
1759589281523 377.96984058846675 988160
1759589300019 377.48593499788825 993280
1759589316302 377.01391595209304 998400
1759589328427 376.54185832171464 1003520
1759589346413 376.11374290714684 1008640
1759589368253 375.6633952415369 1013760
1759589383228 375.2655077705043 1018880
1759589396399 374.8562990187521 1024000
1759589410978 374.4406754480569 1029120
1759589430520 374.0716561842703 1034240
1759589442378 373.6791029623889 1039360
1759589455425 373.317885085239 1044480
1759589470719 373.0056628486334 1049600
1759589490314 372.66252223375074 1054720
1759589503911 372.34736200795425 1059840
1759589515960 372.00243070155653 1064960
1759589532316 371.6404776604722 1070080
1759589549011 371.24605356523034 1075200
1759589562852 370.8697383387378 1080320
1759589575890 370.51732473786507 1085440
1759589590635 370.1402469027911 1090560
1759589608581 369.75869150283177 1095680
1759589620082 369.3943194940862 1100800
1759589632870 369.00871484394213 1105920
1759589650666 368.644975297755 1111040
1759589666089 368.3300419976114 1116160
1759589678818 367.9848308975587 1121280
1759589692832 367.6446687610456 1126400
1759589709311 367.2771218282225 1131520
1759589721810 366.948170557389 1136640
1759589733727 366.5928939747844 1141760
1759589750737 366.25126266957386 1146880
1759589766673 365.90353036625237 1152000
1759589778924 365.53984249412537 1157120
1759589792266 365.21486218616843 1162240
1759589808680 364.8761200256784 1167360
1759589822061 364.5129422343122 1172480
1759589835003 364.1276985079415 1177600
1759589849411 363.77123667609686 1182720
1759589864397 363.42295668732663 1187840
1759589877262 363.05406695579063 1192960
1759589891067 362.73798165362564 1198080
1759589908982 362.3920290273885 1203200
1759589924462 362.0477914816198 1208320
1759589936560 361.6665067517782 1213440
1759589948995 361.2803260721247 1218560
1759589969598 360.92473495002963 1223680
1759589982659 360.57755268700896 1228800
1759589995650 360.22025925600826 1233920
1759590009405 359.85734680930653 1239040
1759590027850 359.5163895999684 1244160
1759590041693 359.1533549786554 1249280
1759590054575 358.7691712231245 1254400
1759590066799 358.44369567496403 1259520
1759590085503 358.13375915842784 1264640
1759590100299 357.8486003106867 1269760
1759590113801 357.60366745952376 1274880
1759590128132 357.34795494857536 1280000
1759590144015 357.10631360049956 1285120
1759590159619 356.91038669445 1290240
1759590173163 356.7271662975802 1295360
1759590189308 356.5250566371349 1300480
1759590202269 356.2754137956782 1305600
1759590218414 356.02351092934117 1310720
1759590232748 355.72450404373365 1315840
1759590248917 355.3925824220909 1320960
1759590261243 355.03109998834725 1326080
1759590279104 354.68897989796886 1331200
1759590294634 354.3236549950111 1336320
1759590308353 354.00045058282916 1341440
1759590320945 353.64856642201477 1346560
1759590339902 353.3228123569772 1351680
1759590355489 352.9760745325076 1356800
1759590367319 352.6431816574367 1361920
1759590379390 352.2878927451073 1367040
1759590401773 351.96022256316553 1372160
1759590415098 351.65009623408696 1377280
1759590427699 351.34731201840145 1382400
1759590441127 350.99799777017637 1387520
1759590460869 350.6677782764129 1392640
1759590473414 350.34284845536024 1397760
1759590487139 350.0074237938476 1402880
1759590500961 349.6901482840455 1408000
1759590517301 349.3513821585295 1413120
1759590530231 349.04915245653393 1418240
1759590545887 348.71456374847344 1423360
1759590560069 348.38437954197116 1428480
1759590577627 348.0571077696368 1433600
1759590588094 347.74812106417403 1438720
1759590603080 347.4356632639269 1443840
1759590616898 347.112984545354 1448960
1759590631834 346.78514885853036 1454080
1759590644258 346.45065243667347 1459200
1759590657398 346.1313340793245 1464320
1759590672489 345.7932596848367 1469440
1759590684857 345.46677812474485 1474560
1759590698334 345.12829900817127 1479680
1759590710979 344.782680592863 1484800
1759590727535 344.4647743201038 1489920
1759590739105 344.12533891875364 1495040
1759590750876 343.7926557215081 1500160
1759590762146 343.4312857070981 1505280
1759590778612 343.0900629669587 1510400
1759590791636 342.7779067768683 1515520
1759590802811 342.44197295797727 1520640
1759590813498 342.09716129882395 1525760
1759590833046 341.76941566475796 1530880
1759590844050 341.46221557518385 1536000
1759590855053 341.1405372441678 1541120
1759590866649 340.8276717446486 1546240
1759590884494 340.48925599821337 1551360
1759590896166 340.2033759489861 1556480
1759590907168 339.88917525246444 1561600
1759590921075 339.6109072355406 1566720
1759590935674 339.35802021769103 1571840
1759590947865 339.1038732948295 1576960
1759590959279 338.8357076488663 1582080
1759590973409 338.5719109606658 1587200
1759590987954 338.3537690030261 1592320
1759591000005 338.09931010017505 1597440
1759591014902 337.8330320530552 1602560
1759591026852 337.5666657267542 1607680
1759591041278 337.3199267983016 1612800
1759591054023 337.04881481687875 1617920
1759591068549 336.75408263917143 1623040
1759591081794 336.47812175661574 1628160
1759591092962 336.23098602535094 1633280
1759591105733 336.00805125708405 1638400
1759591118783 335.74767750723447 1643520
1759591133885 335.50724948908385 1648640
1759591147009 335.2693722854774 1653760
1759591157895 335.0218724082487 1658880
1759591170546 334.7771462966055 1664000
1759591185434 334.5508696838344 1669120
1759591198274 334.31303101576293 1674240
1759591210882 334.07685469164085 1679360
1759591222615 333.8277372124304 1684480
1759591237099 333.6022903980928 1689600
1759591249324 333.35848243986874 1694720
1759591262974 333.1290029312932 1699840
1759591275896 332.90841774767034 1704960
1759591288645 332.6964238367444 1710080
1759591301067 332.4893034114894 1715200
1759591313583 332.31833949702354 1720320
1759591328801 332.1351308474492 1725440
1759591340934 331.933366239171 1730560
1759591353758 331.7431197751833 1735680
1759591365173 331.5419161051278 1740800
1759591380167 331.3615549091735 1745920
1759591391070 331.19573645654395 1751040
1759591404886 331.0277131534381 1756160
1759591420395 330.86153530032266 1761280
1759591431652 330.72592448895364 1766400
1759591443462 330.57574231840243 1771520
1759591455203 330.4244370572962 1776640
1759591470045 330.2787310533529 1781760
1759591485420 330.1242763987039 1786880
1759591496091 329.9995170153406 1792000
1759591506913 329.8491051511115 1797120
1759591520922 329.6989734929524 1802240
1759591536301 329.5732129057126 1807360
1759591548554 329.40289845639245 1812480
1759591561346 329.2416169183585 1817600
1759591573769 329.0862124277466 1822720
1759591591254 328.9245110438983 1827840
1759591603626 328.779465337312 1832960
1759591616989 328.6104748652081 1838080
1759591629491 328.43807140936605 1843200
1759591644809 328.29010121902 1848320
1759591658387 328.15464232136634 1853440
1759591672156 328.0122071802848 1858560
1759591686101 327.851064512702 1863680
1759591701084 327.6959926333774 1868800
1759591714414 327.52303232857935 1873920
1759591727671 327.37212520418393 1879040
1759591742992 327.21743314728576 1884160
1759591756863 327.0632158486664 1889280
1759591770344 326.8967776286794 1894400
1759591782695 326.7337269557536 1899520
1759591801135 326.59957031088817 1904640
1759591814120 326.4711064343066 1909760
1759591829152 326.36617439581255 1914880
1759591841549 326.2600605957596 1920000
1759591863681 326.1844082581703 1925120
1759591876709 326.1004220428181 1930240
1759591890573 325.98751446062414 1935360
1759591902891 325.87225064796877 1940480
1759591922173 325.72083394056733 1945600
1759591934586 325.59723568441257 1950720
1759591949578 325.4645261983069 1955840
1759591966755 325.30955284304065 1960960
1759591984566 325.1469017326586 1966080
1759591998062 324.99982398716884 1971200
1759592011769 324.86053713720554 1976320
1759592026600 324.705747593839 1981440
1759592044687 324.53633996829325 1986560
1759592057958 324.35641124297524 1991680
1759592071509 324.17797068224695 1996800
1759592087771 324.00826768302096 2001920
1759592103789 323.8389214797889 2007040
1759592119409 323.7094058650222 2012160
1759592134217 323.57395195243146 2017280
1759592152181 323.43098248833246 2022400
1759592164999 323.2778305245346 2027520
1759592178025 323.14121762407154 2032640
1759592191648 322.9966179864543 2037760
1759592209531 322.85649962714416 2042880
1759592223870 322.72665091302446 2048000
1759592237654 322.58516464651524 2053120
1759592251672 322.4413786747389 2058240
1759592268518 322.2830550661828 2063360
1759592284436 322.14771553233334 2068480
1759592297344 322.0236105112044 2073600
1759592317000 321.90028225802087 2078720
1759592333746 321.7866725426901 2083840
1759592352570 321.66503349708665 2088960
1759592365461 321.5626465552138 2094080
1759592387500 321.45543240028775 2099200
1759592403343 321.3961501960127 2104320
1759592416300 321.3015509612462 2109440
1759592431284 321.2211905993196 2114560
1759592458355 321.157990965014 2119680
1759592476353 321.06382456350286 2124800
1759592488221 320.9743496337801 2129920
1759592506965 320.89776763178196 2135040
1759592519516 320.7880493360458 2140160
1759592537720 320.6970627023424 2145280
1759592550450 320.59816109205457 2150400
1759592565587 320.5523700626204 2155520
1759592578075 320.48475184319784 2160640
1759592595756 320.39040523067746 2165760
1759592610506 320.2986978791087 2170880
1759592622033 320.18452604106784 2176000
1759592633304 320.0838293950953 2181120
1759592649292 319.9813614632691 2186240
1759592663544 319.86947217006104 2191360
1759592676164 319.7727813003791 2196480
1759592689157 319.6763562230802 2201600
1759592702446 319.59285573330845 2206720
1759592716245 319.5285402520276 2211840
1759592728214 319.46799718422335 2216960
1759592744122 319.3994507249275 2222080
1759592757937 319.3059253621398 2227200
1759592769207 319.229470369822 2232320
1759592780671 319.18183492450106 2237440
1759592796836 319.1309442946998 2242560
1759592811837 319.06627478980727 2247680
1759592823056 319.02257685065496 2252800
1759592836300 318.9557504595737 2257920
1759592849230 318.8676136475502 2263040
1759592864792 318.80052139673 2268160
1759592876025 318.7416471933646 2273280
1759592890475 318.66619899939496 2278400
1759592904860 318.5915765134195 2283520
1759592918282 318.5466026223061 2288640
1759592930832 318.49548394241793 2293760
1759592945814 318.48664533320886 2298880
1759592963160 318.4316462656052 2304000
1759592974207 318.3834397761802 2309120
1759592986505 318.3575525495963 2314240
1759592998373 318.3206727083448 2319360
1759593016523 318.2837588985238 2324480
1759593027225 318.24468837672765 2329600
1759593040152 318.18727886914485 2334720
1759593051856 318.1503382139448 2339840
1759593068899 318.12199560621866 2344960
1759593079773 318.10231642877335 2350080
1759593092843 318.0935458852242 2355200
1759593107529 318.036328344685 2360320
1759593121971 317.9855138739841 2365440
1759593132927 317.93940271342416 2370560
1759593146346 317.95184268268827 2375680
1759593161699 317.9310592874107 2380800
1759593173968 317.9008640135228 2385920
1759593187263 317.86736579748646 2391040
1759593199072 317.840952192918 2396160
1759593214122 317.8120760059384 2401280
1759593227665 317.77170244035375 2406400
1759593240674 317.71402278416593 2411520
1759593252193 317.67089321027686 2416640
1759593266546 317.6482883891502 2421760
1759593280187 317.6100321095557 2426880
1759593292788 317.56794364229074 2432000
1759593306395 317.53799178344985 2437120
1759593319438 317.5101293226792 2442240
1759593332212 317.4849444631336 2447360
1759593344715 317.4463280195264 2452480
1759593360820 317.42353148337463 2457600
1759593373146 317.3707391022204 2462720
1759593385086 317.30673702810776 2467840
1759593396571 317.24226147955955 2472960
1759593415323 317.2039970761315 2478080
1759593427362 317.18607301941586 2483200
1759593438432 317.1113111083509 2488320
1759593450968 317.0594003891097 2493440
1759593467825 316.9937471046924 2498560
1759593478973 316.95106077787295 2503680
1759593491122 316.9216139759204 2508800
1759593507551 316.87635313356725 2513920
1759593520288 316.8073957302185 2519040
1759593531536 316.7745376267862 2524160
1759593542832 316.70947147141226 2529280
1759593562561 316.6282717788447 2534400
1759593573338 316.5604634525869 2539520
1759593584453 316.48688635693645 2544640
1759593595821 316.4192155583063 2549760
1759593613889 316.3579146107609 2554880
1759593624154 316.3177730493607 2560000
1759593636573 316.27073999145705 2565120
1759593650248 316.2119492758576 2570240
1759593664996 316.17718812524913 2575360
1759593676228 316.15571704562495 2580480
1759593687772 316.1088654956747 2585600
1759593705357 316.0853216474396 2590720
1759593716442 316.06102288939246 2595840
1759593727728 316.036426105345 2600960
1759593738805 315.99301314861094 2606080
1759593756965 315.92295652424343 2611200
1759593768450 315.85953333109035 2616320
1759593780360 315.8192621324466 2621440
1759593792335 315.7560264798211 2626560
1759593809200 315.6659094518983 2631680
1759593820088 315.60381887813236 2636800
1759593832288 315.55398894350486 2641920
1759593847106 315.5155023280923 2647040
1759593859792 315.48839658278627 2652160
1759593870832 315.46567273794886 2657280
1759593883344 315.45199797634154 2662400
1759593900023 315.4565977907177 2667520
1759593910918 315.4524817214606 2672640
1759593922584 315.39482630046973 2677760
1759593934067 315.3544248399644 2682880
1759593950592 315.29430696575764 2688000
1759593962422 315.30141965676404 2693120
1759593974692 315.2877623167571 2698240
1759593987027 315.25783263598214 2703360
1759594001864 315.27161886115493 2708480
1759594012948 315.2437975590913 2713600
1759594026271 315.20999213590454 2718720
1759594040275 315.19526568711143 2723840
1759594052696 315.1743681492937 2728960
1759594064134 315.17879519204706 2734080
1759594076791 315.18849826896127 2739200
1759594094020 315.15441974538703 2744320
1759594104683 315.1391399704808 2749440
1759594116082 315.1588121182412 2754560
1759594127742 315.15852745242375 2759680
1759594144051 315.1616400581753 2764800
1759594155351 315.1881065807078 2769920
1759594166033 315.20192981922463 2775040
1759594183351 315.23957437548364 2780160
1759594195109 315.2587574820049 2785280
1759594206423 315.3074914626009 2790400
1759594217249 315.3557144126409 2795520
1759594234976 315.41057652692695 2800640
1759594247449 315.40963170708517 2805760
1759594258072 315.4353325013602 2810880
1759594271170 315.47742591341864 2816000
1759594285767 315.54707512563857 2821120
1759594297911 315.5992475208765 2826240
1759594308418 315.6438559401051 2831360
1759594325433 315.66982443483334 2836480
1759594336751 315.6698676690266 2841600
1759594349403 315.62779046911015 2846720
1759594359576 315.59047716516824 2851840
1759594378296 315.5317868801648 2856960
1759594390261 315.4775483863709 2862080
1759594400797 315.4401971088898 2867200
1759594414222 315.3803145562857 2872320
1759594433533 315.34234323205305 2877440
1759594446760 315.28936938717356 2882560
1759594460725 315.23527624507074 2887680
1759594477833 315.1911434620298 2892800
1759594492154 315.16752559338335 2897920
1759594506686 315.1704121804131 2903040
1759594518387 315.1492351857898 2908160
1759594536422 315.18563086933 2913280
1759594551058 315.20703565667225 2918400
1759594562863 315.2580362217364 2923520
1759594574931 315.3073587581483 2928640
1759594593414 315.3782566629754 2933760
1759594607209 315.4648845879985 2938880
1759594619129 315.56408421279946 2944000
1759594634500 315.6672099651431 2949120
1759594648592 315.76059061459017 2954240
1759594663824 315.8375166541845 2959360
1759594675875 315.89553605222187 2964480
1759594693330 315.96507448859256 2969600
1759594707003 316.0117079697155 2974720
1759594720584 316.0383508750633 2979840
1759594733105 316.00530906617576 2984960
1759594749971 315.94738399818766 2990080
1759594765213 315.90917673808224 2995200
1759594777247 315.85854858600635 3000320
1759594790651 315.7899592787455 3005440
1759594807286 315.741846732677 3010560
1759594822880 315.70101581184275 3015680
1759594838177 315.6387672163684 3020800
1759594851109 315.5709104012879 3025920
1759594867973 315.5747024019541 3031040
1759594883467 315.55243576008013 3036160
1759594898661 315.51485270355386 3041280
1759594911493 315.49108430929573 3046400
1759594926023 315.4615795587836 3051520
1759594940882 315.4224518576294 3056640
1759594956945 315.3829380526477 3061760
1759594969423 315.37483906069014 3066880
1759594983179 315.3381389684627 3072000
1759594998857 315.31866179525645 3077120
1759595013120 315.2853700865945 3082240
1759595026374 315.2394169020488 3087360
1759595041849 315.20343789107693 3092480
1759595055441 315.15506195907193 3097600
1759595070812 315.12935593781793 3102720
1759595083943 315.1177539038435 3107840
1759595098710 315.0610481409967 3112960
1759595110023 314.9903860936308 3118080
1759595126521 314.95384409829944 3123200
1759595139339 314.89944416685114 3128320
1759595152058 314.84601365327984 3133440
1759595163274 314.78901398236786 3138560
1759595176538 314.73757057978736 3143680
1759595192340 314.68767231380565 3148800
1759595203998 314.65618181487696 3153920
1759595216272 314.6245242216223 3159040
1759595226942 314.5959760772943 3164160
1759595243234 314.5803327968522 3169280
1759595256439 314.53801875217454 3174400
1759595267903 314.5199328316044 3179520
1759595284211 314.49660997982846 3184640
1759595295448 314.47178872440605 3189760
1759595306252 314.4536671485425 3194880
1759595319080 314.4092271493547 3200000
1759595337103 314.3536767255327 3205120
1759595350568 314.3196681630997 3210240
1759595362391 314.2735404949142 3215360
1759595374513 314.21629584236456 3220480
1759595391775 314.18018166250647 3225600
1759595405612 314.1278666858706 3230720
1759595418593 314.08816107735674 3235840
1759595430595 314.0451468254673 3240960
1759595444964 314.0072624996395 3246080
1759595458872 313.9728183902119 3251200
1759595472417 313.92508941731126 3256320
1759595485647 313.87756282349983 3261440
1759595498669 313.8579571633514 3266560
1759595511186 313.8354984014633 3271680
1759595523442 313.798634817005 3276800
1759595535599 313.7531497733405 3281920
1759595548859 313.7202276959963 3287040
1759595564599 313.6711488338686 3292160
1759595576148 313.6351396868802 3297280
1759595588585 313.5779671044588 3302400
1759595601322 313.5315754991501 3307520
1759595617170 313.4921487101255 3312640
1759595628770 313.4753685572165 3317760
1759595642505 313.43807174800605 3322880
1759595657302 313.3700559510078 3328000
1759595672560 313.2979359846757 3333120
1759595684823 313.24453682613586 3338240
1759595698949 313.1856519405059 3343360
1759595715809 313.14037981267154 3348480
1759595726794 313.10246760277255 3353600
1759595741814 313.040675741438 3358720
1759595753772 312.99039242029556 3363840
1759595769457 312.9407878463854 3368960
1759595780261 312.8882804485421 3374080
1759595796328 312.8100941295455 3379200
1759595812865 312.7851263249741 3384320
1759595824137 312.73883170778487 3389440
1759595839239 312.6944192153537 3394560
1759595851314 312.65221757575364 3399680
1759595866752 312.6153458110219 3404800
1759595880365 312.5941679206316 3409920
1759595893978 312.5690209259629 3415040
1759595908237 312.54087322145904 3420160
1759595923007 312.51496788431825 3425280
1759595935112 312.47317710829265 3430400
1759595947175 312.44134690698127 3435520
1759595961417 312.4149753731392 3440640
1759595979275 312.4043171371906 3445760
1759595991812 312.39311940814116 3450880
1759596005884 312.35803177034194 3456000
1759596021654 312.3425987117077 3461120
1759596033612 312.2997245890136 3466240
1759596046045 312.2806488654462 3471360
1759596060176 312.2698064868966 3476480
1759596078347 312.2255045238597 3481600
1759596091386 312.2012255127047 3486720
1759596105208 312.15451847604146 3491840
1759596123314 312.1256761514746 3496960
1759596139152 312.1048237694393 3502080
1759596154878 312.0784266414866 3507200
1759596170658 312.0439080513042 3512320
1759596191934 312.00094725470643 3517440
1759596203701 311.94993329496475 3522560
1759596216840 311.9011744310981 3527680
1759596230611 311.88144425206514 3532800
1759596249023 311.83515809257545 3537920
1759596260675 311.787406521139 3543040
1759596272759 311.73939138679486 3548160
1759596292830 311.6781884583056 3553280
1759596305118 311.63149344283835 3558400
