1759586433813 1.1991986471509177 5120
1759586451092 1.115612591702514 10240
1759586463466 1.110564357182462 15360
1759586474301 1.117257286047659 20480
1759586488394 1.09049361873839 25600
1759586502990 1.0600291123950591 30720
1759586516355 1.0401060380131366 35840
1759586528118 1.0202107889500176 40960
1759586547584 1.0180119233551885 46080
1759586562251 1.0159802479062188 51200
1759586574505 1.0090153167911977 56320
1759586587040 1.0085045933471422 61440
1759586606215 1.0067192055284977 66560
1759586620626 0.98891455665037 71680
1759586633156 0.9842143080304493 76800
1759586647523 0.9854697060370458 81920
1759586663320 0.9766165132066643 87040
1759586678560 0.9744126741224083 92160
1759586690987 0.9701594372462143 97280
1759586708412 0.9617140267918528 102400
1759586720767 0.9574087625924323 107520
1759586735150 0.9491944174769288 112640
1759586748088 0.943902649833909 117760
1759586767699 0.9352638165393864 122880
1759586783642 0.9334633725974268 128000
1759586797398 0.9290629541790596 133120
1759586811370 0.9304662341149056 138240
1759586829544 0.9285932617440739 143360
1759586843727 0.9263237901895287 148480
1759586858047 0.9252555143569445 153600
1759586876161 0.922530131739829 158720
1759586890382 0.9247231235874582 163840
1759586903689 0.9241537667371076 168960
1759586918713 0.9215903618868045 174080
1759586938871 0.9203283733510262 179200
1759586951621 0.9202043200317397 184320
1759586966829 0.9213231942793646 189440
1759586980923 0.9209032388593156 194560
1759587000010 0.920351220769633 199680
1759587012703 0.9197711924424222 204800
1759587026576 0.9201540769480075 209920
1759587044867 0.9208017154380672 215040
1759587060339 0.9198756404492014 220160
1759587072989 0.9170719821289813 225280
1759587086167 0.9165060716390341 230400
1759587106499 0.9143540353910825 235520
1759587118988 0.9171351474130182 240640
1759587131686 0.9189424358595633 245760
1759587143752 0.9191567518185887 250880
1759587163502 0.9188930735223756 256000
1759587177350 0.919778621682429 261120
1759587190800 0.920535067057166 266240
1759587207341 0.9191826930290087 271360
1759587220014 0.9200070876173686 276480
1759587234615 0.9195636272210646 281600
1759587250463 0.9185780564557285 286720
1759587266886 0.9197718640726579 291840
1759587282120 0.920290495614804 296960
1759587296195 0.9192318414261206 302080
1759587312729 0.9203487162035066 307200
1759587328144 0.9194826935797187 312320
1759587342457 0.9185730661738956 317440
1759587361270 0.9188498809869708 322560
1759587374591 0.9195993463106574 327680
1759587387205 0.9202964222393235 332800
1759587401755 0.921270626448462 337920
1759587421077 0.9239960254128973 343040
1759587433113 0.9230083496846124 348160
1759587446927 0.9215500538502532 353280
1759587460412 0.92245919556235 358400
1759587478403 0.9216070076444499 363520
1759587493775 0.92229435159074 368640
1759587506758 0.9228114112827959 373760
1759587526809 0.9234336089652299 378880
1759587541132 0.9238987509560043 384000
1759587556786 0.9232938940067623 389120
1759587568050 0.9235366585813922 394240
1759587584220 0.9241403005565266 399360
1759587598194 0.9233122328361543 404480
1759587609820 0.922644141181843 409600
1759587621529 0.9223454239819608 414720
1759587636862 0.9215989394705186 419840
1759587652128 0.9211216624346452 424960
1759587663812 0.9212624341790454 430080
1759587678587 0.9228493302623678 435200
1759587689934 0.9241646217148701 440320
1759587705501 0.922880288113111 445440
1759587719506 0.9230780996538872 450560
1759587734885 0.9225802778060318 455680
1759587747865 0.923439405450328 460800
1759587759720 0.9233014333314 465920
1759587772394 0.9232430080558166 471040
1759587785773 0.9226433054144048 476160
1759587798290 0.922695343250029 481280
1759587812297 0.923218571134667 486400
1759587823309 0.9237147976814861 491520
1759587839751 0.9233351850247987 496640
1759587855160 0.9229028033388073 501760
1759587871479 0.9226160360671296 506880
1759587884262 0.9211047419544651 512000
1759587898891 0.9266564718894228 517120
1759587913886 0.9329881608196122 522240
1759587929423 0.9402022278265548 527360
1759587943383 0.9464667950609218 532480
1759587957733 0.953052083356545 537600
1759587971365 0.9597053362626783 542720
1759587986430 0.9650699513828892 547840
1759588000019 0.9695909418856208 552960
1759588014137 0.9739485818732482 558080
1759588027778 0.9775197221529646 563200
1759588044483 0.9815734749743272 568320
1759588059571 0.9870592190012029 573440
1759588072969 0.9915688950039449 578560
1759588084640 0.9946086419731125 583680
1759588100446 0.9978246747421389 588800
1759588117576 1.0028029949660222 593920
1759588129105 1.0091161859874567 599040
1759588140865 1.0146472622864526 604160
1759588156869 1.0218075152948616 609280
1759588173635 1.0292231137509267 614400
1759588185460 1.0358801478428035 619520
1759588200260 1.0424020331187471 624640
1759588214118 1.0492239334907467 629760
1759588229870 1.056459131101647 634880
1759588242844 1.0619193626871641 640000
1759588259117 1.0651996457065736 645120
1759588271544 1.068537759629327 650240
1759588288827 1.0710177421073344 655360
1759588301172 1.0750553638598837 660480
1759588318998 1.07993681059286 665600
1759588331945 1.085551787448884 670720
1759588346670 1.0906351791994828 675840
1759588360577 1.0953491217088998 680960
1759588376690 1.0985111081600587 686080
1759588391289 1.1028244566403416 691200
1759588407315 1.107176762782747 696320
1759588421398 1.1119223143253854 701440
1759588436321 1.1159886605761022 706560
1759588451067 1.1200923570889185 711680
1759588465226 1.1246084119279725 716800
1759588479811 1.1278301566155193 721920
1759588495066 1.1289820147233125 727040
1759588509895 1.1316268037248207 732160
1759588523816 1.132627225959566 737280
1759588538808 1.1346116721497603 742400
1759588553795 1.1369733908717252 747520
1759588569571 1.1402062998020701 752640
1759588582606 1.1442281548664863 757760
1759588598527 1.1479864570434652 762880
1759588613273 1.1516928678612715 768000
1759588629979 1.1551956928755742 773120
1759588642669 1.159499295066008 778240
1759588659813 1.1638146044062152 783360
1759588673890 1.167634372167859 788480
1759588688797 1.171714681347974 793600
1759588703268 1.1769479929601583 798720
1759588720583 1.1817301421900475 803840
1759588733385 1.1852234324020996 808960
1759588748402 1.189495587710804 814080
1759588762405 1.193661433335477 819200
1759588781397 1.1979166782529402 824320
1759588797848 1.202718135010728 829440
1759588810018 1.207268698494406 834560
1759588824863 1.2118648097202283 839680
1759588841217 1.2158473930476907 844800
1759588857135 1.2200618944108486 849920
1759588870068 1.2240736631721314 855040
1759588884765 1.228126063307955 860160
1759588900816 1.2325684680279159 865280
1759588915768 1.2366920837244422 870400
1759588930205 1.2411712610350427 875520
1759588944049 1.2454866326581984 880640
1759588959452 1.2493968268150386 885760
1759588976149 1.2534840469434392 890880
1759588991963 1.258372086055782 896000
1759589011489 1.2627022747007017 901120
1759589036468 1.2672821913316756 906240
1759589052933 1.2717476606636298 911360
1759589068641 1.275677537619337 916480
1759589081222 1.2803622981281964 921600
1759589097563 1.2841316566136056 926720
1759589117172 1.2879986078166799 931840
1759589132799 1.2921213407849081 936960
1759589146033 1.2958802965906964 942080
1759589160659 1.299147406451033 947200
1759589179918 1.3030939989950285 952320
1759589195512 1.3066437398374802 957440
1759589208392 1.3103698362348442 962560
1759589223537 1.3139320772364131 967680
1759589241558 1.3177788006327475 972800
1759589255996 1.3216031415492784 977920
1759589268113 1.3246506850404192 983040
1759589281523 1.3285620024377338 988160
1759589300019 1.331720801900448 993280
1759589316302 1.3345360028777247 998400
1759589328427 1.3377655973045592 1003520
1759589346413 1.3409778376209534 1008640
1759589368253 1.3437948220035154 1013760
1759589383228 1.3461830437585514 1018880
1759589396399 1.3491893041701544 1024000
1759589410978 1.3516774726535794 1029120
1759589430520 1.3541820375227371 1034240
1759589442378 1.3563531728816445 1039360
1759589455425 1.3591779403671012 1044480
1759589470719 1.3611034677423854 1049600
1759589490314 1.3636840808551833 1054720
1759589503911 1.3657090741400455 1059840
1759589515960 1.3680455831674074 1064960
1759589532316 1.3703272991176596 1070080
1759589549011 1.3731556571183192 1075200
1759589562852 1.3755370139029883 1080320
1759589575890 1.3778317850897346 1085440
1759589590635 1.3802434836157371 1090560
1759589608581 1.3830321512023043 1095680
1759589620082 1.3855538878681093 1100800
1759589632870 1.3879826066415293 1105920
1759589650666 1.3903215348717626 1111040
1759589666089 1.3924723159884493 1116160
1759589678818 1.3950676305781207 1121280
1759589692832 1.3971876837931427 1126400
1759589709311 1.3998983167135386 1131520
1759589721810 1.4021655877781463 1136640
1759589733727 1.4047394619698352 1141760
1759589750737 1.4071074167152149 1146880
1759589766673 1.4098105091535633 1152000
1759589778924 1.4127438232181937 1157120
1759589792266 1.4151700589104739 1162240
1759589808680 1.4174881244308333 1167360
1759589822061 1.4203463067928588 1172480
1759589835003 1.423648905444161 1177600
1759589849411 1.4264020270177575 1182720
1759589864397 1.4286950291363814 1187840
1759589877262 1.43090103839631 1192960
1759589891067 1.4329902563987482 1198080
1759589908982 1.4353257811132891 1203200
1759589924462 1.437848230446766 1208320
1759589936560 1.4411934614931805 1213440
1759589948995 1.4441771032400001 1218560
1759589969598 1.446724065619861 1223680
1759589982659 1.449455099423182 1228800
1759589995650 1.4522996221864235 1233920
1759590009405 1.4544884765100665 1239040
1759590027850 1.4566239813671393 1244160
1759590041693 1.4591118390751117 1249280
1759590054575 1.4616203647496004 1254400
1759590066799 1.4633075656045123 1259520
1759590085503 1.4654557474502554 1264640
1759590100299 1.4675396514740797 1269760
1759590113801 1.4691091307577742 1274880
1759590128132 1.4713258769346926 1280000
1759590144015 1.4735386953845528 1285120
1759590159619 1.4747607865609413 1290240
1759590173163 1.4758680810371883 1295360
1759590189308 1.4774116856939483 1300480
1759590202269 1.4793298549046148 1305600
1759590218414 1.481164001525872 1310720
1759590232748 1.4835820560027935 1315840
1759590248917 1.4857809099879562 1320960
1759590261243 1.488083462719147 1326080
1759590279104 1.4904513992368356 1331200
1759590294634 1.4929405137655294 1336320
1759590308353 1.495113789243446 1341440
1759590320945 1.4975774126505954 1346560
1759590339902 1.4997541790797861 1351680
1759590355489 1.5022405745580176 1356800
1759590367319 1.5042519868106856 1361920
1759590379390 1.5069534474340847 1367040
1759590401773 1.5086988125405132 1372160
1759590415098 1.510802445693568 1377280
1759590427699 1.5128597723481152 1382400
1759590441127 1.515663028755517 1387520
1759590460869 1.518269998158992 1392640
1759590473414 1.5208914029911151 1397760
1759590487139 1.5235759805437568 1402880
1759590500961 1.5260244516538741 1408000
1759590517301 1.528518764390447 1413120
1759590530231 1.530859507047213 1418240
1759590545887 1.533238051094713 1423360
1759590560069 1.536075751262181 1428480
1759590577627 1.5386101554651317 1433600
1759590588094 1.5408024872002157 1438720
1759590603080 1.5431214969264782 1443840
1759590616898 1.5454322488255183 1448960
1759590631834 1.5478640691953438 1454080
1759590644258 1.5502024425411687 1459200
1759590657398 1.5528125563152617 1464320
1759590672489 1.5555593844071662 1469440
1759590684857 1.5580912930938429 1474560
1759590698334 1.5604564349711827 1479680
1759590710979 1.563000047980236 1484800
1759590727535 1.5655407117254758 1489920
1759590739105 1.5681127173998592 1495040
1759590750876 1.5702298825742125 1500160
1759590762146 1.5732920826305612 1505280
1759590778612 1.5758236921218165 1510400
1759590791636 1.577944262711876 1515520
1759590802811 1.580537574315258 1520640
1759590813498 1.5831906798456932 1525760
1759590833046 1.58562168828554 1530880
1759590844050 1.5875355536423439 1536000
1759590855053 1.5901628817540165 1541120
1759590866649 1.592580690806374 1546240
1759590884494 1.5957151457231602 1551360
1759590896166 1.598081129459425 1556480
1759590907168 1.6005667466665798 1561600
1759590921075 1.6029149622424947 1566720
1759590935674 1.6051381937470037 1571840
1759590947865 1.607004318044486 1576960
1759590959279 1.609329477168263 1582080
1759590973409 1.6116091476089653 1587200
1759590987954 1.6135722164431407 1592320
1759591000005 1.615861518245381 1597440
1759591014902 1.6181869458021991 1602560
1759591026852 1.6207817069842752 1607680
1759591041278 1.6226752437554761 1612800
1759591054023 1.6250454701108528 1617920
1759591068549 1.6275127185890328 1623040
1759591081794 1.630125244223243 1628160
1759591092962 1.6321785414353955 1633280
1759591105733 1.6339817936364747 1638400
1759591118783 1.636514401611092 1643520
1759591133885 1.6383452213747332 1648640
1759591147009 1.6404335307839912 1653760
1759591157895 1.642614933878444 1658880
1759591170546 1.6447487337554654 1664000
1759591185434 1.646938158454552 1669120
1759591198274 1.6493271784278583 1674240
1759591210882 1.6511738768059347 1679360
1759591222615 1.6531313065000486 1684480
1759591237099 1.6545616553087614 1689600
1759591249324 1.6564181467583219 1694720
1759591262974 1.658293218889516 1699840
1759591275896 1.660381401663541 1704960
1759591288645 1.662219733013823 1710080
1759591301067 1.6638240455656528 1715200
1759591313583 1.6649931726048368 1720320
1759591328801 1.6664578636415985 1725440
1759591340934 1.6681160211091417 1730560
1759591353758 1.669346872543976 1735680
1759591365173 1.6708078826476613 1740800
1759591380167 1.6725042280480085 1745920
1759591391070 1.6738957674971515 1751040
1759591404886 1.6754438435743133 1756160
1759591420395 1.677078131560773 1761280
1759591431652 1.6779635632407048 1766400
1759591443462 1.679181886331347 1771520
1759591455203 1.6805286400486126 1776640
1759591470045 1.681431352267815 1781760
1759591485420 1.6824328916815554 1786880
1759591496091 1.6833111362234154 1792000
1759591506913 1.6845758900691992 1797120
1759591520922 1.6861915566962382 1802240
1759591536301 1.6875042455145242 1807360
1759591548554 1.6893827467791431 1812480
1759591561346 1.6908802309459012 1817600
1759591573769 1.692216918709188 1822720
1759591591254 1.694002005280039 1827840
1759591603626 1.6951264642087513 1832960
1759591616989 1.696713555776254 1838080
1759591629491 1.6981879894346301 1843200
1759591644809 1.6992614944013367 1848320
1759591658387 1.7003928066299723 1853440
1759591672156 1.7013164037385473 1858560
1759591686101 1.702874734089203 1863680
1759591701084 1.704128822399531 1868800
1759591714414 1.7054917037689343 1873920
1759591727671 1.7069856511882673 1879040
1759591742992 1.7084380144879736 1884160
1759591756863 1.7102432354999213 1889280
1759591770344 1.7118281109281506 1894400
1759591782695 1.7133489440465275 1899520
1759591801135 1.7146358615584885 1904640
1759591814120 1.715385867855897 1909760
1759591829152 1.7160234648291823 1914880
1759591841549 1.7164717762800374 1920000
1759591863681 1.7168268027334115 1925120
1759591876709 1.7172087835192595 1930240
1759591890573 1.7178798742452432 1935360
1759591902891 1.7184703699919823 1940480
1759591922173 1.7190366319762582 1945600
1759591934586 1.719539901174953 1950720
1759591949578 1.7205793310446211 1955840
1759591966755 1.7215614264352908 1960960
1759591984566 1.7223197401167956 1966080
1759591998062 1.723194810712953 1971200
1759592011769 1.7239636705502628 1976320
1759592026600 1.7249282691990993 1981440
1759592044687 1.7262259781748386 1986560
1759592057958 1.7276293004544667 1991680
1759592071509 1.7288408736203702 1996800
1759592087771 1.7298654409309313 2001920
1759592103789 1.731180466236313 2007040
1759592119409 1.7321912006361098 2012160
1759592134217 1.7330764633010305 2017280
1759592152181 1.7339292980242722 2022400
1759592164999 1.7348386146149466 2027520
1759592178025 1.7359675525173985 2032640
1759592191648 1.7372642207858318 2037760
1759592209531 1.7381122114755605 2042880
1759592223870 1.7390213040997986 2048000
1759592237654 1.7399660288366436 2053120
1759592251672 1.7408831190624654 2058240
1759592268518 1.7422179904317068 2063360
1759592284436 1.743362538194619 2068480
1759592297344 1.744385907149214 2073600
1759592317000 1.7456915270790325 2078720
1759592333746 1.7463333062718716 2083840
1759592352570 1.7472193268381384 2088960
1759592365461 1.7481192263102823 2094080
1759592387500 1.748818828036396 2099200
1759592403343 1.7493139252768997 2104320
1759592416300 1.7500673126758257 2109440
1759592431284 1.7505993821067796 2114560
1759592458355 1.7512209927860667 2119680
1759592476353 1.7520267518410808 2124800
1759592488221 1.7527115394291344 2129920
1759592506965 1.7529549266689233 2135040
1759592519516 1.7537207593504183 2140160
1759592537720 1.75433283723505 2145280
1759592550450 1.7549908411064896 2150400
1759592565587 1.7550832851455045 2155520
1759592578075 1.7556035911695254 2160640
1759592595756 1.7561578883031679 2165760
1759592610506 1.756596487930569 2170880
1759592622033 1.75741687121692 2176000
1759592633304 1.7580585616843662 2181120
1759592649292 1.7586606227044974 2186240
1759592663544 1.759226819891126 2191360
1759592676164 1.7600216830929503 2196480
1759592689157 1.7606638185538301 2201600
1759592702446 1.7611711184292511 2206720
1759592716245 1.7617943161408394 2211840
1759592728214 1.7623308488008045 2216960
1759592744122 1.762766451115846 2222080
1759592757937 1.7636320539096384 2227200
1759592769207 1.7641592797140226 2232320
1759592780671 1.7643088060556604 2237440
1759592796836 1.7648530764492778 2242560
1759592811837 1.7654048115845662 2247680
1759592823056 1.7656847536978395 2252800
1759592836300 1.7661907696159462 2257920
1759592849230 1.7666688708908187 2263040
1759592864792 1.7674699251227253 2268160
1759592876025 1.768087011436726 2273280
1759592890475 1.7686132612538126 2278400
1759592904860 1.7691359576891263 2283520
1759592918282 1.7695501405023883 2288640
1759592930832 1.7699450526785876 2293760
1759592945814 1.7697671140324052 2298880
1759592963160 1.7703683968917068 2304000
1759592974207 1.7707353991673271 2309120
1759592986505 1.770910213450797 2314240
1759592998373 1.7716169021866488 2319360
1759593016523 1.771933440149353 2324480
1759593027225 1.7722902937080471 2329600
1759593040152 1.772935222704622 2334720
1759593051856 1.7732194358797237 2339840
1759593068899 1.7735061043880966 2344960
1759593079773 1.7738707482476601 2350080
1759593092843 1.7739574945431456 2355200
1759593107529 1.7746006960205558 2360320
1759593121971 1.774861321250161 2365440
1759593132927 1.7752282314183385 2370560
1759593146346 1.774876331641354 2375680
1759593161699 1.7750088119940313 2380800
1759593173968 1.7754488991070108 2385920
1759593187263 1.775700415277247 2391040
1759593199072 1.7759929871230422 2396160
1759593214122 1.7761271190836305 2401280
1759593227665 1.7767549416883666 2406400
1759593240674 1.777535969363836 2411520
1759593252193 1.7783251410794017 2416640
1759593266546 1.7785864350539424 2421760
1759593280187 1.779040257751637 2426880
1759593292788 1.779390911913472 2432000
1759593306395 1.7800252819969955 2437120
1759593319438 1.7801498637515039 2442240
1759593332212 1.7805804444421829 2447360
1759593344715 1.7813239109092438 2452480
1759593360820 1.7814461298957835 2457600
1759593373146 1.781848158955013 2462720
1759593385086 1.7825733513359667 2467840
1759593396571 1.7833537811025773 2472960
1759593415323 1.7836616650994999 2478080
1759593427362 1.7839474587878454 2483200
1759593438432 1.784619155229319 2488320
1759593450968 1.785116027169941 2493440
1759593467825 1.785750688591128 2498560
1759593478973 1.7860307086053189 2503680
1759593491122 1.786399444157525 2508800
1759593507551 1.786884230416563 2513920
1759593520288 1.7876738157491923 2519040
1759593531536 1.7879337581309984 2524160
1759593542832 1.78851790119259 2529280
1759593562561 1.7889640234415385 2534400
1759593573338 1.7896558160111866 2539520
1759593584453 1.790448125549355 2544640
1759593595821 1.7909223735598199 2549760
1759593613889 1.7913413554133335 2554880
1759593624154 1.7915452344923428 2560000
1759593636573 1.7920117497764612 2565120
1759593650248 1.7925829056763867 2570240
1759593664996 1.792909343407889 2575360
1759593676228 1.7931724460424268 2580480
1759593687772 1.793543504819972 2585600
1759593705357 1.7937486577594097 2590720
1759593716442 1.7937638328884236 2595840
1759593727728 1.7940537702555284 2600960
1759593738805 1.7943503380912424 2606080
1759593756965 1.794644954838756 2611200
1759593768450 1.7951325478683522 2616320
1759593780360 1.7954866068363604 2621440
1759593792335 1.7958144411879506 2626560
1759593809200 1.7967239237536143 2631680
1759593820088 1.797025547617741 2636800
1759593832288 1.7972008027775224 2641920
1759593847106 1.7972415207549692 2647040
1759593859792 1.7972037165008157 2652160
1759593870832 1.7972209907239942 2657280
1759593883344 1.7974152353445931 2662400
1759593900023 1.7970807733955747 2667520
1759593910918 1.7970324329374563 2672640
1759593922584 1.7975087399878027 2677760
1759593934067 1.7976158539617921 2682880
1759593950592 1.7983622545840166 2688000
1759593962422 1.7979466129760207 2693120
1759593974692 1.797595228551308 2698240
1759593987027 1.7975636019815797 2703360
1759594001864 1.7971631473760956 2708480
1759594012948 1.797161517982583 2713600
1759594026271 1.796902794346776 2718720
1759594040275 1.796674493579843 2723840
1759594052696 1.7964408833994934 2728960
1759594064134 1.7962237703355366 2734080
1759594076791 1.7957489571278342 2739200
1759594094020 1.7954984760456345 2744320
1759594104683 1.7952670911750959 2749440
1759594116082 1.7944697029714596 2754560
1759594127742 1.7941987754151658 2759680
1759594144051 1.793711865421755 2764800
1759594155351 1.7931976011704636 2769920
1759594166033 1.792731285848973 2775040
1759594183351 1.7921295473519407 2780160
1759594195109 1.7915964663472386 2785280
1759594206423 1.7906532500675456 2790400
1759594217249 1.7898432713520678 2795520
1759594234976 1.7891371208430467 2800640
1759594247449 1.7889740418586553 2805760
1759594258072 1.7886404459636058 2810880
1759594271170 1.7880150752538768 2816000
1759594285767 1.7870088823678063 2821120
1759594297911 1.7861476064946948 2826240
1759594308418 1.785601031651144 2831360
1759594325433 1.78519889293049 2836480
1759594336751 1.7851833709572271 2841600
1759594349403 1.785427471515403 2846720
1759594359576 1.7860083685391213 2851840
1759594378296 1.7866507201392225 2856960
1759594390261 1.7870439184109637 2862080
1759594400797 1.7874702707753547 2867200
1759594414222 1.7880268857585062 2872320
1759594433533 1.788521318760617 2877440
1759594446760 1.7890072866739548 2882560
1759594460725 1.7896000124665115 2887680
1759594477833 1.7900276112076616 2892800
1759594492154 1.7900541391677305 2897920
1759594506686 1.7897354831991088 2903040
1759594518387 1.7897036529845942 2908160
1759594536422 1.7891280890242847 2913280
1759594551058 1.7888563310232515 2918400
1759594562863 1.7881241004932087 2923520
1759594574931 1.7872979066511703 2928640
1759594593414 1.786407811427183 2933760
1759594607209 1.7853872036310314 2938880
1759594619129 1.7841035020383162 2944000
1759594634500 1.7829588061196195 2949120
1759594648592 1.7817483687897202 2954240
1759594663824 1.780706492643842 2959360
1759594675875 1.7799008035710562 2964480
1759594693330 1.7789422681307632 2969600
1759594707003 1.7782310223500666 2974720
1759594720584 1.7777884408916025 2979840
1759594733105 1.7778324487474733 2984960
1759594749971 1.7786369405673503 2990080
1759594765213 1.779032575469656 2995200
1759594777247 1.7796295805108304 3000320
1759594790651 1.7799846780089592 3005440
1759594807286 1.780453821495549 3010560
1759594822880 1.7808145624181635 3015680
1759594838177 1.7815433471558388 3020800
1759594851109 1.7822769898477915 3025920
1759594867973 1.7821572877604328 3031040
1759594883467 1.7824490630963497 3036160
1759594898661 1.7828163197884028 3041280
1759594911493 1.7832463740072884 3046400
1759594926023 1.7833929050112325 3051520
1759594940882 1.7836904823960336 3056640
1759594956945 1.7840295681097103 3061760
1759594969423 1.7838769585950451 3066880
1759594983179 1.7841230029098962 3072000
1759594998857 1.7840284820478294 3077120
1759595013120 1.7843762802550767 3082240
1759595026374 1.7847595982295557 3087360
1759595041849 1.7847729699808357 3092480
1759595055441 1.7849399890246458 3097600
1759595070812 1.7852468614300852 3102720
1759595083943 1.7852472094205811 3107840
1759595098710 1.785622472166169 3112960
1759595110023 1.7862249672979704 3118080
1759595126521 1.7867116972510182 3123200
1759595139339 1.78695640601357 3128320
1759595152058 1.7874563914468438 3133440
1759595163274 1.7878909943606087 3138560
1759595176538 1.7882243820392347 3143680
1759595192340 1.7885173863325883 3148800
1759595203998 1.788604409916597 3153920
1759595216272 1.7886108134281378 3159040
1759595226942 1.7886666828726852 3164160
1759595243234 1.7885457304766048 3169280
1759595256439 1.7889612237834727 3174400
1759595267903 1.7889909593954514 3179520
1759595284211 1.7889165479352314 3184640
1759595295448 1.7891286207919848 3189760
1759595306252 1.7891431975790457 3194880
1759595319080 1.7893297736811493 3200000
1759595337103 1.7895930238602837 3205120
1759595350568 1.7896146895432996 3210240
1759595362391 1.7901008935833618 3215360
1759595374513 1.7903971835262957 3220480
1759595391775 1.790687493528516 3225600
1759595405612 1.791087743110055 3230720
1759595418593 1.79122324111389 3235840
1759595430595 1.7916062250400304 3240960
1759595444964 1.7918732906776949 3246080
1759595458872 1.7918826639981182 3251200
1759595472417 1.7921018147174224 3256320
1759595485647 1.7925152118770582 3261440
1759595498669 1.7924775334481244 3266560
1759595511186 1.7927126666852555 3271680
1759595523442 1.7929228262525798 3276800
1759595535599 1.793259950378496 3281920
1759595548859 1.7936504031495668 3287040
1759595564599 1.7941383278254308 3292160
1759595576148 1.7945089609449676 3297280
1759595588585 1.7952001421878068 3302400
1759595601322 1.7955192776997442 3307520
1759595617170 1.795873906846809 3312640
1759595628770 1.7959848064524249 3317760
1759595642505 1.7962168812294752 3322880
1759595657302 1.7967829809748808 3328000
1759595672560 1.797453167050221 3333120
1759595684823 1.7978576573658724 3338240
1759595698949 1.7981907417296459 3343360
1759595715809 1.7987338655046188 3348480
1759595726794 1.7990074308958348 3353600
1759595741814 1.7994768627238427 3358720
1759595753772 1.7999094598959888 3363840
1759595769457 1.8002301908251828 3368960
1759595780261 1.8007698884011487 3374080
1759595796328 1.8012272651260262 3379200
1759595812865 1.8013366071604753 3384320
1759595824137 1.8017269340161381 3389440
1759595839239 1.8021081577859892 3394560
1759595851314 1.8023307933849109 3399680
1759595866752 1.8026723370111724 3404800
1759595880365 1.8028735584278754 3409920
1759595893978 1.8029608789817408 3415040
1759595908237 1.8032531588335945 3420160
1759595923007 1.8033764042340326 3425280
1759595935112 1.8038692456876029 3430400
1759595947175 1.8042535767807386 3435520
1759595961417 1.8044748936122703 3440640
1759595979275 1.8046904287149457 3445760
1759595991812 1.8048043226345512 3450880
1759596005884 1.8051660961472922 3456000
1759596021654 1.8055342307140059 3461120
1759596033612 1.8060468334908173 3466240
1759596046045 1.8061007735776453 3471360
1759596060176 1.8062177931121235 3476480
1759596078347 1.806607573560862 3481600
1759596091386 1.8069339582578563 3486720
1759596105208 1.8074703433982604 3491840
1759596123314 1.8078505289839362 3496960
1759596139152 1.8081699419680146 3502080
1759596154878 1.808543273430791 3507200
1759596170658 1.8086519557794336 3512320
1759596191934 1.8092158274237187 3517440
1759596203701 1.809747786008615 3522560
1759596216840 1.8100726248010208 3527680
1759596230611 1.8102547975378482 3532800
1759596249023 1.8105046518672787 3537920
1759596260675 1.8107928915468057 3543040
1759596272759 1.811151374454586 3548160
1759596292830 1.8115600372691374 3553280
1759596305118 1.8117462339827572 3558400
