1759586433813 500.0 5120
1759586451092 500.0 10240
1759586463466 500.0 15360
1759586474301 500.0 20480
1759586488394 500.0 25600
1759586502990 500.0 30720
1759586516355 500.0 35840
1759586528118 500.0 40960
1759586547584 500.0 46080
1759586562251 500.0 51200
1759586574505 500.0 56320
1759586587040 500.0 61440
1759586606215 500.0 66560
1759586620626 500.0 71680
1759586633156 500.0 76800
1759586647523 500.0 81920
1759586663320 500.0 87040
1759586678560 500.0 92160
1759586690987 500.0 97280
1759586708412 500.0 102400
1759586720767 500.0 107520
1759586735150 500.0 112640
1759586748088 500.0 117760
1759586767699 500.0 122880
1759586783642 500.0 128000
1759586797398 500.0 133120
1759586811370 500.0 138240
1759586829544 500.0 143360
1759586843727 500.0 148480
1759586858047 500.0 153600
1759586876161 500.0 158720
1759586890382 500.0 163840
1759586903689 500.0 168960
1759586918713 500.0 174080
1759586938871 500.0 179200
1759586951621 500.0 184320
1759586966829 500.0 189440
1759586980923 500.0 194560
1759587000010 500.0 199680
1759587012703 500.0 204800
1759587026576 500.0 209920
1759587044867 500.0 215040
1759587060339 500.0 220160
1759587072989 500.0 225280
1759587086167 500.0 230400
1759587106499 500.0 235520
1759587118988 500.0 240640
1759587131686 500.0 245760
1759587143752 500.0 250880
1759587163502 500.0 256000
1759587177350 500.0 261120
1759587190800 500.0 266240
1759587207341 500.0 271360
1759587220014 500.0 276480
1759587234615 500.0 281600
1759587250463 500.0 286720
1759587266886 500.0 291840
1759587282120 500.0 296960
1759587296195 500.0 302080
1759587312729 500.0 307200
1759587328144 500.0 312320
1759587342457 500.0 317440
1759587361270 500.0 322560
1759587374591 500.0 327680
1759587387205 500.0 332800
1759587401755 500.0 337920
1759587421077 500.0 343040
1759587433113 500.0 348160
1759587446927 500.0 353280
1759587460412 500.0 358400
1759587478403 500.0 363520
1759587493775 500.0 368640
1759587506758 500.0 373760
1759587526809 500.0 378880
1759587541132 500.0 384000
1759587556786 500.0 389120
1759587568050 500.0 394240
1759587584220 500.0 399360
1759587598194 500.0 404480
1759587609820 500.0 409600
1759587621529 500.0 414720
1759587636862 500.0 419840
1759587652128 500.0 424960
1759587663812 500.0 430080
1759587678587 500.0 435200
1759587689934 500.0 440320
1759587705501 500.0 445440
1759587719506 500.0 450560
1759587734885 500.0 455680
1759587747865 500.0 460800
1759587759720 500.0 465920
1759587772394 500.0 471040
1759587785773 500.0 476160
1759587798290 500.0 481280
1759587812297 500.0 486400
1759587823309 500.0 491520
1759587839751 500.0 496640
1759587855160 500.0 501760
1759587871479 500.0 506880
1759587884262 500.0 512000
1759587898891 500.0 517120
1759587913886 500.0 522240
1759587929423 500.0 527360
1759587943383 500.0 532480
1759587957733 500.0 537600
1759587971365 500.0 542720
1759587986430 500.0 547840
1759588000019 500.0 552960
1759588014137 500.0 558080
1759588027778 500.0 563200
1759588044483 500.0 568320
1759588059571 500.0 573440
1759588072969 500.0 578560
1759588084640 500.0 583680
1759588100446 500.0 588800
1759588117576 500.0 593920
1759588129105 500.0 599040
1759588140865 500.0 604160
1759588156869 500.0 609280
1759588173635 500.0 614400
1759588185460 500.0 619520
1759588200260 500.0 624640
1759588214118 500.0 629760
1759588229870 500.0 634880
1759588242844 500.0 640000
1759588259117 500.0 645120
1759588271544 500.0 650240
1759588288827 500.0 655360
1759588301172 500.0 660480
1759588318998 500.0 665600
1759588331945 500.0 670720
1759588346670 500.0 675840
1759588360577 500.0 680960
1759588376690 500.0 686080
1759588391289 500.0 691200
1759588407315 500.0 696320
1759588421398 500.0 701440
1759588436321 500.0 706560
1759588451067 500.0 711680
1759588465226 500.0 716800
1759588479811 500.0 721920
1759588495066 500.0 727040
1759588509895 500.0 732160
1759588523816 500.0 737280
1759588538808 500.0 742400
1759588553795 500.0 747520
1759588569571 500.0 752640
1759588582606 500.0 757760
1759588598527 500.0 762880
1759588613273 500.0 768000
1759588629979 500.0 773120
1759588642669 500.0 778240
1759588659813 500.0 783360
1759588673890 500.0 788480
1759588688797 500.0 793600
1759588703268 500.0 798720
1759588720583 500.0 803840
1759588733385 500.0 808960
1759588748402 500.0 814080
1759588762405 500.0 819200
1759588781397 500.0 824320
1759588797848 500.0 829440
1759588810018 500.0 834560
1759588824863 500.0 839680
1759588841217 500.0 844800
1759588857135 500.0 849920
1759588870068 500.0 855040
1759588884765 500.0 860160
1759588900816 500.0 865280
1759588915768 500.0 870400
1759588930205 500.0 875520
1759588944049 500.0 880640
1759588959452 500.0 885760
1759588976149 500.0 890880
1759588991963 500.0 896000
1759589011489 499.98898435778807 901120
1759589036468 499.9890212438931 906240
1759589052933 499.9890629699505 911360
1759589068641 499.9891037864342 916480
1759589081222 499.9891419419637 921600
1759589097563 499.9891801238876 926720
1759589117172 499.9892116406397 931840
1759589132799 499.98924413132914 936960
1759589146033 499.9892741265117 942080
1759589160659 499.98930538473877 947200
1759589179918 499.98933674557475 952320
1759589195512 499.9697461119234 957440
1759589208392 499.95949098621423 962560
1759589223537 499.94965493534994 967680
1759589241558 499.9397088300454 972800
1759589255996 499.9297193508509 977920
1759589268113 499.9299110773024 983040
1759589281523 499.9205232177894 988160
1759589300019 499.9207347300858 993280
1759589316302 499.8928906006037 998400
1759589328427 499.88382776609825 1003520
1759589346413 499.884167486155 1008640
1759589368253 499.88444857496904 1013760
1759589383228 499.87546994901373 1018880
1759589396399 499.8757897981199 1024000
1759589410978 499.8761080084029 1029120
1759589430520 499.8679920273931 1034240
1759589442378 499.8683486238532 1039360
1759589455425 499.8687099725526 1044480
1759589470719 499.86908593294646 1049600
1759589490314 499.869453148691 1054720
1759589503911 499.8698412698413 1059840
1759589515960 499.87019448213476 1064960
1759589532316 499.8705652435358 1070080
1759589549011 499.87091131712435 1075200
1759589562852 499.8712491277041 1080320
1759589575890 499.8716170878998 1085440
1759589590635 499.87193852255825 1090560
1759589608581 499.87227098528865 1095680
1759589620082 499.87260486794406 1100800
1759589632870 499.8729401347828 1105920
1759589650666 499.87327675023306 1111040
1759589666089 499.87360230970614 1116160
1759589678818 499.8739446586306 1121280
1759589692832 499.87428821725797 1126400
1759589709311 499.87459338738654 1131520
1759589721810 499.8749122254776 1136640
1759589733727 499.87523547311986 1141760
1759589750737 499.8755420641804 1146880
1759589766673 499.87585610266024 1152000
1759589778924 499.87616856033367 1157120
1759589792266 499.87650897616714 1162240
1759589808680 499.8768240343348 1167360
1759589822061 499.87714041095893 1172480
1759589835003 499.8774551665243 1177600
1759589849411 499.8777712054892 1182720
1759589864397 499.87805971910774 1187840
1759589877262 499.869972685316 1192960
1759589891067 499.8703025178504 1198080
1759589908982 499.87062158806026 1203200
1759589924462 499.8633293603496 1208320
1759589936560 499.8550082752512 1213440
1759589948995 499.8553421089353 1218560
1759589969598 499.85568110629015 1223680
1759589982659 499.8560651640672 1228800
1759589995650 499.85642730189505 1233920
1759590009405 499.85674474308485 1239040
1759590027850 499.8494025735294 1244160
1759590041693 499.84975471092565 1249280
1759590054575 499.8501017770967 1254400
1759590066799 499.85043017868963 1259520
1759590085503 499.85078432711794 1264640
1759590100299 499.8511570867304 1269760
1759590113801 499.8515649771255 1274880
1759590128132 499.8426793739696 1280000
1759590144015 499.8431116416297 1285120
1759590159619 499.8435591088753 1290240
1759590173163 499.8439690894837 1295360
1759590189308 499.84440473531384 1300480
1759590202269 499.84480684400484 1305600
1759590218414 499.8452171980891 1310720
1759590232748 499.84560828032534 1315840
1759590248917 499.84597014925373 1320960
1759590261243 499.8462998102467 1326080
1759590279104 499.8466483214089 1331200
1759590294634 499.8469784504536 1336320
1759590308353 499.84729711955805 1341440
1759590320945 499.839443520868 1346560
1759590339902 499.83979395844244 1351680
1759590355489 499.8401184952842 1356800
1759590367319 499.84045559274875 1361920
1759590379390 499.8408085364796 1367040
1759590401773 499.841135856979 1372160
1759590415098 499.8414652584289 1377280
1759590427699 499.8418001163868 1382400
1759590441127 499.84214714294933 1387520
1759590460869 499.83469230109006 1392640
1759590473414 499.8350533122083 1397760
1759590487139 499.8354162661027 1402880
1759590500961 499.83576362240984 1408000
1759590517301 499.83008954969904 1413120
1759590530231 499.83044659534727 1418240
1759590545887 499.8307985596272 1423360
1759590560069 499.83118474998946 1428480
1759590577627 499.83155142236564 1433600
1759590588094 499.81622258702697 1438720
1759590603080 499.816604708798 1443840
1759590616898 499.8090627095909 1448960
1759590631834 499.80945807450166 1454080
1759590644258 499.79591751544496 1459200
1759590657398 499.79638075008853 1464320
1759590672489 499.78970117617723 1469440
1759590684857 499.7901372817386 1474560
1759590698334 499.78287322544594 1479680
1759590710979 499.78329925439414 1484800
1759590727535 499.78374590349773 1489920
1759590739105 499.7773069486156 1495040
1759590750876 499.7777823391765 1500160
1759590762146 499.77113592133566 1505280
1759590778612 499.7715991331725 1510400
1759590791636 499.77204186986063 1515520
1759590802811 499.76443041840577 1520640
1759590813498 499.75721862109606 1525760
1759590833046 499.7520124906219 1530880
1759590844050 499.74573047349253 1536000
1759590855053 499.7394939316222 1541120
1759590866649 499.7328388891128 1546240
1759590884494 499.73339769116285 1551360
1759590896166 499.73395416047845 1556480
1759590907168 499.73451894576624 1561600
1759590921075 499.73506545418206 1566720
1759590935674 499.73564135290366 1571840
1759590947865 499.7362042546417 1576960
1759590959279 499.7367699914613 1582080
1759590973409 499.737296868807 1587200
1759590987954 499.7378838510668 1592320
1759591000005 499.73844757507595 1597440
1759591014902 499.73903456965115 1602560
1759591026852 499.73957801265175 1607680
1759591041278 499.74013957500193 1612800
1759591054023 499.7406835031984 1617920
1759591068549 499.7412756655477 1623040
1759591081794 499.74181988158307 1628160
1759591092962 499.74240687122284 1633280
1759591105733 499.74302607347096 1638400
1759591118783 499.74359767891684 1643520
1759591133885 499.7441716844218 1648640
1759591147009 499.7447627849661 1653760
1759591157895 499.7452973388414 1658880
1759591170546 499.745805288692 1664000
1759591185434 499.74639372488997 1669120
1759591198274 499.7469504629188 1674240
1759591210882 499.7474903327809 1679360
1759591222615 499.7479752081828 1684480
1759591237099 499.7416318785579 1689600
1759591249324 499.7421553960649 1694720
1759591262974 499.73677048684607 1699840
1759591275896 499.737351260631 1704960
1759591288645 499.73788508948564 1710080
1759591301067 499.73843640256155 1715200
1759591313583 499.73897561798384 1720320
1759591328801 499.73952722920404 1725440
1759591340934 499.74004255477996 1730560
1759591353758 499.7406138259833 1735680
1759591365173 499.74112486524666 1740800
1759591380167 499.74163868741766 1745920
1759591391070 499.74221728669255 1751040
1759591404886 499.74275529616017 1756160
1759591420395 499.74330998894214 1761280
1759591431652 499.74388113495525 1766400
1759591443462 499.7444262986953 1771520
1759591455203 499.74498315511937 1776640
1759591470045 499.74552829188974 1781760
1759591485420 499.746047953323 1786880
1759591496091 499.7466116033256 1792000
1759591506913 499.74718193534335 1797120
1759591520922 499.7477588423855 1802240
1759591536301 499.7483240273938 1807360
1759591548554 499.74888215779606 1812480
1759591561346 499.74942429476107 1817600
1759591573769 499.74996409593564 1822720
1759591591254 499.75048816753554 1827840
1759591603626 499.7510233996532 1832960
1759591616989 499.7515652034319 1838080
1759591629491 499.7520516974347 1843200
1759591644809 499.75252309879176 1848320
1759591658387 499.7530540238648 1853440
1759591672156 499.7535565149692 1858560
1759591686101 499.754065650769 1863680
1759591701084 499.75455538716386 1868800
1759591714414 499.749705421994 1873920
1759591727671 499.7502149990347 1879040
1759591742992 499.75069630563877 1884160
1759591756863 499.7512236050902 1889280
1759591770344 499.75172269420653 1894400
1759591782695 499.7522111567658 1899520
1759591801135 499.75273207429154 1904640
1759591814120 499.7532379713914 1909760
1759591829152 499.7537801460157 1914880
1759591841549 499.7542520677568 1920000
1759591863681 499.75475177060537 1925120
1759591876709 499.7552578631494 1930240
1759591890573 499.7557241426659 1935360
1759591902891 499.7561719405849 1940480
1759591922173 499.75660145026677 1945600
1759591934586 499.7570584821276 1950720
1759591949578 499.75751793229176 1955840
1759591966755 499.75796329994387 1960960
1759591984566 499.75838242534337 1966080
1759591998062 499.75884505896704 1971200
1759592011769 499.75929371173424 1976320
1759592026600 499.75969607429295 1981440
1759592044687 499.7540027640139 1986560
1759592057958 499.754433190888 1991680
1759592071509 499.75487034797794 1996800
1759592087771 499.75016765021456 2001920
1759592103789 499.75059831634616 2007040
1759592119409 499.7510857219216 2012160
1759592134217 499.7515588009736 2017280
1759592152181 499.74616383184105 2022400
1759592164999 499.7410126918732 2027520
1759592178025 499.74148937934234 2032640
1759592191648 499.7419813975042 2037760
1759592209531 499.742446019395 2042880
1759592223870 499.74295983644396 2048000
1759592237654 499.73749609124275 2053120
1759592251672 499.737979071181 2058240
1759592268518 499.7384688540181 2063360
1759592284436 499.7389696255564 2068480
1759592297344 499.7394684830369 2073600
1759592317000 499.7399781549046 2078720
1759592333746 499.7404562762391 2083840
1759592352570 499.74093685031187 2088960
1759592365461 499.741453372453 2094080
1759592387500 499.7371043945376 2099200
1759592403343 499.7376265603049 2104320
1759592416300 499.7381508758924 2109440
1759592431284 499.73867310012065 2114560
1759592458355 499.7392183612872 2119680
1759592476353 499.7397113243516 2124800
1759592488221 499.74021073501433 2129920
1759592506965 499.7407082329285 2135040
1759592519516 499.7411790942543 2140160
1759592537720 499.7416893213144 2145280
1759592550450 499.7376815044037 2150400
1759592565587 499.7381966771726 2155520
1759592578075 499.73870156968746 2160640
1759592595756 499.73917571320374 2165760
1759592610506 499.7396317356309 2170880
1759592622033 499.74010659874534 2176000
1759592633304 499.73522302790593 2181120
1759592649292 499.73569593281945 2186240
1759592663544 499.73617540347806 2191360
1759592676164 499.7366736907828 2196480
1759592689157 499.7371782887767 2201600
1759592702446 499.73766056044536 2206720
1759592716245 499.7381532587269 2211840
1759592728214 499.738672449849 2216960
1759592744122 499.7391653910973 2222080
1759592757937 499.7396685287491 2227200
1759592769207 499.7353625286896 2232320
1759592780671 499.73588734473003 2237440
1759592796836 499.73638581577694 2242560
1759592811837 499.73690658499237 2247680
1759592823056 499.73740924722966 2252800
1759592836300 499.73791798877227 2257920
1759592849230 499.73839688147154 2263040
1759592864792 499.73888593358157 2268160
1759592876025 499.73938502146507 2273280
1759592890475 499.73987432810964 2278400
1759592904860 499.7403500287157 2283520
1759592918282 499.74085135909735 2288640
1759592930832 499.74135465125033 2293760
1759592945814 499.7418753850083 2298880
1759592963160 499.74233993730974 2304000
1759592974207 499.74282592099155 2309120
1759592986505 499.7433330843356 2314240
1759592998373 499.74384589005354 2319360
1759593016523 499.7443338244267 2324480
1759593027225 499.74483127376425 2329600
1759593040152 499.74531168927433 2334720
1759593051856 499.7458128661893 2339840
1759593068899 499.7463008358191 2344960
1759593079773 499.7468130572544 2350080
1759593092843 499.7473343628208 2355200
1759593107529 499.74781281193117 2360320
1759593121971 499.7482783882784 2365440
1759593132927 499.74875694647557 2370560
1759593146346 499.74925564831574 2375680
1759593161699 499.74971591736835 2380800
1759593173968 499.7502108232284 2385920
1759593187263 499.75067483238035 2391040
1759593199072 499.75118757965475 2396160
1759593214122 499.75166233015324 2401280
1759593227665 499.75212454371007 2406400
1759593240674 499.7525850398917 2411520
1759593252193 499.7530473781049 2416640
1759593266546 499.75353628095144 2421760
1759593280187 499.7540126859581 2426880
1759593292788 499.7544697088794 2432000
1759593306395 499.7501854281965 2437120
1759593319438 499.750630045705 2442240
1759593332212 499.7511261421284 2447360
1759593344715 499.7515956088844 2452480
1759593360820 499.75206330780446 2457600
1759593373146 499.75253274553853 2462720
1759593385086 499.7484766418416 2467840
1759593396571 499.7489157983667 2472960
1759593415323 499.7493992158185 2478080
1759593427362 499.7498737586265 2483200
1759593438432 499.75029756486913 2488320
1759593450968 499.75072690673227 2493440
1759593467825 499.75117908073565 2498560
1759593478973 499.7464518016073 2503680
1759593491122 499.7469311720629 2508800
1759593507551 499.74738770242703 2513920
1759593520288 499.7478041617024 2519040
1759593531536 499.748257550614 2524160
1759593542832 499.7486607389407 2529280
1759593562561 499.7446826107933 2534400
1759593573338 499.7451042455102 2539520
1759593584453 499.74552798615116 2544640
1759593595821 499.7417735409094 2549760
1759593613889 499.74221905766046 2554880
1759593624154 499.74264896860007 2560000
1759593636573 499.7431054951353 2565120
1759593650248 499.7435569116766 2570240
1759593664996 499.74400674453705 2575360
1759593676228 499.7444792811868 2580480
1759593687772 499.74490860557444 2585600
1759593705357 499.7453847090169 2590720
1759593716442 499.74582472626133 2595840
1759593727728 499.74628032345015 2600960
1759593738805 499.7467070299361 2606080
1759593756965 499.7471221137185 2611200
1759593768450 499.7475290678182 2616320
1759593780360 499.7479482133055 2621440
1759593792335 499.74833905917893 2626560
1759593809200 499.74874881554535 2631680
1759593820088 499.7443434693388 2636800
1759593832288 499.74472784363815 2641920
1759593847106 499.7451381509033 2647040
1759593859792 499.741429840731 2652160
1759593870832 499.7418748427923 2657280
1759593883344 499.7423115046587 2662400
1759593900023 499.74276366131033 2667520
1759593910918 499.7432209974583 2672640
1759593922584 499.7436328972454 2677760
1759593934067 499.74406363624433 2682880
1759593950592 499.74015149529527 2688000
1759593962422 499.74057646766363 2693120
1759593974692 499.7356775255362 2698240
1759593987027 499.73610495292246 2703360
1759594001864 499.73656529889604 2708480
1759594012948 499.73696935035224 2713600
1759594026271 499.73737557265775 2718720
1759594040275 499.73781791327104 2723840
1759594052696 499.7382079743331 2728960
1759594064134 499.7386238875757 2734080
1759594076791 499.7390418466697 2739200
1759594094020 499.73942827710533 2744320
1759594104683 499.73985370306093 2749440
1759594116082 499.7354073617742 2754560
1759594127742 499.7358447049779 2759680
1759594144051 499.73628397825394 2764800
1759594155351 499.73673187924607 2769920
1759594166033 499.73718831268167 2775040
1759594183351 499.7337252506744 2780160
1759594195109 499.7296445900973 2785280
1759594206423 499.72529228272174 2790400
1759594217249 499.72577215189875 2795520
1759594234976 499.7262745593531 2800640
1759594247449 499.72669929858205 2805760
1759594258072 499.72717083307094 2810880
1759594271170 499.72763389489563 2816000
1759594285767 499.7281192741146 2821120
1759594297911 499.72860292643816 2826240
1759594308418 499.7290848610659 2831360
1759594325433 499.72955833520587 2836480
1759594336751 499.7300099700897 2841600
1759594349403 499.73044333013974 2846720
1759594359576 499.7308920164466 2851840
1759594378296 499.72653197901553 2856960
1759594390261 499.72698907956317 2862080
1759594400797 499.7274581299055 2867200
1759594414222 499.727918856889 2872320
1759594433533 499.72837468279585 2877440
1759594446760 499.7288289839388 2882560
1759594460725 499.72930503210284 2887680
1759594477833 499.7250018385507 2892800
1759594492154 499.72541916534084 2897920
1759594506686 499.725841927758 2903040
1759594518387 499.7262800883282 2908160
1759594536422 499.7267501339699 2913280
1759594551058 499.7272053012341 2918400
1759594562863 499.7276754827825 2923520
1759594574931 499.72810780678157 2928640
1759594593414 499.7285716013985 2933760
1759594607209 499.7290796242181 2938880
1759594619129 499.7295857488942 2944000
1759594634500 499.73010622045257 2949120
1759594648592 499.73061498931395 2954240
1759594663824 499.73110250847947 2959360
1759594675875 499.7315850550923 2964480
1759594693330 499.73205307345967 2969600
1759594707003 499.73250032787666 2974720
1759594720584 499.7329429129172 2979840
1759594733105 499.7333301637863 2984960
1759594749971 499.73373209432594 2990080
1759594765213 499.73413911600903 2995200
1759594777247 499.7345480359678 3000320
1759594790651 499.73494004371196 3005440
1759594807286 499.7353465054556 3010560
1759594822880 499.73575794693016 3015680
1759594838177 499.73188141632465 3020800
1759594851109 499.7292721017343 3025920
1759594867973 499.7297195911095 3031040
1759594883467 499.73014349586833 3036160
1759594898661 499.7305534779357 3041280
1759594911493 499.7271274051083 3046400
1759594926023 499.72274390101825 3051520
1759594940882 499.7231631845889 3056640
1759594956945 499.72357799124205 3061760
1759594969423 499.723997958805 3066880
1759594983179 499.72440069484657 3072000
1759594998857 499.724795892407 3077120
1759595013120 499.725202651209 3082240
1759595026374 499.72563035382825 3087360
1759595041849 499.72602518938083 3092480
1759595055441 499.726418890179 3097600
1759595070812 499.7268302761771 3102720
1759595083943 499.7224234366404 3107840
1759595098710 499.72279199670345 3112960
1759595110023 499.7231848939283 3118080
1759595126521 499.7235892987582 3123200
1759595139339 499.7239673566153 3128320
1759595152058 499.72436006874494 3133440
1759595163274 499.7247547933217 3138560
1759595176538 499.72515150827337 3143680
1759595192340 499.718055083305 3148800
1759595203998 499.71844440420136 3153920
1759595216272 499.71880722537475 3159040
1759595226942 499.7191944732921 3164160
1759595243234 499.71957433376923 3169280
1759595256439 499.7171708074884 3174400
1759595267903 499.71756188591854 3179520
1759595284211 499.71099135511395 3184640
1759595295448 499.7079334469459 3189760
1759595306252 499.7083356659016 3194880
1759595319080 499.7087270084419 3200000
1759595337103 499.70530100838647 3205120
1759595350568 499.70171858097183 3210240
1759595362391 499.7021039617745 3215360
1759595374513 499.70249496668555 3220480
1759595391775 499.70288164589306 3225600
1759595405612 499.70326402911223 3230720
1759595418593 499.7036454293629 3235840
1759595430595 499.70404550081884 3240960
1759595444964 499.70442489611884 3246080
1759595458872 499.70480331994173 3251200
1759595472417 499.7051807760141 3256320
1759595485647 499.70557995662847 3261440
1759595498669 499.7059748254823 3266560
1759595511186 499.70638153055734 3271680
1759595523442 499.70677425367 3276800
1759595535599 499.70714668944146 3281920
1759595548859 499.7075533589923 3287040
1759595564599 499.70793657726915 3292160
1759595576148 499.70834741835233 3297280
1759595588585 499.7051693909331 3302400
1759595601322 499.70556377240297 3307520
1759595617170 499.7059634870815 3312640
1759595628770 499.70639714573866 3317760
1759595642505 499.7067946024389 3322880
1759595657302 499.70718465082575 3328000
1759595672560 499.70452704235396 3333120
1759595684823 499.70492546007637 3338240
1759595698949 499.7052974067809 3343360
1759595715809 499.7057095826744 3348480
1759595726794 499.7060921886752 3353600
1759595741814 499.7030272462897 3358720
1759595753772 499.70342824686804 3363840
1759595769457 499.7038059765391 3368960
1759595780261 499.70077713283945 3374080
1759595796328 499.6973488933258 3379200
1759595812865 499.6977555046116 3384320
1759595824137 499.69480948222616 3389440
1759595839239 499.6917840999734 3394560
1759595851314 499.69216715174946 3399680
1759595866752 499.69256882193815 3404800
1759595880365 499.68626578523606 3409920
1759595893978 499.6866740728985 3415040
1759595908237 499.68351313940343 3420160
1759595923007 499.6839105933008 3425280
1759595935112 499.68432035918676 3430400
1759595947175 499.68474233748736 3435520
1759595961417 499.6851565702753 3440640
1759595979275 499.68559612033675 3445760
1759595991812 499.68603115369297 3450880
1759596005884 499.68643872615735 3456000
1759596021654 499.6831387143649 3461120
1759596033612 499.6835423213857 3466240
1759596046045 499.68394160583944 3471360
1759596060176 499.68437275463134 3476480
1759596078347 499.6847666690934 3481600
1759596091386 499.6851857622119 3486720
1759596105208 499.6856037424668 3491840
1759596123314 499.68601736175856 3496960
1759596139152 499.68644286970465 3502080
1759596154878 499.68686399090865 3507200
1759596170658 499.6872549424244 3512320
1759596191934 499.6876642313201 3517440
1759596203701 499.6880435565711 3522560
1759596216840 499.6884251644737 3527680
1759596230611 499.6888377870628 3532800
1759596249023 499.68923338767394 3537920
1759596260675 499.6896152703962 3543040
1759596272759 499.6899898742981 3548160
1759596292830 499.69035724866427 3553280
1759596305118 499.69071744165876 3558400
