1759586433813 0.0 5120
1759586451092 0.0 10240
1759586463466 0.0 15360
1759586474301 0.0 20480
1759586488394 0.0 25600
1759586502990 0.0 30720
1759586516355 0.0 35840
1759586528118 0.0 40960
1759586547584 0.0 46080
1759586562251 0.0 51200
1759586574505 0.0 56320
1759586587040 0.0 61440
1759586606215 0.0 66560
1759586620626 0.0 71680
1759586633156 0.0 76800
1759586647523 0.0 81920
1759586663320 0.0 87040
1759586678560 0.0 92160
1759586690987 0.0 97280
1759586708412 0.0 102400
1759586720767 0.0 107520
1759586735150 0.0 112640
1759586748088 0.0 117760
1759586767699 0.0 122880
1759586783642 0.0 128000
1759586797398 0.0 133120
1759586811370 0.0 138240
1759586829544 0.0 143360
1759586843727 0.0 148480
1759586858047 0.0 153600
1759586876161 0.0 158720
1759586890382 0.0 163840
1759586903689 0.0 168960
1759586918713 0.0 174080
1759586938871 0.0 179200
1759586951621 0.0 184320
1759586966829 0.0 189440
1759586980923 0.0 194560
1759587000010 0.0 199680
1759587012703 0.0 204800
1759587026576 0.0 209920
1759587044867 0.0 215040
1759587060339 0.0 220160
1759587072989 0.0 225280
1759587086167 0.0 230400
1759587106499 0.0 235520
1759587118988 0.0 240640
1759587131686 0.0 245760
1759587143752 0.0 250880
1759587163502 0.0 256000
1759587177350 0.0 261120
1759587190800 0.0 266240
1759587207341 0.0 271360
1759587220014 0.0 276480
1759587234615 0.0 281600
1759587250463 0.0 286720
1759587266886 0.0 291840
1759587282120 0.0 296960
1759587296195 0.0 302080
1759587312729 0.0 307200
1759587328144 0.0 312320
1759587342457 0.0 317440
1759587361270 0.0 322560
1759587374591 0.0 327680
1759587387205 0.0 332800
1759587401755 0.0 337920
1759587421077 0.0 343040
1759587433113 0.0 348160
1759587446927 0.0 353280
1759587460412 0.0 358400
1759587478403 0.0 363520
1759587493775 0.0 368640
1759587506758 0.0 373760
1759587526809 0.0 378880
1759587541132 0.0 384000
1759587556786 0.0 389120
1759587568050 0.0 394240
1759587584220 0.0 399360
1759587598194 0.0 404480
1759587609820 0.0 409600
1759587621529 0.0 414720
1759587636862 0.0 419840
1759587652128 0.0 424960
1759587663812 0.0 430080
1759587678587 0.0 435200
1759587689934 0.0 440320
1759587705501 0.0 445440
1759587719506 0.0 450560
1759587734885 0.0 455680
1759587747865 0.0 460800
1759587759720 0.0 465920
1759587772394 0.0 471040
1759587785773 0.0 476160
1759587798290 0.0 481280
1759587812297 0.0 486400
1759587823309 0.0 491520
1759587839751 0.0 496640
1759587855160 0.0 501760
1759587871479 0.0 506880
1759587884262 0.0 512000
1759587898891 0.0 517120
1759587913886 0.0 522240
1759587929423 0.0 527360
1759587943383 0.0 532480
1759587957733 0.0 537600
1759587971365 0.0 542720
1759587986430 0.0 547840
1759588000019 0.0 552960
1759588014137 0.0 558080
1759588027778 0.0 563200
1759588044483 0.0 568320
1759588059571 0.0 573440
1759588072969 0.0 578560
1759588084640 0.0 583680
1759588100446 0.0 588800
1759588117576 0.0 593920
1759588129105 0.0 599040
1759588140865 0.0 604160
1759588156869 0.0 609280
1759588173635 0.0 614400
1759588185460 0.0 619520
1759588200260 0.0 624640
1759588214118 0.0 629760
1759588229870 0.0 634880
1759588242844 0.0 640000
1759588259117 0.0 645120
1759588271544 0.0 650240
1759588288827 0.0 655360
1759588301172 0.0 660480
1759588318998 0.0 665600
1759588331945 0.0 670720
1759588346670 0.0 675840
1759588360577 0.0 680960
1759588376690 0.0 686080
1759588391289 0.0 691200
1759588407315 0.0 696320
1759588421398 0.0 701440
1759588436321 0.0 706560
1759588451067 0.0 711680
1759588465226 0.0 716800
1759588479811 0.0 721920
1759588495066 0.0 727040
1759588509895 0.0 732160
1759588523816 0.0 737280
1759588538808 0.0 742400
1759588553795 0.0 747520
1759588569571 0.0 752640
1759588582606 0.0 757760
1759588598527 0.0 762880
1759588613273 0.0 768000
1759588629979 0.0 773120
1759588642669 0.0 778240
1759588659813 0.0 783360
1759588673890 0.0 788480
1759588688797 0.0 793600
1759588703268 0.0 798720
1759588720583 0.0 803840
1759588733385 0.0 808960
1759588748402 0.0 814080
1759588762405 0.0 819200
1759588781397 0.0 824320
1759588797848 0.0 829440
1759588810018 0.0 834560
1759588824863 0.0 839680
1759588841217 0.0 844800
1759588857135 0.0 849920
1759588870068 0.0 855040
1759588884765 0.0 860160
1759588900816 0.0 865280
1759588915768 0.0 870400
1759588930205 0.0 875520
1759588944049 0.0 880640
1759588959452 0.0 885760
1759588976149 0.0 890880
1759588991963 0.0 896000
1759589011489 0.0 901120
1759589036468 0.0 906240
1759589052933 0.0 911360
1759589068641 0.0 916480
1759589081222 0.0 921600
1759589097563 0.0 926720
1759589117172 0.0 931840
1759589132799 0.0 936960
1759589146033 0.0 942080
1759589160659 0.0 947200
1759589179918 0.0 952320
1759589195512 0.0 957440
1759589208392 0.0 962560
1759589223537 0.0 967680
1759589241558 0.0 972800
1759589255996 0.0 977920
1759589268113 0.0 983040
1759589281523 0.0 988160
1759589300019 0.0 993280
1759589316302 0.0 998400
1759589328427 0.0 1003520
1759589346413 0.0 1008640
1759589368253 0.0 1013760
1759589383228 0.0 1018880
1759589396399 0.0 1024000
1759589410978 0.0 1029120
1759589430520 0.0 1034240
1759589442378 0.0 1039360
1759589455425 0.0 1044480
1759589470719 0.0 1049600
1759589490314 0.0 1054720
1759589503911 0.0 1059840
1759589515960 0.0 1064960
1759589532316 0.0 1070080
1759589549011 0.0 1075200
1759589562852 0.0 1080320
1759589575890 0.0 1085440
1759589590635 0.0 1090560
1759589608581 0.0 1095680
1759589620082 0.0 1100800
1759589632870 0.0 1105920
1759589650666 0.0 1111040
1759589666089 0.0 1116160
1759589678818 0.0 1121280
1759589692832 0.0 1126400
1759589709311 0.0 1131520
1759589721810 0.0 1136640
1759589733727 0.0 1141760
1759589750737 0.0 1146880
1759589766673 0.0 1152000
1759589778924 0.0 1157120
1759589792266 0.0 1162240
1759589808680 0.0 1167360
1759589822061 0.0 1172480
1759589835003 0.0 1177600
1759589849411 0.0 1182720
1759589864397 0.0 1187840
1759589877262 0.0 1192960
1759589891067 0.0 1198080
1759589908982 0.0 1203200
1759589924462 0.0 1208320
1759589936560 0.0 1213440
1759589948995 0.0 1218560
1759589969598 0.0 1223680
1759589982659 0.0 1228800
1759589995650 0.0 1233920
1759590009405 0.0 1239040
1759590027850 0.0 1244160
1759590041693 0.0 1249280
1759590054575 0.0 1254400
1759590066799 0.0 1259520
1759590085503 0.0 1264640
1759590100299 0.0 1269760
1759590113801 0.0 1274880
1759590128132 0.0 1280000
1759590144015 0.0 1285120
1759590159619 0.0 1290240
1759590173163 0.0 1295360
1759590189308 0.0 1300480
1759590202269 0.0 1305600
1759590218414 0.0 1310720
1759590232748 0.0 1315840
1759590248917 0.0 1320960
1759590261243 0.0 1326080
1759590279104 0.0 1331200
1759590294634 0.0 1336320
1759590308353 0.0 1341440
1759590320945 0.0 1346560
1759590339902 0.0 1351680
1759590355489 0.0 1356800
1759590367319 0.0 1361920
1759590379390 0.0 1367040
1759590401773 0.0 1372160
1759590415098 0.0 1377280
1759590427699 0.0 1382400
1759590441127 0.0 1387520
1759590460869 0.0 1392640
1759590473414 0.0 1397760
1759590487139 0.0 1402880
1759590500961 0.0 1408000
1759590517301 0.0 1413120
1759590530231 0.0 1418240
1759590545887 0.0 1423360
1759590560069 0.0 1428480
1759590577627 0.0 1433600
1759590588094 0.0 1438720
1759590603080 0.0 1443840
1759590616898 0.0 1448960
1759590631834 0.0 1454080
1759590644258 0.0 1459200
1759590657398 0.0 1464320
1759590672489 0.0 1469440
1759590684857 0.0 1474560
1759590698334 0.0 1479680
1759590710979 0.0 1484800
1759590727535 0.0 1489920
1759590739105 0.0 1495040
1759590750876 0.0 1500160
1759590762146 0.0 1505280
1759590778612 0.0 1510400
1759590791636 0.0 1515520
1759590802811 0.0 1520640
1759590813498 0.0 1525760
1759590833046 0.0 1530880
1759590844050 0.0 1536000
1759590855053 0.0 1541120
1759590866649 0.0 1546240
1759590884494 0.0 1551360
1759590896166 0.0 1556480
1759590907168 0.0 1561600
1759590921075 0.0 1566720
1759590935674 0.0 1571840
1759590947865 0.0 1576960
1759590959279 0.0 1582080
1759590973409 0.0 1587200
1759590987954 0.0 1592320
1759591000005 0.0 1597440
1759591014902 0.0 1602560
1759591026852 0.0 1607680
1759591041278 0.0 1612800
1759591054023 0.0 1617920
1759591068549 0.0 1623040
1759591081794 0.0 1628160
1759591092962 0.0 1633280
1759591105733 0.0 1638400
1759591118783 0.0 1643520
1759591133885 0.0 1648640
1759591147009 0.0 1653760
1759591157895 0.0 1658880
1759591170546 0.0 1664000
1759591185434 0.0 1669120
1759591198274 0.0 1674240
1759591210882 0.0 1679360
1759591222615 0.0 1684480
1759591237099 0.0 1689600
1759591249324 0.0 1694720
1759591262974 0.0 1699840
1759591275896 0.0 1704960
1759591288645 0.0 1710080
1759591301067 0.0 1715200
1759591313583 0.0 1720320
1759591328801 0.0 1725440
1759591340934 0.0 1730560
1759591353758 0.0 1735680
1759591365173 0.0 1740800
1759591380167 0.0 1745920
1759591391070 0.0 1751040
1759591404886 0.0 1756160
1759591420395 0.0 1761280
1759591431652 0.0 1766400
1759591443462 0.0 1771520
1759591455203 0.0 1776640
1759591470045 0.0 1781760
1759591485420 0.0 1786880
1759591496091 0.0 1792000
1759591506913 0.0 1797120
1759591520922 0.0 1802240
1759591536301 0.0 1807360
1759591548554 0.0 1812480
1759591561346 0.0 1817600
1759591573769 0.0 1822720
1759591591254 0.0 1827840
1759591603626 0.0 1832960
1759591616989 0.0 1838080
1759591629491 0.0 1843200
1759591644809 0.0 1848320
1759591658387 0.0 1853440
1759591672156 0.0 1858560
1759591686101 0.0 1863680
1759591701084 0.0 1868800
1759591714414 0.0 1873920
1759591727671 0.0 1879040
1759591742992 0.0 1884160
1759591756863 0.0 1889280
1759591770344 0.0 1894400
1759591782695 0.0 1899520
1759591801135 0.0 1904640
1759591814120 0.0 1909760
1759591829152 0.0 1914880
1759591841549 0.0 1920000
1759591863681 0.0 1925120
1759591876709 0.0 1930240
1759591890573 0.0 1935360
1759591902891 0.0 1940480
1759591922173 0.0 1945600
1759591934586 0.0 1950720
1759591949578 0.0 1955840
1759591966755 0.0 1960960
1759591984566 0.0 1966080
1759591998062 0.0 1971200
1759592011769 0.0 1976320
1759592026600 0.0 1981440
1759592044687 0.0 1986560
1759592057958 0.0 1991680
1759592071509 0.0 1996800
1759592087771 0.0 2001920
1759592103789 0.0 2007040
1759592119409 0.0 2012160
1759592134217 0.0 2017280
1759592152181 0.0 2022400
1759592164999 0.0 2027520
1759592178025 0.0 2032640
1759592191648 0.0 2037760
1759592209531 0.0 2042880
1759592223870 0.0 2048000
1759592237654 0.0 2053120
1759592251672 0.0 2058240
1759592268518 0.0 2063360
1759592284436 0.0 2068480
1759592297344 0.0 2073600
1759592317000 0.0 2078720
1759592333746 0.0 2083840
1759592352570 0.0 2088960
1759592365461 0.0 2094080
1759592387500 0.0 2099200
1759592403343 0.0 2104320
1759592416300 0.0 2109440
1759592431284 0.0 2114560
1759592458355 0.0 2119680
1759592476353 0.0 2124800
1759592488221 0.0 2129920
1759592506965 0.0 2135040
1759592519516 0.0 2140160
1759592537720 0.0 2145280
1759592550450 0.0 2150400
1759592565587 0.0 2155520
1759592578075 0.0 2160640
1759592595756 0.0 2165760
1759592610506 0.0 2170880
1759592622033 0.0 2176000
1759592633304 0.0 2181120
1759592649292 0.0 2186240
1759592663544 0.0 2191360
1759592676164 0.0 2196480
1759592689157 0.0 2201600
1759592702446 0.0 2206720
1759592716245 0.0 2211840
1759592728214 0.0 2216960
1759592744122 0.0 2222080
1759592757937 0.0 2227200
1759592769207 0.0 2232320
1759592780671 0.0 2237440
1759592796836 0.0 2242560
1759592811837 0.0 2247680
1759592823056 0.0 2252800
1759592836300 0.0 2257920
1759592849230 0.0 2263040
1759592864792 0.0 2268160
1759592876025 0.0 2273280
1759592890475 0.0 2278400
1759592904860 0.0 2283520
1759592918282 0.0 2288640
1759592930832 0.0 2293760
1759592945814 0.0 2298880
1759592963160 0.0 2304000
1759592974207 0.0 2309120
1759592986505 0.0 2314240
1759592998373 0.0 2319360
1759593016523 0.0 2324480
1759593027225 0.0 2329600
1759593040152 0.0 2334720
1759593051856 0.0 2339840
1759593068899 0.0 2344960
1759593079773 0.0 2350080
1759593092843 0.0 2355200
1759593107529 0.0 2360320
1759593121971 0.0 2365440
1759593132927 0.0 2370560
1759593146346 0.0 2375680
1759593161699 0.0 2380800
1759593173968 0.0 2385920
1759593187263 0.0 2391040
1759593199072 0.0 2396160
1759593214122 0.0 2401280
1759593227665 0.0 2406400
1759593240674 0.0 2411520
1759593252193 0.0 2416640
1759593266546 0.0 2421760
1759593280187 0.0 2426880
1759593292788 0.0 2432000
1759593306395 0.0 2437120
1759593319438 0.0 2442240
1759593332212 0.0 2447360
1759593344715 0.0 2452480
1759593360820 0.0 2457600
1759593373146 0.0 2462720
1759593385086 0.0 2467840
1759593396571 0.0 2472960
1759593415323 0.0 2478080
1759593427362 0.0 2483200
1759593438432 0.0 2488320
1759593450968 0.0 2493440
1759593467825 0.0 2498560
1759593478973 0.0 2503680
1759593491122 0.0 2508800
1759593507551 0.0 2513920
1759593520288 0.0 2519040
1759593531536 0.0 2524160
1759593542832 0.0 2529280
1759593562561 0.0 2534400
1759593573338 0.0 2539520
1759593584453 0.0 2544640
1759593595821 0.0 2549760
1759593613889 0.0 2554880
1759593624154 0.0 2560000
1759593636573 0.0 2565120
1759593650248 0.0 2570240
1759593664996 0.0 2575360
1759593676228 0.0 2580480
1759593687772 0.0 2585600
1759593705357 0.0 2590720
1759593716442 0.0 2595840
1759593727728 0.0 2600960
1759593738805 0.0 2606080
1759593756965 0.0 2611200
1759593768450 0.0 2616320
1759593780360 0.0 2621440
1759593792335 0.0 2626560
1759593809200 0.0 2631680
1759593820088 0.0 2636800
1759593832288 0.0 2641920
1759593847106 0.0 2647040
1759593859792 0.0 2652160
1759593870832 0.0 2657280
1759593883344 0.0 2662400
1759593900023 0.0 2667520
1759593910918 0.0 2672640
1759593922584 0.0 2677760
1759593934067 0.0 2682880
1759593950592 0.0 2688000
1759593962422 0.0 2693120
1759593974692 0.0 2698240
1759593987027 0.0 2703360
1759594001864 0.0 2708480
1759594012948 0.0 2713600
1759594026271 0.0 2718720
1759594040275 0.0 2723840
1759594052696 0.0 2728960
1759594064134 0.0 2734080
1759594076791 0.0 2739200
1759594094020 0.0 2744320
1759594104683 0.0 2749440
1759594116082 0.0 2754560
1759594127742 0.0 2759680
1759594144051 0.0 2764800
1759594155351 0.0 2769920
1759594166033 0.0 2775040
1759594183351 0.0 2780160
1759594195109 0.0 2785280
1759594206423 0.0 2790400
1759594217249 0.0 2795520
1759594234976 0.0 2800640
1759594247449 0.0 2805760
1759594258072 0.0 2810880
1759594271170 0.0 2816000
1759594285767 0.0 2821120
1759594297911 0.0 2826240
1759594308418 0.0 2831360
1759594325433 0.0 2836480
1759594336751 0.0 2841600
1759594349403 0.0 2846720
1759594359576 0.0 2851840
1759594378296 0.0 2856960
1759594390261 0.0 2862080
1759594400797 0.0 2867200
1759594414222 0.0 2872320
1759594433533 0.0 2877440
1759594446760 0.0 2882560
1759594460725 0.0 2887680
1759594477833 0.0 2892800
1759594492154 0.0 2897920
1759594506686 0.0 2903040
1759594518387 0.0 2908160
1759594536422 0.0 2913280
1759594551058 0.0 2918400
1759594562863 0.0 2923520
1759594574931 0.0 2928640
1759594593414 0.0 2933760
1759594607209 0.0 2938880
1759594619129 0.0 2944000
1759594634500 0.0 2949120
1759594648592 0.0 2954240
1759594663824 0.0 2959360
1759594675875 0.0 2964480
1759594693330 0.0 2969600
1759594707003 0.0 2974720
1759594720584 0.0 2979840
1759594733105 0.0 2984960
1759594749971 0.0 2990080
1759594765213 0.0 2995200
1759594777247 0.0 3000320
1759594790651 0.0 3005440
1759594807286 0.0 3010560
1759594822880 0.0 3015680
1759594838177 0.0 3020800
1759594851109 0.0 3025920
1759594867973 0.0 3031040
1759594883467 0.0 3036160
1759594898661 0.0 3041280
1759594911493 0.0 3046400
1759594926023 0.0 3051520
1759594940882 0.0 3056640
1759594956945 0.0 3061760
1759594969423 0.0 3066880
1759594983179 0.0 3072000
1759594998857 0.0 3077120
1759595013120 0.0 3082240
1759595026374 0.0 3087360
1759595041849 0.0 3092480
1759595055441 0.0 3097600
1759595070812 0.0 3102720
1759595083943 0.0 3107840
1759595098710 0.0 3112960
1759595110023 0.0 3118080
1759595126521 0.0 3123200
1759595139339 0.0 3128320
1759595152058 0.0 3133440
1759595163274 0.0 3138560
1759595176538 0.0 3143680
1759595192340 0.0 3148800
1759595203998 0.0 3153920
1759595216272 0.0 3159040
1759595226942 0.0 3164160
1759595243234 0.0 3169280
1759595256439 0.0 3174400
1759595267903 0.0 3179520
1759595284211 0.0 3184640
1759595295448 0.0 3189760
1759595306252 0.0 3194880
1759595319080 0.0 3200000
1759595337103 0.0 3205120
1759595350568 0.0 3210240
1759595362391 0.0 3215360
1759595374513 0.0 3220480
1759595391775 0.0 3225600
1759595405612 0.0 3230720
1759595418593 0.0 3235840
1759595430595 0.0 3240960
1759595444964 0.0 3246080
1759595458872 0.0 3251200
1759595472417 0.0 3256320
1759595485647 0.0 3261440
1759595498669 0.0 3266560
1759595511186 0.0 3271680
1759595523442 0.0 3276800
1759595535599 0.0 3281920
1759595548859 0.0 3287040
1759595564599 0.0 3292160
1759595576148 0.0 3297280
1759595588585 0.0 3302400
1759595601322 0.0 3307520
1759595617170 0.0 3312640
1759595628770 0.0 3317760
1759595642505 0.0 3322880
1759595657302 0.0 3328000
1759595672560 0.0 3333120
1759595684823 0.0 3338240
1759595698949 0.0 3343360
1759595715809 0.0 3348480
1759595726794 0.0 3353600
1759595741814 0.0 3358720
1759595753772 0.0 3363840
1759595769457 0.0 3368960
1759595780261 0.0 3374080
1759595796328 0.0 3379200
1759595812865 0.0 3384320
1759595824137 0.0 3389440
1759595839239 0.0 3394560
1759595851314 0.0 3399680
1759595866752 0.0 3404800
1759595880365 0.0 3409920
1759595893978 0.0 3415040
1759595908237 0.0 3420160
1759595923007 0.0 3425280
1759595935112 0.0 3430400
1759595947175 0.0 3435520
1759595961417 0.0 3440640
1759595979275 0.0 3445760
1759595991812 0.0 3450880
1759596005884 0.0 3456000
1759596021654 0.0 3461120
1759596033612 0.0 3466240
1759596046045 0.0 3471360
1759596060176 0.0 3476480
1759596078347 0.0 3481600
1759596091386 0.0 3486720
1759596105208 0.0 3491840
1759596123314 0.0 3496960
1759596139152 0.0 3502080
1759596154878 0.0 3507200
1759596170658 0.0 3512320
1759596191934 0.0 3517440
1759596203701 0.0 3522560
1759596216840 0.0 3527680
1759596230611 0.0 3532800
1759596249023 0.0 3537920
1759596260675 0.0 3543040
1759596272759 0.0 3548160
1759596292830 0.0 3553280
1759596305118 0.0 3558400
