1759586433808 17.394843228658036 5120
1759586451089 6.428262086348101 10240
1759586463461 4.004522550106048 15360
1759586474298 2.9383089973813012 20480
1759586488389 2.4336264536930967 25600
1759586502984 2.241980515756915 30720
1759586516351 1.7904612859090168 35840
1759586528114 1.5158604877751047 40960
1759586547578 1.270836295252261 46080
1759586562243 1.1470026352826288 51200
1759586574501 1.0111061709267752 56320
1759586587034 0.8766915743468239 61440
1759586606209 0.7989479411732067 66560
1759586620620 0.7249421106257908 71680
1759586633151 0.663455699619494 76800
1759586647516 0.6259522755940755 81920
1759586663312 0.5728784738585007 87040
1759586678554 0.5259805029565162 92160
1759586690978 0.5149099330107371 97280
1759586708405 0.4787381899238813 102400
1759586720758 0.4499122583641196 107520
1759586735145 0.4315163466307494 112640
1759586748080 0.4061183222408953 117760
1759586767690 0.3846252591156762 122880
1759586783635 0.3680340055435423 128000
1759586797393 0.34614969865056394 133120
1759586811365 0.3328144045437083 138240
1759586829537 0.30945992706515263 143360
1759586843718 0.2903042669165624 148480
1759586858042 0.28365239212844545 153600
1759586876156 0.27417840651976755 158720
1759586890373 0.2682825319515252 163840
1759586903680 0.259542600218072 168960
1759586918706 0.26668181893421194 174080
1759586938866 0.2587445031512867 179200
1759586951612 0.2590136722965135 184320
1759586966816 0.24654465644590312 189440
1759586980918 0.2391670666439995 194560
1759587000004 0.2371114434028158 199680
1759587012692 0.22767028381575397 204800
1759587026570 0.2190622514891393 209920
1759587044857 0.2170305017046454 215040
1759587060333 0.21329534583621554 220160
1759587072980 0.2218950211192688 225280
1759587086159 0.2104803941946114 230400
1759587106494 0.21132530773872937 235520
1759587118978 0.20522962101435255 240640
1759587131680 0.200674895132231 245760
1759587143746 0.19875210940353272 250880
1759587163496 0.19970972737468096 256000
1759587177344 0.1883769541978836 261120
1759587190791 0.19083988730478102 266240
1759587207336 0.19156218148711926 271360
1759587220007 0.18728103426549705 276480
1759587234608 0.18841052815534065 281600
1759587250457 0.18950108836978352 286720
1759587266879 0.18522661315811265 291840
1759587282113 0.1831656924637732 296960
1759587296188 0.17752417551504598 302080
1759587312723 0.18597948511573564 307200
1759587328133 0.17408520941640818 312320
1759587342450 0.17409698449530403 317440
1759587361262 0.16850378966029686 322560
1759587374584 0.17141667541313765 327680
1759587387196 0.16978983557297408 332800
1759587401748 0.17156507889669828 337920
1759587421071 0.17133486668268838 343040
1759587433105 0.16450681602500403 348160
1759587446920 0.16338454670988753 353280
1759587460404 0.1662619941254966 358400
1759587478390 0.15900917535417536 363520
1759587493763 0.15992534352141402 368640
1759587506745 0.1600492972493823 373760
1759587526798 0.15982359554568393 378880
1759587541125 0.1552359418666109 384000
1759587556777 0.1492854711577648 389120
1759587568021 0.1518334492500582 394240
1759587584211 0.15382364716981073 399360
1759587598181 0.15503008389713788 404480
1759587609809 0.14885760090892153 409600
1759587621518 0.14982832265017657 414720
1759587636851 0.14977607819865799 419840
1759587652120 0.14732844279362606 424960
1759587663804 0.14629836682752304 430080
1759587678580 0.1440147664065652 435200
1759587689927 0.13633728823916264 440320
1759587705494 0.1399658076260068 445440
1759587719499 0.13986683540603742 450560
1759587734876 0.140139678561634 455680
1759587747858 0.13436604561139634 460800
1759587759712 0.13452950067687455 465920
1759587772385 0.1316276984721616 471040
1759587785766 0.12945071617421164 476160
1759587798281 0.1265241521685493 481280
1759587812285 0.1310698489181134 486400
1759587823296 0.126654325552641 491520
1759587839741 0.12736353030420625 496640
1759587855150 0.12921670109579858 501760
1759587871466 0.12350652025591942 506880
1759587884251 0.12398066111429486 512000
1759587898877 0.11608916949848884 517120
1759587913876 0.12010377671154043 522240
1759587929415 0.11790542343790217 527360
1759587943374 0.11798353835854558 532480
1759587957721 0.12086654561554072 537600
1759587971354 0.12045410501081391 542720
1759587986417 0.11827042173983446 547840
1759588000009 0.11496393376489665 552960
1759588014124 0.11768283250131013 558080
1759588027766 0.11537925872525805 563200
1759588044474 0.1153593440707639 568320
1759588059561 0.11384329804337173 573440
1759588072961 0.1177206450553328 578560
1759588084630 0.11043041316097545 583680
1759588100436 0.1083178268538581 588800
1759588117565 0.1142977446984506 593920
1759588129096 0.11027337878230488 599040
1759588140851 0.10564169133375137 604160
1759588156860 0.11169035834754074 609280
1759588173626 0.10322713328280585 614400
1759588185451 0.10641762258196034 619520
1759588200248 0.11216423296889384 624640
1759588214102 0.1083263298133751 629760
1759588229855 0.11527704094535104 634880
1759588242832 0.10837784879885544 640000
1759588259103 0.11609993585504932 645120
1759588271534 0.11644401790211036 650240
1759588288814 0.117984435487649 655360
1759588301164 0.11645684286536817 660480
1759588318982 0.1240608684112033 665600
1759588331935 0.12447235584259032 670720
1759588346661 0.12706432227107295 675840
1759588360557 0.12791465008938993 680960
1759588376677 0.1238652873145841 686080
1759588391278 0.12792680305842113 691200
1759588407301 0.1277493948803424 696320
1759588421382 0.12448395514974789 701440
1759588436305 0.12445074321564646 706560
1759588451050 0.1284672016384958 711680
1759588465215 0.13236314988510417 716800
1759588479793 0.13089159082083118 721920
1759588495053 0.13046697946540411 727040
1759588509885 0.12735793923532499 732160
1759588523801 0.13010068964858987 737280
1759588538795 0.1349231953791679 742400
1759588553783 0.13915250389422668 747520
1759588569562 0.13802307481351103 752640
1759588582595 0.1423860691497844 757760
1759588598516 0.13890276798933504 762880
1759588613261 0.13660325077021326 768000
1759588629956 0.13929064311678446 773120
1759588642649 0.14070986172529462 778240
1759588659796 0.14325718991750214 783360
1759588673879 0.14293001474264222 788480
1759588688782 0.14336187372502593 793600
1759588703252 0.14398860418537057 798720
1759588720568 0.147436355027837 803840
1759588733372 0.14414708346090788 808960
1759588748386 0.14767862109083627 814080
1759588762383 0.14253613094563192 819200
1759588781384 0.13945275678232347 824320
1759588797826 0.14344766148803562 829440
1759588810006 0.1527111287210502 834560
1759588824852 0.15251919262011362 839680
1759588841203 0.14854254503227032 844800
1759588857115 0.15541952433855813 849920
1759588870047 0.15111364017833362 855040
1759588884746 0.15486727293833258 860160
1759588900805 0.15249338082387937 865280
1759588915746 0.15543255565029193 870400
1759588930192 0.15457659124213957 875520
1759588944037 0.15349333228134523 880640
1759588959437 0.15120716403318057 885760
1759588976137 0.15648509090173943 890880
1759588991949 0.15043547556280545 896000
1759589011456 0.1561781412356287 901120
1759589036439 0.1552919921702779 906240
1759589052918 0.15403448547979798 911360
1759589068625 0.1551265265260424 916480
1759589081201 0.16116251252202957 921600
1759589097543 0.15977325986815866 926720
1759589117154 0.1565218430319157 931840
1759589132777 0.1549678719199901 936960
1759589146018 0.15786365007862335 942080
1759589160643 0.15937836855070636 947200
1759589179904 0.15415946722798904 952320
1759589195499 0.1593592077238947 957440
1759589208366 0.1601543122472976 962560
1759589223510 0.1541411502668772 967680
1759589241538 0.16273581206986582 972800
1759589255980 0.1616706493010581 977920
1759589268100 0.15975536540941443 983040
1759589281508 0.15935439194704928 988160
1759589300002 0.1587646841880099 993280
1759589316282 0.1644096702825828 998400
1759589328411 0.15916587526280582 1003520
1759589346373 0.15725991285838656 1008640
1759589368230 0.15851852155236978 1013760
1759589383211 0.15422360178935957 1018880
1759589396381 0.1574213826334798 1024000
1759589410964 0.16005222328140534 1029120
1759589430503 0.15818956754327881 1034240
1759589442365 0.15635531793429155 1039360
1759589455410 0.1611813850664368 1044480
1759589470698 0.15920639930412783 1049600
1759589490289 0.16196962203017495 1054720
1759589503895 0.16233883714123584 1059840
1759589515946 0.16473250558580146 1064960
1759589532298 0.15990318349396979 1070080
1759589548997 0.16222709307321248 1075200
1759589562831 0.1627576650995197 1080320
1759589575877 0.1632775010981726 1085440
1759589590621 0.16503990989241324 1090560
1759589608561 0.16860895700036196 1095680
1759589620066 0.16970039069874138 1100800
1759589632848 0.1695662816953703 1105920
1759589650650 0.1758130602195557 1111040
1759589666055 0.17527896206276225 1116160
1759589678794 0.17325224946015072 1121280
1759589692814 0.17546370365097777 1126400
1759589709291 0.17704642745944088 1131520
1759589721795 0.1800394375832847 1136640
1759589733704 0.1763144404230152 1141760
1759589750715 0.16843161808391643 1146880
1759589766657 0.17373253397153918 1152000
1759589778906 0.17482330092911588 1157120
1759589792244 0.17757480916842608 1162240
1759589808659 0.1796316763688137 1167360
1759589822047 0.17828812391137994 1172480
1759589834981 0.17624821401905952 1177600
1759589849397 0.1761497121368725 1182720
1759589864382 0.17964640312621966 1187840
1759589877247 0.1889171659230777 1192960
1759589891040 0.18196021062914478 1198080
1759589908966 0.19225866291798704 1203200
1759589924443 0.18562859285695385 1208320
1759589936543 0.19014767072655098 1213440
1759589948979 0.18597311665289148 1218560
1759589969575 0.18883065890309003 1223680
1759589982644 0.19014437927195274 1228800
1759589995635 0.189957012347321 1233920
1759590009384 0.1896764243367681 1239040
1759590027836 0.18786386251449586 1244160
1759590041673 0.187565988951487 1249280
1759590054556 0.1970811187345869 1254400
1759590066768 0.18972799764427103 1259520
1759590085483 0.1977518717447917 1264640
1759590100282 0.19464253341834648 1269760
1759590113781 0.19525889952339676 1274880
1759590128117 0.19072910982737246 1280000
1759590143967 0.1981394549084317 1285120
1759590159599 0.19076882588494684 1290240
1759590173136 0.1910404096847462 1295360
1759590189292 0.19413494647346455 1300480
1759590202243 0.19542703778018775 1305600
1759590218395 0.2023153419703082 1310720
1759590232730 0.20322369683771443 1315840
1759590248891 0.2036884559022651 1320960
1759590261219 0.20205276807149253 1326080
1759590279084 0.1994446662826597 1331200
1759590294613 0.20124035728653208 1336320
1759590308333 0.20501905917030178 1341440
1759590320922 0.20057591667291239 1346560
1759590339877 0.20324354958660582 1351680
1759590355474 0.20212058848385356 1356800
1759590367295 0.199667908104625 1361920
1759590379370 0.1981108008744474 1367040
1759590401755 0.20070865867210805 1372160
1759590415075 0.20564735378588467 1377280
1759590427678 0.20482857829107348 1382400
1759590441104 0.207994597781021 1387520
1759590460849 0.20180341508964855 1392640
1759590473393 0.20135426723765068 1397760
1759590487119 0.2031932883676519 1402880
1759590500944 0.2007465085317922 1408000
1759590517280 0.20128770423574263 1413120
1759590530215 0.20247451484977425 1418240
1759590545865 0.21260448760218453 1423360
1759590560049 0.20488246108877625 1428480
1759590577610 0.20334702627221488 1433600
1759590588026 0.20026420549851223 1438720
1759590603055 0.19711196326263233 1443840
1759590616878 0.20776794509025617 1448960
1759590631817 0.20167842008629625 1454080
1759590644241 0.19590609632066722 1459200
1759590657381 0.2029073793849772 1464320
1759590672466 0.19894334426497354 1469440
1759590684829 0.1992621644845363 1474560
1759590698316 0.20041550653439175 1479680
1759590710960 0.20573468251034444 1484800
1759590727511 0.200776340673258 1489920
1759590739088 0.1999739242856589 1495040
1759590750859 0.1949441870758348 1500160
1759590762123 0.20293268998572003 1505280
1759590778595 0.1991667615688913 1510400
1759590791618 0.19925805760910992 1515520
1759590802793 0.19498807719706848 1520640
1759590813479 0.19901735240544832 1525760
1759590833017 0.20160237072623352 1530880
1759590844030 0.1985403204504289 1536000
1759590855036 0.1948702433511397 1541120
1759590866633 0.18998694934251684 1546240
1759590884476 0.20290205258492747 1551360
1759590896148 0.1885052301631328 1556480
1759590907149 0.20388116949038923 1561600
1759590921054 0.20107733429373675 1566720
1759590935654 0.18881185700496037 1571840
1759590947846 0.19867870867987253 1576960
1759590959260 0.19460527141220665 1582080
1759590973389 0.1963567560369318 1587200
1759590987936 0.1945044809258076 1592320
1759590999978 0.18193225310751446 1597440
1759591014878 0.18960326768429345 1602560
1759591026806 0.1851400228460301 1607680
1759591041255 0.19386539556048243 1612800
1759591054005 0.18999171296227663 1617920
1759591068533 0.1845636259562431 1623040
1759591081766 0.18591265819269032 1628160
1759591092943 0.18919696377632317 1633280
1759591105709 0.18798878304590513 1638400
1759591118755 0.18807751856289648 1643520
1759591133860 0.18882322352839728 1648640
1759591146992 0.18167903163645527 1653760
1759591157878 0.19181759203017162 1658880
1759591170521 0.1922565821498669 1664000
1759591185409 0.1837300855495095 1669120
1759591198253 0.1893715515696332 1674240
1759591210863 0.184974614619337 1679360
1759591222584 0.19106057817127697 1684480
1759591237074 0.19231668353297363 1689600
1759591249304 0.1868706601829344 1694720
1759591262956 0.18886938169733147 1699840
1759591275866 0.18971930019566424 1704960
1759591288618 0.19456204700298754 1710080
1759591301044 0.18992186025105115 1715200
1759591313557 0.1877810444738239 1720320
1759591328780 0.18410398996880328 1725440
1759591340905 0.18540592610941775 1730560
1759591353732 0.18947160468911226 1735680
1759591365153 0.17618488892606257 1740800
1759591380145 0.18568822227916293 1745920
1759591391045 0.18122792425105475 1751040
1759591404864 0.18215821228383028 1756160
1759591420370 0.1798294736783495 1761280
1759591431633 0.1967827811301929 1766400
1759591443441 0.184630700193479 1771520
1759591455175 0.18610396275322558 1776640
1759591470027 0.18597279197521963 1781760
1759591485398 0.1908917155052788 1786880
1759591496071 0.18891435946688387 1792000
1759591506876 0.18746559299477686 1797120
1759591520902 0.19760154191233228 1802240
1759591536281 0.20723055129953044 1807360
1759591548528 0.20268045529883033 1812480
1759591561322 0.19620507515228547 1817600
1759591573742 0.20209849473802247 1822720
1759591591232 0.19486325382518874 1827840
1759591603605 0.21264080684455264 1832960
1759591616966 0.20381293902152894 1838080
1759591629464 0.20742365674533028 1843200
1759591644790 0.2128026330721867 1848320
1759591658350 0.21185136749756264 1853440
1759591672125 0.21449923536325866 1858560
1759591686070 0.21148800501647985 1863680
1759591701053 0.2123434841828696 1868800
1759591714388 0.2294488920402423 1873920
1759591727649 0.2201202301158365 1879040
1759591742971 0.20810008217367643 1884160
1759591756839 0.2194913957126737 1889280
1759591770318 0.22875698837700695 1894400
1759591782674 0.2162327560885199 1899520
1759591801069 0.22511459793344996 1904640
1759591814083 0.21568472515731762 1909760
1759591829125 0.22294696377662973 1914880
1759591841518 0.2212137222290039 1920000
1759591863616 0.22699035125359265 1925120
1759591876684 0.23521512983206855 1930240
1759591890544 0.22280611616161877 1935360
1759591902862 0.23198808919528363 1940480
1759591922149 0.23419961783837046 1945600
1759591934565 0.23365098446889038 1950720
1759591949542 0.23161766335703454 1955840
1759591966715 0.24329498068027058 1960960
1759591984534 0.24603005309454914 1966080
1759591998035 0.2423110137971143 1971200
1759592011742 0.23919076944249457 1976320
1759592026572 0.2358978366063646 1981440
1759592044655 0.2383083125354702 1986560
1759592057932 0.24629841066460448 1991680
1759592071474 0.23632137155850563 1996800
1759592087743 0.24977211903453114 2001920
1759592103750 0.24417751998940274 2007040
1759592119375 0.24830112864745593 2012160
1759592134176 0.24894064521499237 2017280
1759592152149 0.2535153778941043 2022400
1759592164959 0.2591483434362281 2027520
1759592178002 0.254205319960672 2032640
1759592191619 0.2625575005738715 2037760
1759592209508 0.2607497710264279 2042880
1759592223841 0.2651843389828523 2048000
1759592237634 0.25055176496268033 2053120
1759592251649 0.26201773652504 2058240
1759592268492 0.26158316400316023 2063360
1759592284401 0.2550979750159942 2068480
1759592297320 0.25753200564897544 2073600
1759592316972 0.25996655567944904 2078720
1759592333707 0.26649206195224245 2083840
1759592352536 0.25607885634531175 2088960
1759592365421 0.2562011532303408 2094080
1759592387468 0.2626959046987369 2099200
1759592403313 0.2726618362308012 2104320
1759592416264 0.2787481020169024 2109440
1759592431258 0.2732536958471041 2114560
1759592458329 0.281157549126375 2119680
1759592476324 0.2613659375435125 2124800
1759592488187 0.27714417662430363 2129920
1759592506938 0.26933125599232977 2135040
1759592519479 0.29021527633776456 2140160
1759592537692 0.2691710435707151 2145280
1759592550405 0.2732764293556268 2150400
1759592565562 0.28242570563712127 2155520
1759592578026 0.29362644717796105 2160640
1759592595730 0.286089686950799 2165760
1759592610484 0.29569019135974706 2170880
1759592621997 0.28723169795096426 2176000
1759592633276 0.28737556747515286 2181120
1759592649266 0.28180665005458877 2186240
1759592663518 0.2760760867222622 2191360
1759592676137 0.28765711006669387 2196480
1759592689130 0.2883259495265647 2201600
1759592702417 0.3046499510642991 2206720
1759592716208 0.30954902927834693 2211840
1759592728187 0.3074388956649372 2216960
1759592744092 0.3001495094246603 2222080
1759592757912 0.30786460217307593 2227200
1759592769182 0.2969220524804956 2232320
1759592780647 0.2898314892209569 2237440
1759592796811 0.3154863727522571 2242560
1759592811804 0.3205050407645915 2247680
1759592823028 0.3179409798358257 2252800
1759592836272 0.29833762340943376 2257920
1759592849199 0.29447623761408687 2263040
1759592864764 0.3228483647646026 2268160
1759592875992 0.30952801934130175 2273280
1759592890443 0.319782893891176 2278400
1759592904828 0.31074927521093926 2283520
1759592918248 0.3144480526127414 2288640
1759592930800 0.32797516699828827 2293760
1759592945772 0.3093625973084094 2298880
1759592963138 0.32624142281164964 2304000
1759592974167 0.33235295478333815 2309120
1759592986482 0.3149892996813754 2314240
1759592998343 0.31013536916195766 2319360
1759593016480 0.315673297326085 2324480
1759593027185 0.3226620431105575 2329600
1759593040089 0.3167258731318586 2334720
1759593051825 0.3359811056943077 2339840
1759593068856 0.31930465331924685 2344960
1759593079744 0.3251724309622203 2350080
1759593092810 0.3352595747475622 2355200
1759593107497 0.33435320097368276 2360320
1759593121947 0.2993195260153968 2365440
1759593132900 0.3148984648814885 2370560
1759593146321 0.33419896971814744 2375680
1759593161665 0.3260485097240603 2380800
1759593173938 0.32586122019410596 2385920
1759593187237 0.3416393299625345 2391040
1759593199045 0.34489184106226306 2396160
1759593214094 0.34081278196889314 2401280
1759593227637 0.3255143840989373 2406400
1759593240639 0.3419951181460318 2411520
1759593252168 0.3387320745097334 2416640
1759593266519 0.33878573484573943 2421760
1759593280154 0.3411339362831068 2426880
1759593292761 0.3546293714632491 2432000
1759593306370 0.34978724467258704 2437120
1759593319395 0.3490384935633235 2442240
1759593332172 0.3663652522949832 2447360
1759593344689 0.3425153372482784 2452480
1759593360785 0.3464877127409478 2457600
1759593373122 0.35431728854540084 2462720
1759593385060 0.34106595685303037 2467840
1759593396527 0.3641595878348445 2472960
1759593415290 0.3649043603555962 2478080
1759593427321 0.3572728181416008 2483200
1759593438401 0.33684226647663 2488320
1759593450934 0.35549758510245083 2493440
1759593467799 0.3566189713968404 2498560
1759593478938 0.35402960788979454 2503680
1759593491088 0.3651374483828348 2508800
1759593507526 0.369389605444495 2513920
1759593520262 0.35663563814748356 2519040
1759593531509 0.34830328700799623 2524160
1759593542805 0.3654248338341954 2529280
1759593562535 0.3664833906971773 2534400
1759593573311 0.3540822322404178 2539520
1759593584408 0.37908928181409646 2544640
1759593595786 0.3427012317585495 2549760
1759593613847 0.3592074492038825 2554880
1759593624131 0.3594851475913541 2560000
1759593636547 0.3612471608666544 2565120
1759593650218 0.3629869419281723 2570240
1759593664957 0.36397251923626295 2575360
1759593676197 0.3580236426614098 2580480
1759593687733 0.3474797784196698 2585600
1759593705328 0.38480235340566044 2590720
1759593716398 0.3627844777393041 2595840
1759593727695 0.3892620208271842 2600960
1759593738774 0.37615647237317734 2606080
1759593756940 0.37666335395624573 2611200
1759593768423 0.38047231038411455 2616320
1759593780334 0.38211688511262687 2621440
1759593792298 0.36032428934717214 2626560
1759593809166 0.3602695448766743 2631680
1759593820059 0.3612751682352575 2636800
1759593832261 0.37541310821379487 2641920
1759593847068 0.35422546374917674 2647040
1759593859765 0.35474508529186066 2652160
1759593870801 0.3625263419834601 2657280
1759593883315 0.3733857128080246 2662400
1759593899992 0.37139656611433053 2667520
1759593910884 0.36977656878351206 2672640
1759593922542 0.3754019174371655 2677760
1759593934029 0.3863071876825699 2682880
1759593950566 0.3749687932777841 2688000
1759593962377 0.35653192744151757 2693120
1759593974658 0.3688284704645415 2698240
1759593986997 0.3663298636121941 2703360
1759594001832 0.36300551803023723 2708480
1759594012919 0.36295325222756447 2713600
1759594026240 0.3618075037577066 2718720
1759594040247 0.35692856941667545 2723840
1759594052668 0.35528149043181206 2728960
1759594064109 0.3581878570705173 2734080
1759594076757 0.3576460001536371 2739200
1759594093974 0.36693907484817934 2744320
1759594104643 0.339821818473174 2749440
1759594116055 0.3699765866328154 2754560
1759594127712 0.36180994729967425 2759680
1759594144012 0.3661252849060533 2764800
1759594155323 0.3498816084879377 2769920
1759594166008 0.36432884382348535 2775040
1759594183322 0.3594995186852074 2780160
1759594195069 0.34982796486402773 2785280
1759594206391 0.3493454080247214 2790400
1759594217221 0.36834841616116176 2795520
1759594234931 0.3703779599819964 2800640
1759594247415 0.36454757584659164 2805760
1759594258043 0.3511356717725783 2810880
1759594271143 0.35926323533274834 2816000
1759594285739 0.35520638852057157 2821120
1759594297883 0.35674010832557557 2826240
1759594308384 0.3479078401798626 2831360
1759594325405 0.3427349001093919 2836480
1759594336722 0.36304045685430086 2841600
1759594349377 0.3524185515358825 2846720
1759594359535 0.36348828646405856 2851840
1759594378261 0.36609414735176965 2856960
1759594390233 0.3456184725563584 2862080
1759594400766 0.35336943806515814 2867200
1759594414162 0.3640024610697501 2872320
1759594433503 0.3690486532053206 2877440
1759594446716 0.36805615533481945 2882560
1759594460693 0.3663026763039757 2887680
1759594477799 0.3582863550530371 2892800
1759594492122 0.3383728792708655 2897920
1759594506653 0.35336194596606685 2903040
1759594518341 0.3530993130290143 2908160
1759594536387 0.36001039613574976 2913280
1759594551025 0.34929284959122076 2918400
1759594562812 0.3444754688679671 2923520
1759594574894 0.3564313945216926 2928640
1759594593376 0.3585138942508205 2933760
1759594607179 0.3528204630576373 2938880
1759594619100 0.34558401200635375 2944000
1759594634459 0.3364302439558882 2949120
1759594648558 0.34434207168124403 2954240
1759594663789 0.32674256532260676 2959360
1759594675838 0.3537251077304229 2964480
1759594693292 0.34785700958788457 2969600
1759594706975 0.3388290489286041 2974720
1759594720540 0.3382703125251605 2979840
1759594733068 0.3321311804165729 2984960
1759594749942 0.3403071721177197 2990080
1759594765185 0.32982994804460547 2995200
1759594777206 0.3505642899064552 3000320
1759594790606 0.3309666844089934 3005440
1759594807255 0.35591119573619734 3010560
1759594822830 0.3188631947317337 3015680
1759594838138 0.337014388908818 3020800
1759594851042 0.33460831390504747 3025920
1759594867933 0.3469268984345317 3031040
1759594883431 0.3445868442609996 3036160
1759594898621 0.34155069747303357 3041280
1759594911454 0.3383081220811413 3046400
1759594925993 0.3303683562792215 3051520
1759594940838 0.33897386922663836 3056640
1759594956909 0.337297411644112 3061760
1759594969379 0.33783286773314936 3066880
1759594983126 0.348046401118247 3072000
1759594998812 0.33426398139593205 3077120
1759595013072 0.3310093145202616 3082240
1759595026328 0.3385069819280892 3087360
1759595041799 0.33650986874431066 3092480
1759595055409 0.34058512645451655 3097600
1759595070771 0.3283759358455466 3102720
1759595083912 0.3441382346574183 3107840
1759595098670 0.320401516794884 3112960
1759595109983 0.3275397958836897 3118080
1759595126478 0.3322798017203632 3123200
1759595139310 0.3334074839247459 3128320
1759595152025 0.323323892059376 3133440
1759595163241 0.33088709264507654 3138560
1759595176497 0.3230121121892553 3143680
1759595192295 0.31104835143169907 3148800
1759595203959 0.3503404468114172 3153920
1759595216239 0.3067625959276457 3159040
1759595226893 0.29167647421919235 3164160
1759595243202 0.32088251532818307 3169280
1759595256400 0.32559893478004825 3174400
1759595267837 0.31615259940595064 3179520
1759595284099 0.316090045317083 3184640
1759595295415 0.31068610214605563 3189760
1759595306221 0.31468041788802165 3194880
1759595319026 0.3113809108429053 3200000
1759595337066 0.33000963248219667 3205120
1759595350537 0.32480462229981716 3210240
1759595362358 0.31667713164068717 3215360
1759595374473 0.3220349505231097 3220480
1759595391734 0.3122842229990231 3225600
1759595405570 0.2982116128706358 3230720
1759595418555 0.3108538040214232 3235840
1759595430556 0.30415512827176194 3240960
1759595444915 0.30184818726163376 3246080
1759595458829 0.30687886389436886 3251200
1759595472379 0.30572841132223066 3256320
1759595485603 0.2976368599392974 3261440
1759595498612 0.28807550643686586 3266560
1759595511151 0.2976104144310026 3271680
1759595523407 0.3020400500453959 3276800
1759595535559 0.2852018826318694 3281920
1759595548815 0.30055946105367776 3287040
1759595564552 0.30845534386326423 3292160
1759595576116 0.29387645987907723 3297280
1759595588545 0.29993467951737346 3302400
1759595601281 0.2891993540058709 3307520
1759595617136 0.2870587673116526 3312640
1759595628725 0.296378544634119 3317760
1759595642449 0.2841342054027433 3322880
1759595657267 0.2886025547577909 3328000
1759595672519 0.2969162821476817 3333120
1759595684788 0.2825475042928622 3338240
1759595698898 0.2804374989160934 3343360
1759595715772 0.283277638831003 3348480
1759595726740 0.2786185016562214 3353600
1759595741781 0.30393541423840625 3358720
1759595753725 0.2817953201451827 3363840
1759595769422 0.2805837616736459 3368960
1759595780225 0.2751335560696796 3374080
1759595796265 0.28254889043595927 3379200
1759595812831 0.2799312409241129 3384320
1759595824098 0.2821589076745838 3389440
1759595839203 0.2828323428679721 3394560
1759595851272 0.2809213373539714 3399680
1759595866709 0.2799140274130431 3404800
1759595880326 0.2742229772022056 3409920
1759595893928 0.27042434015434136 3415040
1759595908184 0.26946004658036515 3420160
1759595922967 0.28069841803295914 3425280
1759595935078 0.2800667776701451 3430400
1759595947132 0.268767692193087 3435520
1759595961366 0.2609664331337981 3440640
1759595979234 0.27010507657282845 3445760
1759595991762 0.2629621181527644 3450880
1759596005836 0.2604491193147632 3456000
1759596021605 0.2728974507920526 3461120
1759596033565 0.26238277861160847 3466240
1759596045999 0.2661598774789885 3471360
1759596060119 0.26897306138972094 3476480
1759596078292 0.2706952726234586 3481600
1759596091339 0.2623302054279213 3486720
1759596105148 0.27138127998255873 3491840
1759596123273 0.25793395924624013 3496960
1759596139105 0.267506838221189 3502080
1759596154825 0.2597437638674156 3507200
1759596170594 0.2680193828514942 3512320
1759596191894 0.2633586896867497 3517440
1759596203644 0.25635050313828195 3522560
1759596216803 0.26776386156929 3527680
1759596230557 0.2576778070300049 3532800
1759596248965 0.25993631592503297 3537920
1759596260631 0.26576973761619427 3543040
1759596272694 0.2544457534112067 3548160
1759596292795 0.24943659416161365 3553280
1759596305060 0.25684675034499965 3558400
