1759586433808 -0.7644628009448448 5120
1759586451089 -0.3241193890571595 10240
1759586463461 -0.22570611350238323 15360
1759586474298 -0.2216393720536005 20480
1759586488389 -0.17544517517089842 25600
1759586502984 0.030162289474279652 30720
1759586516351 -0.027860268122620054 35840
1759586528114 -0.26030702997998495 40960
1759586547578 -0.23208407111789872 46080
1759586562243 -0.2293670663646623 51200
1759586574501 -0.21939838784081594 56320
1759586587034 -0.21860852788706295 61440
1759586606209 -0.21710842450459794 66560
1759586620620 -0.21699945624445527 71680
1759586633151 -0.21424219169114767 76800
1759586647516 -0.21356475735888072 81920
1759586663312 -0.21121215376743052 87040
1759586678554 -0.20323607319003936 92160
1759586690978 -0.19569550653298695 97280
1759586708405 -0.18924631930813932 102400
1759586720758 -0.17990128139279923 107520
1759586735145 -0.17924993789947785 112640
1759586748080 -0.17193317290010124 117760
1759586767690 -0.16149154970468568 122880
1759586783635 -0.15584405603862947 128000
1759586797393 -0.15257004417535913 133120
1759586811365 -0.1429305002969854 138240
1759586829537 -0.13573266563686073 143360
1759586843718 -0.13090248532491186 148480
1759586858042 -0.12658676122198043 153600
1759586876156 -0.12018549350591808 158720
1759586890373 -0.11782257157082883 163840
1759586903680 -0.11355740363339344 168960
1759586918706 -0.10999646549336395 174080
1759586938866 -0.10641945790160787 179200
1759586951612 -0.10089134353300484 184320
1759586966816 -0.09704484196119413 189440
1759586980918 -0.09156380348804732 194560
1759587000004 -0.08981697072788161 199680
1759587012692 -0.08554989686652796 204800
1759587026570 -0.08203356266021729 209920
1759587044857 -0.07939693554882755 215040
1759587060333 -0.07642677779550906 220160
1759587072980 -0.07489104227782374 225280
1759587086159 -0.07048270744560038 230400
1759587106494 -0.06914521915055973 235520
1759587118978 -0.06484027252358905 240640
1759587131680 -0.06348310407266577 245760
1759587143746 -0.059885300465715614 250880
1759587163496 -0.05884020926942862 256000
1759587177344 -0.05731858108192682 261120
1759587190791 -0.0538527612941932 266240
1759587207336 -0.0533389267168547 271360
1759587220007 -0.05052957182880698 276480
1759587234608 -0.048183501285055406 281600
1759587250457 -0.04717827114770421 286720
1759587266879 -0.045097325565098045 291840
1759587282113 -0.0425440739110573 296960
1759587296188 -0.041194807274921516 302080
1759587312723 -0.040896463711000364 307200
1759587328133 -0.039179451481189606 312320
1759587342450 -0.037265970392625816 317440
1759587361262 -0.034673403712767586 322560
1759587374584 -0.034455609024499435 327680
1759587387196 -0.03200916907538666 332800
1759587401748 -0.0325106476008712 337920
1759587421071 -0.035959105690320334 343040
1759587433105 -0.03506649260646786 348160
1759587446920 -0.03393699103008116 353280
1759587460404 -0.03439377773860921 358400
1759587478390 -0.03492704388800631 363520
1759587493763 -0.03584404295501286 368640
1759587506745 -0.035432146676902566 373760
1759587526798 -0.03602522929723693 378880
1759587541125 -0.035587559355066176 384000
1759587556777 -0.033538096220161656 389120
1759587568021 -0.03521161252352858 394240
1759587584211 -0.03442460886962579 399360
1759587598181 -0.0329114687563193 404480
1759587609809 -0.032894727654587896 409600
1759587621518 -0.033407668644571537 414720
1759587636851 -0.031897842797049644 419840
1759587652120 -0.032419339280862075 424960
1759587663804 -0.031711452420703584 430080
1759587678580 -0.03165655214461922 435200
1759587689927 -0.03040102540478629 440320
1759587705494 -0.02904339317881733 445440
1759587719499 -0.029805804380213588 450560
1759587734876 -0.03004372868302692 455680
1759587747858 -0.028816561899798407 460800
1759587759712 -0.02872145322331211 465920
1759587772385 -0.028342165295317478 471040
1759587785766 -0.028162892898264874 476160
1759587798281 -0.02711480478825336 481280
1759587812285 -0.02737941882189582 486400
1759587823296 -0.026557479231868117 491520
1759587839741 -0.02613054445251025 496640
1759587855150 -0.025892405451679427 501760
1759587871466 -0.026116032802289534 506880
1759587884251 -0.02365107769499758 512000
1759587898877 -0.0257131715065877 517120
1759587913876 -0.025131695051249223 522240
1759587929415 -0.025262886424397314 527360
1759587943374 -0.02504411768775984 532480
1759587957721 -0.02510272894522083 537600
1759587971354 -0.02491015418101165 542720
1759587986417 -0.025417009752188156 547840
1759588000009 -0.02498517926651537 552960
1759588014124 -0.02514132213243198 558080
1759588027766 -0.02538787396979635 563200
1759588044474 -0.024259501481227734 568320
1759588059561 -0.024872879123517745 573440
1759588072961 -0.02498180756720553 578560
1759588084630 -0.024157062303372733 583680
1759588100436 -0.02488762421740426 588800
1759588117565 -0.024779607671058117 593920
1759588129096 -0.025445822888266918 599040
1759588140851 -0.025247686808887875 604160
1759588156860 -0.02581246939281489 609280
1759588173626 -0.025978372339004286 614400
1759588185451 -0.02653491725229194 619520
1759588200248 -0.027742099449794538 624640
1759588214102 -0.029111339442141646 629760
1759588229855 -0.030653577073568694 634880
1759588242832 -0.03151244073630141 640000
1759588259103 -0.03378234604837022 645120
1759588271534 -0.03524751715690085 650240
1759588288814 -0.038070058004346534 655360
1759588301164 -0.03948560632050222 660480
1759588318982 -0.042327217535672285 665600
1759588331935 -0.04457976105736524 670720
1759588346661 -0.04617776394611769 675840
1759588360557 -0.04801698260837131 680960
1759588376677 -0.046581714448203984 686080
1759588391278 -0.046408195890618495 691200
1759588407301 -0.046862817615839526 696320
1759588421382 -0.04691447182925033 701440
1759588436305 -0.048672704793264826 706560
1759588451050 -0.0507365989959103 711680
1759588465215 -0.05038476609299424 716800
1759588479793 -0.05253738370900789 721920
1759588495053 -0.05498527400771945 727040
1759588509885 -0.055998561102584755 732160
1759588523801 -0.056920269160594755 737280
1759588538795 -0.058686746381859466 742400
1759588553783 -0.05998941126665567 747520
1759588569562 -0.0607418822205585 752640
1759588582595 -0.06300179614068364 757760
1759588598516 -0.06321061545977964 762880
1759588613261 -0.06477155571136271 768000
1759588629956 -0.06582293888879201 773120
1759588642649 -0.06690654077918394 778240
1759588659796 -0.06851688265489225 783360
1759588673879 -0.0696291618000827 788480
1759588688782 -0.07072753070556012 793600
1759588703252 -0.0706536431013393 798720
1759588720568 -0.07204215848112228 803840
1759588733372 -0.07310609178506922 808960
1759588748386 -0.07394617310720474 814080
1759588762383 -0.07524489975451827 819200
1759588781384 -0.0757393550636159 824320
1759588797826 -0.07670543990505609 829440
1759588810006 -0.07699301009084665 834560
1759588824852 -0.07860575941970954 839680
1759588841203 -0.07855771182524379 844800
1759588857115 -0.0794889440892262 849920
1759588870047 -0.08017283558275141 855040
1759588884746 -0.08070015992335842 860160
1759588900805 -0.08110224541197432 865280
1759588915746 -0.08267413295113803 870400
1759588930192 -0.08335539158259597 875520
1759588944037 -0.08294572243153286 880640
1759588959437 -0.08370099959692832 885760
1759588976137 -0.08382889258190905 890880
1759588991949 -0.08460780169865857 896000
1759589011456 -0.08560671205553104 901120
1759589036439 -0.08529668747706017 906240
1759589052918 -0.08604049768244512 911360
1759589068625 -0.08616695255041121 916480
1759589081201 -0.08649869510256886 921600
1759589097543 -0.087232240041097 926720
1759589117154 -0.08746408510679209 931840
1759589132777 -0.08705014141365951 936960
1759589146018 -0.08737632366267399 942080
1759589160643 -0.08814824827288964 947200
1759589179904 -0.08810176275726547 952320
1759589195499 -0.08818791360936613 957440
1759589208366 -0.08855921576050971 962560
1759589223510 -0.0885301408505591 967680
1759589241538 -0.0886007154526896 972800
1759589255980 -0.08832097352798016 977920
1759589268100 -0.08927276523998946 983040
1759589281508 -0.0890994701819884 988160
1759589300002 -0.09018941028724616 993280
1759589316282 -0.09003773282785885 998400
1759589328411 -0.09059317858090339 1003520
1759589346373 -0.09009134783947928 1008640
1759589368230 -0.09014460143119125 1013760
1759589383211 -0.09054425978756334 1018880
1759589396381 -0.09141847837221372 1024000
1759589410964 -0.09080560240546469 1029120
1759589430503 -0.09176449308763271 1034240
1759589442365 -0.09255934249697707 1039360
1759589455410 -0.0925089635297904 1044480
1759589470698 -0.09362518355163217 1049600
1759589490289 -0.09385777463274714 1054720
1759589503895 -0.09460703102318016 1059840
1759589515946 -0.09615022144445882 1064960
1759589532298 -0.09614602739906677 1070080
1759589548997 -0.09635235380831501 1075200
1759589562831 -0.09798750732884262 1080320
1759589575877 -0.09920282067272822 1085440
1759589590621 -0.09896122930644825 1090560
1759589608561 -0.0990268041217138 1095680
1759589620066 -0.10056282135633732 1100800
1759589632848 -0.10043609506217116 1105920
1759589650650 -0.1007859470655466 1111040
1759589666055 -0.10196512433829165 1116160
1759589678794 -0.10228345341926072 1121280
1759589692814 -0.10375278760475207 1126400
1759589709291 -0.10450950815707823 1131520
1759589721795 -0.10414745354845543 1136640
1759589733704 -0.10483659826299198 1141760
1759589750715 -0.10531678756999716 1146880
1759589766657 -0.10617755191999473 1152000
1759589778906 -0.10628075907443288 1157120
1759589792244 -0.10682373147615244 1162240
1759589808659 -0.10732941857353831 1167360
1759589822047 -0.10797184849284706 1172480
1759589834981 -0.10783285079677657 1177600
1759589849397 -0.10801507923429814 1182720
1759589864382 -0.10873339716264854 1187840
1759589877247 -0.10844465029996214 1192960
1759589891040 -0.10972043696272384 1198080
1759589908966 -0.1096125093447108 1203200
1759589924443 -0.11007453698813159 1208320
1759589936543 -0.11018923008421821 1213440
1759589948979 -0.11034005082624485 1218560
1759589969575 -0.11062741359340705 1223680
1759589982644 -0.11126396312602452 1228800
1759589995635 -0.11129803760332452 1233920
1759590009384 -0.11188749192077987 1239040
1759590027836 -0.11196250350851762 1244160
1759590041673 -0.11233874515467838 1249280
1759590054556 -0.11255303362648794 1254400
1759590066768 -0.11353741885199961 1259520
1759590085483 -0.11271791766762349 1264640
1759590100282 -0.11356946282767175 1269760
1759590113781 -0.11346149720120008 1274880
1759590128117 -0.11406474429831134 1280000
1759590143967 -0.11489089127558812 1285120
1759590159599 -0.11424013420667654 1290240
1759590173136 -0.11503491153084272 1295360
1759590189292 -0.11538188703223347 1300480
1759590202243 -0.11448728388006038 1305600
1759590218395 -0.11523787642158073 1310720
1759590232730 -0.11554807837977193 1315840
1759590248891 -0.11563130414919923 1320960
1759590261219 -0.11589072427631895 1326080
1759590279084 -0.11603614197246484 1331200
1759590294613 -0.1162005627502161 1336320
1759590308333 -0.11606120408536094 1341440
1759590320922 -0.11578319108957215 1346560
1759590339877 -0.11620259223608786 1351680
1759590355474 -0.11602683923183343 1356800
1759590367295 -0.11625194420588812 1361920
1759590379370 -0.11650641778272068 1367040
1759590401755 -0.11603079816461233 1372160
1759590415075 -0.11616652405102575 1377280
1759590427678 -0.11621383734758828 1382400
1759590441104 -0.11672085027779097 1387520
1759590460849 -0.11653580620041847 1392640
1759590473393 -0.11632336131999292 1397760
1759590487119 -0.1159415391828786 1402880
1759590500944 -0.11568339148233102 1408000
1759590517280 -0.11623644790815149 1413120
1759590530215 -0.11604548395110072 1418240
1759590545865 -0.11609950034760641 1423360
1759590560049 -0.11593649353202229 1428480
1759590577610 -0.11596498291974065 1433600
1759590588026 -0.11537017388160671 1438720
1759590603055 -0.11649696355504739 1443840
1759590616878 -0.1157102121471685 1448960
1759590631817 -0.11654058640310247 1454080
1759590644241 -0.11657133276298705 1459200
1759590657381 -0.11615784736382721 1464320
1759590672466 -0.11591360203735013 1469440
1759590684829 -0.1159099570915651 1474560
1759590698316 -0.11574464061942832 1479680
1759590710960 -0.11552033269922952 1484800
1759590727511 -0.11557325635637555 1489920
1759590739088 -0.11596106777935301 1495040
1759590750859 -0.11561849263647894 1500160
1759590762123 -0.11610143935088799 1505280
1759590778595 -0.11588711105388032 1510400
1759590791618 -0.1154898319592112 1515520
1759590802793 -0.11556881048477194 1520640
1759590813479 -0.11537460900248497 1525760
1759590833017 -0.11513690693493195 1530880
1759590844030 -0.11541248349489011 1536000
1759590855036 -0.11487356695045987 1541120
1759590866633 -0.1149693098390126 1546240
1759590884476 -0.11432430196877835 1551360
1759590896148 -0.11566591231467142 1556480
1759590907149 -0.11472226264123678 1561600
1759590921054 -0.11490344415685852 1566720
1759590935654 -0.11436710606018703 1571840
1759590947846 -0.11447545125219902 1576960
1759590959260 -0.11446870801365545 1582080
1759590973389 -0.114234132354756 1587200
1759590987936 -0.1144252487810228 1592320
1759590999978 -0.11390173971309332 1597440
1759591014878 -0.11366222863909842 1602560
1759591026806 -0.11387149414994928 1607680
1759591041255 -0.11396287443674155 1612800
1759591054005 -0.11447455968983485 1617920
1759591068533 -0.11397250970405107 1623040
1759591081766 -0.11352403162411367 1628160
1759591092943 -0.11359490416103736 1633280
1759591105709 -0.11373446224481891 1638400
1759591118755 -0.11372664369652014 1643520
1759591133860 -0.11370719800744272 1648640
1759591146992 -0.1141050943053595 1653760
1759591157878 -0.11401317768226356 1658880
1759591170521 -0.11406632642757703 1664000
1759591185409 -0.11360917410040691 1669120
1759591198253 -0.11406597240046942 1674240
1759591210863 -0.11410082550327781 1679360
1759591222584 -0.11363688500220111 1684480
1759591237074 -0.11328785582645816 1689600
1759591249304 -0.11395605612492217 1694720
1759591262956 -0.11390031266829682 1699840
1759591275866 -0.11374809613176327 1704960
1759591288618 -0.11357409775720823 1710080
1759591301044 -0.11388538697454412 1715200
1759591313557 -0.11468571941459697 1720320
1759591328780 -0.11397874047040657 1725440
1759591340905 -0.11384313437869605 1730560
1759591353732 -0.11386617894442577 1735680
1759591365153 -0.11383291936355223 1740800
1759591380145 -0.1141170975751083 1745920
1759591391045 -0.11384846493906615 1751040
1759591404864 -0.11457092267372114 1756160
1759591420370 -0.11456142294760155 1761280
1759591431633 -0.11503719449181408 1766400
1759591443441 -0.11499708848905865 1771520
1759591455175 -0.11473074970157465 1776640
1759591470027 -0.115100334294564 1781760
1759591485398 -0.11520040627880468 1786880
1759591496071 -0.11628289258119245 1792000
1759591506876 -0.1159551464072121 1797120
1759591520902 -0.11577713688553092 1802240
1759591536281 -0.11619393380014974 1807360
1759591548528 -0.1165133906514681 1812480
1759591561322 -0.11658971073391203 1817600
1759591573742 -0.11658816243877977 1822720
1759591591232 -0.1171135649301971 1827840
1759591603605 -0.11680231312677754 1832960
1759591616966 -0.11700452197102502 1838080
1759591629464 -0.11755885241231544 1843200
1759591644790 -0.11782770040687401 1848320
1759591658350 -0.11716400854236048 1853440
1759591672125 -0.11687694793230637 1858560
1759591686070 -0.11768185627584861 1863680
1759591701053 -0.11724546334307402 1868800
1759591714388 -0.1174121037914999 1873920
1759591727649 -0.11702183617485895 1879040
1759591742971 -0.11741441170331385 1884160
1759591756839 -0.11742335492069 1889280
1759591770318 -0.11716306038253183 1894400
1759591782674 -0.11702281894354984 1899520
1759591801069 -0.11693908306041885 1904640
1759591814083 -0.11716955252399017 1909760
1759591829125 -0.11757054413021217 1914880
1759591841518 -0.11742370459062458 1920000
1759591863616 -0.11759621976601957 1925120
1759591876684 -0.11794253376609826 1930240
1759591890544 -0.11796965818440454 1935360
1759591902862 -0.11749901670946854 1940480
1759591922149 -0.11713744458996704 1945600
1759591934565 -0.11730502870125387 1950720
1759591949542 -0.11775996209688051 1955840
1759591966715 -0.11760520935058594 1960960
1759591984534 -0.11726805901912152 1966080
1759591998035 -0.11827492283140759 1971200
1759592011742 -0.11760540077687545 1976320
1759592026572 -0.11740003499117764 1981440
1759592044655 -0.11755165402757821 1986560
1759592057932 -0.11778540106495998 1991680
1759592071474 -0.11858543149634303 1996800
1759592087743 -0.11728370175039841 2001920
1759592103750 -0.11739422118767132 2007040
1759592119375 -0.11730628610263642 2012160
1759592134176 -0.11812344052233956 2017280
1759592152149 -0.11750732877476494 2022400
1759592164959 -0.1170457607925931 2027520
1759592178002 -0.11723081851893923 2032640
1759592191619 -0.11711096196004579 2037760
1759592209508 -0.11744004136813667 2042880
1759592223841 -0.1174242239841993 2048000
1759592237634 -0.1172905515935105 2053120
1759592251649 -0.1170694162453187 2058240
1759592268492 -0.1163303988320487 2063360
1759592284401 -0.1166240837478449 2068480
1759592297320 -0.11696142025313985 2073600
1759592316972 -0.1170685411732165 2078720
1759592333707 -0.11681652518761415 2083840
1759592352536 -0.11697656611844877 2088960
1759592365421 -0.11659271710079787 2094080
1759592387468 -0.11615725349415108 2099200
1759592403313 -0.11678142399175621 2104320
1759592416264 -0.11625641365180832 2109440
1759592431258 -0.11669204025046984 2114560
1759592458329 -0.11667787486490333 2119680
1759592476324 -0.1169539468136826 2124800
1759592488187 -0.11740501730101778 2129920
1759592506938 -0.11619640251591244 2135040
1759592519479 -0.11668598534444027 2140160
1759592537692 -0.1170005219583293 2145280
1759592550405 -0.11683361374838247 2150400
1759592565562 -0.11653713722627501 2155520
1759592578026 -0.11649893865038692 2160640
1759592595730 -0.1165387602519448 2165760
1759592610484 -0.11645577775594594 2170880
1759592621997 -0.1166153363203621 2176000
1759592633276 -0.11680249876955874 2181120
1759592649266 -0.11680916454015153 2186240
1759592663518 -0.11618522277005305 2191360
1759592676137 -0.11619165390313282 2196480
1759592689130 -0.11660100350763454 2201600
1759592702417 -0.11644221820725138 2206720
1759592716208 -0.11648192963959828 2211840
1759592728187 -0.11576363483404298 2216960
1759592744092 -0.11620249315540343 2222080
1759592757912 -0.11592669522061066 2227200
1759592769182 -0.11622325682082563 2232320
1759592780647 -0.11657904706084173 2237440
1759592796811 -0.11636807447369922 2242560
1759592811804 -0.11583462004670246 2247680
1759592823028 -0.11646270093350236 2252800
1759592836272 -0.11637414048610766 2257920
1759592849199 -0.11639429107072503 2263040
1759592864764 -0.11595857083151918 2268160
1759592875992 -0.11585575912729786 2273280
1759592890443 -0.11646951502331292 2278400
1759592904828 -0.11612872846561503 2283520
1759592918248 -0.11544491387437196 2288640
1759592930800 -0.11577461886118691 2293760
1759592945772 -0.11557154158662711 2298880
1759592963138 -0.11521097638245849 2304000
1759592974167 -0.11495535627324531 2309120
1759592986482 -0.11516493536212284 2314240
1759592998343 -0.11525696285614796 2319360
1759593016480 -0.11512812383896134 2324480
1759593027185 -0.11558628249880719 2329600
1759593040089 -0.1152059766609697 2334720
1759593051825 -0.11503149718437293 2339840
1759593068856 -0.11472840461081577 2344960
1759593079744 -0.11485448099594915 2350080
1759593092810 -0.11524782773465085 2355200
1759593107497 -0.11444634688179697 2360320
1759593121947 -0.11471953711846028 2365440
1759593132900 -0.11556681400753674 2370560
1759593146321 -0.11498522514004689 2375680
1759593161665 -0.11479860438628126 2380800
1759593173938 -0.11497845938153554 2385920
1759593187237 -0.1151350387155193 2391040
1759593199045 -0.1153550295888843 2396160
1759593214094 -0.11523586478074799 2401280
1759593227637 -0.11546720166451777 2406400
1759593240639 -0.1147843411094264 2411520
1759593252168 -0.11492711624216599 2416640
1759593266519 -0.1149837600308158 2421760
1759593280154 -0.11469991869787684 2426880
1759593292761 -0.11486130691939331 2432000
1759593306370 -0.1151468407552015 2437120
1759593319395 -0.11472431736040394 2442240
1759593332172 -0.1143450186173819 2447360
1759593344689 -0.11418137940421128 2452480
1759593360785 -0.11441242896433126 2457600
1759593373122 -0.11491648578088877 2462720
1759593385060 -0.11399810423943968 2467840
1759593396527 -0.11421809228050787 2472960
1759593415290 -0.1138577281222369 2478080
1759593427321 -0.11418670817828828 2483200
1759593438401 -0.11401078331279245 2488320
1759593450934 -0.11415432114123514 2493440
1759593467799 -0.11385830039618594 2498560
1759593478938 -0.11382380724927975 2503680
1759593491088 -0.11377833976107488 2508800
1759593507526 -0.11371823164849794 2513920
1759593520262 -0.1134494150619786 2519040
1759593531509 -0.1141317489760152 2524160
1759593542805 -0.11338644239980651 2529280
1759593562535 -0.11347209116946515 2534400
1759593573311 -0.11327576458526206 2539520
1759593584408 -0.11296229067101944 2544640
1759593595786 -0.11313432917830363 2549760
1759593613847 -0.11302726635566124 2554880
1759593624131 -0.11287148989281238 2560000
1759593636547 -0.11234974963895245 2565120
1759593650218 -0.1122852162885647 2570240
1759593664957 -0.11138791931831592 2575360
1759593676197 -0.11177621559224776 2580480
1759593687733 -0.11158431499417776 2585600
1759593705328 -0.11130889778031704 2590720
1759593716398 -0.11147627935800644 2595840
1759593727695 -0.11134259142494728 2600960
1759593738774 -0.11089088248157726 2606080
1759593756940 -0.11050949724736468 2611200
1759593768423 -0.11092141708111354 2616320
1759593780334 -0.11053997071075142 2621440
1759593792298 -0.11061539177957774 2626560
1759593809166 -0.11042284793030284 2631680
1759593820059 -0.1098750188483955 2636800
1759593832261 -0.10978963793548029 2641920
1759593847068 -0.10984968110192955 2647040
1759593859765 -0.10967630219247892 2652160
1759593870801 -0.10924999166526854 2657280
1759593883315 -0.1095956892565735 2662400
1759593899992 -0.10920159727083383 2667520
1759593910884 -0.10899776515719628 2672640
1759593922542 -0.10835535650224132 2677760
1759593934029 -0.10868311172130225 2682880
1759593950566 -0.10855759666425438 2688000
1759593962377 -0.10779083321548513 2693120
1759593974658 -0.10802271963070305 2698240
1759593986997 -0.10807600241635433 2703360
1759594001832 -0.108216282389692 2708480
1759594012919 -0.10775516758950779 2713600
1759594026240 -0.10793978966862323 2718720
1759594040247 -0.10753135838843701 2723840
1759594052668 -0.10721985172348997 2728960
1759594064109 -0.10712090838227724 2734080
1759594076757 -0.10659775869372357 2739200
1759594093974 -0.10661300693328414 2744320
1759594104643 -0.10687136277279034 2749440
1759594116055 -0.1063165288306399 2754560
1759594127712 -0.10603488192006459 2759680
1759594144012 -0.10559218207892115 2764800
1759594155323 -0.10600234438380927 2769920
1759594166008 -0.10560750000945583 2775040
1759594183322 -0.10557002965059127 2780160
1759594195069 -0.10477583694878592 2785280
1759594206391 -0.10486427917256569 2790400
1759594217221 -0.10472723095899797 2795520
1759594234931 -0.1038509990736755 2800640
1759594247415 -0.10346575921054132 2805760
1759594258043 -0.10428030482192849 2810880
1759594271143 -0.10350050654076783 2816000
1759594285739 -0.10337504316310578 2821120
1759594297883 -0.10318292868564803 2826240
1759594308384 -0.10265244975610652 2831360
1759594325405 -0.10289823462583665 2836480
1759594336722 -0.10258633863685455 2841600
1759594349377 -0.10236828971020571 2846720
1759594359535 -0.10201095860379254 2851840
1759594378261 -0.10205317367067136 2856960
1759594390233 -0.10237287131160795 2862080
1759594400766 -0.10229765685359651 2867200
1759594414162 -0.10160271664304725 2872320
1759594433503 -0.1013182163408158 2877440
1759594446716 -0.10062997286969967 2882560
1759594460693 -0.10114216769007832 2887680
1759594477799 -0.09995190592750286 2892800
1759594492122 -0.10049461464459128 2897920
1759594506653 -0.10013703963652316 2903040
1759594518341 -0.10026450044711852 2908160
1759594536387 -0.1000064935637291 2913280
1759594551025 -0.10018198474253825 2918400
1759594562812 -0.09985245963772472 2923520
1759594574894 -0.09949344313673854 2928640
1759594593376 -0.09934771498515733 2933760
1759594607179 -0.09942098635491159 2938880
1759594619100 -0.09899964763657274 2944000
1759594634459 -0.0987793720831932 2949120
1759594648558 -0.09879838067132074 2954240
1759594663789 -0.09837913077745995 2959360
1759594675838 -0.09820783572960955 2964480
1759594693292 -0.09824440925542917 2969600
1759594706975 -0.09811927259829811 2974720
1759594720540 -0.0979375432341093 2979840
1759594733068 -0.09775784208614313 2984960
1759594749942 -0.09763829049407845 2990080
1759594765185 -0.09783542135033961 2995200
1759594777206 -0.09754280707243154 3000320
1759594790606 -0.09755185982187047 3005440
1759594807255 -0.09683850887315446 3010560
1759594822830 -0.09723818015663784 3015680
1759594838138 -0.0968182705006976 3020800
1759594851042 -0.09692658952189072 3025920
1759594867933 -0.09619289682910717 3031040
1759594883431 -0.09639891935053985 3036160
1759594898621 -0.09593407326938728 3041280
1759594911454 -0.09609748676259029 3046400
1759594925993 -0.09559015186390434 3051520
1759594940838 -0.0954579056307364 3056640
1759594956909 -0.09539192605281664 3061760
1759594969379 -0.09493428040569392 3066880
1759594983126 -0.09501419957182242 3072000
1759594998812 -0.09502489238442062 3077120
1759595013072 -0.09470556506838208 3082240
1759595026328 -0.09461436916725705 3087360
1759595041799 -0.09475698284817152 3092480
1759595055409 -0.0942035722953156 3097600
1759595070771 -0.09429414070152048 3102720
1759595083912 -0.0937774203354505 3107840
1759595098670 -0.09374124890132704 3112960
1759595109983 -0.09377386227142474 3118080
1759595126478 -0.09338903186439257 3123200
1759595139310 -0.09300884626298675 3128320
1759595152025 -0.09315978620068695 3133440
1759595163241 -0.09290422537866481 3138560
1759595176497 -0.09293905274947978 3143680
1759595192295 -0.09249505835484775 3148800
1759595203959 -0.0919079761697038 3153920
1759595216239 -0.09244948144246445 3159040
1759595226893 -0.09185437091690404 3164160
1759595243202 -0.09213465609291727 3169280
1759595256400 -0.09170799390687669 3174400
1759595267837 -0.09202494059388898 3179520
1759595284099 -0.0918165566797848 3184640
1759595295415 -0.09144091281719478 3189760
1759595306221 -0.09132587294745086 3194880
1759595319026 -0.09151989869101264 3200000
1759595337066 -0.09102069777979406 3205120
1759595350537 -0.09100281632676416 3210240
1759595362358 -0.09048642896611536 3215360
1759595374473 -0.0907063684869707 3220480
1759595391734 -0.0905771464326956 3225600
1759595405570 -0.0909325347049457 3230720
1759595418555 -0.0901090982178275 3235840
1759595430556 -0.09004707962971131 3240960
1759595444915 -0.08961590177739918 3246080
1759595458829 -0.08934243295895362 3251200
1759595472379 -0.08913776382115307 3256320
1759595485603 -0.08898985049145369 3261440
1759595498612 -0.08859604058763294 3266560
1759595511151 -0.08869834799641213 3271680
1759595523407 -0.08867800139665827 3276800
1759595535559 -0.08785451221525557 3281920
1759595548815 -0.08818000691288247 3287040
1759595564552 -0.08812618801249794 3292160
1759595576116 -0.08748192536982644 3297280
1759595588545 -0.08754103862197224 3302400
1759595601281 -0.08688631450307144 3307520
1759595617136 -0.08683140828966063 3312640
1759595628725 -0.08691932374553452 3317760
1759595642449 -0.0867960362836893 3322880
1759595657267 -0.08642791658869087 3328000
1759595672519 -0.086371373778772 3333120
1759595684788 -0.08578908406163754 3338240
1759595698898 -0.08572380617215308 3343360
1759595715772 -0.08541818850268577 3348480
1759595726740 -0.08557879106756824 3353600
1759595741781 -0.08482884991572275 3358720
1759595753725 -0.0849175372503911 3363840
1759595769422 -0.08470784792672607 3368960
1759595780225 -0.0846699455409374 3374080
1759595796265 -0.08410462475083011 3379200
1759595812831 -0.08382867281175857 3384320
1759595824098 -0.08389578853550722 3389440
1759595839203 -0.08366387577770129 3394560
1759595851272 -0.08347567288640823 3399680
1759595866709 -0.08319431541199722 3404800
1759595880326 -0.08307357691888227 3409920
1759595893928 -0.08294743370952652 3415040
1759595908184 -0.08244004396577324 3420160
1759595922967 -0.08236866054318298 3425280
1759595935078 -0.08199283619205905 3430400
1759595947132 -0.0820359444873978 3435520
1759595961366 -0.08209645147303746 3440640
1759595979234 -0.08161209228842016 3445760
1759595991762 -0.08149409671807212 3450880
1759596005836 -0.08127375891988312 3456000
1759596021605 -0.0812077562613658 3461120
1759596033565 -0.08099637490648245 3466240
1759596045999 -0.0807631397837912 3471360
1759596060119 -0.08079175196491505 3476480
1759596078292 -0.08051325689516008 3481600
1759596091339 -0.08015584872879146 3486720
1759596105148 -0.07973143533680384 3491840
1759596123273 -0.07984697735002504 3496960
1759596139105 -0.07980340301415545 3502080
1759596154825 -0.07986681860786254 3507200
1759596170594 -0.07929400736164748 3512320
1759596191894 -0.07951426544899992 3517440
1759596203644 -0.07880581204747779 3522560
1759596216803 -0.07888045131087787 3527680
1759596230557 -0.07880722063584661 3532800
1759596248965 -0.07844464867203324 3537920
1759596260631 -0.07828908797393332 3543040
1759596272694 -0.07815991273451871 3548160
1759596292795 -0.07730730365037713 3553280
1759596305060 -0.07768995792050905 3558400
