1759586433813 5.142857142857143 5120
1759586451092 4.775051124744376 10240
1759586463466 4.712309820193638 15360
1759586474301 4.736564805057956 20480
1759586488394 4.659359190556493 25600
1759586502990 4.58057705840957 30720
1759586516355 4.516265060240964 35840
1759586528118 4.46441750131787 40960
1759586547584 4.446060037523452 46080
1759586562251 4.432307043441586 51200
1759586574505 4.411358403683806 56320
1759586587040 4.4097956307258634 61440
1759586606215 4.404622395833333 66560
1759586620626 4.3671000907166615 71680
1759586633156 4.3538374717832955 76800
1759586647523 4.3599788247750135 81920
1759586663320 4.33316733067729 87040
1759586678560 4.327063249470962 92160
1759586690987 4.315602047629646 97280
1759586708412 4.298097251585624 102400
1759586720767 4.289049919484702 107520
1759586735150 4.2673324371038985 112640
1759586748088 4.251102130786187 117760
1759586767699 4.233409610983982 122880
1759586783642 4.227518593644354 128000
1759586797398 4.216712729637457 133120
1759586811370 4.218970104867742 138240
1759586829544 4.212281231140616 143360
1759586843727 4.209298936015158 148480
1759586858047 4.207411582358743 153600
1759586876161 4.19972733469666 158720
1759586890382 4.205707491082046 163840
1759586903689 4.202842873607376 168960
1759586918713 4.196046742913973 174080
1759586938871 4.1924888298514675 179200
1759586951621 4.192673476576259 184320
1759586966829 4.1938542380626 189440
1759586980923 4.19263708152597 194560
1759587000010 4.192128374715385 199680
1759587012703 4.189474796576139 204800
1759587026576 4.188576141870296 209920
1759587044867 4.190337191746352 215040
1759587060339 4.188323176724985 220160
1759587072989 4.182595331860532 225280
1759587086167 4.182356257046223 230400
1759587106499 4.176848874598071 235520
1759587118988 4.182071569861535 240640
1759587131686 4.184979749955978 245760
1759587143752 4.185009487666034 250880
1759587163502 4.184161595672752 256000
1759587177350 4.183835707187811 261120
1759587190800 4.185200227438876 266240
1759587207341 4.182209469153515 271360
1759587220014 4.184521480554034 276480
1759587234615 4.182516515593793 281600
1759587250463 4.180508410650977 286720
1759587266886 4.183428444378567 291840
1759587282120 4.183612527312454 296960
1759587296195 4.182234628874096 302080
1759587312729 4.183693585862142 307200
1759587328144 4.181717451523546 312320
1759587342457 4.178590896702099 317440
1759587361270 4.178983369098712 322560
1759587374591 4.179676674364896 327680
1759587387205 4.18079646592607 332800
1759587401755 4.182580314859849 337920
1759587421077 4.187874204323439 343040
1759587433113 4.186052288393467 348160
1759587446927 4.183203770582114 353280
1759587460412 4.185093542546771 358400
1759587478403 4.183365064255117 363520
1759587493775 4.1844637409058905 368640
1759587506758 4.184748018283862 373760
1759587526809 4.187153868113046 378880
1759587541132 4.187570430471039 384000
1759587556786 4.1861900261299825 389120
1759587568050 4.185898491083676 394240
1759587584220 4.18690424610052 399360
1759587598194 4.185711994011015 404480
1759587609820 4.184526010034328 409600
1759587621529 4.18427915710411 414720
1759587636862 4.183560937902603 419840
1759587652128 4.182225389392243 424960
1759587663812 4.180821642278875 430080
1759587678587 4.1836521739130434 435200
1759587689934 4.186747875632398 440320
1759587705501 4.18497839491188 445440
1759587719506 4.1852740712297205 450560
1759587734885 4.184933782693312 455680
1759587747865 4.186798741843106 460800
1759587759720 4.186731046009564 465920
1759587772394 4.186122336517267 471040
1759587785773 4.184555984555985 476160
1759587798290 4.1845593852514265 481280
1759587812297 4.185254357879758 486400
1759587823309 4.186927816901409 491520
1759587839751 4.185175507359986 496640
1759587855160 4.183965517241379 501760
1759587871479 4.182927349515806 506880
1759587884262 4.179337725967224 512000
1759587898891 4.198106489045285 517120
1759587913886 4.223266647256998 522240
1759587929423 4.25078460521969 527360
1759587943383 4.278429602888087 532480
1759587957733 4.306413495232662 537600
1759587971365 4.333144452989031 542720
1759587986430 4.354567742454082 547840
1759588000019 4.375873497584156 552960
1759588014137 4.392666005946482 558080
1759588027778 4.405925401322002 563200
1759588044483 4.4217639246933835 568320
1759588059571 4.441428516033968 573440
1759588072969 4.455399061032864 578560
1759588084640 4.466404369914817 583680
1759588100446 4.47747781906423 588800
1759588117576 4.495029746215829 593920
1759588129105 4.516343780387463 599040
1759588140865 4.535584280514078 604160
1759588156869 4.558695491773039 609280
1759588173635 4.580838981498443 614400
1759588185460 4.598857932639849 619520
1759588200260 4.617768147345612 624640
1759588214118 4.636582042455537 629760
1759588229870 4.65564257742969 634880
1759588242844 4.6725369545229505 640000
1759588259117 4.686050597329586 645120
1759588271544 4.701232929342321 650240
1759588288827 4.712803248533648 655360
1759588301172 4.726135070844968 660480
1759588318998 4.7449192912711196 665600
1759588331945 4.762428493598475 670720
1759588346670 4.775767618017043 675840
1759588360577 4.7890210307061745 680960
1759588376690 4.799145441799913 686080
1759588391289 4.812305140961858 691200
1759588407315 4.825927879227372 696320
1759588421398 4.83951264247347 701440
1759588436321 4.854826103946854 706560
1759588451067 4.867883613295789 711680
1759588465226 4.883435780259389 716800
1759588479811 4.898140145331157 721920
1759588495066 4.906312673097125 727040
1759588509895 4.9195136624133236 732160
1759588523816 4.926673383288206 737280
1759588538808 4.9359757052064746 742400
1759588553795 4.947532305776117 747520
1759588569571 4.963778893226746 752640
1759588582606 4.982056420533374 757760
1759588598527 4.9989263144978215 762880
1759588613273 5.016483516483516 768000
1759588629979 5.033999756927565 773120
1759588642669 5.055295078496022 778240
1759588659813 5.075788142482912 783360
1759588673890 5.09688155922039 788480
1759588688797 5.1180246618696446 793600
1759588703268 5.144025213332144 798720
1759588720583 5.1681767039734705 803840
1759588733385 5.186843967448992 808960
1759588748402 5.207762087895958 814080
1759588762405 5.228416898114311 819200
1759588781397 5.24913394078775 824320
1759588797848 5.272308227517829 829440
1759588810018 5.294260307194826 834560
1759588824863 5.316646059177042 839680
1759588841217 5.339291852870402 844800
1759588857135 5.362881360769428 849920
1759588870068 5.3870325607848715 855040
1759588884765 5.409848141432457 860160
1759588900816 5.4335638673253355 865280
1759588915768 5.455634614843772 870400
1759588930205 5.480873244962587 875520
1759588944049 5.505375743528163 880640
1759588959452 5.527937002615616 885760
1759588976149 5.551448773048662 890880
1759588991963 5.578909553154448 896000
1759589011489 5.603932584269663 901120
1759589036468 5.630756985233573 906240
1759589052933 5.652585240477948 911360
1759589068641 5.672841187687279 916480
1759589081222 5.697548793398301 921600
1759589097563 5.718520922935433 926720
1759589117172 5.744423766755671 931840
1759589132799 5.771894915163086 936960
1759589146033 5.799506609819537 942080
1759589160659 5.822549596278274 947200
1759589179918 5.8493015568351465 952320
1759589195512 5.8763525189419115 957440
1759589208392 5.903897136797455 962560
1759589223537 5.931410137761443 967680
1759589241558 5.960359742588881 972800
1759589255996 5.988426839211973 977920
1759589268113 6.012590824436692 983040
1759589281523 6.040967952910399 988160
1759589300019 6.065593445873666 993280
1759589316302 6.089153742063079 998400
1759589328427 6.114199693737185 1003520
1759589346413 6.136405983127167 1008640
1759589368253 6.1616067740603055 1013760
1759589383228 6.184812277900809 1018880
1759589396399 6.209174500436636 1024000
1759589410978 6.232207818824614 1029120
1759589430520 6.254024633311187 1034240
1759589442378 6.273929663608563 1039360
1759589455425 6.295339026125851 1044480
1759589470719 6.313195306758572 1049600
1759589490314 6.3333417567977355 1054720
1759589503911 6.350818846056941 1059840
1759589515960 6.370948288858736 1064960
1759589532316 6.388805371818 1070080
1759589549011 6.410155176291262 1075200
1759589562852 6.430440634034493 1080320
1759589575890 6.449017122691916 1085440
1759589590635 6.469087754090233 1090560
1759589608581 6.491284460378291 1095680
1759589620082 6.511084806786516 1100800
1759589632870 6.531678882384771 1105920
1759589650666 6.551121032232743 1111040
1759589666089 6.569254483619192 1116160
1759589678818 6.588575472158508 1121280
1759589692832 6.605465518080498 1126400
1759589709311 6.626644656988882 1131520
1759589721810 6.646214194048282 1136640
1759589733727 6.665724774187316 1141760
1759589750737 6.68439818830105 1146880
1759589766673 6.705284406315334 1152000
1759589778924 6.727216069802004 1157120
1759589792266 6.744364496928262 1162240
1759589808680 6.763567000476872 1167360
1759589822061 6.784056316590563 1172480
1759589835003 6.805769048296803 1177600
1759589849411 6.8254110966520765 1182720
1759589864397 6.84515519886699 1187840
1759589877262 6.863308844306301 1192960
1759589891067 6.880190717775273 1198080
1759589908982 6.898479417070828 1203200
1759589924462 6.918600574914113 1208320
1759589936560 6.940814471199795 1213440
1759589948995 6.963951811712173 1218560
1759589969598 6.984361586115687 1223680
1759589982659 7.00249919007729 1228800
1759589995650 7.022136047826789 1233920
1759590009405 7.0425850434141735 1239040
1759590027850 7.061052389705883 1244160
1759590041693 7.080303516574205 1249280
1759590054575 7.100496306291883 1254400
1759590066799 7.117985348821287 1259520
1759590085503 7.135441568198893 1264640
1759590100299 7.150455340312947 1269760
1759590113801 7.162499433799883 1274880
1759590128132 7.177262359131868 1280000
1759590144015 7.191256953672214 1285120
1759590159619 7.20099712540424 1290240
1759590173163 7.212364206518087 1295360
1759590189308 7.223966942148761 1300480
1759590202269 7.238671300628258 1305600
1759590218414 7.251016553716254 1310720
1759590232748 7.26716017642235 1315840
1759590248917 7.283803206191266 1320960
1759590261243 7.303892149507965 1326080
1759590279104 7.321981287837094 1331200
1759590294634 7.342705884937285 1336320
1759590308353 7.361392432811609 1341440
1759590320945 7.381726310263365 1346560
1759590339902 7.398921774052733 1351680
1759590355489 7.4193295432268185 1356800
1759590367319 7.436986480024345 1361920
1759590379390 7.456016309534137 1367040
1759590401773 7.472025626041599 1372160
1759590415098 7.490680144279574 1377280
1759590427699 7.508524258033924 1382400
1759590441127 7.528828576958644 1387520
1759590460869 7.546412325122307 1392640
1759590473414 7.565066586734038 1397760
1759590487139 7.584673887500267 1402880
1759590500961 7.6025198260424665 1408000
1759590517301 7.620828281539149 1413120
1759590530231 7.638393615214807 1418240
1759590545887 7.657572548188943 1423360
1759590560069 7.675239866435606 1428480
1759590577627 7.693363699626747 1433600
1759590588094 7.711453466346761 1438720
1759590603080 7.729506647344213 1443840
1759590616898 7.747107645875252 1448960
1759590631834 7.7653259710108555 1454080
1759590644258 7.783206712305894 1459200
1759590657398 7.799296141271527 1464320
1759590672489 7.819147167615643 1469440
1759590684857 7.837107544274398 1474560
1759590698334 7.8554074748561735 1479680
1759590710979 7.87403184831774 1484800
1759590727535 7.892656182369066 1489920
1759590739105 7.911980088040482 1495040
1759590750876 7.928116917771666 1500160
1759590762146 7.949032059817679 1505280
1759590778612 7.968107290346322 1510400
1759590791636 7.985859740047746 1515520
1759590802811 8.00301333604805 1520640
1759590813498 8.022168939101457 1525760
1759590833046 8.038789869618995 1530880
1759590844050 8.053986240388507 1536000
1759590855053 8.072982087683515 1541120
1759590866649 8.090551815873273 1546240
1759590884494 8.110554684043281 1551360
1759590896166 8.127383293862643 1556480
1759590907168 8.144696787631178 1561600
1759590921075 8.160287798541022 1566720
1759590935674 8.175913369495852 1571840
1759590947865 8.190045969234443 1576960
1759590959279 8.205385333306857 1582080
1759590973409 8.221442726912406 1587200
1759590987954 8.233899511597098 1592320
1759591000005 8.24845112663273 1597440
1759591014902 8.262953775887866 1602560
1759591026852 8.28002828965463 1607680
1759591041278 8.293597584881988 1612800
1759591054023 8.30878929556525 1617920
1759591068549 8.322702787102818 1623040
1759591081794 8.338228420068557 1628160
1759591092962 8.350964808301432 1633280
1759591105733 8.361345352331105 1638400
1759591118783 8.37558994197292 1643520
1759591133885 8.388161957696465 1648640
1759591147009 8.400030807147258 1653760
1759591157895 8.41427610721491 1658880
1759591170546 8.428656350073826 1664000
1759591185434 8.440118614884256 1669120
1759591198274 8.453641309535172 1674240
1759591210882 8.46581709431015 1679360
1759591222615 8.480151336552721 1684480
1759591237099 8.492409867172675 1689600
1759591249324 8.50464900486678 1694720
1759591262974 8.517481856667674 1699840
1759591275896 8.529446152105452 1704960
1759591288645 8.541675292169298 1710080
1759591301067 8.553193487201638 1715200
1759591313583 8.562510541801759 1720320
1759591328801 8.572598743267504 1725440
1759591340934 8.584549628578895 1730560
1759591353758 8.592613974970202 1735680
1759591365173 8.603509163228132 1740800
1759591380167 8.614943701422767 1745920
1759591391070 8.623838608180641 1751040
1759591404886 8.633913894686295 1756160
1759591420395 8.643586435680058 1761280
1759591431652 8.650282267703794 1766400
1759591443462 8.65877020753436 1771520
1759591455203 8.668375567599238 1776640
1759591470045 8.6749310288126 1781760
1759591485420 8.68307047132829 1786880
1759591496091 8.689413648188914 1792000
1759591506913 8.697228222395673 1797120
1759591520922 8.7051270442074 1802240
1759591536301 8.711913409587828 1807360
1759591548554 8.721242607817684 1812480
1759591561346 8.730012233736327 1817600
1759591573769 8.737846474220882 1822720
1759591591254 8.748535497393455 1827840
1759591603626 8.755528145724961 1832960
1759591616989 8.76419385334356 1838080
1759591629491 8.773983942463461 1843200
1759591644809 8.782835820895523 1848320
1759591658387 8.789897342245705 1853440
1759591672156 8.796482412060302 1858560
1759591686101 8.805961188706231 1863680
1759591701084 8.814876819511507 1868800
1759591714414 8.823833559029914 1873920
1759591727671 8.83198483598645 1879040
1759591742992 8.842100653388687 1884160
1759591756863 8.851384421759194 1889280
1759591770344 8.861259878233868 1894400
1759591782695 8.869959607214987 1899520
1759591801135 8.876904633667495 1904640
1759591814120 8.883016905071521 1909760
1759591829152 8.888083457319816 1914880
1759591841549 8.894186106746327 1920000
1759591863681 8.899501990315521 1925120
1759591876709 8.90399133290915 1930240
1759591890573 8.910713672719783 1935360
1759591902891 8.917815963953469 1940480
1759591922173 8.925690928991655 1945600
1759591934586 8.931804991294253 1950720
1759591949578 8.940163222190039 1955840
1759591966755 8.948113127327767 1960960
1759591984566 8.956657555642327 1966080
1759591998062 8.96380642537617 1971200
1759592011769 8.971146365389169 1976320
1759592026600 8.980363022372309 1981440
1759592044687 8.989887754070178 1986560
1759592057958 8.999713987684647 1991680
1759592071509 9.009539164315465 1996800
1759592087771 9.019011534334764 2001920
1759592103789 9.030125018828137 2007040
1759592119409 9.037248613616622 2012160
1759592134217 9.044263278983696 2017280
1759592152181 9.052508071763805 2022400
1759592164999 9.0602697853678 2027520
1759592178025 9.06808496526108 2032640
1759592191648 9.076991824170005 2037760
1759592209531 9.084766483289554 2042880
1759592223870 9.090862626129393 2048000
1759592237654 9.098813383584865 2053120
1759592251672 9.10608972779393 2058240
1759592268518 9.115139291980258 2063360
1759592284436 9.122856114166012 2068480
1759592297344 9.130086081573316 2073600
1759592317000 9.137933845225868 2078720
1759592333746 9.14373352426205 2083840
1759592352570 9.150175415800415 2088960
1759592365461 9.15603572644308 2094080
1759592387500 9.162691735162772 2099200
1759592403343 9.16718071277472 2104320
1759592416300 9.172664421201915 2109440
1759592431284 9.177016485725774 2114560
1759592458355 9.18093250942942 2119680
1759592476353 9.187254697787674 2124800
1759592488221 9.192491565802728 2129920
1759592506965 9.196591289915899 2135040
1759592519516 9.203115790815108 2140160
1759592537720 9.207182715696094 2145280
1759592550450 9.213139728636039 2150400
1759592565587 9.216569790462314 2155520
1759592578075 9.220530816774948 2160640
1759592595756 9.226568417066398 2165760
1759592610506 9.232142013325563 2170880
1759592622033 9.238542207128594 2176000
1759592633304 9.24511096462316 2181120
1759592649292 9.25025067368553 2186240
1759592663544 9.255864506443137 2191360
1759592676164 9.260922500585343 2196480
1759592689157 9.26540786439833 2201600
1759592702446 9.270363574161042 2206720
1759592716245 9.275536653887345 2211840
1759592728214 9.279637518395166 2216960
1759592744122 9.283841241863414 2222080
1759592757937 9.28858677201321 2227200
1759592769207 9.293843096782144 2232320
1759592780671 9.296642479399829 2237440
1759592796836 9.300946740114467 2242560
1759592811837 9.304548238897397 2247680
1759592823056 9.307573557508597 2252800
1759592836300 9.310608371979496 2257920
1759592849230 9.314532829820928 2263040
1759592864792 9.319006003495707 2268160
1759592876025 9.3227499582834 2273280
1759592890475 9.326822620940268 2278400
1759592904860 9.331106610645952 2283520
1759592918282 9.334902102754397 2288640
1759592930832 9.337834786143354 2293760
1759592945814 9.338551917904955 2298880
1759592963160 9.343191805270184 2304000
1759592974207 9.346361690343247 2309120
1759592986505 9.348173601254949 2314240
1759592998373 9.351697505553982 2319360
1759593016523 9.353884846049676 2324480
1759593027225 9.35702827946768 2329600
1759593040152 9.360492179971834 2334720
1759593051856 9.362194472391549 2339840
1759593068899 9.364496884137157 2344960
1759593079773 9.366118930071476 2350080
1759593092843 9.366924038532245 2355200
1759593107529 9.369899007691856 2360320
1759593121971 9.372468864468864 2365440
1759593132927 9.37528517110266 2370560
1759593146346 9.375153248876176 2375680
1759593161699 9.376853821275605 2380800
1759593173968 9.37875483439472 2385920
1759593187263 9.380968275621862 2391040
1759593199072 9.381966168462519 2396160
1759593214122 9.38350679387106 2401280
1759593227665 9.387107013519168 2406400
1759593240674 9.390866672427201 2411520
1759593252193 9.394779208831647 2416640
1759593266546 9.396149542363641 2421760
1759593280187 9.398290402485646 2426880
1759593292788 9.401008989438482 2432000
1759593306395 9.403463228162265 2437120
1759593319438 9.40564976577962 2442240
1759593332212 9.407386355562503 2447360
1759593344715 9.411014665418547 2452480
1759593360820 9.412548309007772 2457600
1759593373146 9.41391491105365 2462720
1759593385086 9.418655495373505 2467840
1759593396571 9.423218811602366 2472960
1759593415323 9.424891437244403 2478080
1759593427362 9.426513493800146 2483200
1759593438432 9.431181997675493 2488320
1759593450968 9.43476012077835 2493440
1759593467825 9.438380822147183 2498560
1759593478973 9.440366589133252 2503680
1759593491122 9.441980732070121 2508800
1759593507551 9.444499951431386 2513920
1759593520288 9.449073176138095 2519040
1759593531536 9.451045469631596 2524160
1759593542832 9.455500635113491 2529280
1759593562561 9.459852505341512 2534400
1759593573338 9.46469414436111 2539520
1759593584453 9.469183634215371 2544640
1759593595821 9.473012824909128 2549760
1759593613889 9.475948569785434 2554880
1759593624154 9.478750017087474 2560000
1759593636573 9.481707899512848 2565120
1759593650248 9.485043317168856 2570240
1759593664996 9.487415183367101 2575360
1759593676228 9.489528618157633 2580480
1759593687772 9.492364602105663 2585600
1759593705357 9.493257955882552 2590720
1759593716442 9.49463323747418 2595840
1759593727728 9.496172506738544 2600960
1759593738805 9.498876555667676 2606080
1759593756965 9.501336521283598 2611200
1759593768450 9.505303954832566 2616320
1759593780360 9.508133510061453 2621440
1759593792335 9.512051011269 2626560
1759593809200 9.516555672703493 2631680
1759593820088 9.520440796311595 2636800
1759593832288 9.523769608430127 2641920
1759593847106 9.525491498405952 2647040
1759593859792 9.52644979909027 2652160
1759593870832 9.527992904139692 2657280
1759593883344 9.530298024185555 2662400
1759593900023 9.530172300060688 2667520
1759593910918 9.530349123569463 2672640
1759593922584 9.533889948063901 2677760
1759593934067 9.535473793365973 2682880
1759593950592 9.539236757266794 2688000
1759593962422 9.539192212583899 2693120
1759593974692 9.53955171242718 2698240
1759593987027 9.540648392060719 2703360
1759594001864 9.539731305977922 2708480
1759594012948 9.541334130553462 2713600
1759594026271 9.542094402554087 2718720
1759594040275 9.54245105787544 2723840
1759594052696 9.543972677171466 2728960
1759594064134 9.54471009157722 2734080
1759594076791 9.544148558901282 2739200
1759594094020 9.545390162245686 2744320
1759594104683 9.545476750613856 2749440
1759594116082 9.543521227989116 2754560
1759594127742 9.543199436222691 2759680
1759594144051 9.542488007675088 2764800
1759594155351 9.541221841957398 2769920
1759594166033 9.539671612870327 2775040
1759594183351 9.537206698223647 2780160
1759594195109 9.535972867921652 2785280
1759594206423 9.532753417361974 2790400
1759594217249 9.530696202531646 2795520
1759594234976 9.527399077642302 2800640
1759594247449 9.528737952263208 2805760
1759594258072 9.528228700963416 2810880
1759594271170 9.526690973095297 2816000
1759594285767 9.523330237694838 2821120
1759594297911 9.520620364802566 2826240
1759594308418 9.51894555185954 2831360
1759594325433 9.517801413127605 2836480
1759594336751 9.51818295114656 2841600
1759594349403 9.519877067028332 2846720
1759594359576 9.521918437822192 2851840
1759594378296 9.52520742642408 2856960
1759594390261 9.526223906099101 2862080
1759594400797 9.52697608306038 2867200
1759594414222 9.528145899656968 2872320
1759594433533 9.529540023158983 2877440
1759594446760 9.530745013158866 2882560
1759594460725 9.531421486182895 2887680
1759594477833 9.53314294119089 2892800
1759594492154 9.534279769918003 2897920
1759594506686 9.534984603353047 2903040
1759594518387 9.535849793209461 2908160
1759594536422 9.534515516149462 2913280
1759594551058 9.53356435041644 2918400
1759594562863 9.531091070193114 2923520
1759594574931 9.529157274776413 2928640
1759594593414 9.52650044157321 2933760
1759594607209 9.521747530610766 2938880
1759594619129 9.51612047873302 2944000
1759594634500 9.510579942017827 2949120
1759594648592 9.505355041663664 2954240
1759594663824 9.501036710332347 2959360
1759594675875 9.497661119552083 2964480
1759594693330 9.494297349909832 2969600
1759594707003 9.492792674639038 2974720
1759594720584 9.49140598962053 2979840
1759594733105 9.493248864905983 2984960
1759594749971 9.49667105778474 2990080
1759594765213 9.498696528024647 2995200
1759594777247 9.501514434453384 3000320
1759594790651 9.50360919132849 3005440
1759594807286 9.505514597463876 3010560
1759594822880 9.50691933527271 3015680
1759594838177 9.509836894528265 3020800
1759594851109 9.512969247208295 3025920
1759594867973 9.512133076995218 3031040
1759594883467 9.51364732320513 3036160
1759594898661 9.515239341810023 3041280
1759594911493 9.516691364362975 3046400
1759594926023 9.517522194002376 3051520
1759594940882 9.519019589595645 3056640
1759594956945 9.5211805837873 3061760
1759594969423 9.52143254778252 3066880
1759594983179 9.523590040532715 3072000
1759594998857 9.524909221268821 3077120
1759595013120 9.526777672571072 3082240
1759595026374 9.5283558343037 3087360
1759595041849 9.529932536667358 3092480
1759595055441 9.531539195511973 3097600
1759595070812 9.533081567529099 3102720
1759595083943 9.533926279112416 3107840
1759595098710 9.537189231262305 3112960
1759595110023 9.540256949524506 3118080
1759595126521 9.541921566837107 3123200
1759595139339 9.544519923406583 3128320
1759595152058 9.547489785001309 3133440
1759595163274 9.549660745337379 3138560
1759595176538 9.551274485325829 3143680
1759595192340 9.554017907741132 3148800
1759595203998 9.55555052517204 3153920
1759595216272 9.557298849275428 3159040
1759595226942 9.559522734456134 3164160
1759595243234 9.560490598367679 3169280
1759595256439 9.56332811743648 3174400
1759595267903 9.564561458731479 3179520
1759595284211 9.566588076793533 3184640
1759595295448 9.568559960534577 3189760
1759595306252 9.570005038347421 3194880
1759595319080 9.572203276122323 3200000
1759595337103 9.575271638990943 3205120
1759595350568 9.57694581061037 3210240
1759595362391 9.580967443725427 3215360
1759595374513 9.58390896652985 3220480
1759595391775 9.586982603479305 3225600
1759595405612 9.5908869017241 3230720
1759595418593 9.593196675900277 3235840
1759595430595 9.596346213428939 3240960
1759595444964 9.599350190080452 3246080
1759595458872 9.601209659617677 3251200
1759595472417 9.604464285714286 3256320
1759595485647 9.607190427440749 3261440
1759595498669 9.608486780629912 3266560
1759595511186 9.610686017279424 3271680
1759595523442 9.612741604815103 3276800
1759595535599 9.616365010018724 3281920
1759595548859 9.618253586424073 3287040
1759595564599 9.62128723683061 3292160
1759595576148 9.623357505043346 3297280
1759595588585 9.626381644142917 3302400
1759595601322 9.62869758134679 3307520
1759595617170 9.630689531587693 3312640
1759595628770 9.63099562968345 3317760
1759595642505 9.632848881283978 3322880
1759595657302 9.635792388142027 3328000
1759595672560 9.63997537185262 3333120
1759595684823 9.64204655778732 3338240
1759595698949 9.645104989280211 3343360
1759595715809 9.647570172890509 3348480
1759595726794 9.649726012678629 3353600
1759595741814 9.653277817721357 3358720
1759595753772 9.65567498633631 3363840
1759595769457 9.658329052144875 3368960
1759595780261 9.661482217875124 3374080
1759595796328 9.665275093690942 3379200
1759595812865 9.6666204616943 3384320
1759595824137 9.669453259781474 3389440
1759595839239 9.672002127093858 3394560
1759595851314 9.674343013745194 3399680
1759595866752 9.676412242083488 3404800
1759595880365 9.677801084837698 3409920
1759595893978 9.67896101147966 3415040
1759595908237 9.681093418146853 3420160
1759595923007 9.683097997002891 3425280
1759595935112 9.685922365910983 3430400
1759595947175 9.68787891545975 3435520
1759595961417 9.689550418887242 3440640
1759595979275 9.690477190183277 3445760
1759595991812 9.691293318518207 3450880
1759596005884 9.69345281715207 3456000
1759596021654 9.694732220328884 3461120
1759596033612 9.697814761064533 3466240
1759596046045 9.699374348279457 3471360
1759596060176 9.70027386989618 3476480
1759596078347 9.702780002288067 3481600
1759596091386 9.704660414005131 3486720
1759596105208 9.707054466999285 3491840
1759596123314 9.708973004330081 3496960
1759596139152 9.710350178451353 3502080
1759596154878 9.711761971176196 3507200
1759596170658 9.712875067068389 3512320
1759596191934 9.715806395103202 3517440
1759596203701 9.718796636510534 3522560
1759596216840 9.721186266447368 3527680
1759596230611 9.722027738709976 3532800
1759596249023 9.723847313217066 3537920
1759596260675 9.726009441594217 3543040
1759596272759 9.728150474066952 3548160
1759596292830 9.731047023608856 3553280
1759596305118 9.733431291517434 3558400
