1759586433813 29.077096121651785 5120
1759586451092 26.015501931157335 10240
1759586463466 25.606302137361688 15360
1759586474301 25.98497493249473 20480
1759586488394 25.213598396082553 25600
1759586502990 24.430459309094058 30720
1759586516355 23.86763864540192 35840
1759586528118 23.346353179979904 40960
1759586547584 23.239211148661028 46080
1759586562251 23.145313895236384 51200
1759586574505 22.940950828429287 56320
1759586587040 22.91059562570197 61440
1759586606215 22.858596007029217 66560
1759586620626 22.472540547128958 71680
1759586633156 22.34960978833063 76800
1759586647523 22.39128359163041 81920
1759586663320 22.166493951561918 87040
1759586678560 22.109270366253416 92160
1759586690987 22.00017657132449 97280
1759586708412 21.81727981406085 102400
1759586720767 21.713388857634172 107520
1759586735150 21.515777980569275 112640
1759586748088 21.372144386577396 117760
1759586767699 21.183137452847898 122880
1759586783642 21.128516774309738 128000
1759586797398 21.026471932599883 133120
1759586811370 21.053346895130424 138240
1759586829544 21.00737355887782 143360
1759586843727 20.956007263156906 148480
1759586858047 20.93279274205045 153600
1759586876161 20.861367958032442 158720
1759586890382 20.90535537411285 163840
1759586903689 20.880443110388455 168960
1759586918713 20.824516482284448 174080
1759586938871 20.79595115872602 179200
1759586951621 20.79709041819853 184320
1759586966829 20.823004816938596 189440
1759586980923 20.808311634659834 194560
1759587000010 20.79694317566732 199680
1759587012703 20.769707982993385 204800
1759587026576 20.769998506561162 209920
1759587044867 20.783822691734557 215040
1759587060339 20.753823491991305 220160
1759587072989 20.698778014145944 225280
1759587086167 20.684809601965455 230400
1759587106499 20.635241744076925 235520
1759587118988 20.690097863029777 240640
1759587131686 20.723201251277665 245760
1759587143752 20.733372552571307 250880
1759587163502 20.72438396482229 256000
1759587177350 20.733997088467376 261120
1759587190800 20.75116461086947 266240
1759587207341 20.721513745432432 271360
1759587220014 20.74404470920003 276480
1759587234615 20.73067928800057 281600
1759587250463 20.707178485746915 286720
1759587266886 20.734475298860115 291840
1759587282120 20.74145820323169 296960
1759587296195 20.71872455230226 302080
1759587312729 20.742239347437877 307200
1759587328144 20.718203621227655 312320
1759587342457 20.697468776084254 317440
1759587361270 20.699187446561496 322560
1759587374591 20.712203414650176 327680
1759587387205 20.724490258705003 332800
1759587401755 20.745987307593563 337920
1759587421077 20.8071538057626 343040
1759587433113 20.785335136867936 348160
1759587446927 20.751594658806265 353280
1759587460412 20.769148581302805 358400
1759587478403 20.747178609231607 363520
1759587493775 20.759844124862717 368640
1759587506758 20.769900088383906 373760
1759587526809 20.789279937090754 378880
1759587541132 20.794509739818835 384000
1759587556786 20.776645013341884 389120
1759587568050 20.777626501012733 394240
1759587584220 20.791148931149593 399360
1759587598194 20.77230686297691 404480
1759587609820 20.75811634129196 409600
1759587621529 20.753830554563418 414720
1759587636862 20.742691165065988 419840
1759587652128 20.729343694302237 424960
1759587663812 20.727786266085023 430080
1759587678587 20.758502165421195 435200
1759587689934 20.791893153394614 440320
1759587705501 20.765134493309287 445440
1759587719506 20.767548386693814 450560
1759587734885 20.761453051364953 455680
1759587747865 20.77979395865364 460800
1759587759720 20.77638782253449 465920
1759587772394 20.77732950024181 471040
1759587785773 20.76211760081461 476160
1759587798290 20.763595096267743 481280
1759587812297 20.777210687496872 486400
1759587823309 20.792251699743137 491520
1759587839751 20.776257033423256 496640
1759587855160 20.76618975935311 501760
1759587871479 20.757308775743656 506880
1759587884262 20.7243266891116 512000
1759587898891 20.911428151984232 517120
1759587913886 21.15091311619741 522240
1759587929423 21.420407545066407 527360
1759587943383 21.681070015396806 532480
1759587957733 21.950561080757286 537600
1759587971365 22.20508842639643 542720
1759587986430 22.40572552105836 547840
1759588000019 22.595972637025255 552960
1759588014137 22.755296094911422 558080
1759588027778 22.87360304033077 563200
1759588044483 23.017629123518184 568320
1759588059571 23.201402681565117 573440
1759588072969 23.34057180785898 578560
1759588084640 23.445366379921346 583680
1759588100446 23.550042727849277 588800
1759588117576 23.723635262363565 593920
1759588129105 23.937471813070935 599040
1759588140865 24.126709560221137 604160
1759588156869 24.354067215644715 609280
1759588173635 24.57667009360975 614400
1759588185460 24.759430977234523 619520
1759588200260 24.950166269552412 624640
1759588214118 25.14132302613075 629760
1759588229870 25.33224539235632 634880
1759588242844 25.499935179015047 640000
1759588259117 25.624788358558337 645120
1759588271544 25.7616436685078 650240
1759588288827 25.863137161868664 655360
1759588301172 25.99194370024773 660480
1759588318998 26.172140074853168 665600
1759588331945 26.3464815934196 670720
1759588346670 26.482790302620774 675840
1759588360577 26.61288756647554 680960
1759588376690 26.713297156588506 686080
1759588391289 26.843177038796902 691200
1759588407315 26.97674970961928 696320
1759588421398 27.113586397794474 701440
1759588436321 27.26372075003231 706560
1759588451067 27.392363315701665 711680
1759588465226 27.541700999146666 716800
1759588479811 27.675550067061106 721920
1759588495066 27.743318914945892 727040
1759588509895 27.862627574936475 732160
1759588523816 27.919025537161644 737280
1759588538808 28.000696914055162 742400
1759588553795 28.102408101561284 747520
1759588569571 28.254347895352588 752640
1759588582606 28.42581660842719 757760
1759588598527 28.586295727199044 762880
1759588613273 28.755962955908025 768000
1759588629979 28.921503974792156 773120
1759588642669 29.12434255800236 778240
1759588659813 29.32373861755259 783360
1759588673890 29.52368761786099 788480
1759588688797 29.728934114818536 793600
1759588703268 29.982369084208358 798720
1759588720583 30.21834328328906 803840
1759588733385 30.39292985637425 808960
1759588748402 30.59554597062681 814080
1759588762405 30.79472041348236 819200
1759588781397 30.997188424082676 824320
1759588797848 31.22157804009506 829440
1759588810018 31.435557127411915 834560
1759588824863 31.65361295902397 839680
1759588841217 31.871722121166037 844800
1759588857135 32.099714778616104 849920
1759588870068 32.3370323420893 855040
1759588884765 32.554876806513356 860160
1759588900816 32.78515833475763 865280
1759588915768 32.999444392459864 870400
1759588930205 33.24835061226525 875520
1759588944049 33.484612462534514 880640
1759588959452 33.703706245309846 885760
1759588976149 33.93407806096089 890880
1759588991963 34.202957214461726 896000
1759589011489 34.44988653633032 901120
1759589036468 34.71184855114192 906240
1759589052933 34.93078721423271 911360
1759589068641 35.129573480143144 916480
1759589081222 35.375701065123536 921600
1759589097563 35.582485874329464 926720
1759589117172 35.836520775309026 931840
1759589132799 36.10359890354738 936960
1759589146033 36.37395765445572 942080
1759589160659 36.59591971641619 947200
1759589179918 36.85970637507977 952320
1759589195512 37.12522926761577 957440
1759589208392 37.39498080984785 962560
1759589223537 37.66605691116217 967680
1759589241558 37.9546892134144 972800
1759589255996 38.232016858681064 977920
1759589268113 38.46806179471198 983040
1759589281523 38.74952409343832 988160
1759589300019 38.99106967456342 993280
1759589316302 39.221881277593205 998400
1759589328427 39.46774339912286 1003520
1759589346413 39.683386200142294 1008640
1759589368253 39.92490597472413 1013760
1759589383228 40.14382175285047 1018880
1759589396399 40.37548378834514 1024000
1759589410978 40.59507064166516 1029120
1759589430520 40.801309074495045 1034240
1759589442378 40.987425199269516 1039360
1759589455425 41.18847425126734 1044480
1759589470719 41.35037468016285 1049600
1759589490314 41.54007733826159 1054720
1759589503911 41.702040687151595 1059840
1759589515960 41.88876667134851 1064960
1759589532316 42.057714909201614 1070080
1759589549011 42.26328541611192 1075200
1759589562852 42.45685624016233 1080320
1759589575890 42.630236391394426 1085440
1759589590635 42.823935812561004 1090560
1759589608581 43.037989986522014 1095680
1759589620082 43.22939607191696 1100800
1759589632870 43.42596314851647 1105920
1759589650666 43.612053842380334 1111040
1759589666089 43.78202256043118 1116160
1759589678818 43.966063997394244 1121280
1759589692832 44.12714018719373 1126400
1759589709311 44.32863105217936 1131520
1759589721810 44.5101051985454 1136640
1759589733727 44.69729637105828 1141760
1759589750737 44.87568418251546 1146880
1759589766673 45.07411532479615 1152000
1759589778924 45.28563388323554 1157120
1759589792266 45.45307734551016 1162240
1759589808680 45.636699740910565 1167360
1759589822061 45.83332152054553 1172480
1759589835003 46.0464767136082 1177600
1759589849411 46.23522896653278 1182720
1759589864397 46.4232512264371 1187840
1759589877262 46.59913165719538 1192960
1759589891067 46.75928952612406 1198080
1759589908982 46.934199925871766 1203200
1759589924462 47.12535333320279 1208320
1759589936560 47.34724453906723 1213440
1759589948995 47.57289888994201 1218560
1759589969598 47.772170111685995 1223680
1759589982659 47.94750550867214 1228800
1759589995650 48.14098264519298 1233920
1759590009405 48.33579328109076 1239040
1759590027850 48.513049582874075 1244160
1759590041693 48.70012299992962 1249280
1759590054575 48.89824702809895 1254400
1759590066799 49.0630096064341 1259520
1759590085503 49.23166059680702 1264640
1759590100299 49.37406515703155 1269760
1759590113801 49.48560389478003 1274880
1759590128132 49.624550135376495 1280000
1759590144015 49.75657369843426 1285120
1759590159619 49.84505698683448 1290240
1759590173163 49.9476714906747 1295360
1759590189308 50.05605473930558 1300480
1759590202269 50.196324076875825 1305600
1759590218414 50.31262096908937 1310720
1759590232748 50.46878550452605 1315840
1759590248917 50.63135290075231 1320960
1759590261243 50.826887379624374 1326080
1759590279104 51.0052941054752 1331200
1759590294634 51.206509055711706 1336320
1759590308353 51.38897647813346 1341440
1759590320945 51.59107579341324 1346560
1759590339902 51.76043010303357 1351680
1759590355489 51.960091564354045 1356800
1759590367319 52.13070762158995 1361920
1759590379390 52.31975889201796 1367040
1759590401773 52.47480331945014 1372160
1759590415098 52.65672123585873 1377280
1759590427699 52.82978349819644 1382400
1759590441127 53.03111812709934 1387520
1759590460869 53.20473978089914 1392640
1759590473414 53.387275290367704 1397760
1759590487139 53.57975913680212 1402880
1759590500961 53.75309684325985 1408000
1759590517301 53.93333288517355 1413120
1759590530231 54.104348779757046 1418240
1759590545887 54.29182976236083 1423360
1759590560069 54.46895836673296 1428480
1759590577627 54.6491977153244 1433600
1759590588094 54.82543856677029 1438720
1759590603080 55.00135799216715 1443840
1759590616898 55.176124452505235 1448960
1759590631834 55.35712730642448 1454080
1759590644258 55.533246801977945 1459200
1759590657398 55.69309798168949 1464320
1759590672489 55.890172777714554 1469440
1759590684857 56.069551343934855 1474560
1759590698334 56.251783428521335 1479680
1759590710979 56.43573208695503 1484800
1759590727535 56.62078134188548 1489920
1759590739105 56.81421942264976 1495040
1759590750876 56.97450515244061 1500160
1759590762146 57.18416058986656 1505280
1759590778612 57.37228223728364 1510400
1759590791636 57.54638823064944 1515520
1759590802811 57.71848461668008 1520640
1759590813498 57.91071646177633 1525760
1759590833046 58.07718487022968 1530880
1759590844050 58.228252640295395 1536000
1759590855053 58.418629084350044 1541120
1759590866649 58.59286453632707 1546240
1759590884494 58.793710537915025 1551360
1759590896166 58.962467631988225 1556480
1759590907168 59.134087107000674 1561600
1759590921075 59.28838694993583 1566720
1759590935674 59.43990517027757 1571840
1759590947865 59.57731890742457 1576960
1759590959279 59.72870795258404 1582080
1759590973409 59.885845221520604 1587200
1759590987954 60.006657462800526 1592320
1759591000005 60.14965723729502 1597440
1759591014902 60.29396004620119 1602560
1759591026852 60.46268105841325 1607680
1759591041278 60.59595041238382 1612800
1759591054023 60.74517171187343 1617920
1759591068549 60.884902207184496 1623040
1759591081794 61.03741594637321 1628160
1759591092962 61.16299398328877 1633280
1759591105733 61.26539424605248 1638400
1759591118783 61.40593879153696 1643520
1759591133885 61.529611438811884 1648640
1759591147009 61.646318124241105 1653760
1759591157895 61.78524184346554 1658880
1759591170546 61.92443056934442 1664000
1759591185434 62.03925633420446 1669120
1759591198274 62.17357260574875 1674240
1759591210882 62.29054288825805 1679360
1759591222615 62.43031835597733 1684480
1759591237099 62.54743886060914 1689600
1759591249324 62.66927342775416 1694720
1759591262974 62.79557738233485 1699840
1759591275896 62.91426309456338 1704960
1759591288645 63.03479071905596 1710080
1759591301067 63.145075505837696 1715200
1759591313583 63.23396309877068 1720320
1759591328801 63.3301751498046 1725440
1759591340934 63.443362489526805 1730560
1759591353758 63.52048369442891 1735680
1759591365173 63.62325138508806 1740800
1759591380167 63.731591344452426 1745920
1759591391070 63.814417629040726 1751040
1759591404886 63.90951671050433 1756160
1759591420395 64.00119987738076 1761280
1759591431652 64.06439773420117 1766400
1759591443462 64.14363199474067 1771520
1759591455203 64.23467758534086 1776640
1759591470045 64.2931073623531 1781760
1759591485420 64.36853745810281 1786880
1759591496091 64.42601267880757 1792000
1759591506913 64.49861348013968 1797120
1759591520922 64.57315345953593 1802240
1759591536301 64.638807360893 1807360
1759591548554 64.73055470586425 1812480
1759591561346 64.81602692151111 1817600
1759591573769 64.88914712174227 1822720
1759591591254 64.99232458718492 1827840
1759591603626 65.0579094221828 1832960
1759591616989 65.14160654869438 1838080
1759591629491 65.2357669705572 1843200
1759591644809 65.31809187009983 1848320
1759591658387 65.3833433579275 1853440
1759591672156 65.44436680282602 1858560
1759591686101 65.53558519998693 1863680
1759591701084 65.61897826326691 1868800
1759591714414 65.70445980229611 1873920
1759591727671 65.78297257607099 1879040
1759591742992 65.87967813672142 1884160
1759591756863 65.9694271223676 1889280
1759591770344 66.06302351624103 1894400
1759591782695 66.14655017939124 1899520
1759591801135 66.21225631408728 1904640
1759591814120 66.2693916951127 1909760
1759591829152 66.31625968621869 1914880
1759591841549 66.36628782242599 1920000
1759591863681 66.4110717363248 1925120
1759591876709 66.45008400686159 1930240
1759591890573 66.50844182146757 1935360
1759591902891 66.57362984737658 1940480
1759591922173 66.64545212386979 1945600
1759591934586 66.70110939580417 1950720
1759591949578 66.7795558155559 1955840
1759591966755 66.85468345680107 1960960
1759591984566 66.93659162345695 1966080
1759591998062 67.0026683086009 1971200
1759592011769 67.0725040549988 1976320
1759592026600 67.16092730359922 1981440
1759592044687 67.2526373166135 1986560
1759592057958 67.35006581092772 1991680
1759592071509 67.44403124553901 1996800
1759592087771 67.53400092063544 2001920
1759592103789 67.63889495655015 2007040
1759592119409 67.70480706561597 2012160
1759592134217 67.7707295119037 2017280
1759592152181 67.84583995483752 2022400
1759592164999 67.91962904292916 2027520
1759592178025 67.9939817840092 2032640
1759592191648 68.08027946969918 2037760
1759592209531 68.15238891305114 2042880
1759592223870 68.20950116119354 2048000
1759592237654 68.2836403187765 2053120
1759592251672 68.3524832201398 2058240
1759592268518 68.44094813054741 2063360
1759592284436 68.51389014680338 2068480
1759592297344 68.5823782554157 2073600
1759592317000 68.65757555571454 2078720
1759592333746 68.71011898492546 2083840
1759592352570 68.77058622594187 2088960
1759592365461 68.82480900945906 2094080
1759592387500 68.88569944985484 2099200
1759592403343 68.9251942965451 2104320
1759592416300 68.97547566679967 2109440
1759592431284 69.01521299821572 2114560
1759592458355 69.0515664419865 2119680
1759592476353 69.10908450734743 2124800
1759592488221 69.15432020465232 2129920
1759592506965 69.18836723434657 2135040
1759592519516 69.2478929711643 2140160
1759592537720 69.2839266469457 2145280
1759592550450 69.33685279391564 2150400
1759592565587 69.36277224508191 2155520
1759592578075 69.39740375870896 2160640
1759592595756 69.45098008654449 2165760
1759592610506 69.50004534446705 2170880
1759592622033 69.5603335710291 2176000
1759592633304 69.62037518015688 2181120
1759592649292 69.66589992327403 2186240
1759592663544 69.71713800142751 2191360
1759592676164 69.76582175680339 2196480
1759592689157 69.80901568827544 2201600
1759592702446 69.85286271606593 2206720
1759592716245 69.89997711648212 2211840
1759592728214 69.93650753649686 2216960
1759592744122 69.97413500188014 2222080
1759592757937 70.02008037803195 2227200
1759592769207 70.06495412868463 2232320
1759592780671 70.0889975562217 2237440
1759592796836 70.12574155687237 2242560
1759592811837 70.15752437854434 2247680
1759592823056 70.18289463648142 2252800
1759592836300 70.2100388627242 2257920
1759592849230 70.24370257377277 2263040
1759592864792 70.28391442413759 2268160
1759592876025 70.31705985512903 2273280
1759592890475 70.35290635468715 2278400
1759592904860 70.39134491707529 2283520
1759592918282 70.42320635339831 2288640
1759592930832 70.44864455292101 2293760
1759592945814 70.45042732074047 2298880
1759592963160 70.49019025708242 2304000
1759592974207 70.51791644558557 2309120
1759592986505 70.5311609133832 2314240
1759592998373 70.56206265706481 2319360
1759593016523 70.5782702447247 2324480
1759593027225 70.60593366079004 2329600
1759593040152 70.6366767189411 2334720
1759593051856 70.64965467040423 2339840
1759593068899 70.66668887743796 2344960
1759593079773 70.67950748069471 2350080
1759593092843 70.68508107070143 2355200
1759593107529 70.7106880733169 2360320
1759593121971 70.73111290564904 2365440
1759593132927 70.75532042867923 2370560
1759593146346 70.74613749263402 2375680
1759593161699 70.75619878602477 2380800
1759593173968 70.77221134277528 2385920
1759593187263 70.78921642098078 2391040
1759593199072 70.7970126508603 2396160
1759593214122 70.80876526073004 2401280
1759593227665 70.84077145725179 2406400
1759593240674 70.87629321434623 2411520
1759593252193 70.91035518102287 2416640
1759593266546 70.92102242889725 2421760
1759593280187 70.93955644806988 2426880
1759593292788 70.96343805289368 2432000
1759593306395 70.9854092633057 2437120
1759593319438 71.00054258396771 2442240
1759593332212 71.01515621759732 2447360
1759593344715 71.04923801953967 2452480
1759593360820 71.05988782595585 2457600
1759593373146 71.07139971281421 2462720
1759593385086 71.1156553812098 2467840
1759593396571 71.1572172929253 2472960
1759593415323 71.17032274946652 2478080
1759593427362 71.18321935104373 2483200
1759593438432 71.22599663445381 2488320
1759593450968 71.25896528086602 2493440
1759593467825 71.29279601946878 2498560
1759593478973 71.30904750499074 2503680
1759593491122 71.32077410949849 2508800
1759593507551 71.3427518279226 2513920
1759593520288 71.38448750079282 2519040
1759593531536 71.4007649894889 2524160
1759593542832 71.43867771525579 2529280
1759593562561 71.47849981113555 2534400
1759593573338 71.52415172682161 2539520
1759593584453 71.56483764665208 2544640
1759593595821 71.5993815578573 2549760
1759593613889 71.62541199628893 2554880
1759593624154 71.64770367141203 2560000
1759593636573 71.67495677941699 2565120
1759593650248 71.70711550798065 2570240
1759593664996 71.72864904899191 2575360
1759593676228 71.74402986089991 2580480
1759593687772 71.76695540116697 2585600
1759593705357 71.77436441648955 2590720
1759593716442 71.7841974590336 2595840
1759593727728 71.79457993828704 2600960
1759593738805 71.81692165853357 2606080
1759593756965 71.8385151467996 2611200
1759593768450 71.87358493746868 2616320
1759593780360 71.89805477408068 2621440
1759593792335 71.93392851119172 2626560
1759593809200 71.9766617150173 2631680
1759593820088 72.01089526255927 2636800
1759593832288 72.03710853368463 2641920
1759593847106 72.04894920778833 2647040
1759593859792 72.05603860711963 2652160
1759593870832 72.06871720034036 2657280
1759593883344 72.0873405301767 2662400
1759593900023 72.07994750954016 2667520
1759593910918 72.07674572748601 2672640
1759593922584 72.11004212136005 2677760
1759593934067 72.12271296383226 2682880
1759593950592 72.15654222902688 2688000
1759593962422 72.14868270591131 2693120
1759593974692 72.14538954343134 2698240
1759593987027 72.15160743273815 2703360
1759594001864 72.13518918432113 2708480
1759594012948 72.14403215546615 2713600
1759594026271 72.14592461291862 2718720
1759594040275 72.14381478774725 2723840
1759594052696 72.15011116202928 2728960
1759594064134 72.15007538430304 2734080
1759594076791 72.13632349059417 2739200
1759594094020 72.14137232778246 2744320
1759594104683 72.1367380679522 2749440
1759594116082 72.1095309453099 2754560
1759594127742 72.09998393354795 2759680
1759594144051 72.08712696686621 2764800
1759594155351 72.06622043992901 2769920
1759594166033 72.04676217786285 2775040
1759594183351 72.01856168353868 2780160
1759594195109 72.00083223993215 2785280
1759594206423 71.96208864833953 2790400
1759594217249 71.93411664513697 2795520
1759594234976 71.89636513800816 2800640
1759594247449 71.90354363273562 2805760
1759594258072 71.89261904365132 2810880
1759594271170 71.87095440813486 2816000
1759594285767 71.82988766608254 2821120
1759594297911 71.79613033194512 2826240
1759594308418 71.77382591275608 2831360
1759594325433 71.75858390220849 2836480
1759594336751 71.75778578266664 2841600
1759594349403 71.77178266800777 2846720
1759594359576 71.79063680413842 2851840
1759594378296 71.82175649682756 2856960
1759594390261 71.8332872611082 2862080
1759594400797 71.83970449433605 2867200
1759594414222 71.85268965384317 2872320
1759594433533 71.86523429680571 2877440
1759594446760 71.87756915718407 2882560
1759594460725 71.8858314133051 2887680
1759594477833 71.90025806920286 2892800
1759594492154 71.9087416625872 2897920
1759594506686 71.91000138734978 2903040
1759594518387 71.91405675591768 2908160
1759594536422 71.89435796123941 2913280
1759594551058 71.87879694404627 2918400
1759594562863 71.84813262158984 2923520
1759594574931 71.81965303657942 2928640
1759594593414 71.78497838198105 2933760
1759594607209 71.73259381764028 2938880
1759594619129 71.67122371312064 2944000
1759594634500 71.61157842281227 2949120
1759594648592 71.55441788299035 2954240
1759594663824 71.50409996604849 2959360
1759594675875 71.46638189260095 2964480
1759594693330 71.4270792557216 2969600
1759594707003 71.40527610819288 2974720
1759594720584 71.38609624691125 2979840
1759594733105 71.39885047500722 2984960
1759594749971 71.43066138672037 2990080
1759594765213 71.44860029657922 2995200
1759594777247 71.47546542122981 3000320
1759594790651 71.49508251979084 3005440
1759594807286 71.51325814483651 3010560
1759594822880 71.52572443462037 3015680
1759594838177 71.55491300788094 3020800
1759594851109 71.58560062303319 3025920
1759594867973 71.57595895171377 3031040
1759594883467 71.58906489631461 3036160
1759594898661 71.60415952706747 3041280
1759594911493 71.61709697884473 3046400
1759594926023 71.6241823647016 3051520
1759594940882 71.6373973759637 3056640
1759594956945 71.65773354145145 3061760
1759594969423 71.65683867383211 3066880
1759594983179 71.67681456141204 3072000
1759594998857 71.68559871754489 3077120
1759595013120 71.70294594841243 3082240
1759595026374 71.71681417850937 3087360
1759595041849 71.72905752123114 3092480
1759595055441 71.7414129659932 3097600
1759595070812 71.75434916578664 3102720
1759595083943 71.76094179557438 3107840
1759595098710 71.79097654500629 3112960
1759595110023 71.82083409357524 3118080
1759595126521 71.83523352116542 3123200
1759595139339 71.85867645578114 3128320
1759595152058 71.88543362099252 3133440
1759595163274 71.90533126298132 3138560
1759595176538 71.92041694732374 3143680
1759595192340 71.94321530214664 3148800
1759595203998 71.95436859269023 3153920
1759595216272 71.96667756025928 3159040
1759595226942 71.98333077851217 3164160
1759595243234 71.98907730922001 3169280
1759595256439 72.01390524063294 3174400
1759595267903 72.02186373518019 3179520
1759595284211 72.03695026696217 3184640
1759595295448 72.05250024996549 3189760
1759595306252 72.06289110745894 3194880
1759595319080 72.08160500369944 3200000
1759595337103 72.10938813821117 3205120
1759595350568 72.12158362950295 3210240
1759595362391 72.15725152367158 3215360
1759595374513 72.18305643749358 3220480
1759595391775 72.20949468011129 3225600
1759595405612 72.24500786269653 3230720
1759595418593 72.2647428651424 3235840
1759595430595 72.29351689800431 3240960
1759595444964 72.31952861697864 3246080
1759595458872 72.33434695363029 3251200
1759595472417 72.36203592290323 3256320
1759595485647 72.38786538291853 3261440
1759595498669 72.39650522619019 3266560
1759595511186 72.41635934785509 3271680
1759595523442 72.43257323239115 3276800
1759595535599 72.46503163047112 3281920
1759595548859 72.48159585289392 3287040
1759595564599 72.50894582799567 3292160
1759595576148 72.52746912947555 3297280
1759595588585 72.55733222073688 3302400
1759595601322 72.57929509449818 3307520
1759595617170 72.59582902670583 3312640
1759595628770 72.59751565329725 3317760
1759595642505 72.61493060053274 3322880
1759595657302 72.6455190675093 3328000
1759595672560 72.68522831759516 3333120
1759595684823 72.70427494074174 3338240
1759595698949 72.73110870281432 3343360
1759595715809 72.75576332912361 3348480
1759595726794 72.77435152687703 3353600
1759595741814 72.80860059186895 3358720
1759595753772 72.82976743719726 3363840
1759595769457 72.85364986680653 3368960
1759595780261 72.88346737410215 3374080
1759595796328 72.91967993703388 3379200
1759595812865 72.93091616239312 3384320
1759595824137 72.95682066174625 3389440
1759595839239 72.97998441031308 3394560
1759595851314 73.0008348607315 3399680
1759595866752 73.01867018454664 3404800
1759595880365 73.03088828302741 3409920
1759595893978 73.03995813949837 3415040
1759595908237 73.05969884110195 3420160
1759595923007 73.07635777464452 3425280
1759595935112 73.10215434822427 3430400
1759595947175 73.12143722308048 3435520
1759595961417 73.13463420562569 3440640
1759595979275 73.14207605244174 3445760
1759595991812 73.14963493506318 3450880
1759596005884 73.16862760534917 3456000
1759596021654 73.17939366067736 3461120
1759596033612 73.20892143637836 3466240
1759596046045 73.22059242161023 3471360
1759596060176 73.22696178512668 3476480
1759596078347 73.24969094632075 3481600
1759596091386 73.26598322328735 3486720
1759596105208 73.28987324759264 3491840
1759596123314 73.30833157462251 3496960
1759596139152 73.31942236729701 3502080
1759596154878 73.33213597862267 3507200
1759596170658 73.34131130177728 3512320
1759596191934 73.36822027927334 3517440
1759596203701 73.39592763029718 3522560
1759596216840 73.41769578582362 3527680
1759596230611 73.42288309483483 3532800
1759596249023 73.43934219249431 3537920
1759596260675 73.45822448721094 3543040
1759596272759 73.47622884955263 3548160
1759596292830 73.50252528056505 3553280
1759596305118 73.52374179576293 3558400
