1770954442586 0.07480461150407791 5120
1770954477166 0.07291591167449951 10240
1770954511760 0.07293832302093506 15360
1770954546353 0.07394241541624069 20480
1770954580971 0.07244714349508286 25600
1770954615578 0.07342825084924698 30720
1770954650162 0.07303647696971893 35840
1770954684755 0.07260292023420334 40960
1770954719373 0.07261183112859726 46080
1770954754003 0.07241471111774445 51200
1770954788557 0.07158846408128738 56320
1770954823151 0.07132390141487122 61440
1770954857738 0.07158520072698593 66560
1770954892331 0.07119332998991013 71680
1770954926931 0.07172945141792297 76800
1770954961466 0.07147525250911713 81920
1770954996034 0.0713789314031601 87040
1770955030557 0.07112137228250504 92160
1770955065147 0.07156342267990112 97280
1770955099699 0.07176683843135834 102400
1770955134429 0.07194343209266663 107520
1770955168954 0.07203495502471924 112640
1770955203646 0.0723181888461113 117760
1770955238241 0.07231628894805908 122880
1770955272881 0.07270202040672302 128000
1770955307558 0.07273948192596436 133120
1770955342279 0.07273280620574951 138240
1770955376904 0.07271715253591537 143360
1770955411533 0.07274369895458221 148480
1770955446012 0.07270654290914536 153600
1770955480455 0.07277678698301315 158720
1770955515013 0.07281605154275894 163840
1770955549571 0.07239893823862076 168960
1770955584124 0.07235004007816315 174080
1770955618640 0.07273998111486435 179200
1770955653121 0.07266390323638916 184320
1770955688092 0.07286142557859421 189440
1770955722604 0.07286065071821213 194560
1770955757055 0.07282091677188873 199680
1770955791578 0.07288423925638199 204800
1770955826109 0.07299153506755829 209920
1770955860651 0.07303038239479065 215040
1770955895206 0.07290613651275635 220160
1770955929797 0.07305074483156204 225280
1770955964355 0.0729573667049408 230400
1770955998913 0.07283184677362442 235520
1770956033389 0.07291390001773834 240640
1770956067929 0.07297208905220032 245760
1770956102627 0.07294787466526031 250880
1770956137172 0.07283906638622284 256000
1770956171796 0.07289772480726242 261120
1770956206461 0.07285508513450623 266240
1770956241223 0.0729621946811676 271360
1770956275701 0.07301698625087738 276480
1770956310342 0.07298075407743454 281600
1770956345069 0.07286728918552399 286720
1770956379718 0.07298120856285095 291840
1770956414212 0.07287189364433289 296960
1770956428113 0.07286080718040466 300032
