1770954442586 25.88730239868164 5120
1770954477166 26.40015983581543 10240
1770954511760 26.78385353088379 15360
1770954546353 27.20124053955078 20480
1770954580971 27.198999404907227 25600
1770954615578 27.232563018798828 30720
1770954650162 27.27385902404785 35840
1770954684755 27.17243194580078 40960
1770954719373 27.271175384521484 46080
1770954754003 27.308521270751953 51200
1770954788557 27.29126739501953 56320
1770954823151 27.276561737060547 61440
1770954857738 27.257326126098633 66560
1770954892331 27.28834342956543 71680
1770954926931 27.330501556396484 76800
1770954961466 27.30590057373047 81920
1770954996034 27.390554428100586 87040
1770955030557 27.31736183166504 92160
1770955065147 27.440988540649414 97280
1770955099699 27.434375762939453 102400
1770955134429 27.464662551879883 107520
1770955168954 27.49245262145996 112640
1770955203646 27.484195709228516 117760
1770955238241 27.484331130981445 122880
1770955272881 27.540950775146484 128000
1770955307558 27.52080535888672 133120
1770955342279 27.50759506225586 138240
1770955376904 27.50249481201172 143360
1770955411533 27.48917007446289 148480
1770955446012 27.524749755859375 153600
1770955480455 27.498737335205078 158720
1770955515013 27.50785255432129 163840
1770955549571 27.511459350585938 168960
1770955584124 27.492765426635742 174080
1770955618640 27.530567169189453 179200
1770955653121 27.481470108032227 184320
1770955688092 27.498247146606445 189440
1770955722604 27.473691940307617 194560
1770955757055 27.473628997802734 199680
1770955791578 27.4735107421875 204800
1770955826109 27.46518898010254 209920
1770955860651 27.453411102294922 215040
1770955895206 27.45821762084961 220160
1770955929797 27.463815689086914 225280
1770955964355 27.476760864257812 230400
1770955998913 27.474477767944336 235520
1770956033389 27.47972297668457 240640
1770956067929 27.507863998413086 245760
1770956102627 27.530826568603516 250880
1770956137172 27.52672004699707 256000
1770956171796 27.52755355834961 261120
1770956206461 27.53682518005371 266240
1770956241223 27.523344039916992 271360
1770956275701 27.54186248779297 276480
1770956310342 27.550586700439453 281600
1770956345069 27.555030822753906 286720
1770956379718 27.550201416015625 291840
1770956414212 27.54498863220215 296960
1770956428113 27.54448127746582 300032
