1770954442586 1.1216611862182617 5120
1770954477166 1.1252379417419434 10240
1770954511760 1.135621428489685 15360
1770954546353 1.1489248275756836 20480
1770954580971 1.1477502584457397 25600
1770954615578 1.147533893585205 30720
1770954650162 1.1457821130752563 35840
1770954684755 1.1425224542617798 40960
1770954719373 1.1476812362670898 46080
1770954754003 1.1482336521148682 51200
1770954788557 1.1459133625030518 56320
1770954823151 1.1445703506469727 61440
1770954857738 1.1442656517028809 66560
1770954892331 1.1448496580123901 71680
1770954926931 1.1466572284698486 76800
1770954961466 1.145645260810852 81920
1770954996034 1.1487326622009277 87040
1770955030557 1.1457663774490356 92160
1770955065147 1.1507760286331177 97280
1770955099699 1.1501630544662476 102400
1770955134429 1.1504405736923218 107520
1770955168954 1.1511274576187134 112640
1770955203646 1.1513400077819824 117760
1770955238241 1.1517473459243774 122880
1770955272881 1.1539198160171509 128000
1770955307558 1.1531398296356201 133120
1770955342279 1.152645230293274 138240
1770955376904 1.152804970741272 143360
1770955411533 1.1520864963531494 148480
1770955446012 1.1533538103103638 153600
1770955480455 1.152616024017334 158720
1770955515013 1.1532241106033325 163840
1770955549571 1.1525861024856567 168960
1770955584124 1.1516838073730469 174080
1770955618640 1.1530784368515015 179200
1770955653121 1.1514447927474976 184320
1770955688092 1.151860237121582 189440
1770955722604 1.1506067514419556 194560
1770955757055 1.150607705116272 199680
1770955791578 1.15042245388031 204800
1770955826109 1.150179386138916 209920
1770955860651 1.1493192911148071 215040
1770955895206 1.1497933864593506 220160
1770955929797 1.1499837636947632 225280
1770955964355 1.150270938873291 230400
1770955998913 1.1504456996917725 235520
1770956033389 1.150886058807373 240640
1770956067929 1.1518346071243286 245760
1770956102627 1.1527715921401978 250880
1770956137172 1.1524460315704346 256000
1770956171796 1.1525918245315552 261120
1770956206461 1.152936339378357 266240
1770956241223 1.1525365114212036 271360
1770956275701 1.1531682014465332 276480
1770956310342 1.1536556482315063 281600
1770956345069 1.153818964958191 286720
1770956379718 1.1536895036697388 291840
1770956414212 1.1536147594451904 296960
1770956428113 1.1534165143966675 300032
