1770954442576 21.049179077148438 5120
1770954477157 18.919673919677734 10240
1770954511750 15.891031265258789 15360
1770954546342 13.70619010925293 20480
1770954580962 13.0336275100708 25600
1770954615568 11.248477935791016 30720
1770954650152 11.001168251037598 35840
1770954684745 10.62559700012207 40960
1770954719362 12.76309585571289 46080
1770954753993 11.820998191833496 51200
1770954788546 11.879408836364746 56320
1770954823141 10.826128005981445 61440
1770954857727 11.274849891662598 66560
1770954892320 12.023473739624023 71680
1770954926921 13.384419441223145 76800
1770954961455 13.652958869934082 81920
1770954996023 13.406530380249023 87040
1770955030546 15.220670700073242 92160
1770955065136 12.679553031921387 97280
1770955099688 11.355178833007812 102400
1770955134418 11.203205108642578 107520
1770955168943 10.707418441772461 112640
1770955203637 10.826501846313477 117760
1770955238229 11.276978492736816 122880
1770955272868 12.065617561340332 128000
1770955307548 12.546732902526855 133120
1770955342268 12.779131889343262 138240
1770955376893 11.723563194274902 143360
1770955411520 11.073712348937988 148480
1770955445999 10.81371784210205 153600
1770955480443 10.688036918640137 158720
1770955514997 10.0509614944458 163840
1770955549558 10.60218620300293 168960
1770955584112 10.524588584899902 174080
1770955618628 10.67683219909668 179200
1770955653108 10.618376731872559 184320
1770955688082 10.521389961242676 189440
1770955722591 10.246318817138672 194560
1770955757041 10.219494819641113 199680
1770955791566 10.566983222961426 204800
1770955826096 10.231229782104492 209920
1770955860638 10.194141387939453 215040
1770955895193 10.259746551513672 220160
1770955929784 10.259332656860352 225280
1770955964342 10.179906845092773 230400
1770955998900 10.439584732055664 235520
1770956033376 9.874248504638672 240640
1770956067915 9.677547454833984 245760
1770956102611 9.435120582580566 250880
1770956137157 9.792947769165039 256000
1770956171782 9.452291488647461 261120
1770956206447 10.08843994140625 266240
1770956241209 10.165252685546875 271360
1770956275690 10.88796615600586 276480
1770956310327 10.364134788513184 281600
1770956345055 10.696379661560059 286720
1770956379704 10.227628707885742 291840
1770956414198 9.983406066894531 296960
1770956428099 10.09754753112793 300032
