1770954442586 1.0761618614196777 5120
1770954477166 1.084795355796814 10240
1770954511760 1.0998759269714355 15360
1770954546353 1.1210899353027344 20480
1770954580971 1.106500506401062 25600
1770954615578 1.1123628616333008 30720
1770954650162 1.1087193489074707 35840
1770954684755 1.099997639656067 40960
1770954719373 1.1030359268188477 46080
1770954754003 1.1027464866638184 51200
1770954788557 1.0951907634735107 56320
1770954823151 1.0939828157424927 61440
1770954857738 1.0966684818267822 66560
1770954892331 1.0934975147247314 71680
1770954926931 1.0994527339935303 76800
1770954961466 1.0980232954025269 81920
1770954996034 1.099665880203247 87040
1770955030557 1.0941216945648193 92160
1770955065147 1.1001033782958984 97280
1770955099699 1.1026663780212402 102400
1770955134429 1.1044255495071411 107520
1770955168954 1.1053171157836914 112640
1770955203646 1.1072673797607422 117760
1770955238241 1.10679292678833 122880
1770955272881 1.1113358736038208 128000
1770955307558 1.1119065284729004 133120
1770955342279 1.111009120941162 138240
1770955376904 1.1106513738632202 143360
1770955411533 1.1104068756103516 148480
1770955446012 1.1104166507720947 153600
1770955480455 1.111081600189209 158720
1770955515013 1.1107710599899292 163840
1770955549571 1.1073824167251587 168960
1770955584124 1.106184720993042 174080
1770955618640 1.1092745065689087 179200
1770955653121 1.1084941625595093 184320
1770955688092 1.1114788055419922 189440
1770955722604 1.1106703281402588 194560
1770955757055 1.1112474203109741 199680
1770955791578 1.1120291948318481 204800
1770955826109 1.1133071184158325 209920
1770955860651 1.1141345500946045 215040
1770955895206 1.1127102375030518 220160
1770955929797 1.1137665510177612 225280
1770955964355 1.1141754388809204 230400
1770955998913 1.1138215065002441 235520
1770956033389 1.1141854524612427 240640
1770956067929 1.1148343086242676 245760
1770956102627 1.1148546934127808 250880
1770956137172 1.114075779914856 256000
1770956171796 1.1141833066940308 261120
1770956206461 1.1144813299179077 266240
1770956241223 1.1150343418121338 271360
1770956275701 1.1153122186660767 276480
1770956310342 1.1153507232666016 281600
1770956345069 1.1151782274246216 286720
1770956379718 1.1162452697753906 291840
1770956414212 1.1162410974502563 296960
1770956428113 1.1159818172454834 300032
