1770954442586 0.2667398452758789 5120
1770954477166 0.2635006606578827 10240
1770954511760 0.2640172243118286 15360
1770954546353 0.267412006855011 20480
1770954580971 0.2643544375896454 25600
1770954615578 0.26587963104248047 30720
1770954650162 0.26480379700660706 35840
1770954684755 0.26360663771629333 40960
1770954719373 0.26437315344810486 46080
1770954754003 0.2638467252254486 51200
1770954788557 0.26195618510246277 56320
1770954823151 0.26148825883865356 61440
1770954857738 0.2617990970611572 66560
1770954892331 0.26100045442581177 71680
1770954926931 0.2623787224292755 76800
1770954961466 0.2616003453731537 81920
1770954996034 0.26185813546180725 87040
1770955030557 0.2612253427505493 92160
1770955065147 0.2626486122608185 97280
1770955099699 0.26303842663764954 102400
1770955134429 0.26324719190597534 107520
1770955168954 0.26354870200157166 112640
1770955203646 0.2640887498855591 117760
1770955238241 0.26421409845352173 122880
1770955272881 0.2651929259300232 128000
1770955307558 0.26514890789985657 133120
1770955342279 0.26500996947288513 138240
1770955376904 0.265034943819046 143360
1770955411533 0.2651030421257019 148480
1770955446012 0.26510149240493774 153600
1770955480455 0.26512953639030457 158720
1770955515013 0.26526328921318054 163840
1770955549571 0.26444223523139954 168960
1770955584124 0.2642199397087097 174080
1770955618640 0.2650816738605499 179200
1770955653121 0.2648496925830841 184320
1770955688092 0.2654273211956024 189440
1770955722604 0.2652486264705658 194560
1770955757055 0.2652144134044647 199680
1770955791578 0.2652736306190491 204800
1770955826109 0.2653995752334595 209920
1770955860651 0.26535195112228394 215040
1770955895206 0.2651989758014679 220160
1770955929797 0.2654801607131958 225280
1770955964355 0.2654024064540863 230400
1770955998913 0.26521697640419006 235520
1770956033389 0.2654341161251068 240640
1770956067929 0.26564642786979675 245760
1770956102627 0.26561734080314636 250880
1770956137172 0.2653728127479553 256000
1770956171796 0.2655025124549866 261120
1770956206461 0.26545172929763794 266240
1770956241223 0.26563379168510437 271360
1770956275701 0.2658287286758423 276480
1770956310342 0.2658251225948334 281600
1770956345069 0.2655988037586212 286720
1770956379718 0.2658006548881531 291840
1770956414212 0.26562565565109253 296960
1770956428113 0.26557016372680664 300032
