1770954442576 109.89346817931721 5120
1770954477157 139.00391065155432 10240
1770954511750 143.9017394586064 15360
1770954546342 145.35796222491769 20480
1770954580962 144.01043776824034 25600
1770954615568 144.9059941267922 30720
1770954650152 140.44212288632178 35840
1770954684745 145.751954686034 40960
1770954719362 138.15685628643894 46080
1770954753993 145.84317952640913 51200
1770954788546 124.24622311748327 56320
1770954823141 139.6658119942726 61440
1770954857727 140.60690579953067 66560
1770954892320 131.01058878650633 71680
1770954926921 142.62459194776932 76800
1770954961455 126.04213120173092 81920
1770954996023 143.6061218201116 87040
1770955030546 143.7784176607706 92160
1770955065136 137.3200628601362 97280
1770955099688 127.59503528839133 102400
1770955134418 137.2032711808963 107520
1770955168943 133.4618003627454 112640
1770955203637 155.31007924165002 117760
1770955238229 143.79320511501936 122880
1770955272868 125.50656811993177 128000
1770955307548 148.63930824296548 133120
1770955342268 134.9779236660874 138240
1770955376893 130.18915479405283 143360
1770955411520 128.97217182743458 148480
1770955445999 137.68519187210714 153600
1770955480443 126.45253097772016 158720
1770955514997 130.64332658464414 163840
1770955549558 137.09115868605983 168960
1770955584112 137.4956236682511 174080
1770955618628 138.93944613753808 179200
1770955653108 132.77315606204496 184320
1770955688082 161.6177558569667 189440
1770955722591 141.12732166890981 194560
1770955757041 132.1290322580645 199680
1770955791566 138.21604165293613 204800
1770955826096 134.62267300038516 209920
1770955860638 142.58095658972704 215040
1770955895193 139.0407743817543 220160
1770955929784 127.5911538344538 225280
1770955964342 139.97343567495412 230400
1770955998900 135.98443781610686 235520
1770956033376 138.93944613753808 240640
1770956067915 135.1431885552262 245760
1770956102611 114.62352426759948 250880
1770956137157 134.80439673458892 256000
1770956171782 128.91667435069925 261120
1770956206447 124.08816307209845 266240
1770956241209 137.0195027931136 271360
1770956275690 145.52944033864196 276480
1770956310327 126.79657788929532 281600
1770956345055 137.82091808234483 286720
1770956379704 124.57095337095338 291840
1770956414198 127.22734856068189 296960
1770956428099 122.5974511867181 300032
