1769360984954 0.08703212440013885 5120
1769360996032 0.08937541395425797 10240
1769361004254 0.09294825792312622 15360
1769361012253 0.09324968606233597 20480
1769361020819 0.0927850753068924 25600
1769361031604 0.09229610860347748 30720
1769361039746 0.09346739202737808 35840
1769361048018 0.09380385279655457 40960
1769361056379 0.09249789267778397 46080
1769361065788 0.0922296792268753 51200
1769361075202 0.09178737550973892 56320
1769361083346 0.09074689447879791 61440
1769361091858 0.09085766971111298 66560
1769361102145 0.09139443933963776 71680
1769361110188 0.0917961597442627 76800
1769361119035 0.09152822196483612 81920
1769361127023 0.09095608443021774 87040
1769361137562 0.09084464609622955 92160
1769361144787 0.09074478596448898 97280
1769361153159 0.090786874294281 102400
1769361162251 0.09039018303155899 107520
1769361172847 0.09032018482685089 112640
1769361180053 0.09085924178361893 117760
1769361188698 0.09111106395721436 122880
1769361197199 0.09117142856121063 128000
1769361207421 0.09090918302536011 133120
1769361214663 0.09103070944547653 138240
1769361223391 0.09104975312948227 143360
1769361232300 0.09083706140518188 148480
1769361241759 0.09104964137077332 153600
1769361250081 0.09119755774736404 158720
1769361258526 0.09107780456542969 163840
1769361265986 0.09077852219343185 168960
1769361276497 0.09080497175455093 174080
1769361284560 0.09065120667219162 179200
1769361293637 0.09062324464321136 184320
1769361301596 0.0907970741391182 189440
1769361310996 0.09052681177854538 194560
1769361320068 0.09047432988882065 199680
1769361328628 0.09075769037008286 204800
1769361336201 0.09084105491638184 209920
1769361346034 0.0907757431268692 215040
1769361354759 0.09104135632514954 220160
1769361363528 0.09111769497394562 225280
1769361372028 0.09107449650764465 230400
1769361381854 0.09110825508832932 235520
1769361390480 0.09094098955392838 240640
1769361400251 0.09092448651790619 245760
1769361408560 0.09091734886169434 250880
1769361419942 0.09101160615682602 256000
1769361430823 0.091000996530056 261120
1769361440405 0.09094566106796265 266240
1769361447731 0.09093696624040604 271360
1769361457241 0.09084058552980423 276480
1769361466533 0.09086205065250397 281600
1769361475589 0.09087128937244415 286720
1769361482696 0.0907479077577591 291840
1769361493108 0.09049081802368164 296960
1769361497058 0.09047973901033401 300032
