1769360984954 17.474477767944336 5120
1769360996032 17.69753646850586 10240
1769361004254 17.663650512695312 15360
1769361012253 17.71404266357422 20480
1769361020819 17.711790084838867 25600
1769361031604 17.87259292602539 30720
1769361039746 17.94529914855957 35840
1769361048018 18.036949157714844 40960
1769361056379 17.981441497802734 46080
1769361065788 18.05185890197754 51200
1769361075202 17.97597885131836 56320
1769361083346 17.868078231811523 61440
1769361091858 17.898792266845703 66560
1769361102145 17.948932647705078 71680
1769361110188 17.921466827392578 76800
1769361119035 17.92138671875 81920
1769361127023 17.93787384033203 87040
1769361137562 17.96509552001953 92160
1769361144787 17.959871292114258 97280
1769361153159 17.95185089111328 102400
1769361162251 17.92782211303711 107520
1769361172847 17.891183853149414 112640
1769361180053 17.91163444519043 117760
1769361188698 17.945926666259766 122880
1769361197199 17.933080673217773 128000
1769361207421 17.905960083007812 133120
1769361214663 17.92148780822754 138240
1769361223391 17.92436408996582 143360
1769361232300 17.89987564086914 148480
1769361241759 17.92757797241211 153600
1769361250081 17.932106018066406 158720
1769361258526 17.917863845825195 163840
1769361265986 17.887474060058594 168960
1769361276497 17.904714584350586 174080
1769361284560 17.903606414794922 179200
1769361293637 17.901901245117188 184320
1769361301596 17.88915252685547 189440
1769361310996 17.884431838989258 194560
1769361320068 17.883811950683594 199680
1769361328628 17.883481979370117 204800
1769361336201 17.87703514099121 209920
1769361346034 17.879133224487305 215040
1769361354759 17.896574020385742 220160
1769361363528 17.913278579711914 225280
1769361372028 17.922588348388672 230400
1769361381854 17.91581916809082 235520
1769361390480 17.881866455078125 240640
1769361400251 17.88884735107422 245760
1769361408560 17.903364181518555 250880
1769361419942 17.90950584411621 256000
1769361430823 17.90656852722168 261120
1769361440405 17.888263702392578 266240
1769361447731 17.885385513305664 271360
1769361457241 17.874040603637695 276480
1769361466533 17.879051208496094 281600
1769361475589 17.886877059936523 286720
1769361482696 17.871788024902344 291840
1769361493108 17.88422966003418 296960
1769361497058 17.88995933532715 300032
