1769360984954 0.0 5120
1769360996032 0.0 10240
1769361004254 0.0 15360
1769361012253 0.0 20480
1769361020819 0.0 25600
1769361031604 0.0 30720
1769361039746 0.0 35840
1769361048018 0.0 40960
1769361056379 0.0 46080
1769361065788 0.0 51200
1769361075202 0.0 56320
1769361083346 0.0 61440
1769361091858 0.0 66560
1769361102145 0.0 71680
1769361110188 0.0 76800
1769361119035 0.0 81920
1769361127023 0.0 87040
1769361137562 0.0 92160
1769361144787 0.0 97280
1769361153159 0.0 102400
1769361162251 0.0 107520
1769361172847 0.0 112640
1769361180053 0.0 117760
1769361188698 0.0 122880
1769361197199 0.0 128000
1769361207421 0.0 133120
1769361214663 0.0 138240
1769361223391 0.0 143360
1769361232300 0.0 148480
1769361241759 0.0 153600
1769361250081 0.0 158720
1769361258526 0.0 163840
1769361265986 0.0 168960
1769361276497 0.0 174080
1769361284560 0.0 179200
1769361293637 0.0 184320
1769361301596 0.0 189440
1769361310996 0.0 194560
1769361320068 0.0 199680
1769361328628 0.0 204800
1769361336201 0.0 209920
1769361346034 0.0 215040
1769361354759 0.0 220160
1769361363528 0.0 225280
1769361372028 0.0 230400
1769361381854 0.0 235520
1769361390480 0.0 240640
1769361400251 0.0 245760
1769361408560 0.0 250880
1769361419942 0.0 256000
1769361430823 0.0 261120
1769361440405 0.0 266240
1769361447731 0.0 271360
1769361457241 0.0 276480
1769361466533 0.0 281600
1769361475589 0.0 286720
1769361482696 0.0 291840
1769361493108 0.0 296960
1769361497058 0.0 300032
