1769360984954 1.1104037761688232 5120
1769360996032 1.125450849533081 10240
1769361004254 1.1325702667236328 15360
1769361012253 1.1327177286148071 20480
1769361020819 1.136773705482483 25600
1769361031604 1.1388190984725952 30720
1769361039746 1.14664888381958 35840
1769361048018 1.1488679647445679 40960
1769361056379 1.1459689140319824 46080
1769361065788 1.1474876403808594 51200
1769361075202 1.1427830457687378 56320
1769361083346 1.1383774280548096 61440
1769361091858 1.1396921873092651 66560
1769361102145 1.1424909830093384 71680
1769361110188 1.1435730457305908 76800
1769361119035 1.1430087089538574 81920
1769361127023 1.1415215730667114 87040
1769361137562 1.1420025825500488 92160
1769361144787 1.1415379047393799 97280
1769361153159 1.1427639722824097 102400
1769361162251 1.141624927520752 107520
1769361172847 1.1401946544647217 112640
1769361180053 1.143386721611023 117760
1769361188698 1.1457487344741821 122880
1769361197199 1.145865559577942 128000
1769361207421 1.1435515880584717 133120
1769361214663 1.1443177461624146 138240
1769361223391 1.1448161602020264 143360
1769361232300 1.1438477039337158 148480
1769361241759 1.1452018022537231 153600
1769361250081 1.1453006267547607 158720
1769361258526 1.1435202360153198 163840
1769361265986 1.1415454149246216 168960
1769361276497 1.14224374294281 174080
1769361284560 1.141855001449585 179200
1769361293637 1.1418808698654175 184320
1769361301596 1.1419696807861328 189440
1769361310996 1.1413140296936035 194560
1769361320068 1.1411916017532349 199680
1769361328628 1.141495704650879 204800
1769361336201 1.141545057296753 209920
1769361346034 1.1413195133209229 215040
1769361354759 1.1427383422851562 220160
1769361363528 1.143452763557434 225280
1769361372028 1.1435511112213135 230400
1769361381854 1.1433489322662354 235520
1769361390480 1.1417783498764038 240640
1769361400251 1.1425992250442505 245760
1769361408560 1.143175482749939 250880
1769361419942 1.1433566808700562 256000
1769361430823 1.142971158027649 261120
1769361440405 1.1419743299484253 266240
1769361447731 1.1419419050216675 271360
1769361457241 1.1417648792266846 276480
1769361466533 1.1420286893844604 281600
1769361475589 1.1424560546875 286720
1769361482696 1.1420276165008545 291840
1769361493108 1.1419800519943237 296960
1769361497058 1.142169713973999 300032
