1769360984949 -0.7601504921913147 5120
1769360996022 -0.837092399597168 10240
1769361004246 -1.225090742111206 15360
1769361012248 -1.7325456142425537 20480
1769361020809 -2.2107093334198 25600
1769361031596 -2.6994457244873047 30720
1769361039739 -3.1527857780456543 35840
1769361048011 -3.620964765548706 40960
1769361056368 -3.9209747314453125 46080
1769361065782 -4.240762710571289 51200
1769361075196 -4.424951076507568 56320
1769361083338 -4.626876354217529 61440
1769361091852 -4.7598419189453125 66560
1769361102137 -4.787933826446533 71680
1769361110180 -4.914618492126465 76800
1769361119030 -5.014116287231445 81920
1769361127010 -5.011329174041748 87040
1769361137554 -5.1598076820373535 92160
1769361144773 -5.131741523742676 97280
1769361153148 -5.1316423416137695 102400
1769361162245 -5.248779296875 107520
1769361172835 -5.268593788146973 112640
1769361180043 -5.203359603881836 117760
1769361188688 -5.2791290283203125 122880
1769361197191 -5.310002326965332 128000
1769361207411 -5.345299243927002 133120
1769361214652 -5.400681972503662 138240
1769361223379 -5.3449883460998535 143360
1769361232289 -5.38248348236084 148480
1769361241750 -5.472055912017822 153600
1769361250075 -5.353659152984619 158720
1769361258516 -5.420246124267578 163840
1769361265976 -5.452171325683594 168960
1769361276486 -5.434673309326172 174080
1769361284546 -5.467020511627197 179200
1769361293628 -5.481749534606934 184320
1769361301588 -5.449676990509033 189440
1769361310983 -5.4734110832214355 194560
1769361320061 -5.4442901611328125 199680
1769361328619 -5.466333866119385 204800
1769361336191 -5.516823768615723 209920
1769361346021 -5.567326545715332 215040
1769361354751 -5.509040832519531 220160
1769361363519 -5.470172882080078 225280
1769361372018 -5.479467391967773 230400
1769361381839 -5.557591438293457 235520
1769361390469 -5.506394863128662 240640
1769361400241 -5.541584014892578 245760
1769361408546 -5.630314826965332 250880
1769361419931 -5.569134712219238 256000
1769361430808 -5.609399795532227 261120
1769361440396 -5.61461067199707 266240
1769361447717 -5.473013877868652 271360
1769361457229 -5.638625144958496 276480
1769361466521 -5.785104274749756 281600
1769361475580 -5.481022357940674 286720
1769361482687 -5.542839050292969 291840
1769361493094 -5.498806953430176 296960
1769361497047 -5.361716270446777 300032
