1769360984949 111.30493856646233 5120
1769360996022 275.37942354408773 10240
1769361004246 405.09020668340736 15360
1769361012248 517.5597235932872 20480
1769361020809 359.3782880644332 25600
1769361031596 185.8024275715425 30720
1769361039739 289.8420288853569 35840
1769361048011 335.54432 40960
1769361056368 158.82702211451075 46080
1769361065782 386.678713008205 51200
1769361075196 372.462836337803 56320
1769361083338 418.59321357285427 61440
1769361091852 432.5808580858086 66560
1769361102137 367.69562549311826 71680
1769361110180 399.8002097035554 76800
1769361119030 494.14514608859565 81920
1769361127010 317.77437684673083 87040
1769361137554 567.4112554112554 92160
1769361144773 173.93646844156922 97280
1769361153148 375.6653828929691 102400
1769361162245 501.711004784689 107520
1769361172835 339.83989628909416 112640
1769361180043 435.8171238570241 117760
1769361188688 474.36145668400815 122880
1769361197191 489.0176052232715 128000
1769361207411 335.7054586201377 133120
1769361214652 542.1098617035027 138240
1769361223379 361.9523645150155 143360
1769361232289 434.23791282741485 148480
1769361241750 359.4090831191088 153600
1769361250075 576.6158922188617 158720
1769361258516 225.3306113677877 163840
1769361265976 391.07729603729604 168960
1769361276486 385.25801414531094 174080
1769361284546 267.63042368555386 179200
1769361293628 564.2055421038472 184320
1769361301588 376.9144500359454 189440
1769361310983 434.77806571991295 194560
1769361320061 483.7162956983047 199680
1769361328619 506.6196400531465 204800
1769361336191 517.1130563432375 209920
1769361346021 186.2893182322896 215040
1769361354751 252.2131088394468 220160
1769361363519 473.0240216533213 225280
1769361372018 251.72872404273195 230400
1769361381839 218.9779680484494 235520
1769361390469 385.7895511405445 240640
1769361400241 387.679452814493 245760
1769361408546 375.1949190446373 250880
1769361419931 282.94009713977334 256000
1769361430808 349.05992010652466 261120
1769361440396 523.3720988270527 266240
1769361447717 543.8672199170124 271360
1769361457229 318.06354743307804 276480
1769361466521 394.9810716639985 281600
1769361475580 277.9893955461294 286720
1769361482687 367.5989482909728 291840
1769361493094 397.71515266451735 296960
1769361497047 286.9666119321292 300032
