1769360984954 2.017240285873413 5120
1769360996032 2.0743370056152344 10240
1769361004254 2.1608638763427734 15360
1769361012253 2.165844202041626 20480
1769361020819 2.1659512519836426 25600
1769361031604 2.151573896408081 30720
1769361039746 2.178809881210327 35840
1769361048018 2.1846468448638916 40960
1769361056379 2.1596758365631104 46080
1769361065788 2.153299570083618 51200
1769361075202 2.1415860652923584 56320
1769361083346 2.121886730194092 61440
1769361091858 2.1236252784729004 66560
1769361102145 2.135572910308838 71680
1769361110188 2.1488449573516846 76800
1769361119035 2.1437370777130127 81920
1769361127023 2.12912917137146 87040
1769361137562 2.1255030632019043 92160
1769361144787 2.1231584548950195 97280
1769361153159 2.1256160736083984 102400
1769361162251 2.117936372756958 107520
1769361172847 2.11722993850708 112640
1769361180053 2.13071346282959 117760
1769361188698 2.136171817779541 122880
1769361197199 2.1391851902008057 128000
1769361207421 2.133073329925537 133120
1769361214663 2.1354637145996094 138240
1769361223391 2.1357617378234863 143360
1769361232300 2.13215708732605 148480
1769361241759 2.1367759704589844 153600
1769361250081 2.1390445232391357 158720
1769361258526 2.1357085704803467 163840
1769361265986 2.128547430038452 168960
1769361276497 2.1288414001464844 174080
1769361284560 2.1254684925079346 179200
1769361293637 2.125488042831421 184320
1769361301596 2.1292622089385986 189440
1769361310996 2.1227307319641113 194560
1769361320068 2.1213624477386475 199680
1769361328628 2.1278393268585205 204800
1769361336201 2.1298959255218506 209920
1769361346034 2.128690481185913 215040
1769361354759 2.1343181133270264 220160
1769361363528 2.1356022357940674 225280
1769361372028 2.1340553760528564 230400
1769361381854 2.1348726749420166 235520
1769361390480 2.131889820098877 240640
1769361400251 2.1315994262695312 245760
1769361408560 2.1308774948120117 250880
1769361419942 2.1328582763671875 256000
1769361430823 2.132610321044922 261120
1769361440405 2.13181734085083 266240
1769361447731 2.131340980529785 271360
1769361457241 2.1300511360168457 276480
1769361466533 2.1308000087738037 281600
1769361475589 2.1307406425476074 286720
1769361482696 2.1284334659576416 291840
1769361493108 2.122265338897705 296960
1769361497058 2.1219382286071777 300032
