1759977545007 0.9584103580635627 5120
1759977566554 0.9380733748356185 10240
1759977589014 0.9481672082536095 15360
1759977614588 0.9085083359217571 20480
1759977639207 0.9056388415426875 25600
1759977660765 0.9203990500691028 30720
1759977682094 0.9155640602111816 35840
1759977704870 0.9322523233922718 40960
1759977730378 0.9302618460502818 46080
1759977751437 0.9219958650846911 51200
1759977772587 0.9174159096022243 56320
1759977794837 0.9210992506417739 61440
1759977819550 0.9149848838538497 66560
1759977842788 0.9168113739259781 71680
1759977864111 0.9250072466486305 76800
1759977884901 0.9189563268019061 81920
1759977909087 0.9152042285434708 87040
1759977932414 0.9151437219265288 92160
1759977955738 0.9181541670877922 97280
1759977978311 0.9183474431101908 102400
1759978001325 0.917511742026894 107520
1759978023184 0.9156937516420005 112640
1759978053468 0.9165052949000632 117760
1759978078717 0.9136563702413938 122880
1759978105301 0.9118643295782952 128000
1759978130636 0.9136404210030551 133120
1759978158998 0.9130189136250023 138240
1759978184738 0.9097103118324222 143360
1759978208065 0.9118970761245929 148480
1759978232384 0.9154199001851562 153600
1759978259386 0.9159560664089491 158720
1759978288037 0.9167322183128475 163840
1759978310707 0.9137487609548346 168960
1759978333457 0.9093589346223631 174080
1759978359510 0.9071020879376305 179200
1759978388882 0.9069850046221608 184320
1759978413062 0.9079583763764202 189440
1759978435899 0.9071638169645272 194560
1759978459157 0.9056338775960893 199680
1759978487654 0.9055622455685638 204800
1759978514022 0.904524781625145 209920
1759978537906 0.9049019900999961 215040
1759978565769 0.9070434202329266 220160
1759978588630 0.9056168473082836 225280
1759978614279 0.9066716362553235 230400
1759978639805 0.9073210042629464 235520
1759978664910 0.9086837517497874 240640
1759978690257 0.9061040038219916 245760
1759978716512 0.9081702423161214 250880
1759978743770 0.9074523529995174 256000
1759978766845 0.9068203062099349 261120
1759978791881 0.9068519312332861 266240
1759978820525 0.9057836612847996 271360
1759978843804 0.9039706032416182 276480
1759978875872 0.9041242364642451 281600
1759978898963 0.903710883208965 286720
1759978922094 0.9042412948214201 291840
1759978945916 0.9049585406746516 296960
1759978977529 0.903367785376398 302080
1759979000466 0.9038621271589019 307200
1759979022710 0.9044109963373683 312320
1759979048407 0.9048540697092599 317440
1759979077432 0.9040391249849757 322560
1759979099883 0.9052897833347509 327680
1759979124402 0.9038257923747551 332800
1759979151704 0.9035182260516348 337920
1759979175716 0.9037617727824739 343040
1759979200238 0.9030910681355643 348160
1759979223419 0.9030920977416508 353280
1759979255371 0.9028266236173486 358400
1759979278034 0.9016214309462696 363520
1759979301137 0.90141384584589 368640
1759979323844 0.901707061783415 373760
1759979355993 0.9000786760209886 378880
1759979380138 0.8986895361661804 384000
1759979403165 0.8983114192888677 389120
1759979426486 0.8985201771177957 394240
1759979458847 0.8978695027786777 399360
1759979480967 0.8970839982092235 404480
1759979504126 0.8970868683102231 409600
1759979532245 0.8982546485403569 414720
1759979557905 0.9002864176656932 419840
1759979581106 0.900098134679277 424960
1759979605777 0.899394768040938 430080
1759979634594 0.8978194955047911 435200
1759979657265 0.8987387604562546 440320
1759979680202 0.8985315052508915 445440
1759979709404 0.8974476340925756 450560
1759979735330 0.8966488436881559 455680
1759979758042 0.8964901763216104 460800
1759979780489 0.8968244175310295 465920
1759979812488 0.8973268989154894 471040
1759979835978 0.8965554710206737 476160
1759979858501 0.8971826038614499 481280
1759979883896 0.8976121214229797 486400
1759979911526 0.8982825338890197 491520
1759979935931 0.8992390465859654 496640
1759979959225 0.9002675392450122 501760
1759979985500 0.899707570612395 506880
1759980013159 0.8991459431002663 512000
1759980035825 0.898526466152083 517120
1759980059450 0.8989672712287011 522240
1759980088191 0.9001278616384245 527360
1759980112364 0.9003919929168082 532480
1759980135346 0.899407114930702 537600
1759980159614 0.9004027089725828 542720
1759980190984 0.9008221773261107 547840
1759980212923 0.9008592847845849 552960
1759980236834 0.9022696546725814 558080
1759980260629 0.9023167573378965 563200
1759980293068 0.9022642753522205 568320
1759980315411 0.9016690079800426 573440
1759980337664 0.9025500302210963 578560
1759980360600 0.9027256002361905 583680
1759980392996 0.9024010132892979 588800
1759980416382 0.9020656830719742 593920
1759980439467 0.9023646311686007 599040
1759980462194 0.9025895482253332 604160
1759980494668 0.9021511913072875 609280
1759980518589 0.9031018756780611 614400
1759980541180 0.9034309568776937 619520
1759980563880 0.9042289871751448 624640
1759980596486 0.9041980250902183 629760
1759980619337 0.904573698361217 634880
1759980641957 0.904762010671556 640000
1759980665151 0.904542823729684 645120
1759980696468 0.9042914600104923 650240
1759980720173 0.903728520064268 655360
1759980744048 0.9039957047007899 660480
