1759977545007 500.0 5120
1759977566554 500.0 10240
1759977589014 500.0 15360
1759977614588 500.0 20480
1759977639207 500.0 25600
1759977660765 500.0 30720
1759977682094 500.0 35840
1759977704870 500.0 40960
1759977730378 500.0 46080
1759977751437 500.0 51200
1759977772587 500.0 56320
1759977794837 500.0 61440
1759977819550 500.0 66560
1759977842788 500.0 71680
1759977864111 500.0 76800
1759977884901 500.0 81920
1759977909087 500.0 87040
1759977932414 500.0 92160
1759977955738 500.0 97280
1759977978311 500.0 102400
1759978001325 500.0 107520
1759978023184 500.0 112640
1759978053468 500.0 117760
1759978078717 500.0 122880
1759978105301 500.0 128000
1759978130636 500.0 133120
1759978158998 500.0 138240
1759978184738 500.0 143360
1759978208065 500.0 148480
1759978232384 500.0 153600
1759978259386 500.0 158720
1759978288037 500.0 163840
1759978310707 500.0 168960
1759978333457 500.0 174080
1759978359510 500.0 179200
1759978388882 500.0 184320
1759978413062 500.0 189440
1759978435899 500.0 194560
1759978459157 500.0 199680
1759978487654 500.0 204800
1759978514022 500.0 209920
1759978537906 500.0 215040
1759978565769 500.0 220160
1759978588630 500.0 225280
1759978614279 500.0 230400
1759978639805 500.0 235520
1759978664910 500.0 240640
1759978690257 500.0 245760
1759978716512 500.0 250880
1759978743770 500.0 256000
1759978766845 500.0 261120
1759978791881 500.0 266240
1759978820525 500.0 271360
1759978843804 500.0 276480
1759978875872 500.0 281600
1759978898963 500.0 286720
1759978922094 500.0 291840
1759978945916 500.0 296960
1759978977529 500.0 302080
1759979000466 500.0 307200
1759979022710 500.0 312320
1759979048407 500.0 317440
1759979077432 500.0 322560
1759979099883 500.0 327680
1759979124402 500.0 332800
1759979151704 500.0 337920
1759979175716 500.0 343040
1759979200238 500.0 348160
1759979223419 500.0 353280
1759979255371 500.0 358400
1759979278034 500.0 363520
1759979301137 500.0 368640
1759979323844 500.0 373760
1759979355993 500.0 378880
1759979380138 500.0 384000
1759979403165 500.0 389120
1759979426486 500.0 394240
1759979458847 500.0 399360
1759979480967 500.0 404480
1759979504126 500.0 409600
1759979532245 500.0 414720
1759979557905 500.0 419840
1759979581106 500.0 424960
1759979605777 500.0 430080
1759979634594 500.0 435200
1759979657265 500.0 440320
1759979680202 500.0 445440
1759979709404 500.0 450560
1759979735330 500.0 455680
1759979758042 500.0 460800
1759979780489 500.0 465920
1759979812488 500.0 471040
1759979835978 500.0 476160
1759979858501 500.0 481280
1759979883896 500.0 486400
1759979911526 500.0 491520
1759979935931 500.0 496640
1759979959225 500.0 501760
1759979985500 500.0 506880
1759980013159 500.0 512000
1759980035825 500.0 517120
1759980059450 500.0 522240
1759980088191 500.0 527360
1759980112364 500.0 532480
1759980135346 500.0 537600
1759980159614 500.0 542720
1759980190984 500.0 547840
1759980212923 500.0 552960
1759980236834 500.0 558080
1759980260629 500.0 563200
1759980293068 500.0 568320
1759980315411 500.0 573440
1759980337664 500.0 578560
1759980360600 500.0 583680
1759980392996 500.0 588800
1759980416382 500.0 593920
1759980439467 500.0 599040
1759980462194 500.0 604160
1759980494668 500.0 609280
1759980518589 500.0 614400
1759980541180 500.0 619520
1759980563880 500.0 624640
1759980596486 500.0 629760
1759980619337 500.0 634880
1759980641957 500.0 640000
1759980665151 500.0 645120
1759980696468 500.0 650240
1759980720173 500.0 655360
1759980744048 500.0 660480
