1759977545007 0.0 5120
1759977566554 0.0 10240
1759977589014 0.0 15360
1759977614588 0.0 20480
1759977639207 0.0 25600
1759977660765 0.0 30720
1759977682094 0.0 35840
1759977704870 0.0 40960
1759977730378 0.0 46080
1759977751437 0.0 51200
1759977772587 0.0 56320
1759977794837 0.0 61440
1759977819550 0.0 66560
1759977842788 0.0 71680
1759977864111 0.0 76800
1759977884901 0.0 81920
1759977909087 0.0 87040
1759977932414 0.0 92160
1759977955738 0.0 97280
1759977978311 0.0 102400
1759978001325 0.0 107520
1759978023184 0.0 112640
1759978053468 0.0 117760
1759978078717 0.0 122880
1759978105301 0.0 128000
1759978130636 0.0 133120
1759978158998 0.0 138240
1759978184738 0.0 143360
1759978208065 0.0 148480
1759978232384 0.0 153600
1759978259386 0.0 158720
1759978288037 0.0 163840
1759978310707 0.0 168960
1759978333457 0.0 174080
1759978359510 0.0 179200
1759978388882 0.0 184320
1759978413062 0.0 189440
1759978435899 0.0 194560
1759978459157 0.0 199680
1759978487654 0.0 204800
1759978514022 0.0 209920
1759978537906 0.0 215040
1759978565769 0.0 220160
1759978588630 0.0 225280
1759978614279 0.0 230400
1759978639805 0.0 235520
1759978664910 0.0 240640
1759978690257 0.0 245760
1759978716512 0.0 250880
1759978743770 0.0 256000
1759978766845 0.0 261120
1759978791881 0.0 266240
1759978820525 0.0 271360
1759978843804 0.0 276480
1759978875872 0.0 281600
1759978898963 0.0 286720
1759978922094 0.0 291840
1759978945916 0.0 296960
1759978977529 0.0 302080
1759979000466 0.0 307200
1759979022710 0.0 312320
1759979048407 0.0 317440
1759979077432 0.0 322560
1759979099883 0.0 327680
1759979124402 0.0 332800
1759979151704 0.0 337920
1759979175716 0.0 343040
1759979200238 0.0 348160
1759979223419 0.0 353280
1759979255371 0.0 358400
1759979278034 0.0 363520
1759979301137 0.0 368640
1759979323844 0.0 373760
1759979355993 0.0 378880
1759979380138 0.0 384000
1759979403165 0.0 389120
1759979426486 0.0 394240
1759979458847 0.0 399360
1759979480967 0.0 404480
1759979504126 0.0 409600
1759979532245 0.0 414720
1759979557905 0.0 419840
1759979581106 0.0 424960
1759979605777 0.0 430080
1759979634594 0.0 435200
1759979657265 0.0 440320
1759979680202 0.0 445440
1759979709404 0.0 450560
1759979735330 0.0 455680
1759979758042 0.0 460800
1759979780489 0.0 465920
1759979812488 0.0 471040
1759979835978 0.0 476160
1759979858501 0.0 481280
1759979883896 0.0 486400
1759979911526 0.0 491520
1759979935931 0.0 496640
1759979959225 0.0 501760
1759979985500 0.0 506880
1759980013159 0.0 512000
1759980035825 0.0 517120
1759980059450 0.0 522240
1759980088191 0.0 527360
1759980112364 0.0 532480
1759980135346 0.0 537600
1759980159614 0.0 542720
1759980190984 0.0 547840
1759980212923 0.0 552960
1759980236834 0.0 558080
1759980260629 0.0 563200
1759980293068 0.0 568320
1759980315411 0.0 573440
1759980337664 0.0 578560
1759980360600 0.0 583680
1759980392996 0.0 588800
1759980416382 0.0 593920
1759980439467 0.0 599040
1759980462194 0.0 604160
1759980494668 0.0 609280
1759980518589 0.0 614400
1759980541180 0.0 619520
1759980563880 0.0 624640
1759980596486 0.0 629760
1759980619337 0.0 634880
1759980641957 0.0 640000
1759980665151 0.0 645120
1759980696468 0.0 650240
1759980720173 0.0 655360
1759980744048 0.0 660480
