1759977545007 17.08130373899964 5120
1759977566554 17.242020929952066 10240
1759977589014 17.523309881036933 15360
1759977614588 17.29253456951286 20480
1759977639207 17.288111155317644 25600
1759977660765 17.48939052700584 30720
1759977682094 17.372901808029102 35840
1759977704870 17.484680144091136 40960
1759977730378 17.4835051854157 46080
1759977751437 17.430458743902598 51200
1759977772587 17.34912819247969 56320
1759977794837 17.36584464140707 61440
1759977819550 17.35573383155727 66560
1759977842788 17.373194285475936 71680
1759977864111 17.46743557464455 76800
1759977884901 17.42369206180687 81920
1759977909087 17.40200695033138 87040
1759977932414 17.422754466283806 92160
1759977955738 17.428289008761062 97280
1759977978311 17.41257199024994 102400
1759978001325 17.425838699874344 107520
1759978023184 17.366875595567155 112640
1759978053468 17.376843809798636 117760
1759978078717 17.339958889111028 122880
1759978105301 17.31443541239458 128000
1759978130636 17.336396801876138 133120
1759978158998 17.32543136572949 138240
1759978184738 17.288121024016466 143360
1759978208065 17.309643004566254 148480
1759978232384 17.337401488556555 153600
1759978259386 17.3341479412706 158720
1759978288037 17.348342364087245 163840
1759978310707 17.342586918292735 168960
1759978333457 17.301710956465897 174080
1759978359510 17.277014190974676 179200
1759978388882 17.282477981107156 184320
1759978413062 17.299690827447506 189440
1759978435899 17.307325409020084 194560
1759978459157 17.29013347461022 199680
1759978487654 17.292543681210045 204800
1759978514022 17.27689097965799 209920
1759978537906 17.294239323686668 215040
1759978565769 17.308654139597845 220160
1759978588630 17.286204482525594 225280
1759978614279 17.29428938592011 230400
1759978639805 17.299421435185053 235520
1759978664910 17.317427085942047 240640
1759978690257 17.293841468743494 245760
1759978716512 17.324461124452267 250880
1759978743770 17.308810166982 256000
1759978766845 17.306317348130918 261120
1759978791881 17.307255796557037 266240
1759978820525 17.30386993611718 271360
1759978843804 17.28857959106084 276480
1759978875872 17.29374209380945 281600
1759978898963 17.297804192067805 286720
1759978922094 17.303463634291617 291840
1759978945916 17.305084128893498 296960
1759978977529 17.298591466862064 302080
1759979000466 17.303960832684805 307200
1759979022710 17.30861835191482 312320
1759979048407 17.320512165523365 317440
1759979077432 17.307145366085003 322560
1759979099883 17.318761640121366 327680
1759979124402 17.314480782728662 332800
1759979151704 17.313646647135418 337920
1759979175716 17.323643912451487 343040
1759979200238 17.321188629588733 348160
1759979223419 17.318936139543307 353280
1759979255371 17.31281923287417 358400
1759979278034 17.30227518256869 363520
1759979301137 17.308067276284635 368640
1759979323844 17.30507846214859 373760
1759979355993 17.291402846390014 378880
1759979380138 17.282470237207775 384000
1759979403165 17.279644694235845 389120
1759979426486 17.27607886580553 394240
1759979458847 17.269307670770345 399360
1759979480967 17.25750417911611 404480
1759979504126 17.253587859892214 409600
1759979532245 17.262390092301857 414720
1759979557905 17.277063738055766 419840
1759979581106 17.269818406674382 424960
1759979605777 17.260963780105495 430080
1759979634594 17.2440746954153 435200
1759979657265 17.252132262914504 440320
1759979680202 17.249174439582045 445440
1759979709404 17.240601965197026 450560
1759979735330 17.237613390874063 455680
1759979758042 17.23506625278365 460800
1759979780489 17.23658161261342 465920
1759979812488 17.245074874338464 471040
1759979835978 17.23999354672459 476160
1759979858501 17.246837913298094 481280
1759979883896 17.24597970671071 486400
1759979911526 17.252666918305515 491520
1759979935931 17.25386713414694 496640
1759979959225 17.260295461710115 501760
1759979985500 17.2514564574582 506880
1759980013159 17.249752887885982 512000
1759980035825 17.247626773839166 517120
1759980059450 17.2555546787176 522240
1759980088191 17.261248381893523 527360
1759980112364 17.263061840258946 532480
1759980135346 17.259149429046108 537600
1759980159614 17.26622585170051 542720
1759980190984 17.270062017685134 547840
1759980212923 17.265227677914858 552960
1759980236834 17.275154931035942 558080
1759980260629 17.277409473146815 563200
1759980293068 17.27273972703534 568320
1759980315411 17.266944094638607 573440
1759980337664 17.27823114688903 578560
1759980360600 17.281670116515205 583680
1759980392996 17.281373373697726 588800
1759980416382 17.282273250154436 593920
1759980439467 17.28435840407219 599040
1759980462194 17.292861461076754 604160
1759980494668 17.288740596032756 609280
1759980518589 17.297566190952992 614400
1759980541180 17.297755480760376 619520
1759980563880 17.305106638328397 624640
1759980596486 17.308341900949216 629760
1759980619337 17.311255795452794 634880
1759980641957 17.314812873124932 640000
1759980665151 17.313600265675618 645120
1759980696468 17.311846480592287 650240
1759980720173 17.304466880554145 655360
1759980744048 17.30694120298049 660480
