1759977545007 4.521072796934866 5120
1759977566554 4.312749003984064 10240
1759977589014 4.289009497964722 15360
1759977614588 4.171954964176049 20480
1759977639207 4.159670781893004 25600
1759977660765 4.1896193771626296 30720
1759977682094 4.164099526066351 35840
1759977704870 4.199896157840083 40960
1759977730378 4.21398795738768 46080
1759977751437 4.194908180300501 51200
1759977772587 4.185860889395667 56320
1759977794837 4.192535751656784 61440
1759977819550 4.174444802059865 66560
1759977842788 4.178614097968937 71680
1759977864111 4.188179537217731 76800
1759977884901 4.1784873069877 81920
1759977909087 4.174845869297164 87040
1759977932414 4.173032137866791 92160
1759977955738 4.179752977503308 97280
1759977978311 4.1801593959731544 102400
1759978001325 4.18001998001998 107520
1759978023184 4.174136944497425 112640
1759978053468 4.173024274502646 117760
1759978078717 4.16745406824147 122880
1759978105301 4.162493698538061 128000
1759978130636 4.165428109854604 133120
1759978158998 4.1629860031104196 138240
1759978184738 4.155265526552656 143360
1759978208065 4.161860599913056 148480
1759978232384 4.170379711363318 153600
1759978259386 4.1722734671730874 158720
1759978288037 4.172558811933237 163840
1759978310707 4.165881003949548 168960
1759978333457 4.15524492825334 174080
1759978359510 4.152440490502524 179200
1759978388882 4.153846153846154 184320
1759978413062 4.157050187777398 189440
1759978435899 4.156675900277008 194560
1759978459157 4.151770293609672 199680
1759978487654 4.151425865516153 204800
1759978514022 4.146479162389653 209920
1759978537906 4.147539340483111 215040
1759978565769 4.152384683184801 220160
1759978588630 4.149076643383408 225280
1759978614279 4.151234567901234 230400
1759978639805 4.151770194858659 235520
1759978664910 4.154280085959885 240640
1759978690257 4.147865720045578 245760
1759978716512 4.151983513652756 250880
1759978743770 4.150959272972063 256000
1759978766845 4.150140240884342 261120
1759978791881 4.150335787685088 266240
1759978820525 4.148221657669101 271360
1759978843804 4.144492911668484 276480
1759978875872 4.1447690425206485 281600
1759978898963 4.143597446488922 286720
1759978922094 4.1449660466489515 291840
1759978945916 4.14689880304679 296960
1759978977529 4.14434460134075 302080
1759979000466 4.145071904594879 307200
1759979022710 4.146228693671934 312320
1759979048407 4.147609994568169 317440
1759979077432 4.1457303220633435 322560
1759979099883 4.147546375476911 327680
1759979124402 4.144938799300563 332800
1759979151704 4.144625199362041 337920
1759979175716 4.145182578090629 343040
1759979200238 4.143759286775632 348160
1759979223419 4.142055504727051 353280
1759979255371 4.140315017434171 358400
1759979278034 4.1380822567263245 363520
1759979301137 4.138138664795978 368640
1759979323844 4.1384420227181 373760
1759979355993 4.1347477390364595 378880
1759979380138 4.132745846430175 384000
1759979403165 4.132188365650969 389120
1759979426486 4.133038057742782 394240
1759979458847 4.131922703227896 399360
1759979480967 4.129436214430353 404480
1759979504126 4.129354804757394 409600
1759979532245 4.132446200228714 414720
1759979557905 4.136606409202958 419840
1759979581106 4.136144517176637 424960
1759979605777 4.135413009679523 430080
1759979634594 4.13252713485652 435200
1759979657265 4.134662486528852 440320
1759979680202 4.133856361082861 445440
1759979709404 4.131660841671853 450560
1759979735330 4.130029347723185 455680
1759979758042 4.129370465714954 460800
1759979780489 4.129577334382668 465920
1759979812488 4.1305184099651955 471040
1759979835978 4.129331823329558 476160
1759979858501 4.131370176146295 481280
1759979883896 4.132579285872699 486400
1759979911526 4.134059084324656 491520
1759979935931 4.136898813920146 496640
1759979959225 4.138869774643042 501760
1759979985500 4.137656476198586 506880
1759980013159 4.137076378351037 512000
1759980035825 4.136934830710141 517120
1759980059450 4.13843291296258 522240
1759980088191 4.14058149058149 527360
1759980112364 4.1407599659353584 532480
1759980135346 4.139093063421296 537600
1759980159614 4.141879525742023 542720
1759980190984 4.142648797792669 547840
1759980212923 4.143219809404781 552960
1759980236834 4.14609133126935 558080
1759980260629 4.1461385075542605 563200
1759980293068 4.14639708117969 568320
1759980315411 4.144950465212641 573440
1759980337664 4.147108240301684 578560
1759980360600 4.147679324894515 583680
1759980392996 4.147171057459455 588800
1759980416382 4.145959118353095 593920
1759980439467 4.146988820771727 599040
1759980462194 4.147173454428433 604160
1759980494668 4.146220394270316 609280
1759980518589 4.1475386779184245 614400
1759980541180 4.148301834158588 619520
1759980563880 4.149368839702577 624640
1759980596486 4.149276257117377 629760
1759980619337 4.1506839991832845 634880
1759980641957 4.150610949841355 640000
1759980665151 4.150036831179268 645120
1759980696468 4.149458507740349 650240
1759980720173 4.148531496192768 655360
1759980744048 4.149450477561167 660480
