1770660784661 19.43314552307129 5120
1770660803827 20.796228408813477 10240
1770660822966 21.158063888549805 15360
1770660842084 21.0943546295166 20480
1770660860973 20.970590591430664 25600
1770660879045 21.094728469848633 30720
1770660896853 21.227598190307617 35840
1770660914740 21.336254119873047 40960
1770660932457 21.371410369873047 46080
1770660950462 21.4811954498291 51200
1770660968626 21.201921463012695 56320
1770660986981 21.119794845581055 61440
1770661005177 21.056724548339844 66560
1770661023408 21.102127075195312 71680
1770661041568 21.208026885986328 76800
1770661059571 21.291887283325195 81920
1770661077722 21.30708122253418 87040
1770661097579 21.386093139648438 92160
1770661117512 21.442636489868164 97280
1770661137826 21.4824275970459 102400
1770661157944 21.470340728759766 107520
1770661177645 21.301759719848633 112640
1770661197970 21.047773361206055 117760
1770661217247 20.791593551635742 122880
1770661236590 20.66974639892578 128000
1770661255674 20.580238342285156 133120
1770661274780 20.429113388061523 138240
1770661293972 20.30160903930664 143360
1770661313419 20.137388229370117 148480
1770661333076 19.946727752685547 153600
1770661352383 19.742624282836914 158720
1770661372065 19.516693115234375 163840
1770661391085 19.22593879699707 168960
1770661409247 18.964855194091797 174080
1770661428832 18.787565231323242 179200
1770661449065 18.628908157348633 184320
1770661467412 18.484041213989258 189440
1770661485723 18.338586807250977 194560
1770661504517 18.178640365600586 199680
1770661523228 18.004440307617188 204800
1770661541761 17.837810516357422 209920
1770661561149 17.65973472595215 215040
1770661579653 17.489049911499023 220160
1770661597964 17.318653106689453 225280
1770661616138 17.17584800720215 230400
1770661634376 17.026092529296875 235520
1770661652773 16.885154724121094 240640
1770661672377 16.77165985107422 245760
1770661693245 16.649690628051758 250880
1770661712629 16.51767921447754 256000
1770661732161 16.398794174194336 261120
1770661752236 16.271169662475586 266240
1770661770753 16.159168243408203 271360
1770661788839 16.03359603881836 276480
1770661806997 15.930057525634766 281600
1770661825487 15.811813354492188 286720
1770661845060 15.68278980255127 291840
1770661863602 15.581470489501953 296960
1770661881998 15.495673179626465 302080
1770661902020 15.41141414642334 307200
1770661921642 15.33228588104248 312320
1770661941345 15.242399215698242 317440
1770661961321 15.158931732177734 322560
1770661981271 15.080625534057617 327680
1770662001038 15.003837585449219 332800
1770662020689 14.94405460357666 337920
1770662040464 14.876850128173828 343040
1770662060162 14.808523178100586 348160
1770662079922 14.731348991394043 353280
1770662099552 14.63398265838623 358400
1770662119078 14.574422836303711 363520
1770662138688 14.497904777526855 368640
1770662158570 14.427063941955566 373760
1770662178051 14.370615005493164 378880
1770662197548 14.310696601867676 384000
1770662217426 14.232392311096191 389120
1770662236829 14.162996292114258 394240
1770662256274 14.104146003723145 399360
1770662275620 14.06286907196045 404480
1770662295044 14.039257049560547 409600
1770662314504 14.013130187988281 414720
1770662334126 13.99355411529541 419840
1770662352160 13.927262306213379 424960
1770662370168 13.868951797485352 430080
1770662388109 13.815116882324219 435200
1770662405938 13.758642196655273 440320
1770662423793 13.709218978881836 445440
1770662441689 13.666038513183594 450560
1770662459574 13.617419242858887 455680
1770662477463 13.570112228393555 460800
1770662495280 13.534838676452637 465920
1770662514217 13.496227264404297 471040
1770662533513 13.461174011230469 476160
1770662552933 13.426776885986328 481280
1770662573233 13.393195152282715 486400
1770662593362 13.358858108520508 491520
1770662612311 13.321154594421387 496640
1770662630915 13.276227951049805 501760
1770662649539 13.234664916992188 506880
1770662668922 13.189793586730957 512000
1770662688755 13.139105796813965 517120
1770662708776 13.089734077453613 522240
1770662727782 13.045933723449707 527360
1770662746639 13.002046585083008 532480
1770662765804 12.952569007873535 537600
1770662785045 12.9041166305542 542720
1770662804356 12.85991096496582 547840
1770662823393 12.824490547180176 552960
1770662842015 12.769158363342285 558080
1770662860692 12.722084045410156 563200
1770662879887 12.676776885986328 568320
1770662900237 12.632387161254883 573440
1770662919056 12.588932037353516 578560
1770662937896 12.543270111083984 583680
1770662956935 12.498641014099121 588800
1770662975432 12.462827682495117 593920
1770662993807 12.425651550292969 599040
1770663012713 12.383283615112305 604160
1770663030935 12.344382286071777 609280
1770663049037 12.303464889526367 614400
1770663067125 12.265596389770508 619520
1770663085609 12.22314453125 624640
1770663104349 12.18659496307373 629760
1770663122870 12.147754669189453 634880
1770663141043 12.112200736999512 640000
1770663160183 12.069908142089844 645120
1770663180157 12.034147262573242 650240
1770663200190 12.000288963317871 655360
1770663219548 11.97284984588623 660480
1770663241499 11.93693733215332 665600
1770663260059 11.902376174926758 670720
1770663278402 11.872557640075684 675840
1770663296455 11.846062660217285 680960
1770663314487 11.820070266723633 686080
1770663332619 11.786602020263672 691200
1770663350737 11.75439453125 696320
1770663368718 11.725740432739258 701440
1770663386843 11.701915740966797 706560
1770663405509 11.677643775939941 711680
1770663423557 11.653423309326172 716800
1770663441571 11.628195762634277 721920
1770663459567 11.604291915893555 727040
1770663477686 11.578653335571289 732160
1770663495799 11.553336143493652 737280
1770663513774 11.532278060913086 742400
1770663531806 11.502720832824707 747520
1770663549847 11.479496002197266 752640
1770663567889 11.45464038848877 757760
1770663586374 11.427542686462402 762880
1770663604452 11.404717445373535 768000
1770663622425 11.380566596984863 773120
1770663640285 11.353174209594727 778240
1770663658212 11.32847785949707 783360
1770663676110 11.309003829956055 788480
1770663694055 11.284584045410156 793600
1770663711958 11.262564659118652 798720
1770663729956 11.235666275024414 803840
1770663748364 11.214505195617676 808960
1770663766523 11.194478034973145 814080
1770663785073 11.170475006103516 819200
1770663803129 11.149249076843262 824320
1770663821451 11.129355430603027 829440
1770663839689 11.108027458190918 834560
1770663857625 11.084064483642578 839680
1770663875547 11.061430931091309 844800
1770663893662 11.040243148803711 849920
1770663911666 11.019392967224121 855040
1770663929674 10.999878883361816 860160
1770663947732 10.978418350219727 865280
1770663965656 10.953644752502441 870400
1770663983603 10.93013858795166 875520
1770664001423 10.912096977233887 880640
1770664019315 10.887212753295898 885760
1770664037236 10.860276222229004 890880
1770664055197 10.83724308013916 896000
1770664073104 10.815228462219238 901120
1770664091811 10.789616584777832 906240
1770664110930 10.7681303024292 911360
1770664130157 10.746145248413086 916480
1770664149938 10.726944923400879 921600
1770664169693 10.703619956970215 926720
1770664188882 10.68110466003418 931840
1770664208460 10.658638954162598 936960
1770664227662 10.633040428161621 942080
1770664246986 10.60804557800293 947200
1770664266187 10.584297180175781 952320
1770664285276 10.559104919433594 957440
1770664304642 10.537213325500488 962560
1770664324024 10.516518592834473 967680
1770664343923 10.49645709991455 972800
1770664363409 10.47503662109375 977920
1770664382840 10.453534126281738 983040
1770664402030 10.43470573425293 988160
1770664421224 10.40866756439209 993280
1770664440954 10.387614250183105 998400
1770664444795 10.3818941116333 1000448
