1770660784661 25.1358699798584 5120
1770660803827 26.37141990661621 10240
1770660822966 26.909221649169922 15360
1770660842084 27.038862228393555 20480
1770660860973 26.992061614990234 25600
1770660879045 27.101465225219727 30720
1770660896853 27.141191482543945 35840
1770660914740 27.156505584716797 40960
1770660932457 27.16389274597168 46080
1770660950462 27.25236701965332 51200
1770660968626 27.08530616760254 56320
1770660986981 27.02602767944336 61440
1770661005177 26.968900680541992 66560
1770661023408 26.99253273010254 71680
1770661041568 27.065505981445312 76800
1770661059571 27.119848251342773 81920
1770661077722 27.11771011352539 87040
1770661097579 27.182140350341797 92160
1770661117512 27.202407836914062 97280
1770661137826 27.240615844726562 102400
1770661157944 27.21236801147461 107520
1770661177645 27.048980712890625 112640
1770661197970 26.805395126342773 117760
1770661217247 26.563228607177734 122880
1770661236590 26.44841957092285 128000
1770661255674 26.367515563964844 133120
1770661274780 26.213842391967773 138240
1770661293972 26.08365249633789 143360
1770661313419 25.923612594604492 148480
1770661333076 25.797435760498047 153600
1770661352383 25.638158798217773 158720
1770661372065 25.484195709228516 163840
1770661391085 25.24118423461914 168960
1770661409247 25.084373474121094 174080
1770661428832 25.011213302612305 179200
1770661449065 24.957786560058594 184320
1770661467412 24.905040740966797 189440
1770661485723 24.869441986083984 194560
1770661504517 24.797101974487305 199680
1770661523228 24.72504425048828 204800
1770661541761 24.662633895874023 209920
1770661561149 24.572399139404297 215040
1770661579653 24.488807678222656 220160
1770661597964 24.40725326538086 225280
1770661616138 24.32802391052246 230400
1770661634376 24.247262954711914 235520
1770661652773 24.170307159423828 240640
1770661672377 24.122623443603516 245760
1770661693245 24.04969024658203 250880
1770661712629 23.99175453186035 256000
1770661732161 23.95330810546875 261120
1770661752236 23.898035049438477 266240
1770661770753 23.827972412109375 271360
1770661788839 23.7591495513916 276480
1770661806997 23.7031192779541 281600
1770661825487 23.618572235107422 286720
1770661845060 23.497373580932617 291840
1770661863602 23.400697708129883 296960
1770661881998 23.342496871948242 302080
1770661902020 23.276330947875977 307200
1770661921642 23.219648361206055 312320
1770661941345 23.143096923828125 317440
1770661961321 23.08491325378418 322560
1770661981271 23.04068946838379 327680
1770662001038 22.98466682434082 332800
1770662020689 22.955156326293945 337920
1770662040464 22.914945602416992 343040
1770662060162 22.867725372314453 348160
1770662079922 22.813875198364258 353280
1770662099552 22.72939109802246 358400
1770662119078 22.69231605529785 363520
1770662138688 22.635005950927734 368640
1770662158570 22.577709197998047 373760
1770662178051 22.537755966186523 378880
1770662197548 22.490297317504883 384000
1770662217426 22.40409278869629 389120
1770662236829 22.32940673828125 394240
1770662256274 22.24999237060547 399360
1770662275620 22.16944694519043 404480
1770662295044 22.09174156188965 409600
1770662314504 22.01799774169922 414720
1770662334126 21.969036102294922 419840
1770662352160 21.88709259033203 424960
1770662370168 21.815900802612305 430080
1770662388109 21.771381378173828 435200
1770662405938 21.733144760131836 440320
1770662423793 21.711294174194336 445440
1770662441689 21.699968338012695 450560
1770662459574 21.68356704711914 455680
1770662477463 21.666675567626953 460800
1770662495280 21.667001724243164 465920
1770662514217 21.662818908691406 471040
1770662533513 21.656330108642578 476160
1770662552933 21.651735305786133 481280
1770662573233 21.649311065673828 486400
1770662593362 21.65114402770996 491520
1770662612311 21.648439407348633 496640
1770662630915 21.63115692138672 501760
1770662649539 21.626266479492188 506880
1770662668922 21.61248779296875 512000
1770662688755 21.585826873779297 517120
1770662708776 21.55478286743164 522240
1770662727782 21.5416316986084 527360
1770662746639 21.519989013671875 532480
1770662765804 21.499427795410156 537600
1770662785045 21.477354049682617 542720
1770662804356 21.463956832885742 547840
1770662823393 21.459856033325195 552960
1770662842015 21.42827606201172 558080
1770662860692 21.40931510925293 563200
1770662879887 21.387020111083984 568320
1770662900237 21.37383460998535 573440
1770662919056 21.353923797607422 578560
1770662937896 21.33283233642578 583680
1770662956935 21.311161041259766 588800
1770662975432 21.293872833251953 593920
1770662993807 21.27829933166504 599040
1770663012713 21.250568389892578 604160
1770663030935 21.2322940826416 609280
1770663049037 21.205686569213867 614400
1770663067125 21.188068389892578 619520
1770663085609 21.1630916595459 624640
1770663104349 21.1444149017334 629760
1770663122870 21.125276565551758 634880
1770663141043 21.10930824279785 640000
1770663160183 21.080720901489258 645120
1770663180157 21.064851760864258 650240
1770663200190 21.043861389160156 655360
1770663219548 21.036535263061523 660480
1770663241499 21.01607894897461 665600
1770663260059 20.989965438842773 670720
1770663278402 20.970321655273438 675840
1770663296455 20.962244033813477 680960
1770663314487 20.94893455505371 686080
1770663332619 20.92948341369629 691200
1770663350737 20.90727996826172 696320
1770663368718 20.895347595214844 701440
1770663386843 20.883644104003906 706560
1770663405509 20.877172470092773 711680
1770663423557 20.868181228637695 716800
1770663441571 20.860145568847656 721920
1770663459567 20.849075317382812 727040
1770663477686 20.835796356201172 732160
1770663495799 20.82293128967285 737280
1770663513774 20.8155574798584 742400
1770663531806 20.79764175415039 747520
1770663549847 20.790821075439453 752640
1770663567889 20.780920028686523 757760
1770663586374 20.767444610595703 762880
1770663604452 20.755123138427734 768000
1770663622425 20.744733810424805 773120
1770663640285 20.73198890686035 778240
1770663658212 20.72090721130371 783360
1770663676110 20.718807220458984 788480
1770663694055 20.708776473999023 793600
1770663711958 20.701976776123047 798720
1770663729956 20.68706703186035 803840
1770663748364 20.68158721923828 808960
1770663766523 20.669464111328125 814080
1770663785073 20.658658981323242 819200
1770663803129 20.649105072021484 824320
1770663821451 20.641775131225586 829440
1770663839689 20.632892608642578 834560
1770663857625 20.618330001831055 839680
1770663875547 20.608440399169922 844800
1770663893662 20.602684020996094 849920
1770663911666 20.59699821472168 855040
1770663929674 20.590890884399414 860160
1770663947732 20.582538604736328 865280
1770663965656 20.569196701049805 870400
1770663983603 20.56138038635254 875520
1770664001423 20.557327270507812 880640
1770664019315 20.546276092529297 885760
1770664037236 20.531057357788086 890880
1770664055197 20.518165588378906 896000
1770664073104 20.512367248535156 901120
1770664091811 20.499061584472656 906240
1770664110930 20.488786697387695 911360
1770664130157 20.47820281982422 916480
1770664149938 20.478137969970703 921600
1770664169693 20.46526336669922 926720
1770664188882 20.452510833740234 931840
1770664208460 20.436513900756836 936960
1770664227662 20.416868209838867 942080
1770664246986 20.397903442382812 947200
1770664266187 20.382720947265625 952320
1770664285276 20.370996475219727 957440
1770664304642 20.356935501098633 962560
1770664324024 20.350189208984375 967680
1770664343923 20.33866310119629 972800
1770664363409 20.328487396240234 977920
1770664382840 20.315317153930664 983040
1770664402030 20.3046932220459 988160
1770664421224 20.287311553955078 993280
1770664440954 20.2744140625 998400
1770664444795 20.268888473510742 1000448
