1770660784661 0.0 5120
1770660803827 0.0 10240
1770660822966 0.0 15360
1770660842084 0.0 20480
1770660860973 0.0 25600
1770660879045 0.0 30720
1770660896853 0.0 35840
1770660914740 0.0 40960
1770660932457 0.0 46080
1770660950462 0.0 51200
1770660968626 0.0 56320
1770660986981 0.0 61440
1770661005177 0.0 66560
1770661023408 0.0 71680
1770661041568 0.0 76800
1770661059571 0.0 81920
1770661077722 0.0 87040
1770661097579 0.0 92160
1770661117512 0.0 97280
1770661137826 0.0 102400
1770661157944 0.0 107520
1770661177645 0.0 112640
1770661197970 0.0 117760
1770661217247 0.0 122880
1770661236590 0.0 128000
1770661255674 0.0 133120
1770661274780 0.0 138240
1770661293972 0.0 143360
1770661313419 0.0 148480
1770661333076 0.0 153600
1770661352383 0.0 158720
1770661372065 0.0 163840
1770661391085 0.0 168960
1770661409247 0.0 174080
1770661428832 0.0 179200
1770661449065 0.0 184320
1770661467412 0.0 189440
1770661485723 0.0 194560
1770661504517 0.0 199680
1770661523228 0.0 204800
1770661541761 0.0 209920
1770661561149 0.0 215040
1770661579653 0.0 220160
1770661597964 0.0 225280
1770661616138 0.0 230400
1770661634376 0.0 235520
1770661652773 0.0 240640
1770661672377 0.0 245760
1770661693245 0.0 250880
1770661712629 0.0 256000
1770661732161 0.0 261120
1770661752236 0.0 266240
1770661770753 0.0 271360
1770661788839 0.0 276480
1770661806997 0.0 281600
1770661825487 0.0 286720
1770661845060 0.0 291840
1770661863602 0.0 296960
1770661881998 0.0 302080
1770661902020 0.0 307200
1770661921642 0.0 312320
1770661941345 0.0 317440
1770661961321 0.0 322560
1770661981271 0.0 327680
1770662001038 0.0 332800
1770662020689 0.0 337920
1770662040464 0.0 343040
1770662060162 0.0 348160
1770662079922 0.0 353280
1770662099552 0.0 358400
1770662119078 0.0 363520
1770662138688 0.0 368640
1770662158570 0.0 373760
1770662178051 0.0 378880
1770662197548 0.0 384000
1770662217426 0.0 389120
1770662236829 0.0 394240
1770662256274 0.0 399360
1770662275620 0.0 404480
1770662295044 0.0 409600
1770662314504 0.0 414720
1770662334126 0.0 419840
1770662352160 0.0 424960
1770662370168 0.0 430080
1770662388109 0.0 435200
1770662405938 0.0 440320
1770662423793 0.0 445440
1770662441689 0.0 450560
1770662459574 0.0 455680
1770662477463 0.0 460800
1770662495280 0.0 465920
1770662514217 0.0 471040
1770662533513 0.0 476160
1770662552933 0.0 481280
1770662573233 0.0 486400
1770662593362 0.0 491520
1770662612311 0.0 496640
1770662630915 0.0 501760
1770662649539 0.0 506880
1770662668922 0.0 512000
1770662688755 0.0 517120
1770662708776 0.0 522240
1770662727782 0.0 527360
1770662746639 0.0 532480
1770662765804 0.0 537600
1770662785045 0.0 542720
1770662804356 0.0 547840
1770662823393 0.0 552960
1770662842015 0.0 558080
1770662860692 0.0 563200
1770662879887 0.0 568320
1770662900237 0.0 573440
1770662919056 0.0 578560
1770662937896 0.0 583680
1770662956935 0.0 588800
1770662975432 0.0 593920
1770662993807 0.0 599040
1770663012713 0.0 604160
1770663030935 0.0 609280
1770663049037 0.0 614400
1770663067125 0.0 619520
1770663085609 0.0 624640
1770663104349 0.0 629760
1770663122870 0.0 634880
1770663141043 0.0 640000
1770663160183 0.0 645120
1770663180157 0.0 650240
1770663200190 0.0 655360
1770663219548 0.0 660480
1770663241499 0.0 665600
1770663260059 0.0 670720
1770663278402 0.0 675840
1770663296455 0.0 680960
1770663314487 0.0 686080
1770663332619 0.0 691200
1770663350737 0.0 696320
1770663368718 0.0 701440
1770663386843 0.0 706560
1770663405509 0.0 711680
1770663423557 0.0 716800
1770663441571 0.0 721920
1770663459567 0.0 727040
1770663477686 0.0 732160
1770663495799 0.0 737280
1770663513774 0.0 742400
1770663531806 0.0 747520
1770663549847 0.0 752640
1770663567889 0.0 757760
1770663586374 0.0 762880
1770663604452 0.0 768000
1770663622425 0.0 773120
1770663640285 0.0 778240
1770663658212 0.0 783360
1770663676110 0.0 788480
1770663694055 0.0 793600
1770663711958 0.0 798720
1770663729956 0.0 803840
1770663748364 0.0 808960
1770663766523 0.0 814080
1770663785073 0.0 819200
1770663803129 0.0 824320
1770663821451 0.0 829440
1770663839689 0.0 834560
1770663857625 0.0 839680
1770663875547 0.0 844800
1770663893662 0.0 849920
1770663911666 0.0 855040
1770663929674 0.0 860160
1770663947732 0.0 865280
1770663965656 0.0 870400
1770663983603 0.0 875520
1770664001423 0.0 880640
1770664019315 0.0 885760
1770664037236 0.0 890880
1770664055197 0.0 896000
1770664073104 0.0 901120
1770664091811 0.0 906240
1770664110930 0.0 911360
1770664130157 0.0 916480
1770664149938 0.0 921600
1770664169693 0.0 926720
1770664188882 0.0 931840
1770664208460 0.0 936960
1770664227662 0.0 942080
1770664246986 0.0 947200
1770664266187 0.0 952320
1770664285276 0.0 957440
1770664304642 0.0 962560
1770664324024 0.0 967680
1770664343923 0.0 972800
1770664363409 0.0 977920
1770664382840 0.0 983040
1770664402030 0.0 988160
1770664421224 0.0 993280
1770664440954 0.0 998400
1770664444795 0.0 1000448
