1770660784661 1.1859471797943115 5120
1770660803827 1.1846528053283691 10240
1770660822966 1.1768012046813965 15360
1770660842084 1.174055814743042 20480
1770660860973 1.1646713018417358 25600
1770660879045 1.1639307737350464 30720
1770660896853 1.1592535972595215 35840
1770660914740 1.1570576429367065 40960
1770660932457 1.1556330919265747 46080
1770660950462 1.156507134437561 51200
1770660968626 1.15434992313385 56320
1770660986981 1.1537209749221802 61440
1770661005177 1.15263032913208 66560
1770661023408 1.1519668102264404 71680
1770661041568 1.1531388759613037 76800
1770661059571 1.1544291973114014 81920
1770661077722 1.153597116470337 87040
1770661097579 1.1557590961456299 92160
1770661117512 1.1554557085037231 97280
1770661137826 1.155932068824768 102400
1770661157944 1.154687523841858 107520
1770661177645 1.1536937952041626 112640
1770661197970 1.1529086828231812 117760
1770661217247 1.1542260646820068 122880
1770661236590 1.154474139213562 128000
1770661255674 1.1561274528503418 133120
1770661274780 1.1551096439361572 138240
1770661293972 1.1546704769134521 143360
1770661313419 1.152195692062378 148480
1770661333076 1.1518781185150146 153600
1770661352383 1.1516650915145874 158720
1770661372065 1.1537874937057495 163840
1770661391085 1.152620792388916 168960
1770661409247 1.153657078742981 174080
1770661428832 1.1540590524673462 179200
1770661449065 1.1542080640792847 184320
1770661467412 1.1549822092056274 189440
1770661485723 1.1560121774673462 194560
1770661504517 1.1551820039749146 199680
1770661523228 1.1546101570129395 204800
1770661541761 1.1540032625198364 209920
1770661561149 1.152708649635315 215040
1770661579653 1.15166437625885 220160
1770661597964 1.1510958671569824 225280
1770661616138 1.1510552167892456 230400
1770661634376 1.1508491039276123 235520
1770661652773 1.1503283977508545 240640
1770661672377 1.1511310338974 245760
1770661693245 1.1502716541290283 250880
1770661712629 1.150667667388916 256000
1770661732161 1.1517159938812256 261120
1770661752236 1.1526668071746826 266240
1770661770753 1.151961326599121 271360
1770661788839 1.1523395776748657 276480
1770661806997 1.1533012390136719 281600
1770661825487 1.153221845626831 286720
1770661845060 1.151759147644043 291840
1770661863602 1.151675820350647 296960
1770661881998 1.1524020433425903 302080
1770661902020 1.1528480052947998 307200
1770661921642 1.1530927419662476 312320
1770661941345 1.1529278755187988 317440
1770661961321 1.1532498598098755 322560
1770661981271 1.15369713306427 327680
1770662001038 1.1532161235809326 332800
1770662020689 1.1535810232162476 337920
1770662040464 1.1538435220718384 343040
1770662060162 1.1537137031555176 348160
1770662079922 1.1537432670593262 353280
1770662099552 1.1525959968566895 358400
1770662119078 1.1536437273025513 363520
1770662138688 1.1536784172058105 368640
1770662158570 1.153786301612854 373760
1770662178051 1.1550939083099365 378880
1770662197548 1.1559158563613892 384000
1770662217426 1.1551638841629028 389120
1770662236829 1.1551648378372192 394240
1770662256274 1.154329776763916 399360
1770662275620 1.153526782989502 404480
1770662295044 1.1543632745742798 409600
1770662314504 1.1553609371185303 414720
1770662334126 1.1566935777664185 419840
1770662352160 1.156380295753479 424960
1770662370168 1.1558681726455688 430080
1770662388109 1.155668020248413 435200
1770662405938 1.155385136604309 440320
1770662423793 1.1552761793136597 445440
1770662441689 1.1552388668060303 450560
1770662459574 1.1550071239471436 455680
1770662477463 1.1545802354812622 460800
1770662495280 1.1551529169082642 465920
1770662514217 1.1552971601486206 471040
1770662533513 1.1550042629241943 476160
1770662552933 1.1549047231674194 481280
1770662573233 1.1547596454620361 486400
1770662593362 1.1550509929656982 491520
1770662612311 1.1553353071212769 496640
1770662630915 1.155136227607727 501760
1770662649539 1.155502200126648 506880
1770662668922 1.1555697917938232 512000
1770662688755 1.1554532051086426 517120
1770662708776 1.1551069021224976 522240
1770662727782 1.1553853750228882 527360
1770662746639 1.1554089784622192 532480
1770662765804 1.1554322242736816 537600
1770662785045 1.1553928852081299 542720
1770662804356 1.1556624174118042 547840
1770662823393 1.1562440395355225 552960
1770662842015 1.1557105779647827 558080
1770662860692 1.1556516885757446 563200
1770662879887 1.1556696891784668 568320
1770662900237 1.1558277606964111 573440
1770662919056 1.155678629875183 578560
1770662937896 1.155576229095459 583680
1770662956935 1.1551896333694458 588800
1770662975432 1.1550114154815674 593920
1770662993807 1.1549983024597168 599040
1770663012713 1.1545989513397217 604160
1770663030935 1.1547114849090576 609280
1770663049037 1.154388427734375 614400
1770663067125 1.1543858051300049 619520
1770663085609 1.153930902481079 624640
1770663104349 1.153778076171875 629760
1770663122870 1.1537073850631714 634880
1770663141043 1.1539881229400635 640000
1770663160183 1.1537760496139526 645120
1770663180157 1.153825283050537 650240
1770663200190 1.1538419723510742 655360
1770663219548 1.154268503189087 660480
1770663241499 1.1541086435317993 665600
1770663260059 1.1535593271255493 670720
1770663278402 1.1533293724060059 675840
1770663296455 1.1534667015075684 680960
1770663314487 1.1532981395721436 686080
1770663332619 1.1529977321624756 691200
1770663350737 1.15255868434906 696320
1770663368718 1.1528828144073486 701440
1770663386843 1.1530237197875977 706560
1770663405509 1.1531435251235962 711680
1770663423557 1.1534637212753296 716800
1770663441571 1.1536229848861694 721920
1770663459567 1.1536234617233276 727040
1770663477686 1.1535472869873047 732160
1770663495799 1.1533421277999878 737280
1770663513774 1.1532950401306152 742400
1770663531806 1.1531060934066772 747520
1770663549847 1.1532872915267944 752640
1770663567889 1.153349757194519 757760
1770663586374 1.1532061100006104 762880
1770663604452 1.153117060661316 768000
1770663622425 1.152968168258667 773120
1770663640285 1.1528304815292358 778240
1770663658212 1.1527818441390991 783360
1770663676110 1.153035283088684 788480
1770663694055 1.1530948877334595 793600
1770663711958 1.153212070465088 798720
1770663729956 1.1531027555465698 803840
1770663748364 1.1534374952316284 808960
1770663766523 1.1533586978912354 814080
1770663785073 1.1532260179519653 819200
1770663803129 1.1531143188476562 824320
1770663821451 1.1531174182891846 829440
1770663839689 1.1531531810760498 834560
1770663857625 1.152761697769165 839680
1770663875547 1.1526700258255005 844800
1770663893662 1.152847409248352 849920
1770663911666 1.153097152709961 855040
1770663929674 1.153186559677124 860160
1770663947732 1.1530983448028564 865280
1770663965656 1.152901291847229 870400
1770663983603 1.1528924703598022 875520
1770664001423 1.1530965566635132 880640
1770664019315 1.1530988216400146 885760
1770664037236 1.1530367136001587 890880
1770664055197 1.1529271602630615 896000
1770664073104 1.1531758308410645 901120
1770664091811 1.153043508529663 906240
1770664110930 1.15304696559906 911360
1770664130157 1.1529994010925293 916480
1770664149938 1.1535556316375732 921600
1770664169693 1.153530240058899 926720
1770664188882 1.1534291505813599 931840
1770664208460 1.1532214879989624 936960
1770664227662 1.152907133102417 942080
1770664246986 1.1525853872299194 947200
1770664266187 1.152369499206543 952320
1770664285276 1.1523975133895874 957440
1770664304642 1.1523711681365967 962560
1770664324024 1.1526845693588257 967680
1770664343923 1.1527023315429688 972800
1770664363409 1.1527539491653442 977920
1770664382840 1.1527526378631592 983040
1770664402030 1.1528481245040894 988160
1770664421224 1.1526296138763428 993280
1770664440954 1.1526756286621094 998400
1770664444795 1.1525321006774902 1000448
