1770660784653 22.172988891601562 5120
1770660803822 15.838510513305664 10240
1770660822961 16.937931060791016 15360
1770660842079 19.485389709472656 20480
1770660860967 20.22708511352539 25600
1770660879039 20.189287185668945 30720
1770660896847 19.12538719177246 35840
1770660914735 18.257965087890625 40960
1770660932452 17.048091888427734 46080
1770660950456 16.483190536499023 51200
1770660968620 17.048612594604492 56320
1770660986975 18.35706901550293 61440
1770661005170 18.817737579345703 66560
1770661023402 18.888696670532227 71680
1770661041562 18.620805740356445 76800
1770661059563 18.085004806518555 81920
1770661077717 18.035581588745117 87040
1770661097573 17.476383209228516 92160
1770661117505 17.313657760620117 97280
1770661137814 16.653127670288086 102400
1770661157937 16.370758056640625 107520
1770661177638 16.205707550048828 112640
1770661197963 16.18326759338379 117760
1770661217239 15.997761726379395 122880
1770661236579 15.67548656463623 128000
1770661255663 15.907145500183105 133120
1770661274770 15.6204833984375 138240
1770661293964 15.600484848022461 143360
1770661313412 15.085665702819824 148480
1770661333070 14.910469055175781 153600
1770661352372 15.435490608215332 158720
1770661372054 15.4077787399292 163840
1770661391078 15.476119995117188 168960
1770661409239 15.704030990600586 174080
1770661428823 16.23125457763672 179200
1770661449057 17.057580947875977 184320
1770661467406 17.850814819335938 189440
1770661485716 19.348535537719727 194560
1770661504510 20.836427688598633 199680
1770661523221 21.926347732543945 204800
1770661541753 24.421449661254883 209920
1770661561141 25.638330459594727 215040
1770661579644 26.799823760986328 220160
1770661597957 29.065876007080078 225280
1770661616130 30.36454200744629 230400
1770661634369 32.060768127441406 235520
1770661652765 33.95541000366211 240640
1770661672362 35.449405670166016 245760
1770661693237 36.59892654418945 250880
1770661712620 38.306495666503906 256000
1770661732153 39.55353546142578 261120
1770661752228 40.14141845703125 266240
1770661770744 41.22500228881836 271360
1770661788831 42.21040725708008 276480
1770661806988 43.529541015625 281600
1770661825476 43.56728744506836 286720
1770661845052 44.60468292236328 291840
1770661863585 44.728660583496094 296960
1770661881989 45.683067321777344 302080
1770661902011 46.807987213134766 307200
1770661921628 48.29583740234375 312320
1770661941333 48.41322708129883 317440
1770661961312 48.03196334838867 322560
1770661981255 49.656471252441406 327680
1770662001027 49.857086181640625 332800
1770662020679 49.79380798339844 337920
1770662040451 50.09660720825195 343040
1770662060153 49.56755447387695 348160
1770662079913 49.424251556396484 353280
1770662099544 48.31611251831055 358400
1770662119068 48.40114974975586 363520
1770662138679 48.13693618774414 368640
1770662158560 47.95755386352539 373760
1770662178041 47.026756286621094 378880
1770662197539 46.17020034790039 384000
1770662217416 45.98557662963867 389120
1770662236820 45.80624771118164 394240
1770662256264 45.957542419433594 399360
1770662275607 45.22552490234375 404480
1770662295034 45.50099563598633 409600
1770662314494 45.81796646118164 414720
1770662334110 44.73722457885742 419840
1770662352151 45.2149772644043 424960
1770662370159 44.43090057373047 430080
1770662388100 42.296993255615234 435200
1770662405922 41.75189971923828 440320
1770662423783 41.35731887817383 445440
1770662441675 40.24900817871094 450560
1770662459565 39.657569885253906 455680
1770662477449 39.30284118652344 460800
1770662495272 39.540313720703125 465920
1770662514204 38.280601501464844 471040
1770662533502 38.639278411865234 476160
1770662552920 38.06896209716797 481280
1770662573222 37.54311752319336 486400
1770662593351 37.51982116699219 491520
1770662612299 37.57233810424805 496640
1770662630901 37.047515869140625 501760
1770662649530 36.42374038696289 506880
1770662668913 36.65433883666992 512000
1770662688743 36.54682540893555 517120
1770662708764 36.23150634765625 522240
1770662727771 36.089866638183594 527360
1770662746627 34.76213836669922 532480
1770662765794 35.6606330871582 537600
1770662785034 35.78678512573242 542720
1770662804345 34.351951599121094 547840
1770662823382 35.4371223449707 552960
1770662842003 34.71151351928711 558080
1770662860676 33.79436492919922 563200
1770662879870 33.43352508544922 568320
1770662900224 33.18152618408203 573440
1770662919045 32.705345153808594 578560
1770662937881 33.08387756347656 583680
1770662956924 33.32329559326172 588800
1770662975415 32.9860725402832 593920
1770662993796 32.992828369140625 599040
1770663012700 32.653228759765625 604160
1770663030922 33.06842041015625 609280
1770663049025 32.846351623535156 614400
1770663067106 33.317256927490234 619520
1770663085593 33.04336166381836 624640
1770663104338 32.79142379760742 629760
1770663122859 33.804630279541016 634880
1770663141031 32.706321716308594 640000
1770663160170 33.422019958496094 645120
1770663180141 33.590301513671875 650240
1770663200179 33.61239242553711 655360
1770663219526 33.18950271606445 660480
1770663241486 33.2473030090332 665600
1770663260045 32.8831672668457 670720
1770663278389 32.17754364013672 675840
1770663296442 32.728580474853516 680960
1770663314475 32.40927505493164 686080
1770663332607 32.314212799072266 691200
1770663350718 32.49104690551758 696320
1770663368704 31.819183349609375 701440
1770663386823 32.87314224243164 706560
1770663405499 32.48693084716797 711680
1770663423544 33.52546691894531 716800
1770663441558 32.663482666015625 721920
1770663459547 32.4996337890625 727040
1770663477672 33.03606033325195 732160
1770663495787 32.618064880371094 737280
1770663513762 33.24951171875 742400
1770663531793 32.538089752197266 747520
1770663549832 32.79316329956055 752640
1770663567877 32.32854080200195 757760
1770663586354 32.600406646728516 762880
1770663604436 33.23307800292969 768000
1770663622411 32.25670623779297 773120
1770663640268 32.667945861816406 778240
1770663658199 32.68144607543945 783360
1770663676098 32.136714935302734 788480
1770663694042 32.39734649658203 793600
1770663711945 32.337257385253906 798720
1770663729942 32.39495086669922 803840
1770663748350 32.69091033935547 808960
1770663766510 32.036460876464844 814080
1770663785060 31.665090560913086 819200
1770663803115 31.905277252197266 824320
1770663821432 31.77664566040039 829440
1770663839675 32.19872283935547 834560
1770663857611 32.30364227294922 839680
1770663875529 32.11518478393555 844800
1770663893646 31.835922241210938 849920
1770663911650 33.013877868652344 855040
1770663929651 32.411720275878906 860160
1770663947718 31.475208282470703 865280
1770663965643 31.80487060546875 870400
1770663983590 32.05942916870117 875520
1770664001402 31.94135093688965 880640
1770664019302 31.346450805664062 885760
1770664037222 31.503467559814453 890880
1770664055182 31.928298950195312 896000
1770664073087 31.225454330444336 901120
1770664091793 31.23528480529785 906240
1770664110916 31.7708740234375 911360
1770664130142 31.50229263305664 916480
1770664149919 31.85282325744629 921600
1770664169678 31.768993377685547 926720
1770664188866 31.347591400146484 931840
1770664208443 31.57123374938965 936960
1770664227649 32.000831604003906 942080
1770664246967 31.646169662475586 947200
1770664266172 30.834232330322266 952320
1770664285257 31.55984878540039 957440
1770664304624 30.72247314453125 962560
1770664324010 31.293426513671875 967680
1770664343905 31.10959815979004 972800
1770664363381 30.46487045288086 977920
1770664382825 30.86232566833496 983040
1770664402016 30.70111083984375 988160
1770664421207 30.99090576171875 993280
1770664440938 30.85249900817871 998400
1770664444779 30.849166870117188 1000448
