1770660784653 -1.3129938840866089 5120
1770660803822 -2.0926947593688965 10240
1770660822961 -2.490208148956299 15360
1770660842079 -2.6349315643310547 20480
1770660860967 -2.5920960903167725 25600
1770660879039 -2.4084229469299316 30720
1770660896847 -2.196953535079956 35840
1770660914735 -1.978682279586792 40960
1770660932452 -1.7332760095596313 46080
1770660950456 -1.4696342945098877 51200
1770660968620 -1.5287697315216064 56320
1770660986975 -2.026898145675659 61440
1770661005170 -2.4789884090423584 66560
1770661023402 -3.022432804107666 71680
1770661041562 -3.4262771606445312 76800
1770661059563 -3.644092082977295 81920
1770661077717 -3.7727997303009033 87040
1770661097573 -3.8160221576690674 92160
1770661117505 -3.8008551597595215 97280
1770661137814 -3.767164707183838 102400
1770661157937 -3.666923999786377 107520
1770661177638 -3.5534794330596924 112640
1770661197963 -3.478829860687256 117760
1770661217239 -3.381537675857544 122880
1770661236579 -3.273393154144287 128000
1770661255663 -3.18493390083313 133120
1770661274770 -3.0865235328674316 138240
1770661293964 -2.998018503189087 143360
1770661313412 -2.8922178745269775 148480
1770661333070 -2.8194265365600586 153600
1770661352372 -2.8171613216400146 158720
1770661372054 -2.8972601890563965 163840
1770661391078 -3.1846585273742676 168960
1770661409239 -3.6663577556610107 174080
1770661428823 -4.346925735473633 179200
1770661449057 -5.196806907653809 184320
1770661467406 -5.95470666885376 189440
1770661485716 -6.837765693664551 194560
1770661504510 -7.733426094055176 199680
1770661523221 -8.593086242675781 204800
1770661541753 -9.472103118896484 209920
1770661561141 -10.294673919677734 215040
1770661579644 -11.004570007324219 220160
1770661597957 -11.717548370361328 225280
1770661616130 -12.363045692443848 230400
1770661634369 -13.010383605957031 235520
1770661652765 -13.579584121704102 240640
1770661672362 -14.094091415405273 245760
1770661693237 -14.575932502746582 250880
1770661712620 -15.000886917114258 256000
1770661732153 -15.431772232055664 261120
1770661752228 -15.838397026062012 266240
1770661770744 -16.298372268676758 271360
1770661788831 -16.620838165283203 276480
1770661806988 -17.005496978759766 281600
1770661825476 -17.456151962280273 286720
1770661845052 -17.931228637695312 291840
1770661863585 -18.265079498291016 296960
1770661881989 -18.650026321411133 302080
1770661902011 -19.01671600341797 307200
1770661921628 -19.424612045288086 312320
1770661941333 -19.7501163482666 317440
1770661961312 -19.992755889892578 322560
1770661981255 -20.17068099975586 327680
1770662001027 -20.353357315063477 332800
1770662020679 -20.477764129638672 337920
1770662040451 -20.620174407958984 343040
1770662060153 -20.625093460083008 348160
1770662079913 -20.71682357788086 353280
1770662099544 -20.638221740722656 358400
1770662119068 -20.7413330078125 363520
1770662138679 -20.780527114868164 368640
1770662158560 -20.785400390625 373760
1770662178041 -20.858959197998047 378880
1770662197539 -20.82175636291504 384000
1770662217416 -20.93048095703125 389120
1770662236820 -20.88872718811035 394240
1770662256264 -20.88973617553711 399360
1770662275607 -20.963459014892578 404480
1770662295034 -21.117834091186523 409600
1770662314494 -21.213764190673828 414720
1770662334110 -21.241397857666016 419840
1770662352151 -21.250680923461914 424960
1770662370159 -21.120389938354492 430080
1770662388100 -21.040861129760742 435200
1770662405922 -20.798906326293945 440320
1770662423783 -20.764148712158203 445440
1770662441675 -20.496105194091797 450560
1770662459565 -20.450153350830078 455680
1770662477449 -20.275094985961914 460800
1770662495272 -20.174854278564453 465920
1770662514204 -20.001575469970703 471040
1770662533502 -19.855066299438477 476160
1770662552920 -19.801712036132812 481280
1770662573222 -19.789743423461914 486400
1770662593351 -19.681201934814453 491520
1770662612299 -19.607097625732422 496640
1770662630901 -19.53153419494629 501760
1770662649530 -19.468347549438477 506880
1770662668913 -19.298490524291992 512000
1770662688743 -19.24403190612793 517120
1770662708764 -19.166458129882812 522240
1770662727771 -18.90700912475586 527360
1770662746627 -18.801685333251953 532480
1770662765794 -18.78896713256836 537600
1770662785034 -18.498870849609375 542720
1770662804345 -18.486560821533203 547840
1770662823382 -18.42316246032715 552960
1770662842003 -18.395008087158203 558080
1770662860676 -18.282800674438477 563200
1770662879870 -18.200641632080078 568320
1770662900224 -18.281461715698242 573440
1770662919045 -18.21487045288086 578560
1770662937881 -18.207866668701172 583680
1770662956924 -18.219505310058594 588800
1770662975415 -18.2027645111084 593920
1770662993796 -18.27631187438965 599040
1770663012700 -18.490957260131836 604160
1770663030922 -18.440492630004883 609280
1770663049025 -18.530141830444336 614400
1770663067106 -18.540937423706055 619520
1770663085593 -18.67092514038086 624640
1770663104338 -18.606637954711914 629760
1770663122859 -18.771697998046875 634880
1770663141031 -18.7891788482666 640000
1770663160170 -18.887065887451172 645120
1770663180141 -18.952077865600586 650240
1770663200179 -19.00777244567871 655360
1770663219526 -18.945091247558594 660480
1770663241486 -18.96099281311035 665600
1770663260045 -18.961755752563477 670720
1770663278389 -19.06182861328125 675840
1770663296442 -19.097305297851562 680960
1770663314475 -19.226476669311523 686080
1770663332607 -19.252460479736328 691200
1770663350718 -19.318645477294922 696320
1770663368704 -19.30984878540039 701440
1770663386823 -19.46837043762207 706560
1770663405499 -19.5261173248291 711680
1770663423544 -19.55217742919922 716800
1770663441558 -19.628047943115234 721920
1770663459547 -19.626943588256836 727040
1770663477672 -19.72524070739746 732160
1770663495787 -19.726884841918945 737280
1770663513762 -19.766132354736328 742400
1770663531793 -19.869579315185547 747520
1770663549832 -19.886367797851562 752640
1770663567877 -19.89790916442871 757760
1770663586354 -19.748689651489258 762880
1770663604436 -19.813379287719727 768000
1770663622411 -19.81357192993164 773120
1770663640268 -19.70937728881836 778240
1770663658199 -19.692501068115234 783360
1770663676098 -19.65374183654785 788480
1770663694042 -19.691923141479492 793600
1770663711945 -19.73215675354004 798720
1770663729942 -19.558345794677734 803840
1770663748350 -19.582286834716797 808960
1770663766510 -19.612422943115234 814080
1770663785060 -19.56386947631836 819200
1770663803115 -19.541120529174805 824320
1770663821432 -19.578495025634766 829440
1770663839675 -19.714170455932617 834560
1770663857611 -19.70285987854004 839680
1770663875529 -19.72846221923828 844800
1770663893646 -19.65664291381836 849920
1770663911650 -19.87718391418457 855040
1770663929651 -19.760061264038086 860160
1770663947718 -19.780803680419922 865280
1770663965643 -19.84382438659668 870400
1770663983590 -19.790796279907227 875520
1770664001402 -19.730005264282227 880640
1770664019302 -19.746780395507812 885760
1770664037222 -19.787418365478516 890880
1770664055182 -19.7396183013916 896000
1770664073087 -19.76528549194336 901120
1770664091793 -19.77727699279785 906240
1770664110916 -19.735137939453125 911360
1770664130142 -19.709362030029297 916480
1770664149919 -19.85070037841797 921600
1770664169678 -19.857927322387695 926720
1770664188866 -19.84536361694336 931840
1770664208443 -19.762584686279297 936960
1770664227649 -19.80373764038086 942080
1770664246967 -19.847089767456055 947200
1770664266172 -19.695842742919922 952320
1770664285257 -19.878450393676758 957440
1770664304624 -19.726980209350586 962560
1770664324010 -19.741666793823242 967680
1770664343905 -19.714107513427734 972800
1770664363381 -19.682209014892578 977920
1770664382825 -19.88241958618164 983040
1770664402016 -19.82864761352539 988160
1770664421207 -19.868379592895508 993280
1770664440938 -19.767658233642578 998400
1770664444779 -20.007198333740234 1000448
