1770660784661 0.28047358989715576 5120
1770660803827 0.2724870443344116 10240
1770660822966 0.2837175726890564 15360
1770660842084 0.2902572453022003 20480
1770660860973 0.2960136830806732 25600
1770660879045 0.2943703830242157 30720
1770660896853 0.2880244553089142 35840
1770660914740 0.2853987216949463 40960
1770660932457 0.28481525182724 46080
1770660950462 0.2842761278152466 51200
1770660968626 0.28897038102149963 56320
1770660986981 0.28996098041534424 61440
1770661005177 0.2901546359062195 66560
1770661023408 0.28864964842796326 71680
1770661041568 0.2867312431335449 76800
1770661059571 0.28521469235420227 81920
1770661077722 0.28434932231903076 87040
1770661097579 0.28388306498527527 92160
1770661117512 0.2821691334247589 97280
1770661137826 0.28192976117134094 102400
1770661157944 0.28119978308677673 107520
1770661177645 0.28085654973983765 112640
1770661197970 0.2812211811542511 117760
1770661217247 0.281716525554657 122880
1770661236590 0.2817882299423218 128000
1770661255674 0.2820897400379181 133120
1770661274780 0.2821389138698578 138240
1770661293972 0.28202974796295166 143360
1770661313419 0.2823033332824707 148480
1770661333076 0.28509464859962463 153600
1770661352383 0.287310391664505 158720
1770661372065 0.29073479771614075 163840
1770661391085 0.29332149028778076 168960
1770661409247 0.2988240420818329 174080
1770661428832 0.3041135370731354 179200
1770661449065 0.30905160307884216 184320
1770661467412 0.3129194378852844 189440
1770661485723 0.31873103976249695 194560
1770661504517 0.3230016827583313 199680
1770661523228 0.32822439074516296 204800
1770661541761 0.3334902822971344 209920
1770661561149 0.33800259232521057 215040
1770661579653 0.3422492444515228 220160
1770661597964 0.3460281491279602 225280
1770661616138 0.3491886556148529 230400
1770661634376 0.3524373769760132 235520
1770661652773 0.3554188013076782 240640
1770661672377 0.3587607145309448 245760
1770661693245 0.3614080548286438 250880
1770661712629 0.36512815952301025 256000
1770661732161 0.3689143657684326 261120
1770661752236 0.3721271753311157 266240
1770661770753 0.37421879172325134 271360
1770661788839 0.3771578073501587 276480
1770661806997 0.37965840101242065 281600
1770661825487 0.3816242814064026 286720
1770661845060 0.3822275996208191 291840
1770661863602 0.38257458806037903 296960
1770661881998 0.38391953706741333 302080
1770661902020 0.3847946226596832 307200
1770661921642 0.3861036002635956 312320
1770661941345 0.3865484297275543 317440
1770661961321 0.38781440258026123 322560
1770661981271 0.389478862285614 327680
1770662001038 0.39058536291122437 332800
1770662020689 0.3922525942325592 337920
1770662040464 0.39323604106903076 343040
1770662060162 0.3943437337875366 348160
1770662079922 0.3955220580101013 353280
1770662099552 0.3960646092891693 358400
1770662119078 0.3970291018486023 363520
1770662138688 0.39813464879989624 368640
1770662158570 0.39880600571632385 373760
1770662178051 0.3996350169181824 378880
1770662197548 0.40008121728897095 384000
1770662217426 0.3999916911125183 389120
1770662236829 0.399995893239975 394240
1770662256274 0.39933833479881287 399360
1770662275620 0.39730238914489746 404480
1770662295044 0.3949466049671173 409600
1770662314504 0.3927459716796875 414720
1770662334126 0.39143651723861694 419840
1770662352160 0.3905196785926819 424960
1770662370168 0.3898905813694 430080
1770662388109 0.39039337635040283 435200
1770662405938 0.3911625146865845 440320
1770662423793 0.39271625876426697 445440
1770662441689 0.3942357301712036 450560
1770662459574 0.39580363035202026 455680
1770662477463 0.3971092700958252 460800
1770662495280 0.39924126863479614 465920
1770662514217 0.4009251594543457 471040
1770662533513 0.40248164534568787 476160
1770662552933 0.40389785170555115 481280
1770662573233 0.4054027795791626 486400
1770662593362 0.4070471227169037 491520
1770662612311 0.40855658054351807 496640
1770662630915 0.4100518226623535 501760
1770662649539 0.41174688935279846 506880
1770662668922 0.41328832507133484 512000
1770662688755 0.4146149754524231 517120
1770662708776 0.415681391954422 522240
1770662727782 0.41688770055770874 527360
1770662746639 0.41806331276893616 532480
1770662765804 0.4195423126220703 537600
1770662785045 0.4208148121833801 542720
1770662804356 0.42243343591690063 547840
1770662823393 0.4239790141582489 552960
1770662842015 0.42508697509765625 558080
1770662860692 0.4264342486858368 563200
1770662879887 0.4276265501976013 568320
1770662900237 0.4292302131652832 573440
1770662919056 0.4304162263870239 578560
1770662937896 0.4316616952419281 583680
1770662956935 0.4328370690345764 588800
1770662975432 0.43384575843811035 593920
1770662993807 0.43510547280311584 599040
1770663012713 0.4357417821884155 604160
1770663030935 0.4369305372238159 609280
1770663049037 0.43784117698669434 614400
1770663067125 0.4388148784637451 619520
1770663085609 0.43977952003479004 624640
1770663104349 0.4406570792198181 629760
1770663122870 0.44151943922042847 634880
1770663141043 0.44262805581092834 640000
1770663160183 0.4433651864528656 645120
1770663180157 0.4441353678703308 650240
1770663200190 0.4447658061981201 655360
1770663219548 0.44568848609924316 660480
1770663241499 0.44672030210494995 665600
1770663260059 0.4470144212245941 670720
1770663278402 0.44749948382377625 675840
1770663296455 0.44847527146339417 680960
1770663314487 0.4490523040294647 686080
1770663332619 0.44981613755226135 691200
1770663350737 0.4504149854183197 696320
1770663368718 0.4513069689273834 701440
1770663386843 0.45192599296569824 706560
1770663405509 0.4528277814388275 711680
1770663423557 0.45377427339553833 716800
1770663441571 0.4547121524810791 721920
1770663459567 0.455287367105484 727040
1770663477686 0.4560040235519409 732160
1770663495799 0.4565674960613251 737280
1770663513774 0.4572024643421173 742400
1770663531806 0.4578089416027069 747520
1770663549847 0.45859697461128235 752640
1770663567889 0.4593031704425812 757760
1770663586374 0.4599783718585968 762880
1770663604452 0.4606357216835022 768000
1770663622425 0.4614710807800293 773120
1770663640285 0.4622800052165985 778240
1770663658212 0.46284225583076477 783360
1770663676110 0.4636915922164917 788480
1770663694055 0.4644259214401245 793600
1770663711958 0.4651973843574524 798720
1770663729956 0.4657694101333618 803840
1770663748364 0.4664607346057892 808960
1770663766523 0.4669308364391327 814080
1770663785073 0.4677383601665497 819200
1770663803129 0.4681537449359894 824320
1770663821451 0.4687698185443878 829440
1770663839689 0.4694085121154785 834560
1770663857625 0.46981456875801086 839680
1770663875547 0.4704998731613159 844800
1770663893662 0.4712100028991699 849920
1770663911666 0.47203266620635986 855040
1770663929674 0.47278863191604614 860160
1770663947732 0.47335702180862427 865280
1770663965656 0.4739401042461395 870400
1770663983603 0.4747393727302551 875520
1770664001423 0.47548994421958923 880640
1770664019315 0.4761989712715149 885760
1770664037236 0.47681859135627747 890880
1770664055197 0.4773091673851013 896000
1770664073104 0.4781742990016937 901120
1770664091811 0.4788435399532318 906240
1770664110930 0.47939273715019226 911360
1770664130157 0.47985944151878357 916480
1770664149938 0.48078346252441406 921600
1770664169693 0.4813721477985382 926720
1770664188882 0.48186805844306946 931840
1770664208460 0.48223963379859924 936960
1770664227662 0.48265987634658813 942080
1770664246986 0.483024001121521 947200
1770664266187 0.4835112690925598 952320
1770664285276 0.48425227403640747 957440
1770664304642 0.48469632863998413 962560
1770664324024 0.48548808693885803 967680
1770664343923 0.4858900308609009 972800
1770664363409 0.4865337014198303 977920
1770664382840 0.48704472184181213 983040
1770664402030 0.48756980895996094 988160
1770664421224 0.4878920316696167 993280
1770664440954 0.48832371830940247 998400
1770664444795 0.4883602261543274 1000448
