1770660784661 1.740906000137329 5120
1770660803827 1.6554384231567383 10240
1770660822966 1.7805043458938599 15360
1770660842084 1.8528310060501099 20480
1770660860973 1.9209052324295044 25600
1770660879045 1.900559663772583 30720
1770660896853 1.832666277885437 35840
1770660914740 1.8030142784118652 40960
1770660932457 1.79255211353302 46080
1770660950462 1.7809710502624512 51200
1770660968626 1.8370953798294067 56320
1770660986981 1.8497951030731201 61440
1770661005177 1.8531275987625122 66560
1770661023408 1.8358968496322632 71680
1770661041568 1.8114360570907593 76800
1770661059571 1.7910053730010986 81920
1770661077722 1.7803837060928345 87040
1770661097579 1.773068904876709 92160
1770661117512 1.7546144723892212 97280
1770661137826 1.7504088878631592 102400
1770661157944 1.7420454025268555 107520
1770661177645 1.7413190603256226 112640
1770661197970 1.7513656616210938 117760
1770661217247 1.7617840766906738 122880
1770661236590 1.7648956775665283 128000
1770661255674 1.769744873046875 133120
1770661274780 1.7740905284881592 138240
1770661293972 1.7763161659240723 143360
1770661313419 1.784802794456482 148480
1770661333076 1.8194513320922852 153600
1770661352383 1.8475010395050049 158720
1770661372065 1.8885884284973145 163840
1770661391085 1.923741102218628 168960
1770661409247 1.987194299697876 174080
1770661428832 2.0469424724578857 179200
1770661449065 2.1017730236053467 184320
1770661467412 2.1453189849853516 189440
1770661485723 2.208422899246216 194560
1770661504517 2.2571470737457275 199680
1770661523228 2.3159663677215576 204800
1770661541761 2.3751420974731445 209920
1770661561149 2.4278035163879395 215040
1770661579653 2.47676420211792 220160
1770661597964 2.521343231201172 225280
1770661616138 2.558014154434204 230400
1770661634376 2.595630645751953 235520
1770661652773 2.630923271179199 240640
1770661672377 2.6685707569122314 245760
1770661693245 2.6998090744018555 250880
1770661712629 2.7419981956481934 256000
1770661732161 2.7837634086608887 261120
1770661752236 2.8208775520324707 266240
1770661770753 2.8461010456085205 271360
1770661788839 2.879809617996216 276480
1770661806997 2.9081079959869385 281600
1770661825487 2.9317164421081543 286720
1770661845060 2.941964864730835 291840
1770661863602 2.948110342025757 296960
1770661881998 2.964092493057251 302080
1770661902020 2.9748294353485107 307200
1770661921642 2.9899706840515137 312320
1770661941345 2.9973256587982178 317440
1770661961321 3.0121490955352783 322560
1770661981271 3.0313451290130615 327680
1770662001038 3.0454392433166504 332800
1770662020689 3.0640785694122314 337920
1770662040464 3.076341390609741 343040
1770662060162 3.0899713039398193 348160
1770662079922 3.104091167449951 353280
1770662099552 3.1132869720458984 358400
1770662119078 3.1244571208953857 363520
1770662138688 3.1383626461029053 368640
1770662158570 3.147451877593994 373760
1770662178051 3.1569275856018066 378880
1770662197548 3.162820816040039 384000
1770662217426 3.16386079788208 389120
1770662236829 3.1654720306396484 394240
1770662256274 3.1600277423858643 399360
1770662275620 3.1399011611938477 404480
1770662295044 3.114544153213501 409600
1770662314504 3.0909924507141113 414720
1770662334126 3.0765058994293213 419840
1770662352160 3.0684709548950195 424960
1770662370168 3.063450336456299 430080
1770662388109 3.070185661315918 435200
1770662405938 3.080331325531006 440320
1770662423793 3.0978400707244873 445440
1770662441689 3.115121841430664 450560
1770662459574 3.133244037628174 455680
1770662477463 3.148266077041626 460800
1770662495280 3.170958995819092 465920
1770662514217 3.189586639404297 471040
1770662533513 3.2069294452667236 476160
1770662552933 3.222529649734497 481280
1770662573233 3.2391598224639893 486400
1770662593362 3.2571663856506348 491520
1770662612311 3.2741708755493164 496640
1770662630915 3.2910876274108887 501760
1770662649539 3.3098642826080322 506880
1770662668922 3.327294111251831 512000
1770662688755 3.3426923751831055 517120
1770662708776 3.35539174079895 522240
1770662727782 3.3693044185638428 527360
1770662746639 3.3826160430908203 532480
1770662765804 3.3992807865142822 537600
1770662785045 3.4138903617858887 542720
1770662804356 3.4319140911102295 547840
1770662823393 3.449032783508301 552960
1770662842015 3.4623777866363525 558080
1770662860692 3.477734088897705 563200
1770662879887 3.4913816452026367 568320
1770662900237 3.509307861328125 573440
1770662919056 3.5229461193084717 578560
1770662937896 3.5376017093658447 583680
1770662956935 3.5512304306030273 588800
1770662975432 3.562758207321167 593920
1770662993807 3.576761484146118 599040
1770663012713 3.5847957134246826 604160
1770663030935 3.5982930660247803 609280
1770663049037 3.609130382537842 614400
1770663067125 3.6203794479370117 619520
1770663085609 3.632046937942505 624640
1770663104349 3.6423983573913574 629760
1770663122870 3.652798891067505 634880
1770663141043 3.6651244163513184 640000
1770663160183 3.6740164756774902 645120
1770663180157 3.683077573776245 650240
1770663200190 3.6905720233917236 655360
1770663219548 3.700573682785034 660480
1770663241499 3.7123801708221436 665600
1770663260059 3.716907024383545 670720
1770663278402 3.7229745388031006 675840
1770663296455 3.7337238788604736 680960
1770663314487 3.740403890609741 686080
1770663332619 3.74959659576416 691200
1770663350737 3.757094383239746 696320
1770663368718 3.7671005725860596 701440
1770663386843 3.7742326259613037 706560
1770663405509 3.784266948699951 711680
1770663423557 3.794654369354248 716800
1770663441571 3.8051810264587402 721920
1770663459567 3.811971426010132 727040
1770663477686 3.8202872276306152 732160
1770663495799 3.8269941806793213 737280
1770663513774 3.8345110416412354 742400
1770663531806 3.84187650680542 747520
1770663549847 3.8509204387664795 752640
1770663567889 3.859112501144409 757760
1770663586374 3.8670270442962646 762880
1770663604452 3.8743700981140137 768000
1770663622425 3.8837742805480957 773120
1770663640285 3.8929948806762695 778240
1770663658212 3.89980411529541 783360
1770663676110 3.9092652797698975 788480
1770663694055 3.9176058769226074 793600
1770663711958 3.926251173019409 798720
1770663729956 3.9330461025238037 803840
1770663748364 3.9409162998199463 808960
1770663766523 3.9464874267578125 814080
1770663785073 3.9556102752685547 819200
1770663803129 3.960726261138916 824320
1770663821451 3.9676995277404785 829440
1770663839689 3.9749810695648193 834560
1770663857625 3.9801418781280518 839680
1770663875547 3.9880974292755127 844800
1770663893662 3.9961562156677246 849920
1770663911666 4.005156517028809 855040
1770663929674 4.013616561889648 860160
1770663947732 4.0202155113220215 865280
1770663965656 4.027235507965088 870400
1770663983603 4.036252021789551 875520
1770664001423 4.044604778289795 880640
1770664019315 4.05267333984375 885760
1770664037236 4.059945106506348 890880
1770664055197 4.06589412689209 896000
1770664073104 4.075419902801514 901120
1770664091811 4.083258628845215 906240
1770664110930 4.089673042297363 911360
1770664130157 4.095289707183838 916480
1770664149938 4.105170249938965 921600
1770664169693 4.111958026885986 926720
1770664188882 4.117990493774414 931840
1770664208460 4.122746467590332 936960
1770664227662 4.128061771392822 942080
1770664246986 4.132857799530029 947200
1770664266187 4.138830661773682 952320
1770664285276 4.147271633148193 957440
1770664304642 4.152581214904785 962560
1770664324024 4.161344051361084 967680
1770664343923 4.166196346282959 972800
1770664363409 4.173480033874512 977920
1770664382840 4.179491996765137 983040
1770664402030 4.185475826263428 988160
1770664421224 4.189881801605225 993280
1770664440954 4.194986343383789 998400
1770664444795 4.195633888244629 1000448
