1769347735274 1.101912021636963 5120
1769347753767 1.1040314435958862 10240
1769347772925 1.1241577863693237 15360
1769347791668 1.134583830833435 20480
1769347810221 1.134519338607788 25600
1769347830795 1.1335786581039429 30720
1769347852259 1.1301933526992798 35840
1769347876422 1.1330957412719727 40960
1769347901987 1.1323766708374023 46080
1769347923326 1.133639931678772 51200
1769347944840 1.1345853805541992 56320
1769347963657 1.1385806798934937 61440
1769347982087 1.1404852867126465 66560
1769348001415 1.141462802886963 71680
1769348021190 1.145015835762024 76800
1769348040701 1.1477270126342773 81920
1769348059621 1.1462141275405884 87040
1769348078673 1.1470729112625122 92160
1769348097798 1.1468102931976318 97280
1769348117430 1.147290825843811 102400
1769348136855 1.148831844329834 107520
1769348156372 1.1490635871887207 112640
1769348175515 1.1493592262268066 117760
1769348194990 1.152090072631836 122880
1769348215050 1.1523628234863281 128000
1769348234487 1.1493046283721924 133120
1769348253966 1.150230884552002 138240
1769348273427 1.151576042175293 143360
1769348292785 1.150553822517395 148480
1769348312377 1.149332880973816 153600
1769348331881 1.1484286785125732 158720
1769348351625 1.1490963697433472 163840
1769348371105 1.1484214067459106 168960
1769348390692 1.1488176584243774 174080
1769348410029 1.1485538482666016 179200
1769348429636 1.1486316919326782 184320
1769348449495 1.1478195190429688 189440
1769348470382 1.1487962007522583 194560
1769348490541 1.1476411819458008 199680
1769348510559 1.1483991146087646 204800
1769348530429 1.1500545740127563 209920
1769348549974 1.1499922275543213 215040
1769348569417 1.1498308181762695 220160
1769348588848 1.1486655473709106 225280
1769348608931 1.1482605934143066 230400
1769348628532 1.1486992835998535 235520
1769348648472 1.149247169494629 240640
1769348667741 1.14895761013031 245760
1769348687349 1.148826003074646 250880
1769348706285 1.1490168571472168 256000
1769348725455 1.1483958959579468 261120
1769348744274 1.1488914489746094 266240
1769348762980 1.1480263471603394 271360
1769348781748 1.1492624282836914 276480
1769348801374 1.1492345333099365 281600
1769348820022 1.1499133110046387 286720
1769348840370 1.1501832008361816 291840
1769348859372 1.1510920524597168 296960
1769348868265 1.1509432792663574 300032
