1769347735267 23.58514976501465 5120
1769347753759 25.274261474609375 10240
1769347772920 27.386005401611328 15360
1769347791662 28.787281036376953 20480
1769347810214 29.516687393188477 25600
1769347830788 30.581146240234375 30720
1769347852249 31.853816986083984 35840
1769347876415 32.606868743896484 40960
1769347901977 34.37485122680664 46080
1769347923320 35.067283630371094 51200
1769347944834 36.138893127441406 56320
1769347963652 37.40034866333008 61440
1769347982081 38.401527404785156 66560
1769348001409 39.03843307495117 71680
1769348021182 40.407432556152344 76800
1769348040695 40.73368453979492 81920
1769348059615 41.895023345947266 87040
1769348078666 42.732486724853516 92160
1769348097789 43.870845794677734 97280
1769348117423 44.608394622802734 102400
1769348136847 45.36665725708008 107520
1769348156365 46.62610626220703 112640
1769348175508 47.50640106201172 117760
1769348194984 48.0866584777832 122880
1769348215042 48.85345458984375 128000
1769348234481 49.4477653503418 133120
1769348253958 49.708518981933594 138240
1769348273419 50.815879821777344 143360
1769348292779 50.587738037109375 148480
1769348312370 51.28947067260742 153600
1769348331870 52.477317810058594 158720
1769348351613 52.6991081237793 163840
1769348371096 52.790863037109375 168960
1769348390680 52.80815505981445 174080
1769348410022 53.12038040161133 179200
1769348429629 54.277503967285156 184320
1769348449488 53.91218948364258 189440
1769348470368 54.158905029296875 194560
1769348490533 54.82502365112305 199680
1769348510551 55.007568359375 204800
1769348530416 55.00959396362305 209920
1769348549966 54.854835510253906 215040
1769348569405 55.93811798095703 220160
1769348588840 55.74565887451172 225280
1769348608923 56.654693603515625 230400
1769348628522 56.453155517578125 235520
1769348648461 56.719764709472656 240640
1769348667730 56.47517776489258 245760
1769348687341 56.23725128173828 250880
1769348706277 56.029266357421875 256000
1769348725447 56.60133743286133 261120
1769348744266 56.62685012817383 266240
1769348762972 56.85747146606445 271360
1769348781739 57.368751525878906 276480
1769348801362 57.21649932861328 281600
1769348820013 57.398406982421875 286720
1769348840360 57.39832305908203 291840
1769348859363 57.640708923339844 296960
1769348868257 57.894569396972656 300032
