1769347735274 1.054668664932251 5120
1769347753767 1.0486040115356445 10240
1769347772925 1.067874550819397 15360
1769347791668 1.087575912475586 20480
1769347810221 1.0833386182785034 25600
1769347830795 1.085688591003418 30720
1769347852259 1.0852584838867188 35840
1769347876422 1.0870349407196045 40960
1769347901987 1.0827831029891968 46080
1769347923326 1.0828728675842285 51200
1769347944840 1.0851624011993408 56320
1769347963657 1.0859251022338867 61440
1769347982087 1.0833561420440674 66560
1769348001415 1.0846495628356934 71680
1769348021190 1.0861399173736572 76800
1769348040701 1.0898771286010742 81920
1769348059621 1.0899924039840698 87040
1769348078673 1.0919132232666016 92160
1769348097798 1.0946035385131836 97280
1769348117430 1.0974786281585693 102400
1769348136855 1.100721001625061 107520
1769348156372 1.1019182205200195 112640
1769348175515 1.1010868549346924 117760
1769348194990 1.1013916730880737 122880
1769348215050 1.1035534143447876 128000
1769348234487 1.1034382581710815 133120
1769348253966 1.1040120124816895 138240
1769348273427 1.1065189838409424 143360
1769348292785 1.1047782897949219 148480
1769348312377 1.1069068908691406 153600
1769348331881 1.104384422302246 158720
1769348351625 1.1057615280151367 163840
1769348371105 1.1061447858810425 168960
1769348390692 1.1057813167572021 174080
1769348410029 1.106063961982727 179200
1769348429636 1.1081552505493164 184320
1769348449495 1.10685133934021 189440
1769348470382 1.1081764698028564 194560
1769348490541 1.1063984632492065 199680
1769348510559 1.1091996431350708 204800
1769348530429 1.1101443767547607 209920
1769348549974 1.1091033220291138 215040
1769348569417 1.1102149486541748 220160
1769348588848 1.1087719202041626 225280
1769348608931 1.107795000076294 230400
1769348628532 1.1086921691894531 235520
1769348648472 1.1088393926620483 240640
1769348667741 1.1083263158798218 245760
1769348687349 1.108896017074585 250880
1769348706285 1.1101770401000977 256000
1769348725455 1.1103435754776 261120
1769348744274 1.111367106437683 266240
1769348762980 1.1098192930221558 271360
1769348781748 1.111217737197876 276480
1769348801374 1.1130473613739014 281600
1769348820022 1.1145490407943726 286720
1769348840370 1.1146713495254517 291840
1769348859372 1.1157501935958862 296960
1769348868265 1.115743637084961 300032
