1769347735274 0.2922077775001526 5120
1769347753767 0.2928220331668854 10240
1769347772925 0.29987624287605286 15360
1769347791668 0.30747687816619873 20480
1769347810221 0.30466318130493164 25600
1769347830795 0.30477654933929443 30720
1769347852259 0.3045412600040436 35840
1769347876422 0.3056882917881012 40960
1769347901987 0.30554553866386414 46080
1769347923326 0.3063522279262543 51200
1769347944840 0.3071068525314331 56320
1769347963657 0.30842670798301697 61440
1769347982087 0.30825430154800415 66560
1769348001415 0.30804839730262756 71680
1769348021190 0.30885013937950134 76800
1769348040701 0.31017404794692993 81920
1769348059621 0.3099125027656555 87040
1769348078673 0.31039705872535706 92160
1769348097798 0.3107537031173706 97280
1769348117430 0.31162548065185547 102400
1769348136855 0.3125787377357483 107520
1769348156372 0.3122042119503021 112640
1769348175515 0.31238627433776855 117760
1769348194990 0.31295856833457947 122880
1769348215050 0.31375542283058167 128000
1769348234487 0.3128850758075714 133120
1769348253966 0.31315934658050537 138240
1769348273427 0.3137470781803131 143360
1769348292785 0.31327590346336365 148480
1769348312377 0.31340643763542175 153600
1769348331881 0.31315353512763977 158720
1769348351625 0.31336456537246704 163840
1769348371105 0.31346631050109863 168960
1769348390692 0.31313130259513855 174080
1769348410029 0.3135427236557007 179200
1769348429636 0.31402745842933655 184320
1769348449495 0.31374865770339966 189440
1769348470382 0.31406646966934204 194560
1769348490541 0.3133450746536255 199680
1769348510559 0.31412163376808167 204800
1769348530429 0.3142366409301758 209920
1769348549974 0.3138883113861084 215040
1769348569417 0.31415024399757385 220160
1769348588848 0.3138076961040497 225280
1769348608931 0.3135626018047333 230400
1769348628532 0.31358447670936584 235520
1769348648472 0.31349459290504456 240640
1769348667741 0.31329789757728577 245760
1769348687349 0.3133257031440735 250880
1769348706285 0.3136831521987915 256000
1769348725455 0.31389299035072327 261120
1769348744274 0.3141855001449585 266240
1769348762980 0.3138226866722107 271360
1769348781748 0.3141207695007324 276480
1769348801374 0.3143310248851776 281600
1769348820022 0.3145965039730072 286720
1769348840370 0.3148737847805023 291840
1769348859372 0.3150624632835388 296960
1769348868265 0.31504368782043457 300032
