1769347735267 215.56786760548903 5120
1769347753759 397.67744382288805 10240
1769347772920 440.02349979018044 15360
1769347791662 362.5154710458081 20480
1769347810214 127.63774687319315 25600
1769347830788 402.6402995104157 30720
1769347852249 310.89644948484175 35840
1769347876415 294.93734617818717 40960
1769347901977 126.79274486094317 46080
1769347923320 432.44705639756677 51200
1769347944834 176.0906839078047 56320
1769347963652 136.72025555772868 61440
1769347982081 411.89276244721594 66560
1769348001409 135.69846970138147 71680
1769348021182 361.88990509059533 76800
1769348040695 130.14471887799428 81920
1769348059615 439.2401298565295 87040
1769348078666 297.0680643105036 92160
1769348097789 431.82374137753527 97280
1769348117423 447.9179837676207 102400
1769348136847 146.64373120760786 107520
1769348156365 438.5512337933919 112640
1769348175508 423.3249899071457 117760
1769348194984 395.838429596074 122880
1769348215042 181.469476052438 128000
1769348234481 146.107360574076 133120
1769348253958 270.1297095382237 138240
1769348273419 438.7806255884507 143360
1769348292779 272.42816315926217 148480
1769348312370 346.29326287978864 153600
1769348331870 364.3102579692522 158720
1769348351613 290.5648770349844 163840
1769348371096 316.3602353296123 168960
1769348390680 216.748695157873 174080
1769348410022 165.35793416124582 179200
1769348429629 130.60264673828428 184320
1769348449488 255.59439366240096 189440
1769348470368 296.7527946794963 194560
1769348490533 363.74156621281765 199680
1769348510551 365.6760244115083 204800
1769348530416 160.075719410732 209920
1769348549966 428.07756685037765 215040
1769348569405 136.40456600214642 220160
1769348588840 121.44730136668983 225280
1769348608923 187.6814032575622 230400
1769348628522 116.8687898799075 235520
1769348648461 385.04580923528874 240640
1769348667730 312.30856291883845 245760
1769348687341 206.35166781462166 250880
1769348706277 160.28370528890247 256000
1769348725447 178.5874137784212 261120
1769348744266 139.88007337001835 266240
1769348762972 332.327390856509 271360
1769348781739 162.07365045017195 276480
1769348801362 336.0820512820513 281600
1769348820013 294.2545250456012 286720
1769348840360 440.8560016817322 291840
1769348859363 399.9908449361053 296960
1769348868257 354.3384303455267 300032
