1771166377967 0.05306442081928253 5120
1771166400129 0.03779151290655136 10240
1771166422580 0.014754846692085266 15360
1771166444871 0.019128480926156044 20480
1771166467428 0.024841584265232086 25600
1771166490044 0.026597322896122932 30720
1771166513305 0.028378188610076904 35840
1771166536678 0.030705906450748444 40960
1771166560507 0.030900275334715843 46080
1771166584521 0.03188495337963104 51200
1771166608311 0.03209931403398514 56320
1771166632133 0.03439340367913246 61440
1771166655863 0.03490516170859337 66560
1771166679696 0.034826360642910004 71680
1771166703869 0.03436443582177162 76800
1771166728229 0.03320608660578728 81920
1771166752222 0.03271589055657387 87040
1771166776365 0.032460328191518784 92160
1771166800141 0.03276829048991203 97280
1771166824477 0.033339813351631165 102400
1771166848572 0.03477015346288681 107520
1771166872398 0.03861875832080841 112640
1771166896170 0.04103643074631691 117760
1771166920005 0.04250934720039368 122880
1771166944005 0.04394057020545006 128000
1771166968387 0.04521617293357849 133120
1771166992094 0.0462038479745388 138240
1771167015824 0.04703739285469055 143360
1771167039692 0.04786140099167824 148480
1771167063705 0.04862695187330246 153600
1771167087380 0.04960186034440994 158720
1771167111195 0.050704747438430786 163840
1771167135134 0.05140693113207817 168960
1771167159112 0.052158184349536896 174080
1771167182955 0.05275788903236389 179200
1771167207024 0.05325130745768547 184320
1771167231178 0.053882334381341934 189440
1771167255260 0.05418967828154564 194560
1771167279320 0.054079994559288025 199680
1771167303237 0.05384187400341034 204800
1771167327074 0.05375468730926514 209920
1771167351181 0.053691230714321136 215040
1771167375121 0.053784407675266266 220160
1771167399127 0.054067473858594894 225280
1771167423156 0.0540982186794281 230400
1771167446992 0.05426979064941406 235520
1771167471720 0.054431624710559845 240640
1771167494620 0.05476370453834534 245760
1771167517275 0.055374763906002045 250880
1771167539893 0.05589284002780914 256000
1771167562536 0.056388210505247116 261120
1771167585415 0.05692500248551369 266240
1771167608224 0.05739095062017441 271360
1771167631054 0.057919446378946304 276480
1771167653625 0.058348994702100754 281600
1771167676139 0.05876435711979866 286720
1771167698675 0.05877699702978134 291840
1771167721269 0.058782029896974564 296960
1771167743940 0.05888098478317261 302080
1771167766477 0.05879490450024605 307200
