1771166377967 26.718950271606445 5120
1771166400129 26.398141860961914 10240
1771166422580 26.99627685546875 15360
1771166444871 27.125293731689453 20480
1771166467428 27.25702476501465 25600
1771166490044 27.329544067382812 30720
1771166513305 27.40458106994629 35840
1771166536678 27.53728675842285 40960
1771166560507 27.551191329956055 46080
1771166584521 27.645252227783203 51200
1771166608311 27.74298667907715 56320
1771166632133 27.50423240661621 61440
1771166655863 27.47909164428711 66560
1771166679696 27.401979446411133 71680
1771166703869 27.164623260498047 76800
1771166728229 26.87083625793457 81920
1771166752222 26.66135597229004 87040
1771166776365 26.601303100585938 92160
1771166800141 26.56435203552246 97280
1771166824477 26.5928955078125 102400
1771166848572 26.60720443725586 107520
1771166872398 26.56365203857422 112640
1771166896170 26.51241111755371 117760
1771166920005 26.497528076171875 122880
1771166944005 26.4622745513916 128000
1771166968387 26.45451545715332 133120
1771166992094 26.467967987060547 138240
1771167015824 26.483366012573242 143360
1771167039692 26.511207580566406 148480
1771167063705 26.52824592590332 153600
1771167087380 26.547985076904297 158720
1771167111195 26.57118797302246 163840
1771167135134 26.610811233520508 168960
1771167159112 26.635278701782227 174080
1771167182955 26.660280227661133 179200
1771167207024 26.64672088623047 184320
1771167231178 26.6368465423584 189440
1771167255260 26.660783767700195 194560
1771167279320 26.55257225036621 199680
1771167303237 26.454345703125 204800
1771167327074 26.398988723754883 209920
1771167351181 26.34565544128418 215040
1771167375121 26.27847671508789 220160
1771167399127 26.268268585205078 225280
1771167423156 26.256086349487305 230400
1771167446992 26.21825408935547 235520
1771167471720 26.186864852905273 240640
1771167494620 26.143030166625977 245760
1771167517275 26.084444046020508 250880
1771167539893 26.020591735839844 256000
1771167562536 25.963960647583008 261120
1771167585415 25.846160888671875 266240
1771167608224 25.736513137817383 271360
1771167631054 25.612531661987305 276480
1771167653625 25.514816284179688 281600
1771167676139 25.378215789794922 286720
1771167698675 25.233503341674805 291840
1771167721269 25.080171585083008 296960
1771167743940 24.94373321533203 302080
1771167766477 24.80291175842285 307200
