1771166377967 0.0 5120
1771166400129 0.0 10240
1771166422580 0.0 15360
1771166444871 0.0 20480
1771166467428 0.0 25600
1771166490044 0.0 30720
1771166513305 0.0 35840
1771166536678 0.0 40960
1771166560507 0.0 46080
1771166584521 0.0 51200
1771166608311 0.0 56320
1771166632133 0.0 61440
1771166655863 0.0 66560
1771166679696 0.0 71680
1771166703869 0.0 76800
1771166728229 0.0 81920
1771166752222 0.0 87040
1771166776365 0.0 92160
1771166800141 0.0 97280
1771166824477 0.0 102400
1771166848572 0.0 107520
1771166872398 0.0 112640
1771166896170 0.0 117760
1771166920005 0.0 122880
1771166944005 0.0 128000
1771166968387 0.0 133120
1771166992094 0.0 138240
1771167015824 0.0 143360
1771167039692 0.0 148480
1771167063705 0.0 153600
1771167087380 0.0 158720
1771167111195 0.0 163840
1771167135134 0.0 168960
1771167159112 0.0 174080
1771167182955 0.0 179200
1771167207024 0.0 184320
1771167231178 0.0 189440
1771167255260 0.0 194560
1771167279320 0.0 199680
1771167303237 0.0 204800
1771167327074 0.0 209920
1771167351181 0.0 215040
1771167375121 0.0 220160
1771167399127 0.0 225280
1771167423156 0.0 230400
1771167446992 0.0 235520
1771167471720 0.0 240640
1771167494620 0.0 245760
1771167517275 0.0 250880
1771167539893 0.0 256000
1771167562536 0.0 261120
1771167585415 0.0 266240
1771167608224 0.0 271360
1771167631054 0.0 276480
1771167653625 0.0 281600
1771167676139 0.0 286720
1771167698675 0.0 291840
1771167721269 0.0 296960
1771167743940 0.0 302080
1771167766477 0.0 307200
