1771166377967 0.22451213002204895 5120
1771166400129 0.19876842200756073 10240
1771166422580 0.15749551355838776 15360
1771166444871 0.16327491402626038 20480
1771166467428 0.17200994491577148 25600
1771166490044 0.17404046654701233 30720
1771166513305 0.17755724489688873 35840
1771166536678 0.1822153925895691 40960
1771166560507 0.18248754739761353 46080
1771166584521 0.184606671333313 51200
1771166608311 0.18518517911434174 56320
1771166632133 0.1905091255903244 61440
1771166655863 0.19129352271556854 66560
1771166679696 0.19137541949748993 71680
1771166703869 0.190758615732193 76800
1771166728229 0.1880069524049759 81920
1771166752222 0.18698926270008087 87040
1771166776365 0.18637312948703766 92160
1771166800141 0.18677879869937897 97280
1771166824477 0.18764829635620117 102400
1771166848572 0.1903250366449356 107520
1771166872398 0.19886896014213562 112640
1771166896170 0.20360922813415527 117760
1771166920005 0.20646998286247253 122880
1771166944005 0.2090025097131729 128000
1771166968387 0.21102236211299896 133120
1771166992094 0.21277233958244324 138240
1771167015824 0.21424999833106995 143360
1771167039692 0.2156667411327362 148480
1771167063705 0.2167111486196518 153600
1771167087380 0.21838383376598358 158720
1771167111195 0.220428004860878 163840
1771167135134 0.2215898185968399 168960
1771167159112 0.22304591536521912 174080
1771167182955 0.22400645911693573 179200
1771167207024 0.2247336506843567 184320
1771167231178 0.22584520280361176 189440
1771167255260 0.22660945355892181 194560
1771167279320 0.22646445035934448 199680
1771167303237 0.22618918120861053 204800
1771167327074 0.22611482441425323 209920
1771167351181 0.22624309360980988 215040
1771167375121 0.22665758430957794 220160
1771167399127 0.22760196030139923 225280
1771167423156 0.22797468304634094 230400
1771167446992 0.22846348583698273 235520
1771167471720 0.22910065948963165 240640
1771167494620 0.2300221174955368 245760
1771167517275 0.23179306089878082 250880
1771167539893 0.23315398395061493 256000
1771167562536 0.23464013636112213 261120
1771167585415 0.2366335242986679 266240
1771167608224 0.2385440468788147 271360
1771167631054 0.24059170484542847 276480
1771167653625 0.24253176152706146 281600
1771167676139 0.24461770057678223 286720
1771167698675 0.24556361138820648 291840
1771167721269 0.246372789144516 296960
1771167743940 0.2475263476371765 302080
1771167766477 0.24812822043895721 307200
