1771166377962 147.85335589396504 5120
1771166400121 135.68091094361594 10240
1771166422573 128.13686493752482 15360
1771166444864 114.74582113643203 20480
1771166467421 104.00733999553648 25600
1771166490034 75.78058827780588 30720
1771166513297 92.50576740698264 35840
1771166536670 88.68387778834972 40960
1771166560495 72.15386203337347 46080
1771166584510 73.1033376906318 51200
1771166608303 110.22848282568133 56320
1771166632124 99.63664006081338 61440
1771166655854 113.67601702035395 66560
1771166679688 122.26509255210611 71680
1771166703860 57.9339760766872 76800
1771166728217 97.10385701717831 81920
1771166752214 84.69577157626914 87040
1771166776356 112.91401496796425 92160
1771166800127 98.82902921771914 97280
1771166824466 80.10664833170992 102400
1771166848563 91.23605673018359 107520
1771166872389 104.62480979819901 112640
1771166896162 119.0109809040093 117760
1771166919996 104.21925705056529 122880
1771166943994 71.35475748966503 128000
1771166968379 103.61422924901186 133120
1771166992085 98.79876569382611 138240
1771167015811 78.1862988162923 143360
1771167039684 102.24523426454098 148480
1771167063696 102.34502952515739 153600
1771167087367 103.8296861075354 158720
1771167111187 85.48638512962661 163840
1771167135122 78.28114968271743 168960
1771167159102 75.67940529031793 174080
1771167182943 73.8056977951398 179200
1771167207008 102.76630567942372 184320
1771167231167 98.56427127884571 189440
1771167255247 100.28701910432059 194560
1771167279310 80.83691169101492 199680
1771167303227 117.44145153161226 204800
1771167327064 81.71730278410973 209920
1771167351170 114.2924410049594 215040
1771167375107 69.07842814321947 220160
1771167399118 106.77691504798757 225280
1771167423146 96.20625272381128 230400
1771167446983 112.7379851628857 235520
1771167471704 71.03692161777657 240640
1771167494610 109.22951118518712 245760
1771167517266 108.13684997550726 250880
1771167539884 131.7389283246435 256000
1771167562523 105.34217400040185 261120
1771167585404 84.3008401334566 266240
1771167608212 103.75776766277458 271360
1771167631044 127.17334222734301 276480
1771167653615 126.39156245291548 281600
1771167676128 103.94290245836638 286720
1771167698665 89.59890626335128 291840
1771167721253 122.88480018750732 296960
1771167743923 74.60121302669727 302080
1771167766463 99.3063737096316 307200
