1771166377967 1.2190451622009277 5120
1771166400129 0.9197565317153931 10240
1771166422580 0.4444703459739685 15360
1771166444871 0.523099958896637 20480
1771166467428 0.6251757740974426 25600
1771166490044 0.6529973149299622 30720
1771166513305 0.6873222589492798 35840
1771166536678 0.7345075607299805 40960
1771166560507 0.7381799817085266 46080
1771166584521 0.7572092413902283 51200
1771166608311 0.7617975473403931 56320
1771166632133 0.8273522257804871 61440
1771166655863 0.8353352546691895 66560
1771166679696 0.8363833427429199 71680
1771166703869 0.8320316672325134 76800
1771166728229 0.8093032836914062 81920
1771166752222 0.8024535179138184 87040
1771166776365 0.7981086373329163 92160
1771166800141 0.8029564023017883 97280
1771166824477 0.8122304677963257 102400
1771166848572 0.8430371284484863 107520
1771166872398 0.9377922415733337 112640
1771166896170 0.9916063547134399 117760
1771166920005 1.0240893363952637 122880
1771166944005 1.05436110496521 128000
1771166968387 1.0796477794647217 133120
1771166992094 1.0992182493209839 138240
1771167015824 1.115748405456543 143360
1771167039692 1.1316694021224976 148480
1771167063705 1.1446751356124878 153600
1771167087380 1.1632709503173828 158720
1771167111195 1.1847304105758667 163840
1771167135134 1.1976720094680786 168960
1771167159112 1.2121952772140503 174080
1771167182955 1.2232980728149414 179200
1771167207024 1.2324706315994263 184320
1771167231178 1.2456854581832886 189440
1771167255260 1.2533345222473145 194560
1771167279320 1.2544821500778198 199680
1771167303237 1.2530767917633057 204800
1771167327074 1.2541301250457764 209920
1771167351181 1.256282091140747 215040
1771167375121 1.2621477842330933 220160
1771167399127 1.2716338634490967 225280
1771167423156 1.2753355503082275 230400
1771167446992 1.2813560962677002 235520
1771167471720 1.2885135412216187 240640
1771167494620 1.2996320724487305 245760
1771167517275 1.3193225860595703 250880
1771167539893 1.3359386920928955 256000
1771167562536 1.3543651103973389 261120
1771167585415 1.379490852355957 266240
1771167608224 1.4036064147949219 271360
1771167631054 1.429991602897644 276480
1771167653625 1.4534045457839966 281600
1771167676139 1.4799848794937134 286720
1771167698675 1.4943705797195435 291840
1771167721269 1.507285714149475 296960
1771167743940 1.523250937461853 302080
1771167766477 1.5334782600402832 307200
