1770915499468 18.47463035583496 5120
1770915504743 18.45760726928711 10240
1770915510321 19.92928123474121 15360
1770915516080 20.08378028869629 20480
1770915522463 20.351680755615234 25600
1770915528088 20.689271926879883 30720
1770915533664 20.934188842773438 35840
1770915539416 20.997602462768555 40960
1770915545193 21.096921920776367 46080
1770915551052 21.204904556274414 51200
1770915556882 21.24518394470215 56320
1770915562998 21.29400062561035 61440
1770915568005 21.339506149291992 66560
1770915574701 21.436731338500977 71680
1770915580848 21.49311637878418 76800
1770915586468 21.51358985900879 81920
1770915592634 21.565757751464844 87040
1770915599293 21.64639663696289 92160
1770915606020 21.667150497436523 97280
1770915612339 21.708349227905273 102400
1770915617164 21.694032669067383 107520
1770915624110 21.73628044128418 112640
1770915629715 21.74614906311035 117760
1770915635991 21.775827407836914 122880
1770915642280 21.783090591430664 128000
1770915648985 21.833086013793945 133120
1770915654290 21.842483520507812 138240
1770915660454 21.80747413635254 143360
1770915667843 21.812074661254883 148480
1770915673837 21.83554458618164 153600
1770915679698 21.817668914794922 158720
1770915684696 21.807315826416016 163840
1770915692716 21.820262908935547 168960
1770915698083 21.82364845275879 174080
1770915702915 21.81576919555664 179200
1770915708090 21.861230850219727 184320
1770915715755 21.863861083984375 189440
1770915722668 21.873096466064453 194560
1770915729278 21.896577835083008 199680
1770915736371 21.910398483276367 204800
1770915743506 21.94805335998535 209920
1770915749504 21.941747665405273 215040
1770915754845 21.921308517456055 220160
1770915760563 21.950735092163086 225280
1770915766048 21.96595573425293 230400
1770915773016 21.971025466918945 235520
1770915778491 21.95846176147461 240640
1770915784021 21.962373733520508 245760
1770915789179 21.98383903503418 250880
1770915796518 21.959009170532227 256000
1770915801531 21.96999168395996 261120
1770915807037 21.978940963745117 266240
1770915812924 21.965211868286133 271360
1770915819949 21.978933334350586 276480
1770915825543 21.984987258911133 281600
1770915830580 21.99854278564453 286720
1770915836316 21.999465942382812 291840
1770915843410 22.000181198120117 296960
1770915844472 21.99894142150879 300032
