1770915499468 24.681835174560547 5120
1770915504743 23.032527923583984 10240
1770915510321 23.628211975097656 15360
1770915516080 23.880678176879883 20480
1770915522463 24.551525115966797 25600
1770915528088 25.089475631713867 30720
1770915533664 25.514869689941406 35840
1770915539416 25.71144676208496 40960
1770915545193 25.89763832092285 46080
1770915551052 26.057910919189453 51200
1770915556882 26.164838790893555 56320
1770915562998 26.26380157470703 61440
1770915568005 26.327436447143555 66560
1770915574701 26.455821990966797 71680
1770915580848 26.53399658203125 76800
1770915586468 26.592344284057617 81920
1770915592634 26.672256469726562 87040
1770915599293 26.759498596191406 92160
1770915606020 26.797454833984375 97280
1770915612339 26.860519409179688 102400
1770915617164 26.858558654785156 107520
1770915624110 26.92667579650879 112640
1770915629715 26.93576431274414 117760
1770915635991 26.971689224243164 122880
1770915642280 26.985164642333984 128000
1770915648985 27.056865692138672 133120
1770915654290 27.081932067871094 138240
1770915660454 27.055038452148438 143360
1770915667843 27.062732696533203 148480
1770915673837 27.097810745239258 153600
1770915679698 27.084749221801758 158720
1770915684696 27.0859432220459 163840
1770915692716 27.103322982788086 168960
1770915698083 27.10506248474121 174080
1770915702915 27.09969139099121 179200
1770915708090 27.162946701049805 184320
1770915715755 27.170061111450195 189440
1770915722668 27.181514739990234 194560
1770915729278 27.21213722229004 199680
1770915736371 27.226999282836914 204800
1770915743506 27.279109954833984 209920
1770915749504 27.272825241088867 215040
1770915754845 27.254873275756836 220160
1770915760563 27.29349136352539 225280
1770915766048 27.313718795776367 230400
1770915773016 27.32490348815918 235520
1770915778491 27.310441970825195 240640
1770915784021 27.31902503967285 245760
1770915789179 27.342243194580078 250880
1770915796518 27.315156936645508 256000
1770915801531 27.319007873535156 261120
1770915807037 27.33064079284668 266240
1770915812924 27.315683364868164 271360
1770915819949 27.329570770263672 276480
1770915825543 27.332733154296875 281600
1770915830580 27.348329544067383 286720
1770915836316 27.354537963867188 291840
1770915843410 27.357078552246094 296960
1770915844472 27.354084014892578 300032
