1770915499468 1.1770150661468506 5120
1770915504743 1.1746065616607666 10240
1770915510321 1.1624795198440552 15360
1770915516080 1.166431188583374 20480
1770915522463 1.1602723598480225 25600
1770915528088 1.1590826511383057 30720
1770915533664 1.1622354984283447 35840
1770915539416 1.1579949855804443 40960
1770915545193 1.1565155982971191 46080
1770915551052 1.1548875570297241 51200
1770915556882 1.1535875797271729 56320
1770915562998 1.152690052986145 61440
1770915568005 1.1502357721328735 66560
1770915574701 1.1513231992721558 71680
1770915580848 1.1519190073013306 76800
1770915586468 1.1523534059524536 81920
1770915592634 1.153182029724121 87040
1770915599293 1.1540653705596924 92160
1770915606020 1.1540457010269165 97280
1770915612339 1.155097246170044 102400
1770915617164 1.1542266607284546 107520
1770915624110 1.1561788320541382 112640
1770915629715 1.155707836151123 117760
1770915635991 1.1556830406188965 122880
1770915642280 1.1549721956253052 128000
1770915648985 1.1568728685379028 133120
1770915654290 1.15703284740448 138240
1770915660454 1.155455470085144 143360
1770915667843 1.1547666788101196 148480
1770915673837 1.15532386302948 153600
1770915679698 1.154211401939392 158720
1770915684696 1.1536211967468262 163840
1770915692716 1.1535334587097168 168960
1770915698083 1.152773380279541 174080
1770915702915 1.1520549058914185 179200
1770915708090 1.154152750968933 184320
1770915715755 1.153841495513916 189440
1770915722668 1.1540944576263428 194560
1770915729278 1.1550366878509521 199680
1770915736371 1.1552163362503052 204800
1770915743506 1.156906247138977 209920
1770915749504 1.1561237573623657 215040
1770915754845 1.15514075756073 220160
1770915760563 1.1562650203704834 225280
1770915766048 1.1568089723587036 230400
1770915773016 1.1573047637939453 235520
1770915778491 1.156130075454712 240640
1770915784021 1.1560665369033813 245760
1770915789179 1.1567741632461548 250880
1770915796518 1.1555593013763428 256000
1770915801531 1.1554468870162964 261120
1770915807037 1.1558185815811157 266240
1770915812924 1.155160665512085 271360
1770915819949 1.1551437377929688 276480
1770915825543 1.155012845993042 281600
1770915830580 1.1552797555923462 286720
1770915836316 1.155368685722351 291840
1770915843410 1.1553562879562378 296960
1770915844472 1.1552292108535767 300032
