1770915499461 -0.9237058162689209 5120
1770915504738 -0.9455269575119019 10240
1770915510316 -1.0073509216308594 15360
1770915516074 -1.9735069274902344 20480
1770915522459 -2.7215542793273926 25600
1770915528083 -3.1089446544647217 30720
1770915533659 -2.663728952407837 35840
1770915539410 -2.9091107845306396 40960
1770915545184 -3.201993942260742 46080
1770915551047 -3.643157482147217 51200
1770915556874 -3.9941890239715576 56320
1770915562992 -4.324674129486084 61440
1770915567997 -4.7091875076293945 66560
1770915574695 -5.026310920715332 71680
1770915580843 -5.3182196617126465 76800
1770915586462 -5.6171979904174805 81920
1770915592626 -5.81442403793335 87040
1770915599287 -5.995905876159668 92160
1770915606011 -6.181445121765137 97280
1770915612334 -6.2454915046691895 102400
1770915617159 -6.299946308135986 107520
1770915624105 -6.460949897766113 112640
1770915629706 -6.463990688323975 117760
1770915635984 -6.6166205406188965 122880
1770915642274 -6.644947052001953 128000
1770915648980 -6.633978366851807 133120
1770915654282 -6.734835147857666 138240
1770915660445 -6.804682731628418 143360
1770915667837 -6.881364345550537 148480
1770915673830 -6.807389736175537 153600
1770915679213 -6.811000823974609 158720
1770915684690 -6.816478729248047 163840
1770915692708 -6.699650764465332 168960
1770915698076 -6.8734917640686035 174080
1770915702909 -6.739620208740234 179200
1770915708084 -6.720839500427246 184320
1770915715745 -6.68425989151001 189440
1770915722660 -6.615426063537598 194560
1770915729270 -6.576707363128662 199680
1770915736362 -6.614757537841797 204800
1770915743500 -6.53399133682251 209920
1770915749498 -6.464743137359619 215040
1770915754835 -6.4595842361450195 220160
1770915760556 -6.36293363571167 225280
1770915766042 -6.325422763824463 230400
1770915773005 -6.186312675476074 235520
1770915778484 -6.260199546813965 240640
1770915784014 -6.15580415725708 245760
1770915789172 -6.116734981536865 250880
1770915796511 -6.0503249168396 256000
1770915801522 -6.0320329666137695 261120
1770915807027 -6.02739143371582 266240
1770915812913 -6.007424831390381 271360
1770915819937 -6.00496768951416 276480
1770915825536 -5.9134697914123535 281600
1770915830572 -5.811737537384033 286720
1770915836309 -5.738831520080566 291840
1770915843403 -5.603365898132324 296960
1770915844464 -5.641120910644531 300032
