1770915499461 26.610593795776367 5120
1770915504738 23.447696685791016 10240
1770915510316 17.757930755615234 15360
1770915516074 12.372706413269043 20480
1770915522459 9.23618221282959 25600
1770915528083 11.613014221191406 30720
1770915533659 12.341304779052734 35840
1770915539410 13.364520072937012 40960
1770915545184 12.063521385192871 46080
1770915551047 14.090089797973633 51200
1770915556874 12.700370788574219 56320
1770915562992 12.399831771850586 61440
1770915567997 13.089396476745605 66560
1770915574695 14.128271102905273 71680
1770915580843 13.727727890014648 76800
1770915586462 14.025118827819824 81920
1770915592626 14.37281608581543 87040
1770915599287 14.480707168579102 92160
1770915606011 14.785359382629395 97280
1770915612334 14.252677917480469 102400
1770915617159 13.964055061340332 107520
1770915624105 14.135351181030273 112640
1770915629706 14.207071304321289 117760
1770915635984 13.71330738067627 122880
1770915642274 13.97523021697998 128000
1770915648980 14.042651176452637 133120
1770915654282 14.21941089630127 138240
1770915660445 13.937848091125488 143360
1770915667837 13.64411449432373 148480
1770915673830 13.841352462768555 153600
1770915679213 13.437326431274414 158720
1770915684690 13.417859077453613 163840
1770915692708 13.695149421691895 168960
1770915698076 13.076835632324219 174080
1770915702909 12.453557968139648 179200
1770915708084 12.082956314086914 184320
1770915715745 12.807130813598633 189440
1770915722660 13.330049514770508 194560
1770915729270 12.40093994140625 199680
1770915736362 13.204180717468262 204800
1770915743500 13.280619621276855 209920
1770915749498 12.943214416503906 215040
1770915754835 12.235993385314941 220160
1770915760556 12.950628280639648 225280
1770915766042 12.315878868103027 230400
1770915773005 12.105550765991211 235520
1770915778484 11.766019821166992 240640
1770915784014 11.573979377746582 245760
1770915789172 11.891290664672852 250880
1770915796511 11.12013053894043 256000
1770915801522 10.650697708129883 261120
1770915807027 11.093269348144531 266240
1770915812913 10.930830001831055 271360
1770915819937 10.816765785217285 276480
1770915825536 10.227529525756836 281600
1770915830572 10.976106643676758 286720
1770915836309 9.94825267791748 291840
1770915843403 9.879246711730957 296960
1770915844464 9.879654884338379 300032
