1770915499468 1.0484318733215332 5120
1770915504743 0.767389178276062 10240
1770915510321 0.6307966709136963 15360
1770915516080 0.6638233661651611 20480
1770915522463 0.7622154355049133 25600
1770915528088 0.8231461048126221 30720
1770915533664 0.8699175119400024 35840
1770915539416 0.9030494093894958 40960
1770915545193 0.932779848575592 46080
1770915551052 0.9464045166969299 51200
1770915556882 0.9622268676757812 56320
1770915562998 0.9750822186470032 61440
1770915568005 0.9834766387939453 66560
1770915574701 0.992929220199585 71680
1770915580848 1.0006593465805054 76800
1770915586468 1.010029911994934 81920
1770915592634 1.0161224603652954 87040
1770915599293 1.0201929807662964 92160
1770915606020 1.0270733833312988 97280
1770915612339 1.0311357975006104 102400
1770915617164 1.0348631143569946 107520
1770915624110 1.0406665802001953 112640
1770915629715 1.0398281812667847 117760
1770915635991 1.0421807765960693 122880
1770915642280 1.0455007553100586 128000
1770915648985 1.0495778322219849 133120
1770915654290 1.0533027648925781 138240
1770915660454 1.0548900365829468 143360
1770915667843 1.0551034212112427 148480
1770915673837 1.0588493347167969 153600
1770915679698 1.059263825416565 158720
1770915684696 1.061015009880066 163840
1770915692716 1.0623507499694824 168960
1770915698083 1.062053918838501 174080
1770915702915 1.0618865489959717 179200
1770915708090 1.0654397010803223 184320
1770915715755 1.0662792921066284 189440
1770915722668 1.065516710281372 194560
1770915729278 1.0685827732086182 199680
1770915736371 1.0692362785339355 204800
1770915743506 1.0729122161865234 209920
1770915749504 1.0735939741134644 215040
1770915754845 1.0756253004074097 220160
1770915760563 1.0766959190368652 225280
1770915766048 1.0780616998672485 230400
1770915773016 1.0803182125091553 235520
1770915778491 1.0797088146209717 240640
1770915784021 1.0814898014068604 245760
1770915789179 1.0825767517089844 250880
1770915796518 1.0824729204177856 256000
1770915801531 1.0817214250564575 261120
1770915807037 1.0831948518753052 266240
1770915812924 1.0822601318359375 271360
1770915819949 1.083338975906372 276480
1770915825543 1.0822314023971558 281600
1770915830580 1.0826886892318726 286720
1770915836316 1.0836634635925293 291840
1770915843410 1.0843536853790283 296960
1770915844472 1.0835974216461182 300032
