1770915499461 104.64047102262805 5120
1770915504738 168.94803834689438 10240
1770915510316 173.2897041811271 15360
1770915516074 96.12907957462413 20480
1770915522459 166.00585767434498 25600
1770915528083 181.66597366597367 30720
1770915533659 101.18948130277442 35840
1770915539410 161.71745835903764 40960
1770915545184 163.94246404002502 46080
1770915551047 185.45737530951538 51200
1770915556874 133.16096260080005 56320
1770915562992 101.50538467123255 61440
1770915567997 131.99597180261833 66560
1770915574695 119.13605635403056 71680
1770915580843 140.87609579148892 76800
1770915586462 189.02627428004868 81920
1770915592626 72.70669810012481 87040
1770915599287 166.0650116799303 92160
1770915606011 117.36915155585405 97280
1770915612334 156.76124981312603 102400
1770915617159 203.09432500484215 107520
1770915624105 113.63905822428134 112640
1770915629706 153.56438326071833 117760
1770915635984 127.79330306815758 122880
1770915642274 116.0282165481756 128000
1770915648980 157.39067131974934 133120
1770915654282 170.82653850853256 138240
1770915660445 126.04213120173092 143360
1770915667837 111.99145573000106 148480
1770915673830 140.4092126405999 153600
1770915679213 127.9258242596151 158720
1770915684690 145.12660461575723 163840
1770915692708 171.72879135276776 168960
1770915698076 154.4522020916188 174080
1770915702909 183.28543960846005 179200
1770915708084 173.08232575413692 184320
1770915715745 144.9059941267922 189440
1770915722660 96.12026766889724 194560
1770915729270 113.16993146619178 199680
1770915736362 148.09349622201822 204800
1770915743500 198.88586466878468 209920
1770915749498 136.76037692784246 215040
1770915754835 167.48408736972408 220160
1770915760556 117.83076750196652 225280
1770915766042 161.79855726574857 230400
1770915773005 140.22613754137274 235520
1770915778484 147.56725187348275 240640
1770915784014 128.36824386362244 245760
1770915789172 160.70130268199233 250880
1770915796511 144.27794021533487 256000
1770915801522 94.5493564166723 261120
1770915807027 139.91273600640469 266240
1770915812913 132.45031104935737 271360
1770915819937 139.96876459987988 276480
1770915825536 182.51975630983463 281600
1770915830572 97.3630771373523 286720
1770915836309 97.49207382269536 291840
1770915843403 153.38467727189615 296960
1770915844464 128.75046812168094 300032
