1770915499468 1.9977476596832275 5120
1770915504743 1.161630392074585 10240
1770915510321 0.6739756464958191 15360
1770915516080 0.7167848944664001 20480
1770915522463 0.934393048286438 25600
1770915528088 1.0348889827728271 30720
1770915533664 1.1287394762039185 35840
1770915539416 1.2067662477493286 40960
1770915545193 1.2554394006729126 46080
1770915551052 1.2727707624435425 51200
1770915556882 1.3051323890686035 56320
1770915562998 1.3352676630020142 61440
1770915568005 1.3416863679885864 66560
1770915574701 1.3531674146652222 71680
1770915580848 1.3650943040847778 76800
1770915586468 1.381234049797058 81920
1770915592634 1.3885670900344849 87040
1770915599293 1.393208384513855 92160
1770915606020 1.4048479795455933 97280
1770915612339 1.4151160717010498 102400
1770915617164 1.426622748374939 107520
1770915624110 1.4388216733932495 112640
1770915629715 1.435407042503357 117760
1770915635991 1.4357709884643555 122880
1770915642280 1.4410035610198975 128000
1770915648985 1.4498622417449951 133120
1770915654290 1.4576529264450073 138240
1770915660454 1.4606956243515015 143360
1770915667843 1.4603346586227417 148480
1770915673837 1.4649544954299927 153600
1770915679698 1.4658113718032837 158720
1770915684696 1.4709398746490479 163840
1770915692716 1.4739880561828613 168960
1770915698083 1.4721338748931885 174080
1770915702915 1.471234917640686 179200
1770915708090 1.4747884273529053 184320
1770915715755 1.4762858152389526 189440
1770915722668 1.476201057434082 194560
1770915729278 1.4776020050048828 199680
1770915736371 1.4763970375061035 204800
1770915743506 1.481044054031372 209920
1770915749504 1.4805729389190674 215040
1770915754845 1.4872218370437622 220160
1770915760563 1.489120364189148 225280
1770915766048 1.493287205696106 230400
1770915773016 1.4970523118972778 235520
1770915778491 1.4945898056030273 240640
1770915784021 1.4974044561386108 245760
1770915789179 1.4975980520248413 250880
1770915796518 1.4984219074249268 256000
1770915801531 1.495914340019226 261120
1770915807037 1.499208927154541 266240
1770915812924 1.4982248544692993 271360
1770915819949 1.4978880882263184 276480
1770915825543 1.4953973293304443 281600
1770915830580 1.4952213764190674 286720
1770915836316 1.4982527494430542 291840
1770915843410 1.4997241497039795 296960
1770915844472 1.4986294507980347 300032
