1770964434622 0.082537442445755 5120
1770964520719 0.07985654473304749 10240
1770964607028 0.07784025371074677 15360
1770964693046 0.07579652965068817 20480
1770964779175 0.0748542994260788 25600
1770964865242 0.07375102490186691 30720
1770964951617 0.07411833107471466 35840
1770965037574 0.07407134771347046 40960
1770965123619 0.0737842470407486 46080
1770965209647 0.07364270836114883 51200
1770965295702 0.07553677260875702 56320
1770965381737 0.08046065270900726 61440
1770965467824 0.08306072652339935 66560
1770965554105 0.08489033579826355 71680
1770965640515 0.08729773014783859 76800
1770965726474 0.08919572830200195 81920
1770965812513 0.09119164943695068 87040
1770965898620 0.09325016289949417 92160
1770965984696 0.09495382010936737 97280
1770966070716 0.09792223572731018 102400
1770966156749 0.10123477876186371 107520
1770966242826 0.10265451669692993 112640
1770966328789 0.10444442182779312 117760
1770966414808 0.10574174672365189 122880
1770966500763 0.10694898664951324 128000
1770966586776 0.10867544263601303 133120
1770966672810 0.11033945530653 138240
1770966758859 0.11211076378822327 143360
1770966844774 0.11442766338586807 148480
1770966930844 0.11639122664928436 153600
1770967016912 0.11774892359972 158720
1770967103014 0.11843288689851761 163840
1770967189065 0.11794514209032059 168960
1770967275099 0.11728549003601074 174080
1770967361198 0.11726729571819305 179200
1770967447273 0.11717094480991364 184320
1770967533859 0.11690886318683624 189440
1770967619902 0.11682076007127762 194560
1770967705881 0.11667151004076004 199680
1770967791890 0.1172543317079544 204800
1770967877981 0.1176830381155014 209920
1770967964077 0.11789591610431671 215040
1770968050166 0.11785261332988739 220160
1770968136241 0.1173785924911499 225280
1770968222073 0.11665020883083344 230400
1770968308189 0.11610483378171921 235520
1770968394155 0.11586794257164001 240640
1770968480229 0.11535565555095673 245760
1770968566198 0.11485863476991653 250880
1770968652180 0.11448105424642563 256000
1770968738274 0.11431238800287247 261120
1770968824274 0.11430143564939499 266240
1770968910288 0.11408939212560654 271360
1770968996352 0.11390109360218048 276480
1770969082379 0.1140177771449089 281600
1770969168442 0.11424455046653748 286720
1770969254486 0.11437680572271347 291840
1770969340409 0.11454714089632034 296960
1770969374782 0.11452165991067886 300032
