1770964434622 1.1286872625350952 5120
1770964520719 1.1332929134368896 10240
1770964607028 1.142807126045227 15360
1770964693046 1.143800973892212 20480
1770964779175 1.14632248878479 25600
1770964865242 1.1392145156860352 30720
1770964951617 1.1442921161651611 35840
1770965037574 1.1403141021728516 40960
1770965123619 1.1383534669876099 46080
1770965209647 1.1437256336212158 51200
1770965295702 1.1460685729980469 56320
1770965381737 1.1492446660995483 61440
1770965467824 1.1511889696121216 66560
1770965554105 1.153782606124878 71680
1770965640515 1.152977466583252 76800
1770965726474 1.1553490161895752 81920
1770965812513 1.155859351158142 87040
1770965898620 1.1586154699325562 92160
1770965984696 1.159719467163086 97280
1770966070716 1.1585501432418823 102400
1770966156749 1.1566882133483887 107520
1770966242826 1.1548432111740112 112640
1770966328789 1.153411865234375 117760
1770966414808 1.155051350593567 122880
1770966500763 1.1537691354751587 128000
1770966586776 1.154158592224121 133120
1770966672810 1.1546456813812256 138240
1770966758859 1.1517713069915771 143360
1770966844774 1.1537505388259888 148480
1770966930844 1.1556403636932373 153600
1770967016912 1.1555975675582886 158720
1770967103014 1.1543431282043457 163840
1770967189065 1.1533681154251099 168960
1770967275099 1.152488112449646 174080
1770967361198 1.1518598794937134 179200
1770967447273 1.151241421699524 184320
1770967533859 1.1501617431640625 189440
1770967619902 1.1492323875427246 194560
1770967705881 1.1469449996948242 199680
1770967791890 1.147127628326416 204800
1770967877981 1.1469979286193848 209920
1770967964077 1.1462734937667847 215040
1770968050166 1.1456528902053833 220160
1770968136241 1.1458101272583008 225280
1770968222073 1.1448228359222412 230400
1770968308189 1.1449086666107178 235520
1770968394155 1.1452488899230957 240640
1770968480229 1.1433452367782593 245760
1770968566198 1.1419894695281982 250880
1770968652180 1.1411761045455933 256000
1770968738274 1.1419227123260498 261120
1770968824274 1.141921043395996 266240
1770968910288 1.1399805545806885 271360
1770968996352 1.1391669511795044 276480
1770969082379 1.13895583152771 281600
1770969168442 1.138299584388733 286720
1770969254486 1.1376897096633911 291840
1770969340409 1.1367427110671997 296960
1770969374782 1.1373094320297241 300032
