1770964434612 -2.086933135986328 5120
1770964520708 -4.659452438354492 10240
1770964607018 -5.697515487670898 15360
1770964693036 -5.858872413635254 20480
1770964779164 -5.552715301513672 25600
1770964865231 -5.138907432556152 30720
1770964951607 -4.551045894622803 35840
1770965037564 -3.9607574939727783 40960
1770965123606 -3.3840630054473877 46080
1770965209639 -2.8512041568756104 51200
1770965295691 -2.438561201095581 56320
1770965381727 -3.911729097366333 61440
1770965467812 -6.055064678192139 66560
1770965554095 -7.998589992523193 71680
1770965640504 -10.351816177368164 76800
1770965726463 -12.547345161437988 81920
1770965812502 -14.723335266113281 87040
1770965898608 -16.414554595947266 92160
1770965984685 -17.909000396728516 97280
1770966070706 -19.10590934753418 102400
1770966156738 -21.04033851623535 107520
1770966242815 -23.897991180419922 112640
1770966328777 -26.438709259033203 117760
1770966414796 -28.81216049194336 122880
1770966500752 -30.716205596923828 128000
1770966586764 -32.45226287841797 133120
1770966672797 -34.2354621887207 138240
1770966758847 -35.8694953918457 143360
1770966844761 -37.13652801513672 148480
1770966930833 -38.19171905517578 153600
1770967016900 -39.111351013183594 158720
1770967103002 -39.944766998291016 163840
1770967189056 -41.062225341796875 168960
1770967275087 -41.794189453125 174080
1770967361186 -42.47772979736328 179200
1770967447260 -43.0134162902832 184320
1770967533846 -43.39662551879883 189440
1770967619889 -43.81822967529297 194560
1770967705868 -44.337303161621094 199680
1770967791877 -44.724796295166016 204800
1770967877968 -44.91733932495117 209920
1770967964064 -44.997032165527344 215040
1770968050153 -45.218910217285156 220160
1770968136228 -45.3166618347168 225280
1770968222059 -45.573463439941406 230400
1770968308175 -45.69108581542969 235520
1770968394141 -45.932823181152344 240640
1770968480216 -45.888858795166016 245760
1770968566183 -45.56477355957031 250880
1770968652163 -45.459716796875 256000
1770968738261 -45.15327835083008 261120
1770968824260 -44.9189567565918 266240
1770968910274 -44.562767028808594 271360
1770968996339 -44.36086654663086 276480
1770969082364 -44.0770378112793 281600
1770969168428 -43.74175262451172 286720
1770969254471 -43.72162628173828 291840
1770969340395 -43.38550567626953 296960
1770969374766 -42.920677185058594 300032
