1770964434612 18.186115264892578 5120
1770964520708 15.412625312805176 10240
1770964607018 13.828895568847656 15360
1770964693036 12.200779914855957 20480
1770964779164 10.372926712036133 25600
1770964865231 9.197944641113281 30720
1770964951607 8.169231414794922 35840
1770965037564 7.867415428161621 40960
1770965123606 7.6251540184021 46080
1770965209639 7.332217216491699 51200
1770965295691 7.259016990661621 56320
1770965381727 10.944597244262695 61440
1770965467812 15.895367622375488 66560
1770965554095 19.967914581298828 71680
1770965640504 24.876731872558594 76800
1770965726463 28.631237030029297 81920
1770965812502 29.44051742553711 87040
1770965898608 29.948734283447266 92160
1770965984685 30.012187957763672 97280
1770966070706 30.612564086914062 102400
1770966156738 33.022216796875 107520
1770966242815 39.069759368896484 112640
1770966328777 48.05195999145508 117760
1770966414796 56.96760177612305 122880
1770966500752 65.15348815917969 128000
1770966586764 71.40406799316406 133120
1770966672797 77.8421630859375 138240
1770966758847 83.92879486083984 143360
1770966844761 90.16606140136719 148480
1770966930833 93.51240539550781 153600
1770967016900 96.1213607788086 158720
1770967103002 98.52769470214844 163840
1770967189056 100.78935241699219 168960
1770967275087 101.37174987792969 174080
1770967361186 102.6396255493164 179200
1770967447260 101.96116638183594 184320
1770967533846 102.9295654296875 189440
1770967619889 105.55503845214844 194560
1770967705868 104.6881332397461 199680
1770967791877 106.0482177734375 204800
1770967877968 106.3486557006836 209920
1770967964064 108.17015075683594 215040
1770968050153 104.7139663696289 220160
1770968136228 108.25514221191406 225280
1770968222059 110.3833236694336 230400
1770968308175 109.73283386230469 235520
1770968394141 112.334716796875 240640
1770968480216 112.70149230957031 245760
1770968566183 115.05479431152344 250880
1770968652163 115.29023742675781 256000
1770968738261 115.25296783447266 261120
1770968824260 113.99217224121094 266240
1770968910274 114.5485610961914 271360
1770968996339 116.46022033691406 276480
1770969082364 114.82127380371094 281600
1770969168428 115.80242919921875 286720
1770969254471 114.58394622802734 291840
1770969340395 114.2256088256836 296960
1770969374766 113.69080352783203 300032
