1770964434622 1.114675521850586 5120
1770964520719 1.1177232265472412 10240
1770964607028 1.1105546951293945 15360
1770964693046 1.1035898923873901 20480
1770964779175 1.1017554998397827 25600
1770964865242 1.0911931991577148 30720
1770964951617 1.1029027700424194 35840
1770965037574 1.1054223775863647 40960
1770965123619 1.1032280921936035 46080
1770965209647 1.1048702001571655 51200
1770965295702 1.1159968376159668 56320
1770965381737 1.1434928178787231 61440
1770965467824 1.159561038017273 66560
1770965554105 1.170218586921692 71680
1770965640515 1.1819789409637451 76800
1770965726474 1.1952441930770874 81920
1770965812513 1.2075715065002441 87040
1770965898620 1.2239121198654175 92160
1770965984696 1.234220266342163 97280
1770966070716 1.248260259628296 102400
1770966156749 1.256182074546814 107520
1770966242826 1.2556434869766235 112640
1770966328789 1.260798454284668 117760
1770966414808 1.2626166343688965 122880
1770966500763 1.2584354877471924 128000
1770966586776 1.2580739259719849 133120
1770966672810 1.2573567628860474 138240
1770966758859 1.2588931322097778 143360
1770966844774 1.2641358375549316 148480
1770966930844 1.2662935256958008 153600
1770967016912 1.2661447525024414 158720
1770967103014 1.259806752204895 163840
1770967189065 1.2500743865966797 168960
1770967275099 1.2417737245559692 174080
1770967361198 1.2342689037322998 179200
1770967447273 1.2267448902130127 184320
1770967533859 1.2181469202041626 189440
1770967619902 1.2107902765274048 194560
1770967705881 1.2027161121368408 199680
1770967791890 1.2011600732803345 204800
1770967877981 1.1964671611785889 209920
1770967964077 1.191896915435791 215040
1770968050166 1.186587929725647 220160
1770968136241 1.1800981760025024 225280
1770968222073 1.1719002723693848 230400
1770968308189 1.164957880973816 235520
1770968394155 1.1609972715377808 240640
1770968480229 1.154995083808899 245760
1770968566198 1.1484315395355225 250880
1770968652180 1.1421430110931396 256000
1770968738274 1.1388788223266602 261120
1770968824274 1.1369448900222778 266240
1770968910288 1.13245689868927 271360
1770968996352 1.1290234327316284 276480
1770969082379 1.12799870967865 281600
1770969168442 1.1280062198638916 286720
1770969254486 1.1255764961242676 291840
1770969340409 1.123999834060669 296960
1770969374782 1.1235218048095703 300032
