1770964434622 0.2868731617927551 5120
1770964520719 0.27821603417396545 10240
1770964607028 0.27434927225112915 15360
1770964693046 0.27087217569351196 20480
1770964779175 0.268473744392395 25600
1770964865242 0.26541033387184143 30720
1770964951617 0.26659825444221497 35840
1770965037574 0.2660115957260132 40960
1770965123619 0.2654963731765747 46080
1770965209647 0.2659877836704254 51200
1770965295702 0.27045801281929016 56320
1770965381737 0.28113484382629395 61440
1770965467824 0.287212997674942 66560
1770965554105 0.2917454242706299 71680
1770965640515 0.2960103154182434 76800
1770965726474 0.2998425364494324 81920
1770965812513 0.3037608861923218 87040
1770965898620 0.3080271780490875 92160
1770965984696 0.31161242723464966 97280
1770966070716 0.31881508231163025 102400
1770966156749 0.328517347574234 107520
1770966242826 0.333343505859375 112640
1770966328789 0.33932510018348694 117760
1770966414808 0.3454662561416626 122880
1770966500763 0.3513559401035309 128000
1770966586776 0.35918134450912476 133120
1770966672810 0.3664861023426056 138240
1770966758859 0.3726447820663452 143360
1770966844774 0.38079720735549927 148480
1770966930844 0.38783663511276245 153600
1770967016912 0.39341139793395996 158720
1770967103014 0.3972318470478058 163840
1770967189065 0.3983059525489807 168960
1770967275099 0.3986181914806366 174080
1770967361198 0.4011287987232208 179200
1770967447273 0.40330007672309875 184320
1770967533859 0.4048389196395874 189440
1770967619902 0.4068819284439087 194560
1770967705881 0.40824705362319946 199680
1770967791890 0.41147828102111816 204800
1770967877981 0.41435012221336365 209920
1770967964077 0.4166582226753235 215040
1770968050166 0.4181501567363739 220160
1770968136241 0.41861626505851746 225280
1770968222073 0.4185599088668823 230400
1770968308189 0.4187103509902954 235520
1770968394155 0.4196694791316986 240640
1770968480229 0.4194917678833008 245760
1770968566198 0.4192620515823364 250880
1770968652180 0.4195053279399872 256000
1770968738274 0.4202318489551544 261120
1770968824274 0.4212479293346405 266240
1770968910288 0.42152655124664307 271360
1770968996352 0.4219149351119995 276480
1770969082379 0.4229365885257721 281600
1770969168442 0.4240642189979553 286720
1770969254486 0.42506617307662964 291840
1770969340409 0.42624953389167786 296960
1770969374782 0.42657792568206787 300032
