1770964434612 133.47454175152748 5120
1770964520708 137.92515619861888 10240
1770964607018 114.54839414463622 15360
1770964693036 126.22040325007524 20480
1770964779164 138.93024180192117 25600
1770964865231 137.4866096305766 30720
1770964951607 145.7722170090015 35840
1770965037564 135.23469289053685 40960
1770965123606 139.51714732395303 46080
1770965209639 178.564604708587 51200
1770965295691 143.1747397166752 56320
1770965381727 146.80798039901995 61440
1770965467812 118.48651091838752 66560
1770965554095 140.95184326376986 71680
1770965640504 141.39850992819336 76800
1770965726463 133.25826846703734 81920
1770965812502 140.72484482469383 87040
1770965898608 144.6311724137931 92160
1770965984685 137.4325502146204 97280
1770966070706 136.64898677265916 102400
1770966156738 139.56821509383735 107520
1770966242815 139.0407743817543 112640
1770966328777 138.08408230452676 117760
1770966414796 144.9110005527916 122880
1770966500752 138.02955211110014 128000
1770966586764 138.7418213092521 133120
1770966672797 144.36732867517983 138240
1770966758847 130.338844002486 143360
1770966844761 137.6716339526029 148480
1770966930833 122.87760004687408 153600
1770967016900 134.90845931167578 158720
1770967103002 132.0874220570637 163840
1770967189056 165.28625472887768 168960
1770967275087 137.36953460190614 174080
1770967361186 136.63563214646382 179200
1770967447260 103.65007660752237 184320
1770967533846 131.6231720328877 189440
1770967619889 137.1718612028649 194560
1770967705868 135.96239748452138 199680
1770967791877 135.6019527335036 204800
1770967877968 148.82918174721453 209920
1770967964064 142.6585490289446 215040
1770968050153 134.02044989775052 220160
1770968136228 140.3058807787516 225280
1770968222059 139.11456053067994 230400
1770968308175 140.28710950565255 235520
1770968394141 134.24779950708958 240640
1770968480216 127.62609542356378 245760
1770968566183 138.54018166804295 250880
1770968652163 117.15605709337729 256000
1770968738261 148.08826748578895 261120
1770968824260 137.92062082798986 266240
1770968910274 144.30772406674694 271360
1770968996339 147.03442473532917 276480
1770969082364 141.97765892627444 281600
1770969168428 143.6651481418051 286720
1770969254471 126.55554885040131 291840
1770969340395 135.06920426367822 296960
1770969374766 131.12936909898082 300032
