1770964434622 1.8341970443725586 5120
1770964520719 1.7367498874664307 10240
1770964607028 1.6793324947357178 15360
1770964693046 1.63624906539917 20480
1770964779175 1.6118675470352173 25600
1770964865242 1.5861859321594238 30720
1770964951617 1.5957103967666626 35840
1770965037574 1.5930101871490479 40960
1770965123619 1.5873581171035767 46080
1770965209647 1.584463119506836 51200
1770965295702 1.6309890747070312 56320
1770965381737 1.7476856708526611 61440
1770965467824 1.81255042552948 66560
1770965554105 1.8641691207885742 71680
1770965640515 1.9121710062026978 76800
1770965726474 1.950919508934021 81920
1770965812513 1.9919369220733643 87040
1770965898620 2.034223794937134 92160
1770965984696 2.072756290435791 97280
1770966070716 2.155360460281372 102400
1770966156749 2.2711052894592285 107520
1770966242826 2.333925724029541 112640
1770966328789 2.4078457355499268 117760
1770966414808 2.4819271564483643 122880
1770966500763 2.5571882724761963 128000
1770966586776 2.6521408557891846 133120
1770966672810 2.739994525909424 138240
1770966758859 2.816335916519165 143360
1770966844774 2.908292531967163 148480
1770966930844 2.988089084625244 153600
1770967016912 3.055119276046753 158720
1770967103014 3.1045022010803223 163840
1770967189065 3.125157594680786 168960
1770967275099 3.1362295150756836 174080
1770967361198 3.1708261966705322 179200
1770967447273 3.2024967670440674 184320
1770967533859 3.227445363998413 189440
1770967619902 3.257312297821045 194560
1770967705881 3.279604434967041 199680
1770967791890 3.3193113803863525 204800
1770967877981 3.355510711669922 209920
1770967964077 3.3867368698120117 215040
1770968050166 3.409358501434326 220160
1770968136241 3.419546127319336 225280
1770968222073 3.424966335296631 230400
1770968308189 3.431095838546753 235520
1770968394155 3.445584535598755 240640
1770968480229 3.4489595890045166 245760
1770968566198 3.4515140056610107 250880
1770968652180 3.4582619667053223 256000
1770968738274 3.469188928604126 261120
1770968824274 3.483091354370117 266240
1770968910288 3.4908881187438965 271360
1770968996352 3.4988949298858643 276480
1770969082379 3.5123541355133057 281600
1770969168442 3.527305841445923 286720
1770969254486 3.540860652923584 291840
1770969340409 3.5565264225006104 296960
1770969374782 3.5606260299682617 300032
