1770978493618 20.541927337646484 5120
1770978504399 21.257883071899414 10240
1770978517146 21.655778884887695 15360
1770978527642 21.796194076538086 20480
1770978536637 21.8843936920166 25600
1770978551062 21.944927215576172 30720
1770978561540 21.925996780395508 35840
1770978571587 21.987028121948242 40960
1770978581645 21.98838996887207 46080
1770978593840 22.01405143737793 51200
1770978604025 22.052396774291992 56320
1770978614664 22.01012420654297 61440
1770978628098 22.167314529418945 66560
1770978637934 22.293479919433594 71680
1770978648475 22.06020164489746 76800
1770978658420 22.075054168701172 81920
1770978670568 22.093929290771484 87040
1770978680336 22.125904083251953 92160
1770978692877 22.132631301879883 97280
1770978705394 22.11467933654785 102400
1770978714620 22.12190818786621 107520
1770978724148 22.15481185913086 112640
1770978736101 22.155946731567383 117760
1770978747094 22.11701202392578 122880
1770978757998 22.174354553222656 128000
1770978770379 22.218463897705078 133120
1770978779589 22.180252075195312 138240
1770978789325 22.160268783569336 143360
1770978799277 22.158727645874023 148480
1770978812814 22.12162208557129 153600
1770978823137 22.137033462524414 158720
1770978832531 22.139328002929688 163840
1770978844827 22.153446197509766 168960
1770978855562 22.148387908935547 174080
1770978865571 22.162166595458984 179200
1770978874473 22.13582420349121 184320
1770978888963 22.178281784057617 189440
1770978898885 22.168825149536133 194560
1770978908308 22.186222076416016 199680
1770978917720 22.216373443603516 204800
1770978932342 22.252256393432617 209920
1770978941513 22.325258255004883 215040
1770978951247 22.33574867248535 220160
1770978963936 22.331653594970703 225280
1770978974083 22.368816375732422 230400
1770978983931 22.365633010864258 235520
1770978993977 22.38015365600586 240640
1770979006937 22.404951095581055 245760
1770979015953 22.42391586303711 250880
1770979027791 22.435029983520508 256000
1770979037467 22.500568389892578 261120
1770979049079 22.50371551513672 266240
1770979061609 22.559349060058594 271360
1770979072098 22.57574462890625 276480
1770979081887 22.58777618408203 281600
1770979092185 22.60112762451172 286720
1770979103753 22.63361930847168 291840
1770979114630 22.644845962524414 296960
1770979120720 22.643404006958008 300032
