1770978493618 0.0 5120
1770978504399 0.0 10240
1770978517146 0.0 15360
1770978527642 0.0 20480
1770978536637 0.0 25600
1770978551062 0.0 30720
1770978561540 0.0 35840
1770978571587 0.0 40960
1770978581645 0.0 46080
1770978593840 0.0 51200
1770978604025 0.0 56320
1770978614664 0.0 61440
1770978628098 0.0 66560
1770978637934 0.0 71680
1770978648475 0.0 76800
1770978658420 0.0 81920
1770978670568 0.0 87040
1770978680336 0.0 92160
1770978692877 0.0 97280
1770978705394 0.0 102400
1770978714620 0.0 107520
1770978724148 0.0 112640
1770978736101 0.0 117760
1770978747094 0.0 122880
1770978757998 0.0 128000
1770978770379 0.0 133120
1770978779589 0.0 138240
1770978789325 0.0 143360
1770978799277 0.0 148480
1770978812814 0.0 153600
1770978823137 0.0 158720
1770978832531 0.0 163840
1770978844827 0.0 168960
1770978855562 0.0 174080
1770978865571 0.0 179200
1770978874473 0.0 184320
1770978888963 0.0 189440
1770978898885 0.0 194560
1770978908308 0.0 199680
1770978917720 0.0 204800
1770978932342 0.0 209920
1770978941513 0.0 215040
1770978951247 0.0 220160
1770978963936 0.0 225280
1770978974083 0.0 230400
1770978983931 0.0 235520
1770978993977 0.0 240640
1770979006937 0.0 245760
1770979015953 0.0 250880
1770979027791 0.0 256000
1770979037467 0.0 261120
1770979049079 0.0 266240
1770979061609 0.0 271360
1770979072098 0.0 276480
1770979081887 0.0 281600
1770979092185 0.0 286720
1770979103753 0.0 291840
1770979114630 0.0 296960
1770979120720 0.0 300032
