1770978493618 1.1531054973602295 5120
1770978504399 1.1520155668258667 10240
1770978517146 1.1536616086959839 15360
1770978527642 1.1565563678741455 20480
1770978536637 1.1588056087493896 25600
1770978551062 1.1578236818313599 30720
1770978561540 1.1546417474746704 35840
1770978571587 1.1559761762619019 40960
1770978581645 1.1540629863739014 46080
1770978593840 1.1543958187103271 51200
1770978604025 1.1574833393096924 56320
1770978614664 1.1604543924331665 61440
1770978628098 1.1659303903579712 66560
1770978637934 1.1686043739318848 71680
1770978648475 1.1643562316894531 76800
1770978658420 1.1650482416152954 81920
1770978670568 1.1656053066253662 87040
1770978680336 1.1663453578948975 92160
1770978692877 1.1651551723480225 97280
1770978705394 1.1633472442626953 102400
1770978714620 1.1631739139556885 107520
1770978724148 1.1640409231185913 112640
1770978736101 1.1639384031295776 117760
1770978747094 1.162326455116272 122880
1770978757998 1.1652482748031616 128000
1770978770379 1.1672701835632324 133120
1770978779589 1.1648592948913574 138240
1770978789325 1.1639680862426758 143360
1770978799277 1.163420557975769 148480
1770978812814 1.161797046661377 153600
1770978823137 1.1619648933410645 158720
1770978832531 1.1626344919204712 163840
1770978844827 1.1631584167480469 168960
1770978855562 1.1630526781082153 174080
1770978865571 1.163406252861023 179200
1770978874473 1.1626050472259521 184320
1770978888963 1.1629070043563843 189440
1770978898885 1.162066102027893 194560
1770978908308 1.1613057851791382 199680
1770978917720 1.1602284908294678 204800
1770978932342 1.1604182720184326 209920
1770978941513 1.160846471786499 215040
1770978951247 1.1600664854049683 220160
1770978963936 1.159496545791626 225280
1770978974083 1.1594901084899902 230400
1770978983931 1.1589233875274658 235520
1770978993977 1.159637451171875 240640
1770979006937 1.1595938205718994 245760
1770979015953 1.1596075296401978 250880
1770979027791 1.1591506004333496 256000
1770979037467 1.1597124338150024 261120
1770979049079 1.1591979265213013 266240
1770979061609 1.1603081226348877 271360
1770979072098 1.1597260236740112 276480
1770979081887 1.1590570211410522 281600
1770979092185 1.1599386930465698 286720
1770979103753 1.1604549884796143 291840
1770979114630 1.1595577001571655 296960
1770979120720 1.1594535112380981 300032
