1770978493618 1.1450347900390625 5120
1770978504399 1.1372812986373901 10240
1770978517146 1.1322040557861328 15360
1770978527642 1.1170662641525269 20480
1770978536637 1.1193584203720093 25600
1770978551062 1.1206649541854858 30720
1770978561540 1.1138203144073486 35840
1770978571587 1.1123753786087036 40960
1770978581645 1.10799241065979 46080
1770978593840 1.111622929573059 51200
1770978604025 1.1189814805984497 56320
1770978614664 1.106916069984436 61440
1770978628098 1.0526059865951538 66560
1770978637934 1.0040454864501953 71680
1770978648475 0.9706315398216248 76800
1770978658420 0.9759626388549805 81920
1770978670568 0.9860821962356567 87040
1770978680336 0.9956161379814148 92160
1770978692877 1.0001177787780762 97280
1770978705394 1.0033091306686401 102400
1770978714620 1.0069262981414795 107520
1770978724148 1.0112202167510986 112640
1770978736101 1.0184414386749268 117760
1770978747094 1.0211951732635498 122880
1770978757998 1.0298112630844116 128000
1770978770379 1.0368069410324097 133120
1770978779589 1.0387812852859497 138240
1770978789325 1.0413399934768677 143360
1770978799277 1.0436006784439087 148480
1770978812814 1.045183539390564 153600
1770978823137 1.0486743450164795 158720
1770978832531 1.053227186203003 163840
1770978844827 1.0556385517120361 168960
1770978855562 1.0564502477645874 174080
1770978865571 1.0591479539871216 179200
1770978874473 1.0617049932479858 184320
1770978888963 1.0552034378051758 189440
1770978898885 1.0353232622146606 194560
1770978908308 1.0171806812286377 199680
1770978917720 0.9985335469245911 204800
1770978932342 0.9825814962387085 209920
1770978941513 0.9680605530738831 215040
1770978951247 0.9521881937980652 220160
1770978963936 0.9385688900947571 225280
1770978974083 0.9247653484344482 230400
1770978983931 0.911366879940033 235520
1770978993977 0.8990239500999451 240640
1770979006937 0.8869668841362 245760
1770979015953 0.8760444521903992 250880
1770979027791 0.8648363947868347 256000
1770979037467 0.8547435998916626 261120
1770979049079 0.8446652889251709 266240
1770979061609 0.8354430794715881 271360
1770979072098 0.8255662322044373 276480
1770979081887 0.8158628940582275 281600
1770979092185 0.8080888390541077 286720
1770979103753 0.7999128103256226 291840
1770979114630 0.7914475202560425 296960
1770979120720 0.7882872223854065 300032
