1770978493609 138.84286139892086 5120
1770978504390 137.58582909627685 10240
1770978517136 141.73297739330246 15360
1770978527632 140.1886426685384 20480
1770978536627 141.59422051178177 25600
1770978551053 141.39374325782092 30720
1770978561530 139.49858649017196 35840
1770978571577 136.4666992028632 40960
1770978581636 140.38101613227124 46080
1770978593830 139.80081327911472 51200
1770978604015 140.62576275732582 56320
1770978614653 139.9921230933547 61440
1770978628088 136.28932575142161 66560
1770978637923 141.73297739330246 71680
1770978648465 140.8004296888113 76800
1770978658409 139.3919574609505 81920
1770978670558 139.59144007721235 87040
1770978680326 141.14631848162605 92160
1770978692866 140.38101613227124 97280
1770978705383 142.2231867349361 102400
1770978714608 140.14648489708634 107520
1770978724136 133.35571664759 112640
1770978736090 134.9779236660874 117760
1770978747083 141.08934337997846 122880
1770978757987 136.5555591730425 128000
1770978770368 143.31661313469556 133120
1770978779577 133.1947919974595 138240
1770978789313 130.047873000124 143360
1770978799265 129.8465729676181 148480
1770978812799 94.58773650858083 153600
1770978823125 134.44143855375344 158720
1770978832517 136.369086711968 163840
1770978844815 139.20228336264975 168960
1770978855553 165.64527467319616 174080
1770978865561 171.00762425082561 179200
1770978874461 146.4184877469804 184320
1770978888951 140.98026957077073 189440
1770978898872 140.1652185536693 194560
1770978908296 138.6500942117616 199680
1770978917710 143.7833464742381 204800
1770978932329 134.566524431326 209920
1770978941502 160.70746005594083 215040
1770978951234 137.01055107307354 220160
1770978963924 134.7351108255702 225280
1770978974071 135.63703392296995 230400
1770978983918 129.80237056293132 235520
1770978993963 133.0595774379798 240640
1770979006924 136.31590236926777 245760
1770979015942 154.5375630964224 250880
1770979027778 144.23824753258364 256000
1770979037454 138.25704585160037 261120
1770979049065 138.95785846806254 266240
1770979061598 154.4920254889683 271360
1770979072084 138.16595842803966 276480
1770979081874 138.20237899107053 281600
1770979092171 136.62673051239454 286720
1770979103738 143.52749546590016 291840
1770979114617 132.7017432847154 296960
1770979120706 139.91273600640469 300032
