1770978493618 1.9335464239120483 5120
1770978504399 1.7639049291610718 10240
1770978517146 1.6913363933563232 15360
1770978527642 1.6560567617416382 20480
1770978536637 1.6332130432128906 25600
1770978551062 1.6176444292068481 30720
1770978561540 1.5940442085266113 35840
1770978571587 1.5929360389709473 40960
1770978581645 1.5731571912765503 46080
1770978593840 1.5730853080749512 51200
1770978604025 1.58782958984375 56320
1770978614664 1.5723752975463867 61440
1770978628098 1.434491515159607 66560
1770978637934 1.3069138526916504 71680
1770978648475 1.2404884099960327 76800
1770978658420 1.2532827854156494 81920
1770978670568 1.276528000831604 87040
1770978680336 1.2950059175491333 92160
1770978692877 1.3018232583999634 97280
1770978705394 1.308977723121643 102400
1770978714620 1.315934658050537 107520
1770978724148 1.3260780572891235 112640
1770978736101 1.3392009735107422 117760
1770978747094 1.3476648330688477 122880
1770978757998 1.3628736734390259 128000
1770978770379 1.373403787612915 133120
1770978779589 1.3790903091430664 138240
1770978789325 1.38535475730896 143360
1770978799277 1.3874174356460571 148480
1770978812814 1.3932085037231445 153600
1770978823137 1.4005119800567627 158720
1770978832531 1.4099388122558594 163840
1770978844827 1.4149644374847412 168960
1770978855562 1.4185200929641724 174080
1770978865571 1.423341989517212 179200
1770978874473 1.431739330291748 184320
1770978888963 1.416763424873352 189440
1770978898885 1.369645595550537 194560
1770978908308 1.3245267868041992 199680
1770978917720 1.2783777713775635 204800
1770978932342 1.2387182712554932 209920
1770978941513 1.1999202966690063 215040
1770978951247 1.1621652841567993 220160
1770978963936 1.1289420127868652 225280
1770978974083 1.0937963724136353 230400
1770978983931 1.0608748197555542 235520
1770978993977 1.0302423238754272 240640
1770979006937 1.001020073890686 245760
1770979015953 0.9733151793479919 250880
1770979027791 0.9464322328567505 256000
1770979037467 0.9191654920578003 261120
1770979049079 0.8951847553253174 266240
1770979061609 0.8706218600273132 271360
1770979072098 0.8460506796836853 276480
1770979081887 0.8223455548286438 281600
1770979092185 0.8022783994674683 286720
1770979103753 0.7804426550865173 291840
1770979114630 0.7601276636123657 296960
1770979120720 0.7527507543563843 300032
