1770665799516 19.03385353088379 5120
1770665807671 19.363101959228516 10240
1770665815778 19.902822494506836 15360
1770665823948 20.295639038085938 20480
1770665832123 20.373046875 25600
1770665840625 20.55158233642578 30720
1770665848835 20.797483444213867 35840
1770665856943 20.940719604492188 40960
1770665865178 21.08447265625 46080
1770665873544 21.118562698364258 51200
1770665881797 20.57962417602539 56320
1770665890072 19.67119598388672 61440
1770665898645 18.87980842590332 66560
1770665907176 18.145158767700195 71680
1770665915259 17.471555709838867 76800
1770665923331 16.96358871459961 81920
1770665931408 16.542329788208008 87040
1770665939486 16.22385597229004 92160
1770665947686 16.005403518676758 97280
1770665955698 15.842761993408203 102400
1770665964041 15.628029823303223 107520
1770665972995 15.585006713867188 112640
1770665981103 15.527225494384766 117760
1770665989219 15.508895874023438 122880
1770665997351 15.47199821472168 128000
1770666005498 15.446245193481445 133120
1770666013699 15.38936996459961 138240
1770666022012 15.332659721374512 143360
1770666031690 15.311684608459473 148480
1770666041882 15.235701560974121 153600
1770666051537 15.164033889770508 158720
1770666060431 15.027457237243652 163840
1770666068953 14.869622230529785 168960
1770666078076 14.686362266540527 174080
1770666088191 14.46060848236084 179200
1770666099495 14.239930152893066 184320
1770666109866 14.063718795776367 189440
1770666120725 13.930710792541504 194560
1770666131477 13.832618713378906 199680
1770666141858 13.728948593139648 204800
1770666152536 13.667129516601562 209920
1770666164882 13.599518775939941 215040
1770666178593 13.535918235778809 220160
1770666191061 13.465303421020508 225280
1770666202866 13.40890884399414 230400
1770666216282 13.360562324523926 235520
1770666228923 13.307507514953613 240640
1770666242480 13.2582368850708 245760
1770666257223 13.207798957824707 250880
1770666269890 13.168639183044434 256000
1770666281727 13.128971099853516 261120
1770666295194 13.10750961303711 266240
1770666309390 13.089513778686523 271360
1770666322867 13.07076358795166 276480
1770666335160 13.042393684387207 281600
1770666347144 13.010818481445312 286720
1770666359551 12.975101470947266 291840
1770666373318 12.943022727966309 296960
1770666385987 12.918529510498047 302080
1770666397827 12.892069816589355 307200
1770666410907 12.873580932617188 312320
1770666423099 12.851800918579102 317440
1770666435551 12.817732810974121 322560
1770666448725 12.791566848754883 327680
1770666462930 12.772743225097656 332800
1770666477564 12.747627258300781 337920
1770666491151 12.71498966217041 343040
1770666504876 12.68747615814209 348160
1770666517962 12.658153533935547 353280
1770666531179 12.619917869567871 358400
1770666545034 12.566317558288574 363520
1770666557316 12.516789436340332 368640
1770666569930 12.438749313354492 373760
1770666584129 12.359052658081055 378880
1770666597221 12.274590492248535 384000
1770666611634 12.195685386657715 389120
1770666626788 12.111594200134277 394240
1770666641301 12.029009819030762 399360
1770666653020 11.934586524963379 404480
1770666666743 11.8446626663208 409600
1770666677684 11.754938125610352 414720
1770666689503 11.673259735107422 419840
1770666701569 11.581841468811035 424960
1770666715190 11.506891250610352 430080
1770666727858 11.440336227416992 435200
1770666740710 11.370991706848145 440320
1770666754029 11.309049606323242 445440
1770666766014 11.251127243041992 450560
1770666779606 11.191805839538574 455680
1770666793764 11.142099380493164 460800
1770666808249 11.087015151977539 465920
1770666821176 11.044109344482422 471040
1770666834245 11.00663948059082 476160
1770666847106 10.95798110961914 481280
1770666859270 10.913958549499512 486400
1770666872360 10.869532585144043 491520
1770666884901 10.824647903442383 496640
1770666897866 10.79478931427002 501760
1770666910001 10.762669563293457 506880
1770666922445 10.729555130004883 512000
1770666937278 10.689764976501465 517120
1770666950057 10.644220352172852 522240
1770666961853 10.595977783203125 527360
1770666974663 10.548484802246094 532480
1770666987355 10.490795135498047 537600
1770666999555 10.445991516113281 542720
1770667012153 10.398868560791016 547840
1770667026011 10.348983764648438 552960
1770667038538 10.307347297668457 558080
1770667050702 10.255424499511719 563200
1770667062870 10.211810111999512 568320
1770667076297 10.178650856018066 573440
1770667088718 10.150976181030273 578560
1770667100990 10.128796577453613 583680
1770667113050 10.09515380859375 588800
1770667125653 10.062332153320312 593920
1770667137911 10.021547317504883 599040
1770667150496 9.986845970153809 604160
1770667163633 9.949819564819336 609280
1770667176754 9.908019065856934 614400
1770667188544 9.864375114440918 619520
1770667201313 9.825279235839844 624640
1770667214022 9.791474342346191 629760
1770667228189 9.755439758300781 634880
1770667241108 9.71873950958252 640000
1770667254195 9.68323802947998 645120
1770667267334 9.650761604309082 650240
1770667281488 9.615493774414062 655360
1770667295897 9.57825756072998 660480
1770667311102 9.545336723327637 665600
1770667326370 9.50649356842041 670720
1770667340079 9.473788261413574 675840
1770667356005 9.440046310424805 680960
1770667368737 9.40401840209961 686080
1770667380901 9.36821174621582 691200
1770667394612 9.332030296325684 696320
1770667408729 9.295485496520996 701440
1770667422826 9.260639190673828 706560
1770667435823 9.232466697692871 711680
1770667449983 9.204398155212402 716800
1770667463905 9.176359176635742 721920
1770667476666 9.1483736038208 727040
1770667489417 9.113923072814941 732160
1770667502285 9.087796211242676 737280
1770667514786 9.059207916259766 742400
1770667527199 9.031682014465332 747520
1770667539701 9.003641128540039 752640
1770667552456 8.97673511505127 757760
1770667565550 8.949044227600098 762880
1770667578851 8.92850399017334 768000
1770667592319 8.9037446975708 773120
1770667605869 8.878175735473633 778240
1770667620750 8.85586166381836 783360
1770667632748 8.828644752502441 788480
1770667644975 8.809722900390625 793600
1770667657367 8.797082901000977 798720
1770667673457 8.78575325012207 803840
1770667688736 8.772164344787598 808960
1770667702575 8.75645923614502 814080
1770667715209 8.739945411682129 819200
1770667728017 8.72319507598877 824320
1770667740426 8.705742835998535 829440
1770667754714 8.686287879943848 834560
1770667766960 8.663946151733398 839680
1770667779036 8.645539283752441 844800
1770667791494 8.629463195800781 849920
1770667805192 8.608644485473633 855040
1770667818870 8.585050582885742 860160
1770667833562 8.56816577911377 865280
1770667848183 8.544120788574219 870400
1770667860672 8.521231651306152 875520
1770667873035 8.500090599060059 880640
1770667887055 8.476937294006348 885760
1770667899429 8.453226089477539 890880
1770667912653 8.431930541992188 896000
1770667925353 8.412620544433594 901120
1770667940217 8.402046203613281 906240
1770667954269 8.384580612182617 911360
1770667966610 8.363628387451172 916480
1770667980168 8.346117973327637 921600
1770667993035 8.325872421264648 926720
1770668006123 8.306388854980469 931840
1770668019642 8.289224624633789 936960
1770668032900 8.269735336303711 942080
1770668044713 8.250221252441406 947200
1770668057313 8.232049942016602 952320
1770668069218 8.214613914489746 957440
1770668081403 8.198442459106445 962560
1770668094951 8.181556701660156 967680
1770668107209 8.163925170898438 972800
1770668121772 8.150395393371582 977920
1770668134478 8.133411407470703 983040
1770668147212 8.118449211120605 988160
1770668160753 8.105867385864258 993280
1770668172873 8.089947700500488 998400
1770668175040 8.087003707885742 1000448
