1770665799516 0.102131187915802 5120
1770665807671 0.10370701551437378 10240
1770665815778 0.09342928975820541 15360
1770665823948 0.08438687026500702 20480
1770665832123 0.08872386813163757 25600
1770665840625 0.08636736124753952 30720
1770665848835 0.0839202031493187 35840
1770665856943 0.08319726586341858 40960
1770665865178 0.08189201354980469 46080
1770665873544 0.08222153037786484 51200
1770665881797 0.08568686246871948 56320
1770665890072 0.08675214648246765 61440
1770665898645 0.08776446431875229 66560
1770665907176 0.0888376384973526 71680
1770665915259 0.0898519828915596 76800
1770665923331 0.09098988026380539 81920
1770665931408 0.09136374294757843 87040
1770665939486 0.09249220043420792 92160
1770665947686 0.09299585223197937 97280
1770665955698 0.09320225566625595 102400
1770665964041 0.09269239008426666 107520
1770665972995 0.09179491549730301 112640
1770665981103 0.09115826338529587 117760
1770665989219 0.09058048576116562 122880
1770665997351 0.09043576568365097 128000
1770666005498 0.09036991745233536 133120
1770666013699 0.09071659296751022 138240
1770666022012 0.09104800224304199 143360
1770666031690 0.09166543185710907 148480
1770666041882 0.09221445769071579 153600
1770666051537 0.09271351248025894 158720
1770666060431 0.09338217973709106 163840
1770666068953 0.09364063292741776 168960
1770666078076 0.09427408874034882 174080
1770666088191 0.09473608434200287 179200
1770666099495 0.09553767740726471 184320
1770666109866 0.09683871269226074 189440
1770666120725 0.09872715920209885 194560
1770666131477 0.10065067559480667 199680
1770666141858 0.10254483669996262 204800
1770666152536 0.10454176366329193 209920
1770666164882 0.10611093044281006 215040
1770666178593 0.10789366811513901 220160
1770666191061 0.10969427227973938 225280
1770666202866 0.11163957417011261 230400
1770666216282 0.11294754594564438 235520
1770666228923 0.11506952345371246 240640
1770666242480 0.1167527511715889 245760
1770666257223 0.11816966533660889 250880
1770666269890 0.11972948908805847 256000
1770666281727 0.12108274549245834 261120
1770666295194 0.12220370024442673 266240
1770666309390 0.12363767623901367 271360
1770666322867 0.12475158274173737 276480
1770666335160 0.1258181929588318 281600
1770666347144 0.12669724225997925 286720
1770666359551 0.12776021659374237 291840
1770666373318 0.12870019674301147 296960
1770666385987 0.12965017557144165 302080
1770666397827 0.13041472434997559 307200
1770666410907 0.13147208094596863 312320
1770666423099 0.13222448527812958 317440
1770666435551 0.1328831911087036 322560
1770666448725 0.1334962397813797 327680
1770666462930 0.13412870466709137 332800
1770666477564 0.1339915543794632 337920
1770666491151 0.1330348700284958 343040
1770666504876 0.13213329017162323 348160
1770666517962 0.13139082491397858 353280
1770666531179 0.13060685992240906 358400
1770666545034 0.1299794316291809 363520
1770666557316 0.1296851485967636 368640
1770666569930 0.12957488000392914 373760
1770666584129 0.129716694355011 378880
1770666597221 0.12957853078842163 384000
1770666611634 0.12969523668289185 389120
1770666626788 0.12978379428386688 394240
1770666641301 0.12989069521427155 399360
1770666653020 0.12982608377933502 404480
1770666666743 0.12980705499649048 409600
1770666677684 0.12993496656417847 414720
1770666689503 0.13012152910232544 419840
1770666701569 0.13030578196048737 424960
1770666715190 0.13065990805625916 430080
1770666727858 0.13104353845119476 435200
1770666740710 0.1313224732875824 440320
1770666754029 0.1317601203918457 445440
1770666766014 0.1319604068994522 450560
1770666779606 0.13232281804084778 455680
1770666793764 0.13272669911384583 460800
1770666808249 0.1330706775188446 465920
1770666821176 0.13332411646842957 471040
1770666834245 0.1337050348520279 476160
1770666847106 0.13388670980930328 481280
1770666859270 0.13410040736198425 486400
1770666872360 0.1342180371284485 491520
1770666884901 0.13424476981163025 496640
1770666897866 0.13422498106956482 501760
1770666910001 0.13428489863872528 506880
1770666922445 0.13435079157352448 512000
1770666937278 0.1343134641647339 517120
1770666950057 0.13413429260253906 522240
1770666961853 0.13404840230941772 527360
1770666974663 0.13376183807849884 532480
1770666987355 0.13327056169509888 537600
1770666999555 0.13265064358711243 542720
1770667012153 0.1320074498653412 547840
1770667026011 0.1313970386981964 552960
1770667038538 0.13093824684619904 558080
1770667050702 0.13067810237407684 563200
1770667062870 0.13074138760566711 568320
1770667076297 0.13090460002422333 573440
1770667088718 0.13109484314918518 578560
1770667100990 0.1312694400548935 583680
1770667113050 0.13125228881835938 588800
1770667125653 0.13136142492294312 593920
1770667137911 0.13143061101436615 599040
1770667150496 0.13134905695915222 604160
1770667163633 0.13122212886810303 609280
1770667176754 0.13101914525032043 614400
1770667188544 0.1308314949274063 619520
1770667201313 0.13045766949653625 624640
1770667214022 0.1301494985818863 629760
1770667228189 0.12987835705280304 634880
1770667241108 0.1295860856771469 640000
1770667254195 0.1291847974061966 645120
1770667267334 0.12903335690498352 650240
1770667281488 0.1286933571100235 655360
1770667295897 0.12839704751968384 660480
1770667311102 0.12810680270195007 665600
1770667326370 0.12780912220478058 670720
1770667340079 0.1276630461215973 675840
1770667356005 0.12750844657421112 680960
1770667368737 0.12732841074466705 686080
1770667380901 0.12709473073482513 691200
1770667394612 0.1268950253725052 696320
1770667408729 0.12646470963954926 701440
1770667422826 0.12618403136730194 706560
1770667435823 0.1260131448507309 711680
1770667449983 0.12562748789787292 716800
1770667463905 0.12534786760807037 721920
1770667476666 0.12512119114398956 727040
1770667489417 0.12485776096582413 732160
1770667502285 0.12460937350988388 737280
1770667514786 0.12435007840394974 742400
1770667527199 0.12412212789058685 747520
1770667539701 0.12388595193624496 752640
1770667552456 0.12372401356697083 757760
1770667565550 0.12345650047063828 762880
1770667578851 0.12325877696275711 768000
1770667592319 0.12295559048652649 773120
1770667605869 0.12265624850988388 778240
1770667620750 0.12241677194833755 783360
1770667632748 0.12210063636302948 788480
1770667644975 0.12183068692684174 793600
1770667657367 0.12156041711568832 798720
1770667673457 0.12125186622142792 803840
1770667688736 0.12094448506832123 808960
1770667702575 0.12062028795480728 814080
1770667715209 0.12022815644741058 819200
1770667728017 0.12013565003871918 824320
1770667740426 0.1198854148387909 829440
1770667754714 0.11970989406108856 834560
1770667766960 0.11951316148042679 839680
1770667779036 0.11934859305620193 844800
1770667791494 0.11926721781492233 849920
1770667805192 0.11917264014482498 855040
1770667818870 0.11897414177656174 860160
1770667833562 0.11895036697387695 865280
1770667848183 0.11875869333744049 870400
1770667860672 0.11863863468170166 875520
1770667873035 0.11851994693279266 880640
1770667887055 0.11847212165594101 885760
1770667899429 0.11835544556379318 890880
1770667912653 0.11823965609073639 896000
1770667925353 0.11810166388750076 901120
1770667940217 0.11800456792116165 906240
1770667954269 0.11794926226139069 911360
1770667966610 0.11779694259166718 916480
1770667980168 0.11766466498374939 921600
1770667993035 0.11746751517057419 926720
1770668006123 0.11731202900409698 931840
1770668019642 0.11721988767385483 936960
1770668032900 0.1170642077922821 942080
1770668044713 0.11696390062570572 947200
1770668057313 0.11681119352579117 952320
1770668069218 0.1167265847325325 957440
1770668081403 0.1166638657450676 962560
1770668094951 0.11657315492630005 967680
1770668107209 0.11642690747976303 972800
1770668121772 0.11638068407773972 977920
1770668134478 0.11628828197717667 983040
1770668147212 0.11617395281791687 988160
1770668160753 0.11611349135637283 993280
1770668172873 0.1160440519452095 998400
1770668175040 0.11600708961486816 1000448
