1770665799516 0.0 5120
1770665807671 0.0 10240
1770665815778 0.0 15360
1770665823948 0.0 20480
1770665832123 0.0 25600
1770665840625 0.0 30720
1770665848835 0.0 35840
1770665856943 0.0 40960
1770665865178 0.0 46080
1770665873544 0.0 51200
1770665881797 0.0 56320
1770665890072 0.0 61440
1770665898645 0.0 66560
1770665907176 0.0 71680
1770665915259 0.0 76800
1770665923331 0.0 81920
1770665931408 0.0 87040
1770665939486 0.0 92160
1770665947686 0.0 97280
1770665955698 0.0 102400
1770665964041 0.0 107520
1770665972995 0.0 112640
1770665981103 0.0 117760
1770665989219 0.0 122880
1770665997351 0.0 128000
1770666005498 0.0 133120
1770666013699 0.0 138240
1770666022012 0.0 143360
1770666031690 0.0 148480
1770666041882 0.0 153600
1770666051537 0.0 158720
1770666060431 0.0 163840
1770666068953 0.0 168960
1770666078076 0.0 174080
1770666088191 0.0 179200
1770666099495 0.0 184320
1770666109866 0.0 189440
1770666120725 0.0 194560
1770666131477 0.0 199680
1770666141858 0.0 204800
1770666152536 0.0 209920
1770666164882 0.0 215040
1770666178593 0.0 220160
1770666191061 0.0 225280
1770666202866 0.0 230400
1770666216282 0.0 235520
1770666228923 0.0 240640
1770666242480 0.0 245760
1770666257223 0.0 250880
1770666269890 0.0 256000
1770666281727 0.0 261120
1770666295194 0.0 266240
1770666309390 0.0 271360
1770666322867 0.0 276480
1770666335160 0.0 281600
1770666347144 0.0 286720
1770666359551 0.0 291840
1770666373318 0.0 296960
1770666385987 0.0 302080
1770666397827 0.0 307200
1770666410907 0.0 312320
1770666423099 0.0 317440
1770666435551 0.0 322560
1770666448725 0.0 327680
1770666462930 0.0 332800
1770666477564 0.0 337920
1770666491151 0.0 343040
1770666504876 0.0 348160
1770666517962 0.0 353280
1770666531179 0.0 358400
1770666545034 0.0 363520
1770666557316 0.0 368640
1770666569930 0.0 373760
1770666584129 0.0 378880
1770666597221 0.0 384000
1770666611634 0.0 389120
1770666626788 0.0 394240
1770666641301 0.0 399360
1770666653020 0.0 404480
1770666666743 0.0 409600
1770666677684 0.0 414720
1770666689503 0.0 419840
1770666701569 0.0 424960
1770666715190 0.0 430080
1770666727858 0.0 435200
1770666740710 0.0 440320
1770666754029 0.0 445440
1770666766014 0.0 450560
1770666779606 0.0 455680
1770666793764 0.0 460800
1770666808249 0.0 465920
1770666821176 0.0 471040
1770666834245 0.0 476160
1770666847106 0.0 481280
1770666859270 0.0 486400
1770666872360 0.0 491520
1770666884901 0.0 496640
1770666897866 0.0 501760
1770666910001 0.0 506880
1770666922445 0.0 512000
1770666937278 0.0 517120
1770666950057 0.0 522240
1770666961853 0.0 527360
1770666974663 0.0 532480
1770666987355 0.0 537600
1770666999555 0.0 542720
1770667012153 0.0 547840
1770667026011 0.0 552960
1770667038538 0.0 558080
1770667050702 0.0 563200
1770667062870 0.0 568320
1770667076297 0.0 573440
1770667088718 0.0 578560
1770667100990 0.0 583680
1770667113050 0.0 588800
1770667125653 0.0 593920
1770667137911 0.0 599040
1770667150496 0.0 604160
1770667163633 0.0 609280
1770667176754 0.0 614400
1770667188544 0.0 619520
1770667201313 0.0 624640
1770667214022 0.0 629760
1770667228189 0.0 634880
1770667241108 0.0 640000
1770667254195 0.0 645120
1770667267334 0.0 650240
1770667281488 0.0 655360
1770667295897 0.0 660480
1770667311102 0.0 665600
1770667326370 0.0 670720
1770667340079 0.0 675840
1770667356005 0.0 680960
1770667368737 0.0 686080
1770667380901 0.0 691200
1770667394612 0.0 696320
1770667408729 0.0 701440
1770667422826 0.0 706560
1770667435823 0.0 711680
1770667449983 0.0 716800
1770667463905 0.0 721920
1770667476666 0.0 727040
1770667489417 0.0 732160
1770667502285 0.0 737280
1770667514786 0.0 742400
1770667527199 0.0 747520
1770667539701 0.0 752640
1770667552456 0.0 757760
1770667565550 0.0 762880
1770667578851 0.0 768000
1770667592319 0.0 773120
1770667605869 0.0 778240
1770667620750 0.0 783360
1770667632748 0.0 788480
1770667644975 0.0 793600
1770667657367 0.0 798720
1770667673457 0.0 803840
1770667688736 0.0 808960
1770667702575 0.0 814080
1770667715209 0.0 819200
1770667728017 0.0 824320
1770667740426 0.0 829440
1770667754714 0.0 834560
1770667766960 0.0 839680
1770667779036 0.0 844800
1770667791494 0.0 849920
1770667805192 0.0 855040
1770667818870 0.0 860160
1770667833562 0.0 865280
1770667848183 0.0 870400
1770667860672 0.0 875520
1770667873035 0.0 880640
1770667887055 0.0 885760
1770667899429 0.0 890880
1770667912653 0.0 896000
1770667925353 0.0 901120
1770667940217 0.0 906240
1770667954269 0.0 911360
1770667966610 0.0 916480
1770667980168 0.0 921600
1770667993035 0.0 926720
1770668006123 0.0 931840
1770668019642 0.0 936960
1770668032900 0.0 942080
1770668044713 0.0 947200
1770668057313 0.0 952320
1770668069218 0.0 957440
1770668081403 0.0 962560
1770668094951 0.0 967680
1770668107209 0.0 972800
1770668121772 0.0 977920
1770668134478 0.0 983040
1770668147212 0.0 988160
1770668160753 0.0 993280
1770668172873 0.0 998400
1770668175040 0.0 1000448
