1770665799516 1.1583991050720215 5120
1770665807671 1.144514560699463 10240
1770665815778 1.1425280570983887 15360
1770665823948 1.1613129377365112 20480
1770665832123 1.163771629333496 25600
1770665840625 1.1595834493637085 30720
1770665848835 1.1574702262878418 35840
1770665856943 1.1573318243026733 40960
1770665865178 1.1581199169158936 46080
1770665873544 1.1562880277633667 51200
1770665881797 1.1559579372406006 56320
1770665890072 1.1537424325942993 61440
1770665898645 1.154229760169983 66560
1770665907176 1.1535420417785645 71680
1770665915259 1.1517363786697388 76800
1770665923331 1.1547772884368896 81920
1770665931408 1.155216097831726 87040
1770665939486 1.157887578010559 92160
1770665947686 1.163315773010254 97280
1770665955698 1.1677321195602417 102400
1770665964041 1.165887713432312 107520
1770665972995 1.1655691862106323 112640
1770665981103 1.1657602787017822 117760
1770665989219 1.1661550998687744 122880
1770665997351 1.1664648056030273 128000
1770666005498 1.167148232460022 133120
1770666013699 1.1669209003448486 138240
1770666022012 1.1662101745605469 143360
1770666031690 1.1677016019821167 148480
1770666041882 1.168647289276123 153600
1770666051537 1.1697949171066284 158720
1770666060431 1.1698756217956543 163840
1770666068953 1.1682754755020142 168960
1770666078076 1.1688679456710815 174080
1770666088191 1.1664531230926514 179200
1770666099495 1.1651859283447266 184320
1770666109866 1.1648674011230469 189440
1770666120725 1.1653189659118652 194560
1770666131477 1.165509819984436 199680
1770666141858 1.1643418073654175 204800
1770666152536 1.1642827987670898 209920
1770666164882 1.1638219356536865 215040
1770666178593 1.1641172170639038 220160
1770666191061 1.1639816761016846 225280
1770666202866 1.164036512374878 230400
1770666216282 1.162889838218689 235520
1770666228923 1.1632708311080933 240640
1770666242480 1.1629626750946045 245760
1770666257223 1.1621441841125488 250880
1770666269890 1.1615679264068604 256000
1770666281727 1.1604136228561401 261120
1770666295194 1.1607452630996704 266240
1770666309390 1.1610826253890991 271360
1770666322867 1.1611518859863281 276480
1770666335160 1.1609452962875366 281600
1770666347144 1.1604779958724976 286720
1770666359551 1.1599061489105225 291840
1770666373318 1.1596455574035645 296960
1770666385987 1.1596753597259521 302080
1770666397827 1.1591979265213013 307200
1770666410907 1.160014271736145 312320
1770666423099 1.1599572896957397 317440
1770666435551 1.1594934463500977 322560
1770666448725 1.159830927848816 327680
1770666462930 1.160249948501587 332800
1770666477564 1.159852147102356 337920
1770666491151 1.1606419086456299 343040
1770666504876 1.1606115102767944 348160
1770666517962 1.1611747741699219 353280
1770666531179 1.16120445728302 358400
1770666545034 1.160478949546814 363520
1770666557316 1.1607290506362915 368640
1770666569930 1.160415768623352 373760
1770666584129 1.1602157354354858 378880
1770666597221 1.1597602367401123 384000
1770666611634 1.160211443901062 389120
1770666626788 1.159969449043274 394240
1770666641301 1.1595574617385864 399360
1770666653020 1.158850073814392 404480
1770666666743 1.1580334901809692 409600
1770666677684 1.1576123237609863 414720
1770666689503 1.1574621200561523 419840
1770666701569 1.156471610069275 424960
1770666715190 1.156355381011963 430080
1770666727858 1.156459093093872 435200
1770666740710 1.156363606452942 440320
1770666754029 1.1563587188720703 445440
1770666766014 1.1562681198120117 450560
1770666779606 1.1562262773513794 455680
1770666793764 1.1565247774124146 460800
1770666808249 1.1569466590881348 465920
1770666821176 1.1570563316345215 471040
1770666834245 1.1585150957107544 476160
1770666847106 1.1581329107284546 481280
1770666859270 1.158648133277893 486400
1770666872360 1.1589299440383911 491520
1770666884901 1.159074306488037 496640
1770666897866 1.1593949794769287 501760
1770666910001 1.1598105430603027 506880
1770666922445 1.1599950790405273 512000
1770666937278 1.1597791910171509 517120
1770666950057 1.1591691970825195 522240
1770666961853 1.1591395139694214 527360
1770666974663 1.159243106842041 532480
1770666987355 1.1586318016052246 537600
1770666999555 1.158097267150879 542720
1770667012153 1.1575422286987305 547840
1770667026011 1.1578854322433472 552960
1770667038538 1.1576950550079346 558080
1770667050702 1.157699465751648 563200
1770667062870 1.1579053401947021 568320
1770667076297 1.1582108736038208 573440
1770667088718 1.157954216003418 578560
1770667100990 1.1576790809631348 583680
1770667113050 1.1571089029312134 588800
1770667125653 1.1571450233459473 593920
1770667137911 1.1565569639205933 599040
1770667150496 1.1565290689468384 604160
1770667163633 1.1564511060714722 609280
1770667176754 1.1560496091842651 614400
1770667188544 1.1556612253189087 619520
1770667201313 1.155297040939331 624640
1770667214022 1.1551207304000854 629760
1770667228189 1.1549263000488281 634880
1770667241108 1.1548529863357544 640000
1770667254195 1.154512643814087 645120
1770667267334 1.1548936367034912 650240
1770667281488 1.1543923616409302 655360
1770667295897 1.153961420059204 660480
1770667311102 1.1535876989364624 665600
1770667326370 1.1529161930084229 670720
1770667340079 1.152748942375183 675840
1770667356005 1.1525684595108032 680960
1770667368737 1.1523624658584595 686080
1770667380901 1.1521624326705933 691200
1770667394612 1.15212082862854 696320
1770667408729 1.1514729261398315 701440
1770667422826 1.1513562202453613 706560
1770667435823 1.15200674533844 711680
1770667449983 1.1513797044754028 716800
1770667463905 1.1514722108840942 721920
1770667476666 1.1514257192611694 727040
1770667489417 1.1512559652328491 732160
1770667502285 1.151437520980835 737280
1770667514786 1.1514049768447876 742400
1770667527199 1.1512720584869385 747520
1770667539701 1.1513210535049438 752640
1770667552456 1.1514970064163208 757760
1770667565550 1.1510847806930542 762880
1770667578851 1.1512532234191895 768000
1770667592319 1.151105523109436 773120
1770667605869 1.1507039070129395 778240
1770667620750 1.150498628616333 783360
1770667632748 1.1500768661499023 788480
1770667644975 1.1500904560089111 793600
1770667657367 1.1502368450164795 798720
1770667673457 1.1504366397857666 803840
1770667688736 1.1505197286605835 808960
1770667702575 1.1500358581542969 814080
1770667715209 1.149535894393921 819200
1770667728017 1.1496421098709106 824320
1770667740426 1.1493239402770996 829440
1770667754714 1.149131178855896 834560
1770667766960 1.1486095190048218 839680
1770667779036 1.1483200788497925 844800
1770667791494 1.1484769582748413 849920
1770667805192 1.1482220888137817 855040
1770667818870 1.1476212739944458 860160
1770667833562 1.1479511260986328 865280
1770667848183 1.1477031707763672 870400
1770667860672 1.1471827030181885 875520
1770667873035 1.1468799114227295 880640
1770667887055 1.1466012001037598 885760
1770667899429 1.1461881399154663 890880
1770667912653 1.1460087299346924 896000
1770667925353 1.1457369327545166 901120
1770667940217 1.1457785367965698 906240
1770667954269 1.1458803415298462 911360
1770667966610 1.1455116271972656 916480
1770667980168 1.1453994512557983 921600
1770667993035 1.1451488733291626 926720
1770668006123 1.1448512077331543 931840
1770668019642 1.1446903944015503 936960
1770668032900 1.1443943977355957 942080
1770668044713 1.1444299221038818 947200
1770668057313 1.143834114074707 952320
1770668069218 1.1436837911605835 957440
1770668081403 1.1436268091201782 962560
1770668094951 1.143507719039917 967680
1770668107209 1.1431835889816284 972800
1770668121772 1.143525242805481 977920
1770668134478 1.1432863473892212 983040
1770668147212 1.143169641494751 988160
1770668160753 1.1433418989181519 993280
1770668172873 1.1431384086608887 998400
1770668175040 1.1431174278259277 1000448
