1770665799516 1.230373501777649 5120
1770665807671 1.2685813903808594 10240
1770665815778 1.196930170059204 15360
1770665823948 1.1375377178192139 20480
1770665832123 1.1699283123016357 25600
1770665840625 1.1648037433624268 30720
1770665848835 1.153639793395996 35840
1770665856943 1.1531450748443604 40960
1770665865178 1.1465890407562256 46080
1770665873544 1.1485028266906738 51200
1770665881797 1.1584675312042236 56320
1770665890072 1.1431243419647217 61440
1770665898645 1.1303236484527588 66560
1770665907176 1.123095989227295 71680
1770665915259 1.1126148700714111 76800
1770665923331 1.1092443466186523 81920
1770665931408 1.1004149913787842 87040
1770665939486 1.0996994972229004 92160
1770665947686 1.099487543106079 97280
1770665955698 1.0958209037780762 102400
1770665964041 1.0880895853042603 107520
1770665972995 1.081799030303955 112640
1770665981103 1.0747270584106445 117760
1770665989219 1.0694583654403687 122880
1770665997351 1.0664759874343872 128000
1770666005498 1.0659685134887695 133120
1770666013699 1.0675296783447266 138240
1770666022012 1.0688014030456543 143360
1770666031690 1.0719938278198242 148480
1770666041882 1.0739740133285522 153600
1770666051537 1.0766327381134033 158720
1770666060431 1.0779114961624146 163840
1770666068953 1.0755884647369385 168960
1770666078076 1.0764846801757812 174080
1770666088191 1.0741521120071411 179200
1770666099495 1.076192021369934 184320
1770666109866 1.080051302909851 189440
1770666120725 1.089095115661621 194560
1770666131477 1.099273920059204 199680
1770666141858 1.1104373931884766 204800
1770666152536 1.1226794719696045 209920
1770666164882 1.13211190700531 215040
1770666178593 1.144385576248169 220160
1770666191061 1.1562250852584839 225280
1770666202866 1.1692724227905273 230400
1770666216282 1.1785945892333984 235520
1770666228923 1.1927114725112915 240640
1770666242480 1.2048242092132568 245760
1770666257223 1.2143856287002563 250880
1770666269890 1.2250057458877563 256000
1770666281727 1.2339245080947876 261120
1770666295194 1.24213707447052 266240
1770666309390 1.2523267269134521 271360
1770666322867 1.2615498304367065 276480
1770666335160 1.2695826292037964 281600
1770666347144 1.2755472660064697 286720
1770666359551 1.282579779624939 291840
1770666373318 1.290045976638794 296960
1770666385987 1.2959390878677368 302080
1770666397827 1.3008166551589966 307200
1770666410907 1.3083575963974 312320
1770666423099 1.3132449388504028 317440
1770666435551 1.3175369501113892 322560
1770666448725 1.3221032619476318 327680
1770666462930 1.326600432395935 332800
1770666477564 1.3262866735458374 337920
1770666491151 1.3191663026809692 343040
1770666504876 1.3127859830856323 348160
1770666517962 1.3082771301269531 353280
1770666531179 1.3029038906097412 358400
1770666545034 1.2981549501419067 363520
1770666557316 1.2948168516159058 368640
1770666569930 1.2924394607543945 373760
1770666584129 1.2919824123382568 378880
1770666597221 1.2896088361740112 384000
1770666611634 1.2885777950286865 389120
1770666626788 1.28696870803833 394240
1770666641301 1.2855892181396484 399360
1770666653020 1.2824859619140625 404480
1770666666743 1.2798964977264404 409600
1770666677684 1.2789582014083862 414720
1770666689503 1.2782841920852661 419840
1770666701569 1.2771544456481934 424960
1770666715190 1.277320384979248 430080
1770666727858 1.2780042886734009 435200
1770666740710 1.2775980234146118 440320
1770666754029 1.2783838510513306 445440
1770666766014 1.2781025171279907 450560
1770666779606 1.2787280082702637 455680
1770666793764 1.2794969081878662 460800
1770666808249 1.2808897495269775 465920
1770666821176 1.280997633934021 471040
1770666834245 1.2830734252929688 476160
1770666847106 1.2828861474990845 481280
1770666859270 1.2836016416549683 486400
1770666872360 1.283016562461853 491520
1770666884901 1.2819788455963135 496640
1770666897866 1.280888557434082 501760
1770666910001 1.2807366847991943 506880
1770666922445 1.2808058261871338 512000
1770666937278 1.2796040773391724 517120
1770666950057 1.2771656513214111 522240
1770666961853 1.2753113508224487 527360
1770666974663 1.2722938060760498 532480
1770666987355 1.2675708532333374 537600
1770666999555 1.26228666305542 542720
1770667012153 1.2564244270324707 547840
1770667026011 1.2510015964508057 552960
1770667038538 1.2466014623641968 558080
1770667050702 1.2435572147369385 563200
1770667062870 1.2434663772583008 568320
1770667076297 1.2437171936035156 573440
1770667088718 1.2450339794158936 578560
1770667100990 1.2458735704421997 583680
1770667113050 1.245459794998169 588800
1770667125653 1.2456960678100586 593920
1770667137911 1.2458813190460205 599040
1770667150496 1.2448235750198364 604160
1770667163633 1.2436249256134033 609280
1770667176754 1.241888165473938 614400
1770667188544 1.2397422790527344 619520
1770667201313 1.236638069152832 624640
1770667214022 1.233789324760437 629760
1770667228189 1.2313469648361206 634880
1770667241108 1.2289868593215942 640000
1770667254195 1.2254608869552612 645120
1770667267334 1.2236862182617188 650240
1770667281488 1.220710277557373 655360
1770667295897 1.2178832292556763 660480
1770667311102 1.2155476808547974 665600
1770667326370 1.212576985359192 670720
1770667340079 1.2107874155044556 675840
1770667356005 1.208809733390808 680960
1770667368737 1.2069311141967773 686080
1770667380901 1.204542875289917 691200
1770667394612 1.2025974988937378 696320
1770667408729 1.1987043619155884 701440
1770667422826 1.1959922313690186 706560
1770667435823 1.1939914226531982 711680
1770667449983 1.1906315088272095 716800
1770667463905 1.1881250143051147 721920
1770667476666 1.1854724884033203 727040
1770667489417 1.1827749013900757 732160
1770667502285 1.180361032485962 737280
1770667514786 1.1777300834655762 742400
1770667527199 1.1754134893417358 747520
1770667539701 1.1730800867080688 752640
1770667552456 1.171086311340332 757760
1770667565550 1.1683344841003418 762880
1770667578851 1.1664366722106934 768000
1770667592319 1.1636488437652588 773120
1770667605869 1.1611064672470093 778240
1770667620750 1.1585338115692139 783360
1770667632748 1.1553926467895508 788480
1770667644975 1.1527323722839355 793600
1770667657367 1.1501753330230713 798720
1770667673457 1.1475863456726074 803840
1770667688736 1.14468252658844 808960
1770667702575 1.141850233078003 814080
1770667715209 1.1386687755584717 819200
1770667728017 1.1373459100723267 824320
1770667740426 1.1348114013671875 829440
1770667754714 1.1330262422561646 834560
1770667766960 1.1306273937225342 839680
1770667779036 1.1286786794662476 844800
1770667791494 1.127273440361023 849920
1770667805192 1.1258195638656616 855040
1770667818870 1.1235467195510864 860160
1770667833562 1.1227542161941528 865280
1770667848183 1.1208401918411255 870400
1770667860672 1.1192865371704102 875520
1770667873035 1.117874026298523 880640
1770667887055 1.1168900728225708 885760
1770667899429 1.115208625793457 890880
1770667912653 1.1137542724609375 896000
1770667925353 1.1123168468475342 901120
1770667940217 1.1112730503082275 906240
1770667954269 1.110325813293457 911360
1770667966610 1.1088417768478394 916480
1770667980168 1.1075855493545532 921600
1770667993035 1.1056593656539917 926720
1770668006123 1.1041183471679688 931840
1770668019642 1.1029106378555298 936960
1770668032900 1.101302981376648 942080
1770668044713 1.0998684167861938 947200
1770668057313 1.098259449005127 952320
1770668069218 1.097190022468567 957440
1770668081403 1.0964033603668213 962560
1770668094951 1.095008373260498 967680
1770668107209 1.0934643745422363 972800
1770668121772 1.0928083658218384 977920
1770668134478 1.0918042659759521 983040
1770668147212 1.0906189680099487 988160
1770668160753 1.0899118185043335 993280
1770668172873 1.0889900922775269 998400
1770668175040 1.0887789726257324 1000448
