1770665799516 0.3333333432674408 5120
1770665807671 0.3307551443576813 10240
1770665815778 0.30927619338035583 15360
1770665823948 0.29476866126060486 20480
1770665832123 0.30216583609580994 25600
1770665840625 0.29621779918670654 30720
1770665848835 0.2906152009963989 35840
1770665856943 0.28850606083869934 40960
1770665865178 0.28571778535842896 46080
1770665873544 0.28585660457611084 51200
1770665881797 0.2962312400341034 56320
1770665890072 0.3041036128997803 61440
1770665898645 0.31230252981185913 66560
1770665907176 0.31992822885513306 71680
1770665915259 0.3266642093658447 76800
1770665923331 0.3335840702056885 81920
1770665931408 0.33720487356185913 87040
1770665939486 0.3426157236099243 92160
1770665947686 0.34632235765457153 97280
1770665955698 0.3488151431083679 102400
1770665964041 0.3484296500682831 107520
1770665972995 0.3465435802936554 112640
1770665981103 0.34504762291908264 117760
1770665989219 0.34374940395355225 122880
1770665997351 0.34344321489334106 128000
1770666005498 0.34325122833251953 133120
1770666013699 0.343788743019104 138240
1770666022012 0.34417489171028137 143360
1770666031690 0.3455413281917572 148480
1770666041882 0.3469633162021637 153600
1770666051537 0.3483189642429352 158720
1770666060431 0.35056668519973755 163840
1770666068953 0.35158678889274597 168960
1770666078076 0.3541218638420105 174080
1770666088191 0.35613593459129333 179200
1770666099495 0.3596161901950836 184320
1770666109866 0.36400002241134644 189440
1770666120725 0.36932337284088135 194560
1770666131477 0.3740481436252594 199680
1770666141858 0.3783295750617981 204800
1770666152536 0.3825537860393524 209920
1770666164882 0.3858160376548767 215040
1770666178593 0.3896954357624054 220160
1770666191061 0.39357656240463257 225280
1770666202866 0.39784324169158936 230400
1770666216282 0.4002684950828552 235520
1770666228923 0.4047386348247528 240640
1770666242480 0.40820589661598206 245760
1770666257223 0.41108280420303345 250880
1770666269890 0.41407135128974915 256000
1770666281727 0.41650059819221497 261120
1770666295194 0.41868236660957336 266240
1770666309390 0.4215484857559204 271360
1770666322867 0.4237458407878876 276480
1770666335160 0.4257301986217499 281600
1770666347144 0.42732009291648865 286720
1770666359551 0.4293694794178009 291840
1770666373318 0.4312734603881836 296960
1770666385987 0.433155357837677 302080
1770666397827 0.43458303809165955 307200
1770666410907 0.4368542432785034 312320
1770666423099 0.4382929801940918 317440
1770666435551 0.4395666718482971 322560
1770666448725 0.4409816861152649 327680
1770666462930 0.44225627183914185 332800
1770666477564 0.44208580255508423 337920
1770666491151 0.44033682346343994 343040
1770666504876 0.4385777711868286 348160
1770666517962 0.43737685680389404 353280
1770666531179 0.4359089434146881 358400
1770666545034 0.4349415600299835 363520
1770666557316 0.43493103981018066 368640
1770666569930 0.4353332221508026 373760
1770666584129 0.4364933669567108 378880
1770666597221 0.43704017996788025 384000
1770666611634 0.43827366828918457 389120
1770666626788 0.4393816590309143 394240
1770666641301 0.4404796063899994 399360
1770666653020 0.4412168264389038 404480
1770666666743 0.44213247299194336 409600
1770666677684 0.44343289732933044 414720
1770666689503 0.4448883831501007 419840
1770666701569 0.44605329632759094 424960
1770666715190 0.447679340839386 430080
1770666727858 0.4493372440338135 435200
1770666740710 0.45069563388824463 440320
1770666754029 0.4524022340774536 445440
1770666766014 0.45336630940437317 450560
1770666779606 0.45474305748939514 455680
1770666793764 0.45631957054138184 460800
1770666808249 0.4578481912612915 465920
1770666821176 0.45887649059295654 471040
1770666834245 0.46050968766212463 476160
1770666847106 0.461434006690979 481280
1770666859270 0.4626048505306244 486400
1770666872360 0.46352913975715637 491520
1770666884901 0.46415969729423523 496640
1770666897866 0.46454760432243347 501760
1770666910001 0.4650475084781647 506880
1770666922445 0.46564245223999023 512000
1770666937278 0.46591824293136597 517120
1770666950057 0.46589231491088867 522240
1770666961853 0.4662262499332428 527360
1770666974663 0.4661681652069092 532480
1770666987355 0.4655699133872986 537600
1770666999555 0.4643855690956116 542720
1770667012153 0.4632870554924011 547840
1770667026011 0.4624384045600891 552960
1770667038538 0.46177613735198975 558080
1770667050702 0.46179455518722534 563200
1770667062870 0.46254250407218933 568320
1770667076297 0.46331787109375 573440
1770667088718 0.4638639986515045 578560
1770667100990 0.46441850066185 583680
1770667113050 0.46464815735816956 588800
1770667125653 0.4652213156223297 593920
1770667137911 0.46564584970474243 599040
1770667150496 0.46574217081069946 604160
1770667163633 0.4659769535064697 609280
1770667176754 0.46595239639282227 614400
1770667188544 0.4659097194671631 619520
1770667201313 0.46541035175323486 624640
1770667214022 0.46503013372421265 629760
1770667228189 0.4647008180618286 634880
1770667241108 0.4644397497177124 640000
1770667254195 0.46372586488723755 645120
1770667267334 0.46372517943382263 650240
1770667281488 0.46312597393989563 655360
1770667295897 0.46271607279777527 660480
1770667311102 0.46233493089675903 665600
1770667326370 0.46185991168022156 670720
1770667340079 0.46183067560195923 675840
1770667356005 0.4618240296840668 680960
1770667368737 0.4617867171764374 686080
1770667380901 0.46167007088661194 691200
1770667394612 0.46167683601379395 696320
1770667408729 0.46096986532211304 701440
1770667422826 0.46074721217155457 706560
1770667435823 0.46093642711639404 711680
1770667449983 0.46024107933044434 716800
1770667463905 0.4600016176700592 721920
1770667476666 0.4597425162792206 727040
1770667489417 0.45949429273605347 732160
1770667502285 0.45936405658721924 737280
1770667514786 0.45907944440841675 742400
1770667527199 0.45884302258491516 747520
1770667539701 0.4586779475212097 752640
1770667552456 0.4586818218231201 757760
1770667565550 0.45839279890060425 762880
1770667578851 0.45822617411613464 768000
1770667592319 0.4577195644378662 773120
1770667605869 0.45720866322517395 778240
1770667620750 0.45684814453125 783360
1770667632748 0.45629948377609253 788480
1770667644975 0.4558936655521393 793600
1770667657367 0.45554372668266296 798720
1770667673457 0.454986035823822 803840
1770667688736 0.45448604226112366 808960
1770667702575 0.4538692235946655 814080
1770667715209 0.4530840814113617 819200
1770667728017 0.4530784785747528 824320
1770667740426 0.4525951147079468 829440
1770667754714 0.4523441791534424 834560
1770667766960 0.4519920349121094 839680
1770667779036 0.4517623782157898 844800
1770667791494 0.4517952501773834 849920
1770667805192 0.4517515301704407 855040
1770667818870 0.4514044225215912 860160
1770667833562 0.4516572058200836 865280
1770667848183 0.4513987600803375 870400
1770667860672 0.45131194591522217 875520
1770667873035 0.4511941373348236 880640
1770667887055 0.4512941241264343 885760
1770667899429 0.45121413469314575 890880
1770667912653 0.4511023461818695 896000
1770667925353 0.4509732723236084 901120
1770667940217 0.4508759081363678 906240
1770667954269 0.4509786367416382 911360
1770667966610 0.45084908604621887 916480
1770667980168 0.45072922110557556 921600
1770667993035 0.45043373107910156 926720
1770668006123 0.45025333762168884 931840
1770668019642 0.4502842128276825 936960
1770668032900 0.4501078128814697 942080
1770668044713 0.45015376806259155 947200
1770668057313 0.4498777389526367 952320
1770668069218 0.44989868998527527 957440
1770668081403 0.4499966502189636 962560
1770668094951 0.44999513030052185 967680
1770668107209 0.44981053471565247 972800
1770668121772 0.4499688148498535 977920
1770668134478 0.4499465525150299 983040
1770668147212 0.44983041286468506 988160
1770668160753 0.449942946434021 993280
1770668172873 0.44993266463279724 998400
1770668175040 0.4498753845691681 1000448
