1770665799511 217.32145077720207 5120
1770665807663 134.29078218550893 10240
1770665815773 163.18979067776826 15360
1770665823943 201.89188929001205 20480
1770665832119 220.9505346889322 25600
1770665840619 161.67382338202984 30720
1770665848830 187.02028804565924 35840
1770665856937 188.54194012406725 40960
1770665865172 135.94036429636353 46080
1770665873538 139.86141585247924 51200
1770665881791 171.86248719524687 56320
1770665890066 150.6195999569074 61440
1770665898637 147.5361074958669 66560
1770665907169 160.00244144350347 71680
1770665915252 139.66116142781033 76800
1770665923321 148.82390093318668 81920
1770665931402 169.3983844911147 87040
1770665939480 188.16132071239514 92160
1770665947679 183.74311122793185 97280
1770665955692 180.3924132295385 102400
1770665964035 174.7990831423213 107520
1770665972988 185.2525948500508 112640
1770665981096 165.27974149820704 117760
1770665989212 152.1936209586705 122880
1770665997345 121.33487618606804 128000
1770666005490 170.3270659898477 133120
1770666013690 139.57750415973376 138240
1770666022002 120.56062086806554 143360
1770666031682 149.0407220524483 148480
1770666041869 107.7867036722946 153600
1770666051525 91.94405717041519 158720
1770666060425 170.6250101700431 163840
1770666068946 126.94240489089313 168960
1770666078064 107.86709186297706 174080
1770666088182 90.68373259534722 179200
1770666099482 118.26600874101227 184320
1770666109853 94.3515544158006 189440
1770666120716 164.91581803169112 194560
1770666131464 119.54011457234873 199680
1770666141844 107.06583280153158 204800
1770666152528 155.92208178438662 209920
1770666164862 83.25831232506899 215040
1770666178580 82.99143235916817 220160
1770666191050 109.62921142737656 225280
1770666202854 108.86661302463207 230400
1770666216272 91.84339143382675 235520
1770666228904 105.09669498108197 240640
1770666242461 86.09175065169646 245760
1770666257209 90.45491599991374 250880
1770666269878 110.00298985024521 256000
1770666281715 96.50286450544141 261120
1770666295183 119.28513736419998 266240
1770666309374 86.03877002605182 271360
1770666322857 137.082197601072 276480
1770666335140 129.533786287832 281600
1770666347129 98.76386926627107 286720
1770666359536 132.63040728560586 291840
1770666373306 135.44868565523478 296960
1770666385971 72.86205159385042 302080
1770666397810 115.55193123588076 307200
1770666410891 116.79068860858185 312320
1770666423087 133.3769198969695 317440
1770666435526 87.29040582726327 322560
1770666448710 144.4767317694878 327680
1770666462916 86.83679426926979 332800
1770666477544 73.74989449992967 337920
1770666491129 76.00717612308138 343040
1770666504858 77.54305786651877 348160
1770666517942 85.10650731489561 353280
1770666531166 82.54066712584867 358400
1770666545018 98.11007929639072 363520
1770666557300 91.36722868470352 368640
1770666569906 85.30903469877558 373760
1770666584113 109.12720176922076 378880
1770666597200 116.59589136296667 384000
1770666611613 105.66062071745264 389120
1770666626764 72.69283696424549 394240
1770666641283 70.38249458829057 399360
1770666653002 90.20202585001827 404480
1770666666729 117.04163411094989 409600
1770666677661 83.88104713717178 414720
1770666689488 95.74943499600502 419840
1770666701550 71.04534444500906 424960
1770666715173 119.895492096161 430080
1770666727840 75.3097999784537 435200
1770666740691 90.14774217121241 440320
1770666754012 142.98438671848368 445440
1770666765996 107.04670511969782 450560
1770666779586 102.68579542672477 455680
1770666793746 98.49945986567094 460800
1770666808226 78.83881881919513 465920
1770666821160 111.9406442659265 471040
1770666834222 78.1688130160091 476160
1770666847091 135.3219551540571 481280
1770666859250 101.52258314372853 486400
1770666872338 79.41651834740789 491520
1770666884882 95.21040564774249 496640
1770666897850 107.31786198602973 501760
1770666909984 97.15108980149631 506880
1770666922416 78.5259019339861 512000
1770666937255 105.31043486994075 517120
1770666950041 119.17667784281412 522240
1770666961833 80.03327799721411 527360
1770666974644 101.0091513341682 532480
1770666987336 84.72827909419631 537600
1770666999539 100.8488578985333 542720
1770667012136 82.3559072434173 547840
1770667025986 110.55680320522958 552960
1770667038519 69.01818301492489 558080
1770667050682 90.60146023242753 563200
1770667062847 94.61120635207074 568320
1770667076276 120.15653020884064 573440
1770667088700 101.32882371415457 578560
1770667100973 120.8384903486027 583680
1770667113030 137.3380484610347 588800
1770667125635 99.97864225781846 593920
1770667137891 109.56907001044932 599040
1770667150470 57.61485734694158 604160
1770667163609 99.14206022786367 609280
1770667176734 86.30432724953188 614400
1770667188522 97.48527600232423 619520
1770667201293 132.24568041367132 624640
1770667213992 112.20416789277975 629760
1770667228159 72.59721332756382 634880
1770667241091 113.79938681932876 640000
1770667254171 68.06725089256734 645120
1770667267311 105.25493738864212 650240
1770667281463 74.28806234502302 655360
1770667295868 68.48290500604121 660480
1770667311076 84.16888746187189 665600
1770667326340 98.24566663543521 670720
1770667340054 106.1929766817733 675840
1770667355983 102.66820062174136 680960
1770667368721 128.8374750422362 686080
1770667380885 108.45000646412412 691200
1770667394588 92.86624598693679 696320
1770667408704 99.21241366259817 701440
1770667422802 106.00778446140626 706560
1770667435805 129.80237056293132 711680
1770667449958 109.28643268454103 716800
1770667463887 99.2546736712575 721920
1770667476647 81.00239474700656 727040
1770667489398 89.38885810494011 732160
1770667502261 119.946922900938 737280
1770667514768 81.7109349126259 742400
1770667527182 124.50808917386529 747520
1770667539671 87.375872341312 752640
1770667552432 95.70137130079631 757760
1770667565533 107.46359210863439 762880
1770667578820 83.3310949079133 768000
1770667592301 130.79406261693902 773120
1770667605841 111.26360187813354 778240
1770667620729 116.45668591737005 783360
1770667632723 119.04813805631244 788480
1770667644950 83.04072541527252 793600
1770667657342 86.07408319481212 798720
1770667673417 78.59506052542818 803840
1770667688711 111.43209351753454 808960
1770667702547 88.05088695287078 814080
1770667715185 93.9815814828923 819200
1770667727990 110.6238691810629 824320
1770667740399 71.89906747120132 829440
1770667754686 85.6172610177795 834560
1770667766933 85.26047892019352 839680
1770667779012 120.27367877727755 844800
1770667791470 127.82835547970255 849920
1770667805170 128.30933953317628 855040
1770667818851 94.83796861574639 860160
1770667833533 88.43518596609597 865280
1770667848165 110.3154572473107 870400
1770667860650 126.06107237316662 875520
1770667873008 101.44155561467579 880640
1770667887032 97.97028870410165 885760
1770667899400 92.16022500054932 890880
1770667912629 99.61061106229369 896000
1770667925323 83.72532737144682 901120
1770667940188 63.12254879829037 906240
1770667954243 119.29870868650094 911360
1770667966590 131.98351112369804 916480
1770667980143 103.29525920453146 921600
1770667993011 146.8593837535014 926720
1770668006098 129.23842977753128 931840
1770668019614 97.52380952380952 936960
1770668032876 126.24699756192999 942080
1770668044695 141.3699147258081 947200
1770668057285 113.65137515241837 952320
1770668069187 118.12944291105728 957440
1770668081381 115.33903478619551 962560
1770668094926 91.26583545488174 967680
1770668107175 79.08111165579396 972800
1770668121749 125.80773268544347 977920
1770668134447 120.64731770458795 983040
1770668147184 128.38003122034831 988160
1770668160728 103.71671612265084 993280
1770668172847 125.51407966005327 998400
1770668175016 79.44660378073266 1000448
