1769375794515 18.47028350830078 5120
1769375801458 19.09527015686035 10240
1769375807798 19.080045700073242 15360
1769375818330 19.30204200744629 20480
1769375825563 19.277421951293945 25600
1769375831834 19.526412963867188 30720
1769375838707 19.55013084411621 35840
1769375847729 19.45684814453125 40960
1769375854191 19.573640823364258 46080
1769375861233 19.533838272094727 51200
1769375868082 19.565797805786133 56320
1769375878819 19.547290802001953 61440
1769375886355 19.49625015258789 66560
1769375893663 19.485210418701172 71680
1769375900198 19.469280242919922 76800
1769375909228 19.449108123779297 81920
1769375916833 19.44439125061035 87040
1769375923889 19.474102020263672 92160
1769375930217 19.458797454833984 97280
1769375938864 19.438966751098633 102400
1769375945500 19.39668083190918 107520
1769375952066 19.4366455078125 112640
1769375958545 19.43076515197754 117760
1769375966672 19.40692901611328 122880
1769375973020 19.386690139770508 128000
1769375979502 19.3695068359375 133120
1769375985546 19.371009826660156 138240
1769375994273 19.388452529907227 143360
1769376001021 19.375804901123047 148480
1769376007537 19.386362075805664 153600
1769376013728 19.397705078125 158720
1769376024171 19.392362594604492 163840
1769376030902 19.38129425048828 168960
1769376036886 19.385177612304688 174080
1769376043188 19.38336753845215 179200
1769376051589 19.371116638183594 184320
1769376057727 19.379833221435547 189440
1769376064752 19.35759735107422 194560
