1769375794515 0.0 5120
1769375801458 0.0 10240
1769375807798 0.0 15360
1769375818330 0.0 20480
1769375825563 0.0 25600
1769375831834 0.0 30720
1769375838707 0.0 35840
1769375847729 0.0 40960
1769375854191 0.0 46080
1769375861233 0.0 51200
1769375868082 0.0 56320
1769375878819 0.0 61440
1769375886355 0.0 66560
1769375893663 0.0 71680
1769375900198 0.0 76800
1769375909228 0.0 81920
1769375916833 0.0 87040
1769375923889 0.0 92160
1769375930217 0.0 97280
1769375938864 0.0 102400
1769375945500 0.0 107520
1769375952066 0.0 112640
1769375958545 0.0 117760
1769375966672 0.0 122880
1769375973020 0.0 128000
1769375979502 0.0 133120
1769375985546 0.0 138240
1769375994273 0.0 143360
1769376001021 0.0 148480
1769376007537 0.0 153600
1769376013728 0.0 158720
1769376024171 0.0 163840
1769376030902 0.0 168960
1769376036886 0.0 174080
1769376043188 0.0 179200
1769376051589 0.0 184320
1769376057727 0.0 189440
1769376064752 0.0 194560
