1769375794515 1.1135164499282837 5120
1769375801458 1.1433796882629395 10240
1769375807798 1.1504499912261963 15360
1769375818330 1.1597083806991577 20480
1769375825563 1.1584314107894897 25600
1769375831834 1.1706353425979614 30720
1769375838707 1.1703722476959229 35840
1769375847729 1.163446307182312 40960
1769375854191 1.168432593345642 46080
1769375861233 1.1665325164794922 51200
1769375868082 1.1699652671813965 56320
1769375878819 1.1696232557296753 61440
1769375886355 1.166637897491455 66560
1769375893663 1.1661345958709717 71680
1769375900198 1.1664142608642578 76800
1769375909228 1.165425181388855 81920
1769375916833 1.164798617362976 87040
1769375923889 1.166965126991272 92160
1769375930217 1.1665340662002563 97280
1769375938864 1.1643166542053223 102400
1769375945500 1.1623857021331787 107520
1769375952066 1.1640071868896484 112640
1769375958545 1.1642011404037476 117760
1769375966672 1.1626811027526855 122880
1769375973020 1.161668300628662 128000
1769375979502 1.1605312824249268 133120
1769375985546 1.1602436304092407 138240
1769375994273 1.1609984636306763 143360
1769376001021 1.1597479581832886 148480
1769376007537 1.1602578163146973 153600
1769376013728 1.1604591608047485 158720
1769376024171 1.1601976156234741 163840
1769376030902 1.158756971359253 168960
1769376036886 1.1589982509613037 174080
1769376043188 1.1594672203063965 179200
1769376051589 1.158476710319519 184320
1769376057727 1.1588209867477417 189440
1769376064752 1.157745122909546 194560
