1769375794515 1.1723084449768066 5120
1769375801458 1.218703031539917 10240
1769375807798 1.2268909215927124 15360
1769375818330 1.2341535091400146 20480
1769375825563 1.2369688749313354 25600
1769375831834 1.2457494735717773 30720
1769375838707 1.2403677701950073 35840
1769375847729 1.232468843460083 40960
1769375854191 1.2386023998260498 46080
1769375861233 1.2416155338287354 51200
1769375868082 1.2502142190933228 56320
1769375878819 1.2577224969863892 61440
1769375886355 1.2595655918121338 66560
1769375893663 1.2557867765426636 71680
1769375900198 1.2522450685501099 76800
1769375909228 1.2537596225738525 81920
1769375916833 1.251672387123108 87040
1769375923889 1.247819423675537 92160
1769375930217 1.2457677125930786 97280
1769375938864 1.2447088956832886 102400
1769375945500 1.243120789527893 107520
1769375952066 1.245773434638977 112640
1769375958545 1.2479324340820312 117760
1769375966672 1.2477140426635742 122880
1769375973020 1.244240641593933 128000
1769375979502 1.2423899173736572 133120
1769375985546 1.2411171197891235 138240
1769375994273 1.2436237335205078 143360
1769376001021 1.242669939994812 148480
1769376007537 1.242753028869629 153600
1769376013728 1.242380976676941 158720
1769376024171 1.241127371788025 163840
1769376030902 1.240781545639038 168960
1769376036886 1.2386475801467896 174080
1769376043188 1.2398465871810913 179200
1769376051589 1.2376298904418945 184320
1769376057727 1.237381935119629 189440
1769376064752 1.2361938953399658 194560
