1769375794506 356.7495109296589 5120
1769375801453 202.7605143575365 10240
1769375807793 448.30098332620776 15360
1769375818325 593.253748231966 20480
1769375825555 328.7587396143596 25600
1769375831825 415.6891972249752 30720
1769375838698 367.0520696595782 35840
1769375847724 332.77562678514755 40960
1769375854184 556.8645778013807 46080
1769375861226 375.4636111359771 51200
1769375868073 294.17197362883996 56320
1769375878813 580.2052842716835 61440
1769375886345 262.8339390901115 66560
1769375893653 389.29868201225173 71680
1769375900192 594.1782122113614 76800
1769375909219 386.14472472841095 81920
1769375916824 578.2853991451813 87040
1769375923882 410.5220710580405 92160
1769375930210 464.12570543321897 97280
1769375938857 462.18225895316806 102400
1769375945494 174.96679459369264 107520
1769375952057 223.60081032092972 112640
1769375958538 174.09530134484476 117760
1769375966665 625.6420047732697 122880
1769375973011 431.46836745190825 128000
1769375979492 474.0397830018083 133120
1769375985540 538.9058203777464 138240
1769375994264 465.6715887642944 143360
1769376001012 413.6394477317554 148480
1769376007529 596.7141840944657 153600
1769376013719 248.96444470825665 158720
1769376024165 613.2023391812866 163840
1769376030893 422.2595389107017 168960
1769376036879 543.7262120819289 174080
1769376043180 506.0694980694981 179200
1769376051583 284.5718162697605 184320
1769376057720 165.33837906023336 189440
1769376064741 417.84259812711696 194560
