1769375794515 2.2919764518737793 5120
1769375801458 2.362722396850586 10240
1769375807798 2.391214370727539 15360
1769375818330 2.3836584091186523 20480
1769375825563 2.3860864639282227 25600
1769375831834 2.3935320377349854 30720
1769375838707 2.3768584728240967 35840
1769375847729 2.358651876449585 40960
1769375854191 2.364654779434204 46080
1769375861233 2.3658347129821777 51200
1769375868082 2.388098955154419 56320
1769375878819 2.4001219272613525 61440
1769375886355 2.399017810821533 66560
1769375893663 2.3876454830169678 71680
1769375900198 2.385329246520996 76800
1769375909228 2.388002634048462 81920
1769375916833 2.388819456100464 87040
1769375923889 2.37546706199646 92160
1769375930217 2.3793528079986572 97280
1769375938864 2.3734140396118164 102400
1769375945500 2.371476888656616 107520
1769375952066 2.375770092010498 112640
1769375958545 2.3766396045684814 117760
1769375966672 2.374305009841919 122880
1769375973020 2.3675692081451416 128000
1769375979502 2.366013288497925 133120
1769375985546 2.3620026111602783 138240
1769375994273 2.3645899295806885 143360
1769376001021 2.3648648262023926 148480
1769376007537 2.3643555641174316 153600
1769376013728 2.364924907684326 158720
1769376024171 2.3613362312316895 163840
1769376030902 2.3568077087402344 168960
1769376036886 2.3529770374298096 174080
1769376043188 2.356981039047241 179200
1769376051589 2.351256847381592 184320
1769376057727 2.352717638015747 189440
1769376064752 2.3483731746673584 194560
