1770986151439 0.08956650644540787 5120
1770986237418 0.08100119233131409 10240
1770986323322 0.07945942878723145 15360
1770986409232 0.08398622274398804 20480
1770986495123 0.0948704183101654 25600
1770986581045 0.09943694621324539 30720
1770986666858 0.10419448465108871 35840
1770986752749 0.10915432870388031 40960
1770986838647 0.11290182918310165 46080
1770986924559 0.12115269899368286 51200
1770987010423 0.12636934220790863 56320
1770987096271 0.12977322936058044 61440
1770987182212 0.13430766761302948 66560
1770987268116 0.1372373402118683 71680
1770987354162 0.14095133543014526 76800
1770987439827 0.14341704547405243 81920
1770987525568 0.14330066740512848 87040
1770987611343 0.14362087845802307 92160
1770987697230 0.14380525052547455 97280
1770987783117 0.1438264697790146 102400
1770987869018 0.14322060346603394 107520
1770987954919 0.14378595352172852 112640
1770988040865 0.14487895369529724 117760
1770988126790 0.14444497227668762 122880
1770988212676 0.14369715750217438 128000
1770988298631 0.1418459415435791 133120
1770988384582 0.13970614969730377 138240
1770988470499 0.13780322670936584 143360
1770988556332 0.1361340880393982 148480
1770988642244 0.13461197912693024 153600
1770988728134 0.13363558053970337 158720
1770988813979 0.1321137547492981 163840
1770988899832 0.13091596961021423 168960
1770988985704 0.1294441968202591 174080
1770989071597 0.1279662698507309 179200
1770989157504 0.12702825665473938 184320
1770989243400 0.12598179280757904 189440
1770989329592 0.12542100250720978 194560
1770989415474 0.12468024343252182 199680
1770989501285 0.12358402460813522 204800
1770989587193 0.12177679687738419 209920
1770989673138 0.11990612000226974 215040
1770989759043 0.11885054409503937 220160
1770989844934 0.11856288462877274 225280
1770989930860 0.11839883774518967 230400
1770990016607 0.11774095147848129 235520
1770990102408 0.11710759997367859 240640
1770990188164 0.11656659841537476 245760
1770990273852 0.1159767359495163 250880
1770990359563 0.11560934036970139 256000
1770990445313 0.11522268503904343 261120
1770990530952 0.11475475877523422 266240
1770990616637 0.11427633464336395 271360
1770990702280 0.11403429508209229 276480
1770990788022 0.11359052360057831 281600
1770990873526 0.11297208070755005 286720
1770990959272 0.11268880218267441 291840
1770991044993 0.11235621571540833 296960
1770991079337 0.11225789040327072 300032
