1770986151439 20.84372901916504 5120
1770986237418 21.723432540893555 10240
1770986323322 21.985979080200195 15360
1770986409232 21.532976150512695 20480
1770986495123 20.556304931640625 25600
1770986581045 20.31334114074707 30720
1770986666858 20.008363723754883 35840
1770986752749 19.703994750976562 40960
1770986838647 19.262399673461914 46080
1770986924559 18.536819458007812 51200
1770987010423 17.923032760620117 56320
1770987096271 17.50773048400879 61440
1770987182212 17.176067352294922 66560
1770987268116 16.791763305664062 71680
1770987354162 16.338008880615234 76800
1770987439827 15.84303092956543 81920
1770987525568 15.42011833190918 87040
1770987611343 15.094454765319824 92160
1770987697230 14.715139389038086 97280
1770987783117 14.411996841430664 102400
1770987869018 14.149704933166504 107520
1770987954919 13.886007308959961 112640
1770988040865 13.627480506896973 117760
1770988126790 13.397939682006836 122880
1770988212676 13.153358459472656 128000
1770988298631 12.870377540588379 133120
1770988384582 12.649018287658691 138240
1770988470499 12.44160270690918 143360
1770988556332 12.276039123535156 148480
1770988642244 12.137051582336426 153600
1770988728134 11.973712921142578 158720
1770988813979 11.780614852905273 163840
1770988899832 11.589539527893066 168960
1770988985704 11.418571472167969 174080
1770989071597 11.234352111816406 179200
1770989157504 11.087479591369629 184320
1770989243400 10.962234497070312 189440
1770989329592 10.852678298950195 194560
1770989415474 10.738022804260254 199680
1770989501285 10.61776351928711 204800
1770989587193 10.556666374206543 209920
1770989673138 10.515143394470215 215040
1770989759043 10.437420845031738 220160
1770989844934 10.356144905090332 225280
1770989930860 10.299720764160156 230400
1770990016607 10.210122108459473 235520
1770990102408 10.121596336364746 240640
1770990188164 10.01606273651123 245760
1770990273852 9.912137031555176 250880
1770990359563 9.825681686401367 256000
1770990445313 9.753664016723633 261120
1770990530952 9.671403884887695 266240
1770990616637 9.612828254699707 271360
1770990702280 9.54472827911377 276480
1770990788022 9.464126586914062 281600
1770990873526 9.40424919128418 286720
1770990959272 9.332316398620605 291840
1770991044993 9.262481689453125 296960
1770991079337 9.228351593017578 300032
