1770986151439 27.04995346069336 5120
1770986237418 27.57086753845215 10240
1770986323322 27.77381706237793 15360
1770986409232 27.50364112854004 20480
1770986495123 27.071388244628906 25600
1770986581045 27.034507751464844 30720
1770986666858 26.923688888549805 35840
1770986752749 26.77973747253418 40960
1770986838647 26.48752784729004 46080
1770986924559 26.201847076416016 51200
1770987010423 25.888717651367188 56320
1770987096271 25.660152435302734 61440
1770987182212 25.551483154296875 66560
1770987268116 25.305313110351562 71680
1770987354162 25.08045768737793 76800
1770987439827 24.778350830078125 81920
1770987525568 24.423919677734375 87040
1770987611343 24.15996551513672 92160
1770987697230 23.86515998840332 97280
1770987783117 23.61167335510254 102400
1770987869018 23.355133056640625 107520
1770987954919 23.16219711303711 112640
1770988040865 22.998071670532227 117760
1770988126790 22.781436920166016 122880
1770988212676 22.537052154541016 128000
1770988298631 22.211467742919922 133120
1770988384582 21.94216537475586 138240
1770988470499 21.687435150146484 143360
1770988556332 21.47736930847168 148480
1770988642244 21.281951904296875 153600
1770988728134 21.102134704589844 158720
1770988813979 20.86025619506836 163840
1770988899832 20.635549545288086 168960
1770988985704 20.420639038085938 174080
1770989071597 20.17930030822754 179200
1770989157504 20.00788688659668 184320
1770989243400 19.84073829650879 189440
1770989329592 19.729164123535156 194560
1770989415474 19.593936920166016 199680
1770989501285 19.42807960510254 204800
1770989587193 19.29203224182129 209920
1770989673138 19.168174743652344 215040
1770989759043 19.047992706298828 220160
1770989844934 18.96742820739746 225280
1770989930860 18.910627365112305 230400
1770990016607 18.78660774230957 235520
1770990102408 18.686321258544922 240640
1770990188164 18.586822509765625 245760
1770990273852 18.47521209716797 250880
1770990359563 18.39128875732422 256000
1770990445313 18.31962013244629 261120
1770990530952 18.229694366455078 266240
1770990616637 18.165464401245117 271360
1770990702280 18.096698760986328 276480
1770990788022 18.003522872924805 281600
1770990873526 17.92880630493164 286720
1770990959272 17.862768173217773 291840
1770991044993 17.790639877319336 296960
1770991079337 17.756505966186523 300032
