1770986151426 23.098634719848633 5120
1770986237408 19.56564712524414 10240
1770986323311 18.400178909301758 15360
1770986409221 17.935754776000977 20480
1770986495112 23.3930606842041 25600
1770986581034 25.936182022094727 30720
1770986666847 29.440542221069336 35840
1770986752739 31.76535987854004 40960
1770986838636 33.93367004394531 46080
1770986924549 36.28022384643555 51200
1770987010415 39.62146759033203 56320
1770987096260 40.72239685058594 61440
1770987182200 41.83274841308594 66560
1770987268105 41.69417190551758 71680
1770987354152 42.149906158447266 76800
1770987439815 41.93926239013672 81920
1770987525557 41.40584182739258 87040
1770987611333 42.23340606689453 92160
1770987697218 42.605690002441406 97280
1770987783106 42.965736389160156 102400
1770987869007 43.47480010986328 107520
1770987954909 44.404701232910156 112640
1770988040853 44.869667053222656 117760
1770988126781 45.455718994140625 122880
1770988212664 46.751670837402344 128000
1770988298619 47.592124938964844 133120
1770988384570 48.97987747192383 138240
1770988470488 49.744693756103516 143360
1770988556320 51.31208038330078 148480
1770988642232 52.46905517578125 153600
1770988728122 54.0802116394043 158720
1770988813967 54.601036071777344 163840
1770988899819 53.81129837036133 168960
1770988985692 54.033790588378906 174080
1770989071585 53.83269119262695 179200
1770989157491 54.40399932861328 184320
1770989243388 55.010520935058594 189440
1770989329579 54.84067916870117 194560
1770989415462 55.412506103515625 199680
1770989501272 55.5179328918457 204800
1770989587183 56.14556884765625 209920
1770989673125 56.7130241394043 215040
1770989759030 58.81559371948242 220160
1770989844920 57.94975662231445 225280
1770989930846 57.05487060546875 230400
1770990016593 57.122161865234375 235520
1770990102394 55.717552185058594 240640
1770990188151 54.58100509643555 245760
1770990273838 53.277000427246094 250880
1770990359549 52.723114013671875 256000
1770990445300 51.127410888671875 261120
1770990530939 50.90900421142578 266240
1770990616622 49.76752471923828 271360
1770990702266 49.268821716308594 276480
1770990788008 48.37147903442383 281600
1770990873512 47.45002365112305 286720
1770990959259 48.36666488647461 291840
1770991044977 46.42183303833008 296960
1770991079323 46.306251525878906 300032
