1770986151439 1.2049390077590942 5120
1770986237418 1.16793692111969 10240
1770986323322 1.1751697063446045 15360
1770986409232 1.1937971115112305 20480
1770986495123 1.240545392036438 25600
1770986581045 1.2648732662200928 30720
1770986666858 1.2926794290542603 35840
1770986752749 1.3214333057403564 40960
1770986838647 1.3324041366577148 46080
1770986924559 1.3730247020721436 51200
1770987010423 1.395485520362854 56320
1770987096271 1.4116592407226562 61440
1770987182212 1.4376220703125 66560
1770987268116 1.4478578567504883 71680
1770987354162 1.4597382545471191 76800
1770987439827 1.461941123008728 81920
1770987525568 1.453250527381897 87040
1770987611343 1.4499458074569702 92160
1770987697230 1.440068006515503 97280
1770987783117 1.4327772855758667 102400
1770987869018 1.4197914600372314 107520
1770987954919 1.418083667755127 112640
1770988040865 1.4202698469161987 117760
1770988126790 1.4113131761550903 122880
1770988212676 1.4006481170654297 128000
1770988298631 1.377725601196289 133120
1770988384582 1.3582260608673096 138240
1770988470499 1.342799425125122 143360
1770988556332 1.3307222127914429 148480
1770988642244 1.3169969320297241 153600
1770988728134 1.3065210580825806 158720
1770988813979 1.293373942375183 163840
1770988899832 1.2806310653686523 168960
1770988985704 1.2661819458007812 174080
1770989071597 1.2525825500488281 179200
1770989157504 1.243021011352539 184320
1770989243400 1.232177972793579 189440
1770989329592 1.2256048917770386 194560
1770989415474 1.2171858549118042 199680
1770989501285 1.2068244218826294 204800
1770989587193 1.1925957202911377 209920
1770989673138 1.177756905555725 215040
1770989759043 1.168095588684082 220160
1770989844934 1.166367769241333 225280
1770989930860 1.1650848388671875 230400
1770990016607 1.159576654434204 235520
1770990102408 1.1542054414749146 240640
1770990188164 1.1486060619354248 245760
1770990273852 1.1426260471343994 250880
1770990359563 1.1380717754364014 256000
1770990445313 1.133907437324524 261120
1770990530952 1.1282576322555542 266240
1770990616637 1.1232919692993164 271360
1770990702280 1.1195448637008667 276480
1770990788022 1.1141808032989502 281600
1770990873526 1.1083272695541382 286720
1770990959272 1.1040946245193481 291840
1770991044993 1.0999549627304077 296960
1770991079337 1.0986021757125854 300032
