1770986151439 1.9766943454742432 5120
1770986237418 1.760495901107788 10240
1770986323322 1.7180956602096558 15360
1770986409232 1.814732551574707 20480
1770986495123 2.121593952178955 25600
1770986581045 2.225982427597046 30720
1770986666858 2.3394365310668945 35840
1770986752749 2.4458165168762207 40960
1770986838647 2.5433502197265625 46080
1770986924559 2.7862319946289062 51200
1770987010423 2.949070453643799 56320
1770987096271 3.0466699600219727 61440
1770987182212 3.171543836593628 66560
1770987268116 3.260540246963501 71680
1770987354162 3.39140248298645 76800
1770987439827 3.5085294246673584 81920
1770987525568 3.555211067199707 87040
1770987611343 3.6110665798187256 92160
1770987697230 3.6664514541625977 97280
1770987783117 3.7011868953704834 102400
1770987869018 3.7098991870880127 107520
1770987954919 3.749894618988037 112640
1770988040865 3.8091745376586914 117760
1770988126790 3.826967477798462 122880
1770988212676 3.8351552486419678 128000
1770988298631 3.825329065322876 133120
1770988384582 3.8048157691955566 138240
1770988470499 3.790693759918213 143360
1770988556332 3.774413824081421 148480
1770988642244 3.7610366344451904 153600
1770988728134 3.7649788856506348 158720
1770988813979 3.7505486011505127 163840
1770988899832 3.7459487915039062 168960
1770988985704 3.732963800430298 174080
1770989071597 3.7196056842803955 179200
1770989157504 3.7170872688293457 184320
1770989243400 3.704688549041748 189440
1770989329592 3.7083334922790527 194560
1770989415474 3.7050368785858154 199680
1770989501285 3.6916697025299072 204800
1770989587193 3.6564409732818604 209920
1770989673138 3.6139161586761475 215040
1770989759043 3.596478223800659 220160
1770989844934 3.60286283493042 225280
1770989930860 3.6062257289886475 230400
1770990016607 3.600600242614746 235520
1770990102408 3.597569465637207 240640
1770990188164 3.59649920463562 245760
1770990273852 3.5959861278533936 250880
1770990359563 3.5965795516967773 256000
1770990445313 3.5998117923736572 261120
1770990530952 3.6003477573394775 266240
1770990616637 3.5981249809265137 271360
1770990702280 3.6047024726867676 276480
1770990788022 3.6051151752471924 281600
1770990873526 3.5991055965423584 286720
1770990959272 3.605740785598755 291840
1770991044993 3.6103267669677734 296960
1770991079337 3.613445281982422 300032
