1770952367568 0.0 5120
1770952402131 0.0 10240
1770952436694 0.0 15360
1770952471246 0.0 20480
1770952505809 0.0 25600
1770952540374 0.0 30720
1770952574952 0.0 35840
1770952609527 0.0 40960
1770952644079 0.0 46080
1770952678659 0.0 51200
1770952713198 0.0 56320
1770952747760 0.0 61440
1770952782314 0.0 66560
1770952816871 0.0 71680
1770952851415 0.0 76800
1770952886004 0.0 81920
1770952920580 0.0 87040
1770952955130 0.0 92160
1770952989688 0.0 97280
1770953024242 0.0 102400
1770953058801 0.0 107520
1770953093325 0.0 112640
1770953127876 0.0 117760
1770953162418 0.0 122880
1770953196994 0.0 128000
1770953231529 0.0 133120
1770953266090 0.0 138240
1770953300658 0.0 143360
1770953335185 0.0 148480
1770953369742 0.0 153600
1770953404286 0.0 158720
1770953438826 0.0 163840
1770953473399 0.0 168960
1770953507895 0.0 174080
1770953542443 0.0 179200
1770953577028 0.0 184320
1770953611832 0.0 189440
1770953646351 0.0 194560
1770953680905 0.0 199680
1770953715463 0.0 204800
1770953749967 0.0 209920
1770953784497 0.0 215040
1770953818944 0.0 220160
1770953853481 0.0 225280
1770953888049 0.0 230400
1770953922580 0.0 235520
1770953957134 0.0 240640
1770953991617 0.0 245760
1770954026154 0.0 250880
1770954060737 0.0 256000
1770954095303 0.0 261120
1770954129825 0.0 266240
1770954164357 0.0 271360
1770954198845 0.0 276480
1770954233312 0.0 281600
1770954267716 0.0 286720
1770954302211 0.0 291840
1770954336722 0.0 296960
1770954350552 0.0 300032
