1770952367568 19.00830078125 5120
1770952402131 20.113428115844727 10240
1770952436694 21.18558692932129 15360
1770952471246 21.638042449951172 20480
1770952505809 21.677268981933594 25600
1770952540374 22.244699478149414 30720
1770952574952 22.442256927490234 35840
1770952609527 22.587881088256836 40960
1770952644079 22.62765884399414 46080
1770952678659 22.646873474121094 51200
1770952713198 22.7504825592041 56320
1770952747760 22.839143753051758 61440
1770952782314 22.976423263549805 66560
1770952816871 22.991914749145508 71680
1770952851415 23.01189422607422 76800
1770952886004 22.96854019165039 81920
1770952920580 23.042152404785156 87040
1770952955130 23.00708770751953 92160
1770952989688 22.981884002685547 97280
1770953024242 23.04551124572754 102400
1770953058801 23.05571174621582 107520
1770953093325 23.057846069335938 112640
1770953127876 23.086061477661133 117760
1770953162418 23.13079833984375 122880
1770953196994 23.132997512817383 128000
1770953231529 23.18759536743164 133120
1770953266090 23.21295166015625 138240
1770953300658 23.266515731811523 143360
1770953335185 23.266002655029297 148480
1770953369742 23.242801666259766 153600
1770953404286 23.24370002746582 158720
1770953438826 23.315044403076172 163840
1770953473399 23.321359634399414 168960
1770953507895 23.275184631347656 174080
1770953542443 23.292613983154297 179200
1770953577028 23.282814025878906 184320
1770953611832 23.26828956604004 189440
1770953646351 23.268421173095703 194560
1770953680905 23.280641555786133 199680
1770953715463 23.31114387512207 204800
1770953749967 23.325143814086914 209920
1770953784497 23.294322967529297 215040
1770953818944 23.278465270996094 220160
1770953853481 23.253273010253906 225280
1770953888049 23.228239059448242 230400
1770953922580 23.273908615112305 235520
1770953957134 23.28826141357422 240640
1770953991617 23.256532669067383 245760
1770954026154 23.30453109741211 250880
1770954060737 23.299646377563477 256000
1770954095303 23.30242919921875 261120
1770954129825 23.300390243530273 266240
1770954164357 23.293745040893555 271360
1770954198845 23.319393157958984 276480
1770954233312 23.348146438598633 281600
1770954267716 23.33304214477539 286720
1770954302211 23.320846557617188 291840
1770954336722 23.28793716430664 296960
1770954350552 23.27932357788086 300032
