1770952367568 1.1537162065505981 5120
1770952402131 1.1515369415283203 10240
1770952436694 1.1714694499969482 15360
1770952471246 1.1679555177688599 20480
1770952505809 1.1593601703643799 25600
1770952540374 1.1685965061187744 30720
1770952574952 1.1700639724731445 35840
1770952609527 1.1692453622817993 40960
1770952644079 1.1657460927963257 46080
1770952678659 1.165327787399292 51200
1770952713198 1.1628742218017578 56320
1770952747760 1.1645628213882446 61440
1770952782314 1.166744351387024 66560
1770952816871 1.1667335033416748 71680
1770952851415 1.1633888483047485 76800
1770952886004 1.1621590852737427 81920
1770952920580 1.1634913682937622 87040
1770952955130 1.1607134342193604 92160
1770952989688 1.1589795351028442 97280
1770953024242 1.15949547290802 102400
1770953058801 1.1579614877700806 107520
1770953093325 1.1588279008865356 112640
1770953127876 1.1597450971603394 117760
1770953162418 1.160011649131775 122880
1770953196994 1.158473253250122 128000
1770953231529 1.1584815979003906 133120
1770953266090 1.1597779989242554 138240
1770953300658 1.1607426404953003 143360
1770953335185 1.1598427295684814 148480
1770953369742 1.159990668296814 153600
1770953404286 1.159124493598938 158720
1770953438826 1.162032127380371 163840
1770953473399 1.1622456312179565 168960
1770953507895 1.161668062210083 174080
1770953542443 1.1616164445877075 179200
1770953577028 1.16292405128479 184320
1770953611832 1.1622986793518066 189440
1770953646351 1.1617555618286133 194560
1770953680905 1.161489486694336 199680
1770953715463 1.1620436906814575 204800
1770953749967 1.1628504991531372 209920
1770953784497 1.161732792854309 215040
1770953818944 1.1611127853393555 220160
1770953853481 1.1601448059082031 225280
1770953888049 1.1599578857421875 230400
1770953922580 1.1599069833755493 235520
1770953957134 1.1600474119186401 240640
1770953991617 1.159212350845337 245760
1770954026154 1.1599358320236206 250880
1770954060737 1.1595467329025269 256000
1770954095303 1.160149335861206 261120
1770954129825 1.1596498489379883 266240
1770954164357 1.1599156856536865 271360
1770954198845 1.1616255044937134 276480
1770954233312 1.1621592044830322 281600
1770954267716 1.1622430086135864 286720
1770954302211 1.16218101978302 291840
1770954336722 1.161243200302124 296960
1770954350552 1.16102135181427 300032
