1770952367561 24.029502868652344 5120
1770952402121 20.526031494140625 10240
1770952436684 15.472375869750977 15360
1770952471235 12.702690124511719 20480
1770952505799 10.709736824035645 25600
1770952540365 9.843168258666992 30720
1770952574941 9.02692985534668 35840
1770952609517 8.276935577392578 40960
1770952644068 7.788197994232178 46080
1770952678649 7.413642883300781 51200
1770952713187 7.073134422302246 56320
1770952747749 6.941074371337891 61440
1770952782305 6.566191673278809 66560
1770952816861 6.538784027099609 71680
1770952851404 6.325406074523926 76800
1770952885993 6.114902019500732 81920
1770952920570 5.901525497436523 87040
1770952955118 5.753493309020996 92160
1770952989677 5.796678066253662 97280
1770953024231 5.606056213378906 102400
1770953058789 5.432862758636475 107520
1770953093314 5.436677932739258 112640
1770953127865 5.481468200683594 117760
1770953162406 5.243405818939209 122880
1770953196982 5.352845191955566 128000
1770953231518 5.125277519226074 133120
1770953266077 5.106678009033203 138240
1770953300647 5.1477227210998535 143360
1770953335173 4.7637457847595215 148480
1770953369730 4.883785247802734 153600
1770953404275 4.92728328704834 158720
1770953438813 4.871232032775879 163840
1770953473388 4.826633453369141 168960
1770953507883 4.6775007247924805 174080
1770953542430 4.771356582641602 179200
1770953577016 4.677254676818848 184320
1770953611819 4.681216239929199 189440
1770953646338 4.718496799468994 194560
1770953680892 4.678820610046387 199680
1770953715451 4.6117682456970215 204800
1770953749954 4.509073734283447 209920
1770953784484 4.547799110412598 215040
1770953818931 4.608487129211426 220160
1770953853469 4.552846431732178 225280
1770953888036 4.63619327545166 230400
1770953922568 4.427245616912842 235520
1770953957120 4.492169380187988 240640
1770953991604 4.529475212097168 245760
1770954026142 4.530938148498535 250880
1770954060724 4.463247776031494 256000
1770954095289 4.5150957107543945 261120
1770954129812 4.561160564422607 266240
1770954164343 4.4854583740234375 271360
1770954198831 4.284347057342529 276480
1770954233298 4.329802989959717 281600
1770954267702 4.35610818862915 286720
1770954302196 4.471137046813965 291840
1770954336708 4.310487270355225 296960
1770954350538 4.371286392211914 300032
