1770952367561 -2.379472494125366 5120
1770952402121 -2.5107836723327637 10240
1770952436684 -2.3005852699279785 15360
1770952471235 -2.254769802093506 20480
1770952505799 -2.2158000469207764 25600
1770952540365 -2.187772274017334 30720
1770952574941 -2.1424777507781982 35840
1770952609517 -2.0940699577331543 40960
1770952644068 -2.035700798034668 46080
1770952678649 -1.9714618921279907 51200
1770952713187 -1.9044618606567383 56320
1770952747749 -1.8401072025299072 61440
1770952782305 -1.7728347778320312 66560
1770952816861 -1.7039003372192383 71680
1770952851404 -1.6392797231674194 76800
1770952885993 -1.5617965459823608 81920
1770952920570 -1.4864791631698608 87040
1770952955118 -1.4110360145568848 92160
1770952989677 -1.3482766151428223 97280
1770953024231 -1.2660315036773682 102400
1770953058789 -1.1882375478744507 107520
1770953093314 -1.1218109130859375 112640
1770953127865 -1.0534279346466064 117760
1770953162406 -0.9815834164619446 122880
1770953196982 -0.9151748418807983 128000
1770953231518 -0.8420303463935852 133120
1770953266077 -0.7741016149520874 138240
1770953300647 -0.7100783586502075 143360
1770953335173 -0.6258373856544495 148480
1770953369730 -0.5656841397285461 153600
1770953404275 -0.5080474615097046 158720
1770953438813 -0.44068360328674316 163840
1770953473388 -0.3753027319908142 168960
1770953507883 -0.3100496828556061 174080
1770953542430 -0.2498329132795334 179200
1770953577016 -0.18684473633766174 184320
1770953611819 -0.12971237301826477 189440
1770953646338 -0.0723094716668129 194560
1770953680892 -0.014907407574355602 199680
1770953715451 0.04182954877614975 204800
1770953749954 0.09512434154748917 209920
1770953784484 0.1550983041524887 215040
1770953818931 0.19837556779384613 220160
1770953853469 0.25153809785842896 225280
1770953888036 0.301320344209671 230400
1770953922568 0.354084849357605 235520
1770953957120 0.40309080481529236 240640
1770953991604 0.44753438234329224 245760
1770954026142 0.4912099838256836 250880
1770954060724 0.541054904460907 256000
1770954095289 0.5844335556030273 261120
1770954129812 0.6248632669448853 266240
1770954164343 0.6678125262260437 271360
1770954198831 0.7208594083786011 276480
1770954233298 0.7613281011581421 281600
1770954267702 0.8002344369888306 286720
1770954302196 0.8332813382148743 291840
1770954336708 0.8836718797683716 296960
1770954350538 0.901074230670929 300032
