1770952367568 0.9866741895675659 5120
1770952402131 0.8419665694236755 10240
1770952436694 0.6986756920814514 15360
1770952471246 0.6189356446266174 20480
1770952505809 0.5586084127426147 25600
1770952540374 0.5287610292434692 30720
1770952574952 0.5049727559089661 35840
1770952609527 0.48180490732192993 40960
1770952644079 0.462533175945282 46080
1770952678659 0.4513312578201294 51200
1770952713198 0.4430479407310486 56320
1770952747760 0.43739837408065796 61440
1770952782314 0.42760205268859863 66560
1770952816871 0.4220253527164459 71680
1770952851415 0.41434618830680847 76800
1770952886004 0.4104100465774536 81920
1770952920580 0.4065512418746948 87040
1770952955130 0.4006671905517578 92160
1770952989688 0.39943960309028625 97280
1770953024242 0.39608708024024963 102400
1770953058801 0.3930966854095459 107520
1770953093325 0.3918742537498474 112640
1770953127876 0.39027896523475647 117760
1770953162418 0.38663166761398315 122880
1770953196994 0.38399800658226013 128000
1770953231529 0.38179969787597656 133120
1770953266090 0.37940722703933716 138240
1770953300658 0.37694457173347473 143360
1770953335185 0.3747890591621399 148480
1770953369742 0.3734440505504608 153600
1770953404286 0.37182387709617615 158720
1770953438826 0.37160220742225647 163840
1770953473399 0.37083667516708374 168960
1770953507895 0.36977750062942505 174080
1770953542443 0.3698079288005829 179200
1770953577028 0.3703995645046234 184320
1770953611832 0.3687845468521118 189440
1770953646351 0.36794036626815796 194560
1770953680905 0.36692047119140625 199680
1770953715463 0.36705002188682556 204800
1770953749967 0.36618152260780334 209920
1770953784497 0.36431530117988586 215040
1770953818944 0.36250507831573486 220160
1770953853481 0.36144375801086426 225280
1770953888049 0.36137083172798157 230400
1770953922580 0.36053943634033203 235520
1770953957134 0.3602134585380554 240640
1770953991617 0.3589979410171509 245760
1770954026154 0.35842108726501465 250880
1770954060737 0.3578280508518219 256000
1770954095303 0.3575882911682129 261120
1770954129825 0.35703039169311523 266240
1770954164357 0.3574019968509674 271360
1770954198845 0.3577526807785034 276480
1770954233312 0.3573496639728546 281600
1770954267716 0.35737141966819763 286720
1770954302211 0.3569650948047638 291840
1770954336722 0.3564645051956177 296960
1770954350552 0.356483519077301 300032
