1770952367568 0.2706456482410431 5120
1770952402131 0.22551229596138 10240
1770952436694 0.1867000311613083 15360
1770952471246 0.16539593040943146 20480
1770952505809 0.15031251311302185 25600
1770952540374 0.14175087213516235 30720
1770952574952 0.1353706270456314 35840
1770952609527 0.12943603098392487 40960
1770952644079 0.12475541979074478 46080
1770952678659 0.12123443931341171 51200
1770952713198 0.11827695369720459 56320
1770952747760 0.1161225363612175 61440
1770952782314 0.11407369375228882 66560
1770952816871 0.11252987384796143 71680
1770952851415 0.11063454300165176 76800
1770952886004 0.10946931689977646 81920
1770952920580 0.10859376192092896 87040
1770952955130 0.10709662735462189 92160
1770952989688 0.10639877617359161 97280
1770953024242 0.10569178313016891 102400
1770953058801 0.10488839447498322 107520
1770953093325 0.10455045849084854 112640
1770953127876 0.10411584377288818 117760
1770953162418 0.1032354012131691 122880
1770953196994 0.10246655344963074 128000
1770953231529 0.10193215310573578 133120
1770953266090 0.10161633789539337 138240
1770953300658 0.10095126181840897 143360
1770953335185 0.10038532316684723 148480
1770953369742 0.10023694485425949 153600
1770953404286 0.09992890805006027 158720
1770953438826 0.09980691224336624 163840
1770953473399 0.09955425560474396 168960
1770953507895 0.09932931512594223 174080
1770953542443 0.09922926127910614 179200
1770953577028 0.09920254349708557 184320
1770953611832 0.0987899899482727 189440
1770953646351 0.09859288483858109 194560
1770953680905 0.09829898178577423 199680
1770953715463 0.0982167050242424 204800
1770953749967 0.09811164438724518 209920
1770953784497 0.09773554652929306 215040
1770953818944 0.09748579561710358 220160
1770953853481 0.09722016006708145 225280
1770953888049 0.09709185361862183 230400
1770953922580 0.09688211232423782 235520
1770953957134 0.09679386764764786 240640
1770953991617 0.09659633040428162 245760
1770954026154 0.09636794030666351 250880
1770954060737 0.09619664400815964 256000
1770954095303 0.09615691006183624 261120
1770954129825 0.09602785855531693 266240
1770954164357 0.09592810273170471 271360
1770954198845 0.09601986408233643 276480
1770954233312 0.09594488888978958 281600
1770954267716 0.09590352326631546 286720
1770954302211 0.09584543853998184 291840
1770954336722 0.09574397653341293 296960
1770954350552 0.09569677710533142 300032
