1770952367561 162.23664565040806 5120
1770952402121 130.58231631382316 10240
1770952436684 138.48529071879025 15360
1770952471235 140.67764548046284 20480
1770952505799 141.91520893249873 25600
1770952540365 140.84298186702486 30720
1770952574941 140.26365247634016 35840
1770952609517 143.0575394795184 40960
1770952644068 146.25510844549828 46080
1770952678649 140.49387016815166 51200
1770952713187 138.12500823289204 56320
1770952747749 143.83265320119338 61440
1770952782305 172.2223864662889 66560
1770952816861 147.02411665731913 71680
1770952851404 127.15021068905932 76800
1770952885993 139.07765766960674 81920
1770952920570 141.7425568585043 87040
1770952955118 118.01975294746616 92160
1770952989677 139.45220600458822 97280
1770953024231 140.91869372396184 102400
1770953058789 123.20606292042417 107520
1770953093314 142.10753853972557 112640
1770953127865 144.66110229702696 117760
1770953162406 140.4797534916435 122880
1770953196982 133.78533380115468 128000
1770953231518 138.2479317050661 133120
1770953266077 136.72025555772868 138240
1770953300647 148.90843895338517 143360
1770953335173 118.37949817956027 148480
1770953369730 141.09883603579357 153600
1770953404275 147.20988347606345 158720
1770953438813 132.5172664370794 163840
1770953473388 144.81093771578512 168960
1770953507883 135.0474595917316 174080
1770953542430 146.4184877469804 179200
1770953577016 141.8048549597674 184320
1770953611819 148.8555914398268 189440
1770953646338 132.3959595959596 194560
1770953680892 139.09610665251708 199680
1770953715451 144.1936193619362 204800
1770953749954 138.7785461403567 209920
1770953784484 144.6112260377879 215040
1770953818931 137.26164217691527 220160
1770953853469 138.91643758487066 225280
1770953888036 147.0756715057157 230400
1770953922568 143.8573192481822 235520
1770953957120 147.8846343699316 240640
1770953991604 139.87074398906194 245760
1770954026142 159.74041208058804 250880
1770954060724 141.56554610503576 256000
1770954095289 146.00563929404393 261120
1770954129812 140.35752769132952 266240
1770954164343 138.43958147671387 271360
1770954198831 139.23925239849947 276480
1770954233298 138.06135615536536 281600
1770954267702 140.90449155104645 286720
1770954302196 143.97583413428532 291840
1770954336708 141.05612914074322 296960
1770954350538 137.36953460190614 300032
