1770952367568 1.6960872411727905 5120
1770952402131 1.186058759689331 10240
1770952436694 0.7231206893920898 15360
1770952471246 0.4721057415008545 20480
1770952505809 0.31161585450172424 25600
1770952540374 0.19923493266105652 30720
1770952574952 0.12261971831321716 35840
1770952609527 0.05500946193933487 40960
1770952644079 0.004633008036762476 46080
1770952678659 -0.031836654990911484 51200
1770952713198 -0.06225404888391495 56320
1770952747760 -0.08858324587345123 61440
1770952782314 -0.11397181451320648 66560
1770952816871 -0.1300179660320282 71680
1770952851415 -0.14872926473617554 76800
1770952886004 -0.16056787967681885 81920
1770952920580 -0.173882856965065 87040
1770952955130 -0.18829363584518433 92160
1770952989688 -0.1950000375509262 97280
1770953024242 -0.2044304758310318 102400
1770953058801 -0.21219807863235474 107520
1770953093325 -0.21651025116443634 112640
1770953127876 -0.2225601226091385 117760
1770953162418 -0.23160025477409363 122880
1770953196994 -0.2384660392999649 128000
1770953231529 -0.24443183839321136 133120
1770953266090 -0.24920181930065155 138240
1770953300658 -0.2573786675930023 143360
1770953335185 -0.26266607642173767 148480
1770953369742 -0.26384788751602173 153600
1770953404286 -0.2664802074432373 158720
1770953438826 -0.2713075578212738 163840
1770953473399 -0.2746511697769165 168960
1770953507895 -0.2759554088115692 174080
1770953542443 -0.27791938185691833 179200
1770953577028 -0.27886974811553955 184320
1770953611832 -0.282051682472229 189440
1770953646351 -0.28352588415145874 194560
1770953680905 -0.287041574716568 199680
1770953715463 -0.2892327308654785 204800
1770953749967 -0.29119008779525757 209920
1770953784497 -0.294175386428833 215040
1770953818944 -0.29614895582199097 220160
1770953853481 -0.29792535305023193 225280
1770953888049 -0.2987382411956787 230400
1770953922580 -0.3019040822982788 235520
1770953957134 -0.3033563196659088 240640
1770953991617 -0.30464646220207214 245760
1770954026154 -0.3084978461265564 250880
1770954060737 -0.3101624846458435 256000
1770954095303 -0.3115934729576111 261120
1770954129825 -0.31287074089050293 266240
1770954164357 -0.3139975666999817 271360
1770954198845 -0.31494414806365967 276480
1770954233312 -0.3171232342720032 281600
1770954267716 -0.317747563123703 286720
1770954302211 -0.31861168146133423 291840
1770954336722 -0.31892529129981995 296960
1770954350552 -0.31880462169647217 300032
