1769371486205 0.0 5120
1769371494907 0.0 10240
1769371503867 0.0 15360
1769371511349 0.0 20480
1769371519275 0.0 25600
1769371527748 0.0 30720
1769371535941 0.0 35840
1769371543284 0.0 40960
1769371550334 0.0 46080
1769371558344 0.0 51200
1769371566843 0.0 56320
1769371575046 0.0 61440
1769371582492 0.0 66560
1769371590726 0.0 71680
1769371598426 0.0 76800
1769371606891 0.0 81920
1769371614059 0.0 87040
1769371621559 0.0 92160
1769371628666 0.0 97280
1769371638161 0.0 102400
1769371647073 0.0 107520
1769371655168 0.0 112640
1769371662893 0.0 117760
1769371672065 0.0 122880
1769371679165 0.0 128000
1769371685955 0.0 133120
1769371695872 0.0 138240
1769371706807 0.0 143360
1769371715304 0.0 148480
1769371723526 0.0 153600
1769371731965 0.0 158720
1769371742715 0.0 163840
1769371752161 0.0 168960
1769371761323 0.0 174080
1769371770863 0.0 179200
1769371782425 0.0 184320
1769371791318 0.0 189440
1769371799911 0.0 194560
1769371808223 0.0 199680
1769371817887 0.0 204800
1769371826392 0.0 209920
1769371835254 0.0 215040
1769371842904 0.0 220160
1769371851986 0.0 225280
1769371860822 0.0 230400
1769371869999 0.0 235520
1769371877986 0.0 240640
1769371886213 0.0 245760
1769371894426 0.0 250880
1769371903615 0.0 256000
1769371911907 0.0 261120
1769371920467 0.0 266240
1769371928449 0.0 271360
1769371939508 0.0 276480
1769371947822 0.0 281600
1769371955981 0.0 286720
1769371964216 0.0 291840
1769371974785 0.0 296960
1769371977298 0.0 300032
