1769371486205 17.491193771362305 5120
1769371494907 17.79754066467285 10240
1769371503867 17.717620849609375 15360
1769371511349 17.870227813720703 20480
1769371519275 17.83046531677246 25600
1769371527748 17.718961715698242 30720
1769371535941 17.697874069213867 35840
1769371543284 17.721664428710938 40960
1769371550334 17.67178726196289 46080
1769371558344 17.657209396362305 51200
1769371566843 17.640560150146484 56320
1769371575046 17.649232864379883 61440
1769371582492 17.633901596069336 66560
1769371590726 17.651142120361328 71680
1769371598426 17.652633666992188 76800
1769371606891 17.696659088134766 81920
1769371614059 17.680316925048828 87040
1769371621559 17.704172134399414 92160
1769371628666 17.70992088317871 97280
1769371638161 17.71440887451172 102400
1769371647073 17.73933982849121 107520
1769371655168 17.77834701538086 112640
1769371662893 17.793474197387695 117760
1769371672065 17.751140594482422 122880
1769371679165 17.75628662109375 128000
1769371685955 17.720224380493164 133120
1769371695872 17.725200653076172 138240
1769371706807 17.70705795288086 143360
1769371715304 17.68491554260254 148480
1769371723526 17.71013641357422 153600
1769371731965 17.7303466796875 158720
1769371742715 17.722936630249023 163840
1769371752161 17.721628189086914 168960
1769371761323 17.736942291259766 174080
1769371770863 17.770483016967773 179200
1769371782425 17.743207931518555 184320
1769371791318 17.75421714782715 189440
1769371799911 17.76504135131836 194560
1769371808223 17.762317657470703 199680
1769371817887 17.7642879486084 204800
1769371826392 17.75084686279297 209920
1769371835254 17.749399185180664 215040
1769371842904 17.764692306518555 220160
1769371851986 17.77947998046875 225280
1769371860822 17.779102325439453 230400
1769371869999 17.78687286376953 235520
1769371877986 17.795059204101562 240640
1769371886213 17.793304443359375 245760
1769371894426 17.79860496520996 250880
1769371903615 17.80701446533203 256000
1769371911907 17.81916618347168 261120
1769371920467 17.82236099243164 266240
1769371928449 17.820425033569336 271360
1769371939508 17.82806968688965 276480
1769371947822 17.83008575439453 281600
1769371955981 17.844167709350586 286720
1769371964216 17.856101989746094 291840
1769371974785 17.867080688476562 296960
1769371977298 17.87822151184082 300032
