1769371486205 23.611635208129883 5120
1769371494907 23.91951560974121 10240
1769371503867 23.812854766845703 15360
1769371511349 23.983064651489258 20480
1769371519275 23.986120223999023 25600
1769371527748 23.886390686035156 30720
1769371535941 23.85853385925293 35840
1769371543284 23.884565353393555 40960
1769371550334 23.825756072998047 46080
1769371558344 23.806392669677734 51200
1769371566843 23.819992065429688 56320
1769371575046 23.813018798828125 61440
1769371582492 23.779258728027344 66560
1769371590726 23.7956600189209 71680
1769371598426 23.79588508605957 76800
1769371606891 23.85294532775879 81920
1769371614059 23.843273162841797 87040
1769371621559 23.876041412353516 92160
1769371628666 23.8968448638916 97280
1769371638161 23.908605575561523 102400
1769371647073 23.93450927734375 107520
1769371655168 23.97416114807129 112640
1769371662893 24.00519371032715 117760
1769371672065 23.948705673217773 122880
1769371679165 23.948680877685547 128000
1769371685955 23.906461715698242 133120
1769371695872 23.917957305908203 138240
1769371706807 23.895612716674805 143360
1769371715304 23.870887756347656 148480
1769371723526 23.889366149902344 153600
1769371731965 23.921621322631836 158720
1769371742715 23.91457176208496 163840
1769371752161 23.91251564025879 168960
1769371761323 23.93238639831543 174080
1769371770863 23.977081298828125 179200
1769371782425 23.955659866333008 184320
1769371791318 23.97125816345215 189440
1769371799911 23.996562957763672 194560
1769371808223 23.9947452545166 199680
1769371817887 23.99355697631836 204800
1769371826392 23.980070114135742 209920
1769371835254 23.98507308959961 215040
1769371842904 24.00775909423828 220160
1769371851986 24.024871826171875 225280
1769371860822 24.01856231689453 230400
1769371869999 24.035118103027344 235520
1769371877986 24.04434585571289 240640
1769371886213 24.04767608642578 245760
1769371894426 24.0570011138916 250880
1769371903615 24.06255531311035 256000
1769371911907 24.081878662109375 261120
1769371920467 24.08487892150879 266240
1769371928449 24.079620361328125 271360
1769371939508 24.091707229614258 276480
1769371947822 24.090835571289062 281600
1769371955981 24.10188865661621 286720
1769371964216 24.1175479888916 291840
1769371974785 24.13646125793457 296960
1769371977298 24.15240478515625 300032
