1769371486205 1.1539478302001953 5120
1769371494907 1.15193510055542 10240
1769371503867 1.1439261436462402 15360
1769371511349 1.150490403175354 20480
1769371519275 1.153459072113037 25600
1769371527748 1.1498838663101196 30720
1769371535941 1.1496070623397827 35840
1769371543284 1.1495012044906616 40960
1769371550334 1.146095633506775 46080
1769371558344 1.1441974639892578 51200
1769371566843 1.1454178094863892 56320
1769371575046 1.1456667184829712 61440
1769371582492 1.1447433233261108 66560
1769371590726 1.14385986328125 71680
1769371598426 1.1425549983978271 76800
1769371606891 1.1455492973327637 81920
1769371614059 1.144659161567688 87040
1769371621559 1.1464807987213135 92160
1769371628666 1.1476091146469116 97280
1769371638161 1.147424340248108 102400
1769371647073 1.1484119892120361 107520
1769371655168 1.148970365524292 112640
1769371662893 1.1507471799850464 117760
1769371672065 1.1493338346481323 122880
1769371679165 1.149269461631775 128000
1769371685955 1.1470140218734741 133120
1769371695872 1.14863121509552 138240
1769371706807 1.1470768451690674 143360
1769371715304 1.1463779211044312 148480
1769371723526 1.146949291229248 153600
1769371731965 1.1480581760406494 158720
1769371742715 1.1471827030181885 163840
1769371752161 1.1468087434768677 168960
1769371761323 1.147757887840271 174080
1769371770863 1.149687647819519 179200
1769371782425 1.1489603519439697 184320
1769371791318 1.149756908416748 189440
1769371799911 1.1507288217544556 194560
1769371808223 1.1511626243591309 199680
1769371817887 1.1508126258850098 204800
1769371826392 1.1497459411621094 209920
1769371835254 1.150101661682129 215040
1769371842904 1.1499541997909546 220160
1769371851986 1.1504127979278564 225280
1769371860822 1.1496763229370117 230400
1769371869999 1.1503976583480835 235520
1769371877986 1.1506950855255127 240640
1769371886213 1.1505999565124512 245760
1769371894426 1.1507611274719238 250880
1769371903615 1.1509900093078613 256000
1769371911907 1.1518915891647339 261120
1769371920467 1.1522493362426758 266240
1769371928449 1.151841640472412 271360
1769371939508 1.1522244215011597 276480
1769371947822 1.1520792245864868 281600
1769371955981 1.1526399850845337 286720
1769371964216 1.153192162513733 291840
1769371974785 1.1537407636642456 296960
1769371977298 1.154240608215332 300032
