1769371486200 23.105804443359375 5120
1769371494897 23.521381378173828 10240
1769371503861 22.771488189697266 15360
1769371511340 23.87026596069336 20480
1769371519265 23.164220809936523 25600
1769371527739 23.943204879760742 30720
1769371535932 24.003746032714844 35840
1769371543277 23.836345672607422 40960
1769371550328 24.92595863342285 46080
1769371558337 23.590532302856445 51200
1769371566833 23.820240020751953 56320
1769371575039 24.21302604675293 61440
1769371582483 24.233394622802734 66560
1769371590720 24.29503059387207 71680
1769371598420 23.970043182373047 76800
1769371606884 24.49368667602539 81920
1769371614052 24.007083892822266 87040
1769371621553 24.216026306152344 92160
1769371628660 25.01898956298828 97280
1769371638152 24.309080123901367 102400
1769371647065 24.566532135009766 107520
1769371655161 24.057785034179688 112640
1769371662882 25.302045822143555 117760
1769371672059 24.460830688476562 122880
1769371679155 25.443279266357422 128000
1769371685946 25.442520141601562 133120
1769371695859 24.971895217895508 138240
1769371706798 24.895282745361328 143360
1769371715295 24.618831634521484 148480
1769371723516 25.853378295898438 153600
1769371731955 25.897594451904297 158720
1769371742705 27.160964965820312 163840
1769371752152 26.75737953186035 168960
1769371761309 26.483285903930664 174080
1769371770855 26.16775131225586 179200
1769371782415 28.18645668029785 184320
1769371791309 26.6281795501709 189440
1769371799899 27.173450469970703 194560
1769371808210 27.409984588623047 199680
1769371817874 28.496017456054688 204800
1769371826382 27.933086395263672 209920
1769371835246 27.668682098388672 215040
1769371842889 28.083995819091797 220160
1769371851977 29.195409774780273 225280
1769371860814 29.755727767944336 230400
1769371869990 29.29229164123535 235520
1769371877974 29.755645751953125 240640
1769371886206 29.400577545166016 245760
1769371894418 28.88113784790039 250880
1769371903608 30.30462646484375 256000
1769371911898 30.0994930267334 261120
1769371920456 29.421131134033203 266240
1769371928438 31.00629234313965 271360
1769371939500 30.610233306884766 276480
1769371947813 30.835790634155273 281600
1769371955970 31.06695556640625 286720
1769371964204 31.28689956665039 291840
1769371974776 32.17721176147461 296960
1769371977289 31.58852767944336 300032
