1769371486205 1.0861352682113647 5120
1769371494907 1.063249945640564 10240
1769371503867 1.0536483526229858 15360
1769371511349 1.0537605285644531 20480
1769371519275 1.063158392906189 25600
1769371527748 1.05851411819458 30720
1769371535941 1.0587949752807617 35840
1769371543284 1.0564391613006592 40960
1769371550334 1.052505612373352 46080
1769371558344 1.0538254976272583 51200
1769371566843 1.0562822818756104 56320
1769371575046 1.0497078895568848 61440
1769371582492 1.0473631620407104 66560
1769371590726 1.0536906719207764 71680
1769371598426 1.0554144382476807 76800
1769371606891 1.056350827217102 81920
1769371614059 1.0565530061721802 87040
1769371621559 1.056894063949585 92160
1769371628666 1.0599968433380127 97280
1769371638161 1.061586618423462 102400
1769371647073 1.0627902746200562 107520
1769371655168 1.0620594024658203 112640
1769371662893 1.0624295473098755 117760
1769371672065 1.0594297647476196 122880
1769371679165 1.0593804121017456 128000
1769371685955 1.0586572885513306 133120
1769371695872 1.0599298477172852 138240
1769371706807 1.0588916540145874 143360
1769371715304 1.0591392517089844 148480
1769371723526 1.0569698810577393 153600
1769371731965 1.0586098432540894 158720
1769371742715 1.0580787658691406 163840
1769371752161 1.0567188262939453 168960
1769371761323 1.058794617652893 174080
1769371770863 1.059483289718628 179200
1769371782425 1.061234474182129 184320
1769371791318 1.0599472522735596 189440
1769371799911 1.061658501625061 194560
1769371808223 1.061731219291687 199680
1769371817887 1.0619207620620728 204800
1769371826392 1.0610721111297607 209920
1769371835254 1.0613231658935547 215040
1769371842904 1.0624120235443115 220160
1769371851986 1.0631258487701416 225280
1769371860822 1.063476800918579 230400
1769371869999 1.0652717351913452 235520
1769371877986 1.0651211738586426 240640
1769371886213 1.0663172006607056 245760
1769371894426 1.0669039487838745 250880
1769371903615 1.0677345991134644 256000
1769371911907 1.0681136846542358 261120
1769371920467 1.0684484243392944 266240
1769371928449 1.0690191984176636 271360
1769371939508 1.0696396827697754 276480
1769371947822 1.0690513849258423 281600
1769371955981 1.069464921951294 286720
1769371964216 1.0698716640472412 291840
1769371974785 1.0711859464645386 296960
1769371977298 1.0716437101364136 300032
