1769371486200 374.09061719586157 5120
1769371494897 110.99859740122264 10240
1769371503861 462.43704520396915 15360
1769371511340 395.91315839154237 20480
1769371519265 134.76974487500803 25600
1769371527739 225.01630901287552 30720
1769371535932 377.21953413076716 35840
1769371543277 296.626874115983 40960
1769371550328 514.7648502700049 46080
1769371558337 414.70278821435636 51200
1769371566833 418.76038338658145 56320
1769371575039 551.0120861797162 61440
1769371582483 374.35772938236346 66560
1769371590720 228.9217334352145 71680
1769371598420 371.76954440702 76800
1769371606884 464.7428254847645 81920
1769371614052 474.6835672249887 87040
1769371621553 441.7847061301875 92160
1769371628660 580.5265051903115 97280
1769371638152 531.8671062642658 102400
1769371647065 183.3094707399152 107520
1769371655161 481.38459772753356 112640
1769371662882 437.0887869945811 117760
1769371672059 239.79783888857128 122880
1769371679155 378.2741702741703 128000
1769371685946 402.3313189448441 133120
1769371695859 335.8667520819987 138240
1769371706798 375.93474948462847 143360
1769371715295 496.89657623504326 148480
1769371723516 280.46165162153125 153600
1769371731955 418.34270895671256 158720
1769371742705 337.0543233686917 163840
1769371752152 536.8365544605145 168960
1769371761309 326.60831646161034 174080
1769371770855 464.948897018069 179200
1769371782415 348.7116727635517 184320
1769371791309 510.81524783826575 189440
1769371799899 379.0262063979758 194560
1769371808210 243.48682224544294 199680
1769371817874 417.9675137020428 204800
1769371826382 297.6794889992903 209920
1769371835246 510.3180435576104 215040
1769371842889 276.63263421712173 220160
1769371851977 172.27897806621212 225280
1769371860814 485.8454766593305 230400
1769371869990 449.2132376566349 235520
1769371877974 366.2507858889277 240640
1769371886206 471.2701123595506 245760
1769371894418 173.29686402512084 250880
1769371903608 363.14320346320346 256000
1769371911898 206.54473826759246 261120
1769371920456 454.71639202081525 266240
1769371928438 372.462836337803 271360
1769371939500 562.9182660045632 276480
1769371947813 514.575389522758 281600
1769371955970 326.65919003115266 286720
1769371964204 398.9256229788853 291840
1769371974776 498.1950350397909 296960
1769371977289 359.193628500471 300032
