1769371486205 2.0259850025177 5120
1769371494907 2.0055723190307617 10240
1769371503867 1.9905072450637817 15360
1769371511349 1.9934852123260498 20480
1769371519275 2.0285515785217285 25600
1769371527748 2.0352225303649902 30720
1769371535941 2.0352115631103516 35840
1769371543284 2.0310704708099365 40960
1769371550334 2.0282459259033203 46080
1769371558344 2.0242035388946533 51200
1769371566843 2.039731025695801 56320
1769371575046 2.021723985671997 61440
1769371582492 2.011643648147583 66560
1769371590726 2.0159406661987305 71680
1769371598426 2.0181546211242676 76800
1769371606891 2.024423360824585 81920
1769371614059 2.024569511413574 87040
1769371621559 2.0258066654205322 92160
1769371628666 2.0396037101745605 97280
1769371638161 2.0459508895874023 102400
1769371647073 2.0486044883728027 107520
1769371655168 2.0414326190948486 112640
1769371662893 2.045558452606201 117760
1769371672065 2.0401389598846436 122880
1769371679165 2.040090799331665 128000
1769371685955 2.0398972034454346 133120
1769371695872 2.046255111694336 138240
1769371706807 2.0451314449310303 143360
1769371715304 2.0453872680664062 148480
1769371723526 2.0426833629608154 153600
1769371731965 2.049744129180908 158720
1769371742715 2.0496022701263428 163840
1769371752161 2.0460760593414307 168960
1769371761323 2.049589157104492 174080
1769371770863 2.050861358642578 179200
1769371782425 2.053706645965576 184320
1769371791318 2.0527572631835938 189440
1769371799911 2.0570027828216553 194560
1769371808223 2.056830883026123 199680
1769371817887 2.056868314743042 204800
1769371826392 2.0558907985687256 209920
1769371835254 2.0573394298553467 215040
1769371842904 2.0585696697235107 220160
1769371851986 2.058042287826538 225280
1769371860822 2.0580172538757324 230400
1769371869999 2.060224771499634 235520
1769371877986 2.059805393218994 240640
1769371886213 2.062004327774048 245760
1769371894426 2.0648136138916016 250880
1769371903615 2.0630760192871094 256000
1769371911907 2.0651867389678955 261120
1769371920467 2.0669169425964355 266240
1769371928449 2.065645456314087 271360
1769371939508 2.0667474269866943 276480
1769371947822 2.0665900707244873 281600
1769371955981 2.0637824535369873 286720
1769371964216 2.064175605773926 291840
1769371974785 2.065908432006836 296960
1769371977298 2.0674941539764404 300032
