1769373570614 16.8192138671875 5120
1769373579835 17.296432495117188 10240
1769373587301 17.57307243347168 15360
1769373594004 17.547853469848633 20480
1769373600439 17.404024124145508 25600
1769373609999 17.424745559692383 30720
1769373616520 17.381608963012695 35840
1769373622946 17.32266616821289 40960
1769373629956 17.36652374267578 46080
1769373639524 17.355554580688477 51200
1769373646047 17.298015594482422 56320
1769373652899 17.37179183959961 61440
1769373660369 17.326040267944336 66560
1769373671580 17.282001495361328 71680
1769373678178 17.25920295715332 76800
1769373686595 17.343286514282227 81920
1769373692907 17.277185440063477 87040
1769373702552 17.267391204833984 92160
1769373709225 17.26424217224121 97280
1769373716439 17.27617645263672 102400
1769373723228 17.23717498779297 107520
1769373732653 17.24090576171875 112640
1769373739633 17.233596801757812 117760
1769373747350 17.24584197998047 122880
1769373753839 17.260284423828125 128000
1769373762417 17.252307891845703 133120
1769373769776 17.212247848510742 138240
1769373777270 17.185165405273438 143360
1769373784113 17.16974449157715 148480
1769373792995 17.158761978149414 153600
1769373799951 17.172231674194336 158720
1769373807856 17.17880630493164 163840
1769373814269 17.1915225982666 168960
1769373822761 17.203536987304688 174080
1769373830240 17.241355895996094 179200
1769373838071 17.255313873291016 184320
1769373844251 17.237905502319336 189440
1769373853042 17.231050491333008 194560
1769373860367 17.225404739379883 199680
1769373868119 17.223262786865234 204800
1769373874467 17.23160171508789 209920
1769373882656 17.227035522460938 215040
1769373890179 17.198074340820312 220160
1769373898074 17.187070846557617 225280
1769373904857 17.19288444519043 230400
1769373912678 17.175403594970703 235520
1769373920497 17.147005081176758 240640
1769373928558 17.153982162475586 245760
1769373935441 17.139890670776367 250880
1769373943085 17.15195655822754 256000
1769373950537 17.136486053466797 261120
1769373958219 17.1343994140625 266240
1769373965280 17.147838592529297 271360
1769373973517 17.148996353149414 276480
1769373980616 17.15329360961914 281600
1769373989086 17.15869903564453 286720
1769373996139 17.144866943359375 291840
1769374003938 17.127243041992188 296960
1769374006854 17.135276794433594 300032
