1769373570614 1.1131017208099365 5120
1769373579835 1.1534196138381958 10240
1769373587301 1.1791259050369263 15360
1769373594004 1.1861259937286377 20480
1769373600439 1.1834495067596436 25600
1769373609999 1.181165337562561 30720
1769373616520 1.1795445680618286 35840
1769373622946 1.175273060798645 40960
1769373629956 1.1743638515472412 46080
1769373639524 1.1730881929397583 51200
1769373646047 1.1701420545578003 56320
1769373652899 1.1735104322433472 61440
1769373660369 1.1698380708694458 66560
1769373671580 1.1676650047302246 71680
1769373678178 1.1644026041030884 76800
1769373686595 1.169365644454956 81920
1769373692907 1.1675063371658325 87040
1769373702552 1.167938470840454 92160
1769373709225 1.1667872667312622 97280
1769373716439 1.1662794351577759 102400
1769373723228 1.164915680885315 107520
1769373732653 1.1651376485824585 112640
1769373739633 1.1641687154769897 117760
1769373747350 1.1657962799072266 122880
1769373753839 1.1664406061172485 128000
1769373762417 1.1664841175079346 133120
1769373769776 1.1642404794692993 138240
1769373777270 1.1624397039413452 143360
1769373784113 1.1612945795059204 148480
1769373792995 1.1604644060134888 153600
1769373799951 1.161073923110962 158720
1769373807856 1.161473035812378 163840
1769373814269 1.1616333723068237 168960
1769373822761 1.1612409353256226 174080
1769373830240 1.1632503271102905 179200
1769373838071 1.16426420211792 184320
1769373844251 1.1635743379592896 189440
1769373853042 1.1641085147857666 194560
1769373860367 1.1636779308319092 199680
1769373868119 1.163730263710022 204800
1769373874467 1.1643449068069458 209920
1769373882656 1.1640985012054443 215040
1769373890179 1.162825107574463 220160
1769373898074 1.1623815298080444 225280
1769373904857 1.1631766557693481 230400
1769373912678 1.162188172340393 235520
1769373920497 1.1609002351760864 240640
1769373928558 1.160843849182129 245760
1769373935441 1.1595864295959473 250880
1769373943085 1.1598423719406128 256000
1769373950537 1.1589792966842651 261120
1769373958219 1.158927083015442 266240
1769373965280 1.1598889827728271 271360
1769373973517 1.159733533859253 276480
1769373980616 1.1594897508621216 281600
1769373989086 1.1592274904251099 286720
1769373996139 1.1588109731674194 291840
1769374003938 1.157906413078308 296960
1769374006854 1.1579333543777466 300032
