1769373570614 0.9747040867805481 5120
1769373579835 1.0417230129241943 10240
1769373587301 1.05308198928833 15360
1769373594004 1.0595887899398804 20480
1769373600439 1.0575878620147705 25600
1769373609999 1.0513646602630615 30720
1769373616520 1.0520492792129517 35840
1769373622946 1.055292010307312 40960
1769373629956 1.0575350522994995 46080
1769373639524 1.0644276142120361 51200
1769373646047 1.05744469165802 56320
1769373652899 1.0603079795837402 61440
1769373660369 1.0574949979782104 66560
1769373671580 1.0573543310165405 71680
1769373678178 1.0556491613388062 76800
1769373686595 1.0622495412826538 81920
1769373692907 1.0576181411743164 87040
1769373702552 1.0618951320648193 92160
1769373709225 1.0603874921798706 97280
1769373716439 1.058074951171875 102400
1769373723228 1.0584622621536255 107520
1769373732653 1.0594528913497925 112640
1769373739633 1.057901382446289 117760
1769373747350 1.059661865234375 122880
1769373753839 1.057441234588623 128000
1769373762417 1.0584791898727417 133120
1769373769776 1.0584452152252197 138240
1769373777270 1.0552384853363037 143360
1769373784113 1.0531624555587769 148480
1769373792995 1.0514827966690063 153600
1769373799951 1.0504558086395264 158720
1769373807856 1.0503716468811035 163840
1769373814269 1.0514076948165894 168960
1769373822761 1.0531524419784546 174080
1769373830240 1.0534433126449585 179200
1769373838071 1.0536047220230103 184320
1769373844251 1.05315363407135 189440
1769373853042 1.0519129037857056 194560
1769373860367 1.0516853332519531 199680
1769373868119 1.051706075668335 204800
1769373874467 1.0515252351760864 209920
1769373882656 1.0515152215957642 215040
1769373890179 1.0503722429275513 220160
1769373898074 1.049689769744873 225280
1769373904857 1.0516999959945679 230400
1769373912678 1.0515145063400269 235520
1769373920497 1.0488170385360718 240640
1769373928558 1.0479652881622314 245760
1769373935441 1.0470983982086182 250880
1769373943085 1.0469695329666138 256000
1769373950537 1.0447585582733154 261120
1769373958219 1.0453842878341675 266240
1769373965280 1.0477186441421509 271360
1769373973517 1.046744465827942 276480
1769373980616 1.046492576599121 281600
1769373989086 1.0451812744140625 286720
1769373996139 1.0441884994506836 291840
1769374003938 1.0441359281539917 296960
1769374006854 1.0443090200424194 300032
