1769373570609 454.4208017334778 5120
1769373579828 186.1322446081477 10240
1769373587291 449.30948044991965 15360
1769373593998 255.12798053527982 20480
1769373600430 552.6092226613965 25600
1769373609991 411.2062745098039 30720
1769373616514 564.3573735199138 35840
1769373622940 383.1114358786993 40960
1769373629945 334.71422871279225 46080
1769373639519 282.40667923511984 51200
1769373646041 226.07147092114482 56320
1769373652893 520.3205557623123 61440
1769373660357 468.6373184357542 66560
1769373671573 174.34134175741957 71680
1769373678172 486.6346443903005 76800
1769373686585 429.5682097501024 81920
1769373692901 171.4339900269762 87040
1769373702545 599.9576598483765 92160
1769373709219 147.64517037454237 97280
1769373716433 462.4880361671629 102400
1769373723223 517.2405968676779 107520
1769373732646 181.062119576948 112640
1769373739623 420.4816040100251 117760
1769373747340 365.5485445354715 122880
1769373753833 442.017493940352 128000
1769373762409 434.64290155440415 133120
1769373769770 548.131730266597 138240
1769373777261 346.20751134956663 143360
1769373784107 290.60514099632786 148480
1769373792984 188.39796972555362 153600
1769373799940 378.0695871642329 158720
1769373807845 428.8215928841632 163840
1769373814262 607.9582548195391 168960
1769373822752 194.45081131200743 174080
1769373830228 335.651728553137 179200
1769373838065 194.7939810514583 184320
1769373844243 542.4604242110709 189440
1769373853035 182.53564278875447 194560
1769373860355 159.3096323305986 199680
1769373868104 89.9814214918585 204800
1769373874455 330.85935158160447 209920
1769373882645 467.27985739750443 215040
1769373890170 177.4015141902466 220160
1769373898065 154.208022353763 225280
1769373904845 298.4207755247243 230400
1769373912669 577.171322416403 235520
1769373920485 331.3821600695267 240640
1769373928547 475.97639582387654 245760
1769373935429 367.63116837584363 250880
1769373943075 276.92486465073284 256000
1769373950527 544.997920997921 261120
1769373958211 512.6884243979954 266240
1769373965268 381.5084591595416 271360
1769373973508 155.66168120244944 276480
1769373980607 477.38493057136355 281600
1769373989073 339.9776282726757 286720
1769373996131 185.6872675757039 291840
1769374003926 459.54903034951246 296960
1769374006844 462.4880361671629 300032
