1769373570614 1.8921748399734497 5120
1769373579835 2.0673210620880127 10240
1769373587301 2.0796473026275635 15360
1769373594004 2.091993808746338 20480
1769373600439 2.095766305923462 25600
1769373609999 2.0643041133880615 30720
1769373616520 2.073837995529175 35840
1769373622946 2.078989267349243 40960
1769373629956 2.080915927886963 46080
1769373639524 2.0914008617401123 51200
1769373646047 2.065366268157959 56320
1769373652899 2.0655369758605957 61440
1769373660369 2.057097911834717 66560
1769373671580 2.058011293411255 71680
1769373678178 2.0529210567474365 76800
1769373686595 2.0644192695617676 81920
1769373692907 2.0609078407287598 87040
1769373702552 2.065208911895752 92160
1769373709225 2.0685133934020996 97280
1769373716439 2.066758394241333 102400
1769373723228 2.0687108039855957 107520
1769373732653 2.0737709999084473 112640
1769373739633 2.073061466217041 117760
1769373747350 2.080665349960327 122880
1769373753839 2.0729849338531494 128000
1769373762417 2.0738186836242676 133120
1769373769776 2.0674972534179688 138240
1769373777270 2.060051679611206 143360
1769373784113 2.0540688037872314 148480
1769373792995 2.047677516937256 153600
1769373799951 2.0477452278137207 158720
1769373807856 2.047753095626831 163840
1769373814269 2.0474801063537598 168960
1769373822761 2.0509467124938965 174080
1769373830240 2.0511586666107178 179200
1769373838071 2.051499843597412 184320
1769373844251 2.051807165145874 189440
1769373853042 2.0532379150390625 194560
1769373860367 2.0527548789978027 199680
1769373868119 2.0535032749176025 204800
1769373874467 2.0526204109191895 209920
1769373882656 2.0526134967803955 215040
1769373890179 2.0506489276885986 220160
1769373898074 2.049076795578003 225280
1769373904857 2.0541129112243652 230400
1769373912678 2.0534870624542236 235520
1769373920497 2.049222707748413 240640
1769373928558 2.0483901500701904 245760
1769373935441 2.0459694862365723 250880
1769373943085 2.043170690536499 256000
1769373950537 2.0397350788116455 261120
1769373958219 2.0391476154327393 266240
1769373965280 2.0437214374542236 271360
1769373973517 2.040506601333618 276480
1769373980616 2.038228750228882 281600
1769373989086 2.032179594039917 286720
1769373996139 2.0315403938293457 291840
1769374003938 2.03399920463562 296960
1769374006854 2.033020496368408 300032
