1758813827283 -0.24627533114373915 20224
1758813867460 -0.09135094632607275 40448
1758813909869 -0.04954888626140587 60672
1758813950697 -0.02312475126622813 80896
1758813992496 -0.005687786718806181 101120
1758814033017 0.002003201747947129 121344
1758814074107 0.009031366089114506 141568
1758814115845 0.00848375796282746 161792
1758814158549 0.008757378576140425 182016
1758814202758 0.012552344637277954 202240
1758814245422 0.014282318255555097 222464
1758814288266 0.015085325005425435 242688
1758814333328 0.015708043138736853 262912
1758814376574 0.018128285833490437 283136
1758814421240 0.019991793050354457 303360
1758814464596 0.021683109238080974 323584
1758814508191 0.022587073143422412 343808
1758814552044 0.024171625223447662 364032
1758814596135 0.025173865113426407 384256
1758814640178 0.02492375935024911 404480
1758814684269 0.026157131514380965 424704
1758814731376 0.02587948209760297 444928
1758814777690 0.026874662575660922 465152
1758814823852 0.027211025095779346 485376
1758814869912 0.030003229027036445 505600
1758814915795 0.030555831400938177 525824
1758814961726 0.03276492996586625 546048
1758815008187 0.03409409394501922 566272
1758815054004 0.036112755134987594 586496
1758815099781 0.037764802771133935 606720
1758815145802 0.0380745303018438 626944
1758815191408 0.03912711869375385 647168
1758815238220 0.03923981439202048 667392
1758815283923 0.03921814803739075 687616
1758815330068 0.039469769787099526 707840
1758815377095 0.040778092525284845 728064
1758815423284 0.04051252796245746 748288
1758815468944 0.040748809693225765 768512
1758815515458 0.040251400746342945 788736
1758815561859 0.040478071513830795 808960
1758815608580 0.04143732099348195 829184
1758815654789 0.04140040080175032 849408
1758815700609 0.04165131216047654 869632
1758815747306 0.04126307153133978 889856
1758815792872 0.0408507736245898 910080
1758815839303 0.040570071614476164 930304
1758815885104 0.04157114786241468 950528
1758815930687 0.044405642414081174 970752
1758815976178 0.04923280092674535 990976
1758815996401 0.05235864628505105 1000192
