1758813827283 433.89672566573444 20224
1758813867460 423.66272885780637 40448
1758813909869 421.58284045674657 60672
1758813950697 419.94451223450613 80896
1758813992496 418.70815105581414 101120
1758814033017 418.2836947076239 121344
1758814074107 417.737013182489 141568
1758814115845 417.6918427768233 161792
1758814158549 417.71029823881446 182016
1758814202758 417.51989141545846 202240
1758814245422 417.50055466323323 222464
1758814288266 417.4171684362748 242688
1758814333328 417.4243956422646 262912
1758814376574 417.26383972383826 283136
1758814421240 417.0956264038408 303360
1758814464596 417.0029320620557 323584
1758814508191 416.96910151524605 343808
1758814552044 416.9220274820843 364032
1758814596135 416.8403623101858 384256
1758814640178 416.8799852833695 404480
1758814684269 416.80244375388895 424704
1758814731376 416.86681032670424 444928
1758814777690 416.7864597114108 465152
1758814823852 416.75723503348723 485376
1758814869912 416.54210906909816 505600
1758814915795 416.51087147126975 525824
1758814961726 416.36946353975395 546048
1758815008187 416.26649527680627 566272
1758815054004 416.11056181580847 586496
1758815099781 416.00962902567755 606720
1758815145802 416.00220760057033 626944
1758815191408 415.89748698078176 647168
1758815238220 415.87610860500166 667392
1758815283923 415.8613095581436 687616
1758815330068 415.8294439048633 707840
1758815377095 415.7228794244656 728064
1758815423284 415.7409632140848 748288
1758815468944 415.7221335589409 768512
1758815515458 415.7535872409913 788736
1758815561859 415.7230035953879 808960
1758815608580 415.6624068499252 829184
1758815654789 415.6638907710345 849408
1758815700609 415.6410429610437 869632
1758815747306 415.68444547543294 889856
1758815792872 415.7043839453263 910080
1758815839303 415.7285023863664 930304
1758815885104 415.66366872280327 950528
1758815930687 415.3483509761056 970752
1758815976178 414.841240700293 990976
1758815996401 414.5096571820453 1000192
