1758813827283 19.883268482490273 20224
1758813867460 20.008366141732285 40448
1758813909869 19.98686802363756 60672
1758813950697 20.01628825271471 80896
1758813992496 20.020940339786645 101120
1758814033017 20.047988126649077 121344
1758814074107 20.0506221719457 141568
1758814115845 20.061292719167906 161792
1758814158549 20.04289957100429 182016
1758814202758 20.052595087163233 202240
1758814245422 20.048167822094175 222464
1758814288266 20.051588939331406 242688
1758814333328 20.037922631739264 262912
1758814376574 20.04265101145848 283136
1758814421240 20.04536450079239 303360
1758814464596 20.057613678602404 323584
1758814508191 20.05590858741911 343808
1758814552044 20.044961752242585 364032
1758814596135 20.043738921905952 384256
1758814640178 20.041848256735342 404480
1758814684269 20.048881758988394 424704
1758814731376 20.048594847775174 444928
1758814777690 20.052697345742846 465152
1758814823852 20.048511622146073 485376
1758814869912 20.05622521808089 505600
1758814915795 20.053488372093025 525824
1758814961726 20.061402864487697 546048
1758815008187 20.062936072250753 566272
1758815054004 20.063331395547653 586496
1758815099781 20.06071723682036 606720
1758815145802 20.067577512558795 626944
1758815191408 20.07495038451997 647168
1758815238220 20.073002796235606 667392
1758815283923 20.072197741267107 687616
1758815330068 20.07613133718952 707840
1758815377095 20.084250296461764 728064
1758815423284 20.08104845200408 748288
1758815468944 20.082684570771722 768512
1758815515458 20.073351312843478 788736
1758815561859 20.07639250713311 808960
1758815608580 20.0735532589491 829184
1758815654789 20.070753602645876 849408
1758815700609 20.071044555711946 869632
1758815747306 20.073566225389595 889856
1758815792872 20.074604154721474 910080
1758815839303 20.07053190112592 930304
1758815885104 20.071439126855115 950528
1758815930687 20.098387464033618 970752
1758815976178 20.140163368147274 990976
1758815996401 20.164741224621466 1000192
