1758813827281 -0.14285546123865062 20224
1758813867456 -0.40441456746380283 40448
1758813909866 -0.3267591783479482 60672
1758813950694 -0.2435388075957539 80896
1758813992491 -0.19361515693140752 101120
1758814033014 -0.14146929342495768 121344
1758814074104 -0.09322284872135961 141568
1758814115841 -0.05907143875632853 161792
1758814158541 -0.025659163643375792 182016
1758814202754 -0.0021353569682381396 202240
1758814245418 0.02697813480278884 222464
1758814288262 0.03882208563489457 242688
1758814333322 0.05897238993372203 262912
1758814376568 0.06793819184144984 283136
1758814421235 0.07745352552019524 303360
1758814464592 0.08801067987449555 323584
1758814508187 0.09359973300957963 343808
1758814552039 0.10150019764816434 364032
1758814596130 0.10363670548649825 384256
1758814640175 0.10855710366946998 404480
1758814684264 0.0895225236035255 424704
1758814731372 0.044081520784031464 444928
1758814777684 0.050312339234994716 465152
1758814823847 0.05121163685320551 485376
1758814869908 0.056754417883360435 505600
1758814915790 0.0686731223642391 525824
1758814961721 0.07629030842365454 546048
1758815008180 0.08017590476332129 566272
1758815053996 0.08218026668301427 586496
1758815099776 0.08341807835919603 606720
1758815145798 0.0908352779368965 626944
1758815191403 0.0886812788924477 647168
1758815238215 0.0846251843074348 667392
1758815283918 0.08714084705988803 687616
1758815330058 0.08959008163933468 707840
1758815377088 0.08823746713058392 728064
1758815423278 0.08966958535027406 748288
1758815468937 0.09068050989499697 768512
1758815515451 0.08965089648362494 788736
1758815561854 0.08928539831402256 808960
1758815608576 0.08981145300247051 829184
1758815654781 0.08967423643754095 849408
1758815700599 0.09088388129218036 869632
1758815747301 0.08900334758253868 889856
1758815792863 0.08828569102206836 910080
1758815839298 0.08592685761117214 930304
1758815885098 0.08576424460803943 950528
1758815930681 0.0698071326927871 970752
1758815976173 0.05445574868993818 990976
1758815996392 0.01900535832593775 1000192
