1758813827281 4.809430568665266 20224
1758813867456 1.9315452815601661 40448
1758813909866 1.2841885633328383 60672
1758813950694 0.9105823344612723 80896
1758813992491 0.7372248092986117 101120
1758814033014 0.6031752617735612 121344
1758814074104 0.5025659916848482 141568
1758814115841 0.43540176932845637 161792
1758814158541 0.3897381588984071 182016
1758814202754 0.37163157966435334 202240
1758814245418 0.3507129939808243 222464
1758814288262 0.34035220613469563 242688
1758814333322 0.31525186086907 262912
1758814376568 0.305097146839738 283136
1758814421235 0.29261456975245353 303360
1758814464592 0.2856429073650375 323584
1758814508187 0.26557922301193077 343808
1758814552039 0.2432339505586336 364032
1758814596130 0.2479207410952064 384256
1758814640175 0.24227143887248995 404480
1758814684264 0.24071535913341016 424704
1758814731372 0.19111408633428995 444928
1758814777684 0.18539044356057616 465152
1758814823847 0.1815136823769802 485376
1758814869908 0.18130181844417864 505600
1758814915790 0.17262326075792891 525824
1758814961721 0.18195860790334914 546048
1758815008180 0.1694992904581207 566272
1758815053996 0.17540788624507178 586496
1758815099776 0.18039751374636054 606720
1758815145798 0.17057097415534817 626944
1758815191403 0.1718636243510218 647168
1758815238215 0.17669493956434215 667392
1758815283918 0.16743496478513398 687616
1758815330058 0.15962531259761542 707840
1758815377088 0.1601503724582585 728064
1758815423278 0.15987858922308676 748288
1758815468937 0.15096511604227783 768512
1758815515451 0.15153253287328364 788736
1758815561854 0.14562526476304014 808960
1758815608576 0.14540171888139514 829184
1758815654781 0.14665136318603314 849408
1758815700599 0.14090561126525997 869632
1758815747301 0.1434423271389847 889856
1758815792863 0.14054152413079654 910080
1758815839298 0.13322965879059886 930304
1758815885098 0.12778067611274246 950528
1758815930681 0.12834578018656137 970752
1758815976173 0.12761186876080252 990976
1758815996392 0.05387461518033069 1000192
