1758813827283 1.61284046692607 20224
1758813867460 1.858759842519685 40448
1758813909869 1.9084044648719631 60672
1758813950697 1.947680157946693 80896
1758813992496 1.9774792572105886 101120
1758814033017 1.9877968337730871 121344
1758814074107 2.0009898190045248 141568
1758814115845 2.0021050024764735 161792
1758814158549 2.001539984600154 182016
1758814202758 2.0061410459587954 202240
1758814245422 2.006572431799766 222464
1758814288266 2.008584399504746 242688
1758814333328 2.008300335059397 262912
1758814376574 2.0121657943131983 283136
1758814421240 2.016244057052298 303360
1758814464596 2.018523107421633 323584
1758814508191 2.019296915991372 343808
1758814552044 2.0203621154586977 364032
1758814596135 2.022312584714837 384256
1758814640178 2.021345087163233 404480
1758814684269 2.023261300368029 424704
1758814731376 2.021707800396325 444928
1758814777690 2.0236556359875904 465152
1758814823852 2.0243590272903678 485376
1758814869912 2.0295796986518635 505600
1758814915795 2.0303088067098742 525824
1758814961726 2.0337495409474844 546048
1758815008187 2.0362316274127856 566272
1758815054004 2.0400095749410116 586496
1758815099781 2.0424392662369857 606720
1758815145802 2.0426519054170797 626944
1758815191408 2.0452121061771273 647168
1758815238220 2.045731982320575 667392
1758815283923 2.046079318294569 687616
1758815330068 2.0468696835658386 707840
1758815377095 2.0494746421775463 728064
1758815423284 2.0490153994741642 748288
1758815468944 2.0494801191284813 768512
1758815515458 2.0486718909016894 788736
1758815561859 2.049423148492743 808960
1758815608580 2.050874942517608 829184
1758815654789 2.050815024805103 849408
1758815700609 2.051362514132767 869632
1758815747306 2.0503146072483704 889856
1758815792872 2.0498390155691792 910080
1758815839303 2.0492429144558044 930304
1758815885104 2.050813823386603 950528
1758815930687 2.0586847171334535 970752
1758815976178 2.0712805299305077 990976
1758815996401 2.0794975705155347 1000192
