1758813827281 136.6178300381095 20224
1758813867456 176.98231992911093 40448
1758813909866 90.8979476843725 60672
1758813950694 94.18206314276732 80896
1758813992491 90.52324426986662 101120
1758814033014 94.17149015469589 121344
1758814074104 74.92504465880671 141568
1758814115841 83.22692277164855 161792
1758814158541 87.0512639574945 182016
1758814202754 163.31687563273888 202240
1758814245418 78.95011858600309 222464
1758814288262 220.72960740974634 242688
1758814333322 172.43479690840323 262912
1758814376568 49.41684339507046 283136
1758814421235 146.5412619663196 303360
1758814464592 144.860951854666 323584
1758814508187 57.278890011744465 343808
1758814552039 118.98059684556904 364032
1758814596130 100.87311207311207 384256
1758814640175 62.91896432750293 404480
1758814684264 91.5686933740858 424704
1758814731372 97.80124049806463 444928
1758814777684 92.28188598710699 465152
1758814823847 169.47367570406885 485376
1758814869908 78.77366888909756 505600
1758814915790 184.0979677829961 525824
1758814961721 62.55113788886569 546048
1758815008180 127.65328544906717 566272
1758815053996 83.73034156468968 586496
1758815099776 135.4968179615571 606720
1758815145798 81.52828208218327 626944
1758815191403 118.93673614064937 647168
1758815238215 55.031804345544245 667392
1758815283918 130.10838477525823 687616
1758815330058 201.68801692633198 707840
1758815377088 71.49950564249428 728064
1758815423278 88.23426455738809 748288
1758815468937 98.41163772876584 768512
1758815515451 123.75498642747552 788736
1758815561854 63.55776457752455 808960
1758815608576 73.75248813082469 829184
1758815654781 128.2975651535544 849408
1758815700599 129.83853392768697 869632
1758815747301 129.1946403819498 889856
1758815792863 122.78048066508592 910080
1758815839298 103.46087814504193 930304
1758815885098 67.1378675587854 950528
1758815930681 92.07525300199767 970752
1758815976173 94.24978652644825 990976
1758815996392 104.29181689335356 1000192
