1758813827283 -3.314445554978189 20224
1758813867460 -0.62196524546841 40448
1758813909869 0.08467386963331457 60672
1758813950697 0.5107559983610284 80896
1758813992496 0.837877003113209 101120
1758814033017 0.9761845939706687 121344
1758814074107 1.112733325065531 141568
1758814115845 1.1035578762794143 161792
1758814158549 1.1119697225617047 182016
1758814202758 1.1802859285790266 202240
1758814245422 1.2107754912590631 222464
1758814288266 1.2184482106678356 242688
1758814333328 1.2282465294915803 262912
1758814376574 1.2700995005143383 283136
1758814421240 1.310805164486154 303360
1758814464596 1.341805027151858 323584
1758814508191 1.355224553040219 343808
1758814552044 1.3794049192069289 364032
1758814596135 1.3989981991595166 384256
1758814640178 1.3925936072710576 404480
1758814684269 1.4193757754221743 424704
1758814731376 1.4096371613522087 444928
1758814777690 1.4289900136482958 465152
1758814823852 1.438084042489167 485376
1758814869912 1.4888118007181184 505600
1758814915795 1.4974838082953077 525824
1758814961726 1.5394356809641305 546048
1758815008187 1.5610058525842714 566272
1758815054004 1.6029391760409166 586496
1758815099781 1.6353688203880676 606720
1758815145802 1.6416290796413744 626944
1758815191408 1.6622762229137402 647168
1758815238220 1.667082604945016 667392
1758815283923 1.6663164860290716 687616
1758815330068 1.6702818513538502 707840
1758815377095 1.6934493543532247 728064
1758815423284 1.6864838861066933 748288
1758815468944 1.6926911990528812 768512
1758815515458 1.6820001447489517 788736
1758815561859 1.6855766526849139 808960
1758815608580 1.706565506596716 829184
1758815654789 1.706071353640197 849408
1758815700609 1.7087727076687287 869632
1758815747306 1.6997229900081798 889856
1758815792872 1.6927255705489914 910080
1758815839303 1.6886764388917297 930304
1758815885104 1.707952466784452 950528
1758815930687 1.7797046175962272 970752
1758815976178 1.8974614355077437 990976
1758815996401 1.9752716869305103 1000192
