1770637900506 26.300905227661133 5120
1770637919135 25.815217971801758 10240
1770637937861 26.33953285217285 15360
1770637956641 26.488489151000977 20480
1770637975260 26.644161224365234 25600
1770637994340 26.748308181762695 30720
1770638013266 27.008567810058594 35840
1770638032734 27.13813591003418 40960
1770638051998 27.186357498168945 46080
1770638071365 27.053604125976562 51200
1770638090063 27.082462310791016 56320
1770638108843 27.211009979248047 61440
1770638128257 27.210134506225586 66560
1770638147481 27.077482223510742 71680
1770638166854 27.13496971130371 76800
1770638185710 27.182310104370117 81920
1770638204463 27.196924209594727 87040
1770638223074 27.19064712524414 92160
1770638241959 27.265731811523438 97280
1770638261287 27.262657165527344 102400
1770638280209 27.247037887573242 107520
1770638298616 27.30694007873535 112640
1770638317609 27.280271530151367 117760
1770638336087 27.16818618774414 122880
1770638354266 27.119606018066406 128000
1770638372327 27.114198684692383 133120
1770638390418 26.951581954956055 138240
1770638408860 26.562612533569336 143360
1770638426997 26.137052536010742 148480
1770638445280 25.772544860839844 153600
1770638464960 25.452741622924805 158720
1770638484679 25.061992645263672 163840
1770638504294 24.676183700561523 168960
1770638524349 24.333749771118164 174080
1770638543682 24.041397094726562 179200
1770638563441 23.827238082885742 184320
1770638582774 23.597251892089844 189440
1770638602200 23.304487228393555 194560
1770638621700 23.087509155273438 199680
1770638641086 22.816822052001953 204800
1770638660111 22.603954315185547 209920
1770638679137 22.362831115722656 215040
1770638698163 22.160982131958008 220160
1770638717265 21.986337661743164 225280
1770638736521 21.845516204833984 230400
1770638756329 21.687450408935547 235520
1770638775903 21.52920150756836 240640
1770638795330 21.398784637451172 245760
1770638814759 21.248064041137695 250880
1770638833284 21.09208869934082 256000
1770638851244 20.9946346282959 261120
1770638869115 20.86918067932129 266240
1770638887214 20.76956558227539 271360
1770638905094 20.663965225219727 276480
1770638923170 20.569169998168945 281600
1770638941131 20.468128204345703 286720
1770638958962 20.36495018005371 291840
1770638977447 20.24956512451172 296960
1770638995326 20.13388442993164 302080
1770639013177 20.064470291137695 307200
1770639030982 20.001251220703125 312320
1770639048990 19.87911605834961 317440
1770639066757 19.771106719970703 322560
1770639084756 19.68063735961914 327680
1770639102768 19.588573455810547 332800
1770639120735 19.47193145751953 337920
1770639138733 19.378347396850586 343040
1770639156720 19.318084716796875 348160
1770639174481 19.229890823364258 353280
1770639192611 19.13739585876465 358400
1770639210533 19.096908569335938 363520
1770639228679 19.03329849243164 368640
1770639246651 18.94579315185547 373760
1770639264554 18.85558319091797 378880
1770639282547 18.794301986694336 384000
1770639300253 18.731056213378906 389120
1770639318010 18.674165725708008 394240
1770639335947 18.606645584106445 399360
1770639353834 18.53451156616211 404480
1770639371579 18.51072120666504 409600
1770639389413 18.463069915771484 414720
1770639407312 18.40302848815918 419840
1770639425340 18.3613224029541 424960
1770639443162 18.313373565673828 430080
1770639461158 18.265195846557617 435200
1770639478963 18.206880569458008 440320
1770639496772 18.149433135986328 445440
1770639514581 18.100688934326172 450560
1770639532475 18.05902671813965 455680
1770639550244 18.03852653503418 460800
1770639568078 17.997051239013672 465920
1770639585872 17.952482223510742 471040
1770639603699 17.91334342956543 476160
1770639621434 17.86968231201172 481280
1770639639349 17.828950881958008 486400
1770639657210 17.78464698791504 491520
1770639675391 17.759286880493164 496640
1770639693329 17.708513259887695 501760
1770639711113 17.65843963623047 506880
1770639729087 17.593425750732422 512000
1770639746880 17.546550750732422 517120
1770639764596 17.485231399536133 522240
1770639782419 17.433557510375977 527360
1770639800131 17.381710052490234 532480
1770639817900 17.342958450317383 537600
1770639835703 17.28559684753418 542720
1770639853462 17.251375198364258 547840
1770639871385 17.209733963012695 552960
1770639889196 17.15863609313965 558080
1770639906910 17.09649658203125 563200
1770639924764 17.055072784423828 568320
1770639942571 17.03474235534668 573440
1770639960325 16.99945831298828 578560
1770639978184 16.9680233001709 583680
1770639996015 16.934946060180664 588800
1770640013918 16.906402587890625 593920
1770640031639 16.869131088256836 599040
1770640049413 16.831785202026367 604160
1770640067172 16.803646087646484 609280
1770640084925 16.769515991210938 614400
1770640102724 16.746517181396484 619520
1770640120693 16.723955154418945 624640
1770640139103 16.69686508178711 629760
1770640157161 16.670337677001953 634880
1770640175101 16.65027618408203 640000
1770640193314 16.622568130493164 645120
1770640211449 16.589344024658203 650240
1770640229752 16.565332412719727 655360
1770640248018 16.547229766845703 660480
1770640265718 16.520898818969727 665600
1770640284093 16.508031845092773 670720
1770640302577 16.478199005126953 675840
1770640321178 16.45308494567871 680960
1770640339175 16.42820930480957 686080
1770640357037 16.40108871459961 691200
1770640375042 16.376630783081055 696320
1770640393186 16.3510799407959 701440
1770640411155 16.322967529296875 706560
1770640428920 16.301645278930664 711680
1770640446754 16.273221969604492 716800
1770640464772 16.247751235961914 721920
1770640482876 16.225807189941406 727040
1770640500747 16.20311737060547 732160
1770640518449 16.189937591552734 737280
1770640536750 16.162534713745117 742400
1770640554539 16.137725830078125 747520
1770640572330 16.114633560180664 752640
1770640590137 16.077884674072266 757760
1770640607904 16.05215835571289 762880
1770640625724 16.019500732421875 768000
1770640643648 16.008546829223633 773120
1770640661642 15.983704566955566 778240
1770640679534 15.961468696594238 783360
1770640697470 15.93407154083252 788480
1770640715460 15.910475730895996 793600
1770640733248 15.879761695861816 798720
1770640751347 15.856618881225586 803840
1770640769573 15.822311401367188 808960
1770640787583 15.796733856201172 814080
1770640805467 15.770328521728516 819200
1770640823522 15.740641593933105 824320
1770640841566 15.708571434020996 829440
1770640859779 15.6859769821167 834560
1770640878201 15.662663459777832 839680
1770640896229 15.63473129272461 844800
1770640914223 15.601092338562012 849920
1770640932065 15.57683277130127 855040
1770640949887 15.551416397094727 860160
1770640967935 15.531617164611816 865280
1770640986350 15.519848823547363 870400
1770641004235 15.496872901916504 875520
1770641022019 15.475630760192871 880640
1770641039822 15.452373504638672 885760
1770641057670 15.430791854858398 890880
1770641075581 15.413198471069336 896000
1770641093533 15.391610145568848 901120
1770641111498 15.375589370727539 906240
1770641130428 15.350095748901367 911360
1770641149847 15.325239181518555 916480
1770641169411 15.294828414916992 921600
1770641188443 15.271110534667969 926720
1770641207641 15.256884574890137 931840
1770641226639 15.246810913085938 936960
1770641244804 15.232462882995605 942080
1770641262923 15.208588600158691 947200
1770641280913 15.187689781188965 952320
1770641298873 15.161961555480957 957440
1770641316848 15.137938499450684 962560
1770641334889 15.116008758544922 967680
1770641352818 15.104772567749023 972800
1770641370749 15.088077545166016 977920
1770641388651 15.078360557556152 983040
1770641407398 15.053300857543945 988160
1770641425548 15.039441108703613 993280
1770641443534 15.02305793762207 998400
1770641447191 15.018982887268066 1000448
