1770637900502 17.267271041870117 5120
1770637919129 15.003122329711914 10240
1770637937857 13.776575088500977 15360
1770637956635 12.833818435668945 20480
1770637975255 11.516160011291504 25600
1770637994331 13.017179489135742 30720
1770638013260 13.576532363891602 35840
1770638032729 13.569231986999512 40960
1770638051991 12.525697708129883 46080
1770638071360 11.799221992492676 51200
1770638090056 10.633042335510254 56320
1770638108837 10.022343635559082 61440
1770638128247 9.845392227172852 66560
1770638147475 9.070679664611816 71680
1770638166848 8.754903793334961 76800
1770638185704 8.262725830078125 81920
1770638204458 8.22736644744873 87040
1770638223065 7.994439125061035 92160
1770638241953 7.978804111480713 97280
1770638261279 7.613840579986572 102400
1770638280202 7.876384735107422 107520
1770638298605 7.616950035095215 112640
1770638317596 7.482142448425293 117760
1770638336081 7.179379940032959 122880
1770638354259 7.241572380065918 128000
1770638372319 8.540513038635254 133120
1770638390411 9.697564125061035 138240
1770638408848 11.290451049804688 143360
1770638426990 13.042671203613281 148480
1770638445273 15.000001907348633 153600
1770638464951 17.43813133239746 158720
1770638484670 20.3314151763916 163840
1770638504286 22.877086639404297 168960
1770638524339 26.56740951538086 174080
1770638543675 30.65347671508789 179200
1770638563430 35.68195343017578 184320
1770638582767 41.37038040161133 189440
1770638602189 45.328739166259766 194560
1770638621692 51.337486267089844 199680
1770638641078 57.019004821777344 204800
1770638660104 62.97844696044922 209920
1770638679126 67.2022476196289 215040
1770638698156 70.5176010131836 220160
1770638717258 76.5704345703125 225280
1770638736514 78.38204956054688 230400
1770638756320 79.15775299072266 235520
1770638775896 80.12071990966797 240640
1770638795323 81.25791931152344 245760
1770638814753 79.4468765258789 250880
1770638833277 77.8039321899414 256000
1770638851236 77.1129150390625 261120
1770638869108 75.43067932128906 266240
1770638887206 74.59953308105469 271360
1770638905083 71.32586669921875 276480
1770638923162 70.0662841796875 281600
1770638941122 67.98257446289062 286720
1770638958954 67.68519592285156 291840
1770638977440 67.62773132324219 296960
1770638995318 69.11434173583984 302080
1770639013170 65.70127868652344 307200
1770639030975 64.39384460449219 312320
1770639048982 65.40764617919922 317440
1770639066747 64.2046127319336 322560
1770639084747 62.5813102722168 327680
1770639102755 61.61429977416992 332800
1770639120727 60.9664306640625 337920
1770639138726 59.263160705566406 343040
1770639156710 59.01904296875 348160
1770639174472 60.42539596557617 353280
1770639192602 61.522605895996094 358400
1770639210524 59.060760498046875 363520
1770639228671 57.74273681640625 368640
1770639246643 58.287689208984375 373760
1770639264546 59.1008186340332 378880
1770639282538 57.65534591674805 384000
1770639300245 57.30951690673828 389120
1770639317999 57.95072555541992 394240
1770639335935 58.5853271484375 399360
1770639353826 58.43389129638672 404480
1770639371571 59.3646354675293 409600
1770639389399 56.70671463012695 414720
1770639407304 57.71356964111328 419840
1770639425331 57.35200881958008 424960
1770639443152 58.2209587097168 430080
1770639461148 57.16815948486328 435200
1770639478954 57.295448303222656 440320
1770639496763 56.54793167114258 445440
1770639514571 54.9171142578125 450560
1770639532467 56.46043014526367 455680
1770639550235 53.22447967529297 460800
1770639568069 53.343177795410156 465920
1770639585863 53.58241653442383 471040
1770639603682 53.516357421875 476160
1770639621424 53.6320686340332 481280
1770639639339 53.67094802856445 486400
1770639657201 54.0406494140625 491520
1770639675382 53.99198532104492 496640
1770639693320 52.129478454589844 501760
1770639711101 50.986358642578125 506880
1770639729078 51.556541442871094 512000
1770639746871 51.26129913330078 517120
1770639764586 51.27611541748047 522240
1770639782409 51.87015914916992 527360
1770639800121 52.04926681518555 532480
1770639817884 52.8269157409668 537600
1770639835686 50.91271209716797 542720
1770639853454 49.8861083984375 547840
1770639871376 51.9149169921875 552960
1770639889186 50.69069290161133 558080
1770639906899 50.560577392578125 563200
1770639924744 48.80033874511719 568320
1770639942560 49.53446578979492 573440
1770639960315 48.62419128417969 578560
1770639978172 48.202964782714844 583680
1770639996003 47.930152893066406 588800
1770640013903 48.966041564941406 593920
1770640031628 46.82270050048828 599040
1770640049402 46.14289093017578 604160
1770640067162 47.09398651123047 609280
1770640084914 46.82141876220703 614400
1770640102713 47.041969299316406 619520
1770640120683 47.937644958496094 624640
1770640139092 46.47216033935547 629760
1770640157151 45.68614959716797 634880
1770640175091 45.29349136352539 640000
1770640193303 46.50672149658203 645120
1770640211437 45.00865936279297 650240
1770640229740 45.11231994628906 655360
1770640248008 46.37738800048828 660480
1770640265707 44.2696418762207 665600
1770640284083 46.53982162475586 670720
1770640302567 46.47384262084961 675840
1770640321168 44.106101989746094 680960
1770640339165 46.14991760253906 686080
1770640357018 45.65711975097656 691200
1770640375029 46.236915588378906 696320
1770640393175 44.98883819580078 701440
1770640411143 44.709877014160156 706560
1770640428908 45.53094482421875 711680
1770640446740 44.003578186035156 716800
1770640464760 45.3760986328125 721920
1770640482865 44.65658187866211 727040
1770640500736 43.40128707885742 732160
1770640518438 42.74383544921875 737280
1770640536740 43.705867767333984 742400
1770640554528 43.791839599609375 747520
1770640572318 44.03069305419922 752640
1770640590126 42.893028259277344 757760
1770640607887 43.67438888549805 762880
1770640625712 43.19504928588867 768000
1770640643636 43.239898681640625 773120
1770640661632 43.27756118774414 778240
1770640679513 43.03355026245117 783360
1770640697450 41.333778381347656 788480
1770640715446 42.55980682373047 793600
1770640733235 42.00568771362305 798720
1770640751334 42.192569732666016 803840
1770640769555 41.144676208496094 808960
1770640787570 42.62031936645508 814080
1770640805455 42.216773986816406 819200
1770640823510 42.42394256591797 824320
1770640841554 42.10627746582031 829440
1770640859764 40.66389465332031 834560
1770640878189 42.34979248046875 839680
1770640896217 41.0765495300293 844800
1770640914212 41.40018844604492 849920
1770640932043 40.3514518737793 855040
1770640949867 42.15675735473633 860160
1770640967921 41.31610870361328 865280
1770640986336 41.05118179321289 870400
1770641004223 40.670570373535156 875520
1770641022006 40.33244705200195 880640
1770641039809 39.45853805541992 885760
1770641057657 39.67665100097656 890880
1770641075569 40.225425720214844 896000
1770641093519 40.33554458618164 901120
1770641111485 40.09244918823242 906240
1770641130415 40.85840606689453 911360
1770641149818 40.36672592163086 916480
1770641169392 40.59368133544922 921600
1770641188429 39.67948532104492 926720
1770641207627 38.039634704589844 931840
1770641226625 41.26807403564453 936960
1770641244790 38.98997116088867 942080
1770641262910 39.50312805175781 947200
1770641280899 39.334686279296875 952320
1770641298857 39.719993591308594 957440
1770641316829 40.570106506347656 962560
1770641334865 39.555267333984375 967680
1770641352805 40.38056182861328 972800
1770641370735 39.294246673583984 977920
1770641388629 39.421531677246094 983040
1770641407383 39.43280792236328 988160
1770641425534 38.58579635620117 993280
1770641443520 38.53022003173828 998400
1770641447177 39.740997314453125 1000448
