1770637900506 1.0756179094314575 5120
1770637919135 0.9753060936927795 10240
1770637937861 1.0072767734527588 15360
1770637956641 1.0314886569976807 20480
1770637975260 1.0506404638290405 25600
1770637994340 1.0663549900054932 30720
1770638013266 1.075165867805481 35840
1770638032734 1.0860236883163452 40960
1770638051998 1.097084641456604 46080
1770638071365 1.0922267436981201 51200
1770638090063 1.0932457447052002 56320
1770638108843 1.0994991064071655 61440
1770638128257 1.0993751287460327 66560
1770638147481 1.0963882207870483 71680
1770638166854 1.0957239866256714 76800
1770638185710 1.096210241317749 81920
1770638204463 1.0987931489944458 87040
1770638223074 1.0958776473999023 92160
1770638241959 1.101108431816101 97280
1770638261287 1.1006088256835938 102400
1770638280209 1.1015548706054688 107520
1770638298616 1.1029956340789795 112640
1770638317609 1.103440284729004 117760
1770638336087 1.1059767007827759 122880
1770638354266 1.1173568964004517 128000
1770638372327 1.1306934356689453 133120
1770638390418 1.133297324180603 138240
1770638408860 1.1242057085037231 143360
1770638426997 1.1140528917312622 148480
1770638445280 1.1107348203659058 153600
1770638464960 1.1077511310577393 158720
1770638484679 1.1015570163726807 163840
1770638504294 1.0943822860717773 168960
1770638524349 1.0902353525161743 174080
1770638543682 1.0865473747253418 179200
1770638563441 1.0848554372787476 184320
1770638582774 1.0814061164855957 189440
1770638602200 1.0755695104599 194560
1770638621700 1.07277250289917 199680
1770638641086 1.0658044815063477 204800
1770638660111 1.060696005821228 209920
1770638679137 1.0546287298202515 215040
1770638698163 1.0512434244155884 220160
1770638717265 1.0490573644638062 225280
1770638736521 1.0505082607269287 230400
1770638756329 1.0497734546661377 235520
1770638775903 1.0461353063583374 240640
1770638795330 1.0455100536346436 245760
1770638814759 1.0426064729690552 250880
1770638833284 1.0397768020629883 256000
1770638851244 1.0419766902923584 261120
1770638869115 1.0418981313705444 266240
1770638887214 1.0420969724655151 271360
1770638905094 1.0417014360427856 276480
1770638923170 1.0414398908615112 281600
1770638941131 1.041244626045227 286720
1770638958962 1.0406086444854736 291840
1770638977447 1.0386098623275757 296960
1770638995326 1.03734290599823 302080
1770639013177 1.0368311405181885 307200
1770639030982 1.0345503091812134 312320
1770639048990 1.028123378753662 317440
1770639066757 1.0224759578704834 322560
1770639084756 1.018264651298523 327680
1770639102768 1.0158835649490356 332800
1770639120735 1.0117403268814087 337920
1770639138733 1.0092366933822632 343040
1770639156720 1.010117530822754 348160
1770639174481 1.0092442035675049 353280
1770639192611 1.0080922842025757 358400
1770639210533 1.010703444480896 363520
1770639228679 1.011312484741211 368640
1770639246651 1.0095014572143555 373760
1770639264554 1.0079710483551025 378880
1770639282547 1.008172869682312 384000
1770639300253 1.0085443258285522 389120
1770639318010 1.0089281797409058 394240
1770639335947 1.0087933540344238 399360
1770639353834 1.0086404085159302 404480
1770639371579 1.0103765726089478 409600
1770639389413 1.0102009773254395 414720
1770639407312 1.010462760925293 419840
1770639425340 1.0116068124771118 424960
1770639443162 1.0115680694580078 430080
1770639461158 1.0111944675445557 435200
1770639478963 1.0105959177017212 440320
1770639496772 1.009164810180664 445440
1770639514581 1.0089839696884155 450560
1770639532475 1.009863257408142 455680
1770639550244 1.010744333267212 460800
1770639568078 1.0106736421585083 465920
1770639585872 1.010859727859497 471040
1770639603699 1.0106762647628784 476160
1770639621434 1.0104215145111084 481280
1770639639349 1.0100665092468262 486400
1770639657210 1.0099258422851562 491520
1770639675391 1.0114771127700806 496640
1770639693329 1.0107574462890625 501760
1770639711113 1.0086086988449097 506880
1770639729087 1.0051356554031372 512000
1770639746880 1.0034526586532593 517120
1770639764596 1.0013889074325562 522240
1770639782419 1.000447392463684 527360
1770639800131 0.9991995096206665 532480
1770639817900 0.9992436170578003 537600
1770639835703 0.9970816373825073 542720
1770639853462 0.9970288872718811 547840
1770639871385 0.9965375661849976 552960
1770639889196 0.994940996170044 558080
1770639906910 0.9929003715515137 563200
1770639924764 0.9925564527511597 568320
1770639942571 0.9935557842254639 573440
1770639960325 0.9932666420936584 578560
1770639978184 0.9931616187095642 583680
1770639996015 0.9923995137214661 588800
1770640013918 0.992463231086731 593920
1770640031639 0.9914506077766418 599040
1770640049413 0.991144061088562 604160
1770640067172 0.9907070994377136 609280
1770640084925 0.9907146096229553 614400
1770640102724 0.9908262491226196 619520
1770640120693 0.9910972714424133 624640
1770640139103 0.991119921207428 629760
1770640157161 0.9913521409034729 634880
1770640175101 0.9917770624160767 640000
1770640193314 0.9918607473373413 645120
1770640211449 0.9911453723907471 650240
1770640229752 0.9911903738975525 655360
1770640248018 0.9912703633308411 660480
1770640265718 0.990976095199585 665600
1770640284093 0.9913506507873535 670720
1770640302577 0.9905197024345398 675840
1770640321178 0.9903624653816223 680960
1770640339175 0.9898481369018555 686080
1770640357037 0.9894639253616333 691200
1770640375042 0.9889609217643738 696320
1770640393186 0.9880676865577698 701440
1770640411155 0.9873496294021606 706560
1770640428920 0.9869972467422485 711680
1770640446754 0.9861998558044434 716800
1770640464772 0.9855984449386597 721920
1770640482876 0.9853054285049438 727040
1770640500747 0.984846830368042 732160
1770640518449 0.9848388433456421 737280
1770640536750 0.9841668009757996 742400
1770640554539 0.9835270047187805 747520
1770640572330 0.9828284382820129 752640
1770640590137 0.9816427230834961 757760
1770640607904 0.9807982444763184 762880
1770640625724 0.9788907766342163 768000
1770640643648 0.9789609313011169 773120
1770640661642 0.9787102937698364 778240
1770640679534 0.9782508015632629 783360
1770640697470 0.9777728319168091 788480
1770640715460 0.9769484996795654 793600
1770640733248 0.9755315780639648 798720
1770640751347 0.9747402667999268 803840
1770640769573 0.9731011986732483 808960
1770640787583 0.9726664423942566 814080
1770640805467 0.972133994102478 819200
1770640823522 0.9711125493049622 824320
1770640841566 0.9702160358428955 829440
1770640859779 0.9694960117340088 834560
1770640878201 0.9687678813934326 839680
1770640896229 0.967477560043335 844800
1770640914223 0.9660457372665405 849920
1770640932065 0.9651521444320679 855040
1770640949887 0.9643158316612244 860160
1770640967935 0.9637438058853149 865280
1770640986350 0.9639425873756409 870400
1770641004235 0.9633626341819763 875520
1770641022019 0.9626504778862 880640
1770641039822 0.9620158672332764 885760
1770641057670 0.9615241885185242 890880
1770641075581 0.9612187147140503 896000
1770641093533 0.9607606530189514 901120
1770641111498 0.9605238437652588 906240
1770641130428 0.9592238068580627 911360
1770641149847 0.9579727053642273 916480
1770641169411 0.9569255113601685 921600
1770641188443 0.9561763405799866 926720
1770641207641 0.9559606909751892 931840
1770641226639 0.9561744332313538 936960
1770641244804 0.9560676217079163 942080
1770641262923 0.9553454518318176 947200
1770641280913 0.9545099139213562 952320
1770641298873 0.9537070393562317 957440
1770641316848 0.9524330496788025 962560
1770641334889 0.9520828127861023 967680
1770641352818 0.952017605304718 972800
1770641370749 0.9517192840576172 977920
1770641388651 0.9518433809280396 983040
1770641407398 0.9510138034820557 988160
1770641425548 0.9510012269020081 993280
1770641443534 0.9505579471588135 998400
1770641447191 0.9505587220191956 1000448
