1770637900502 196.49133327087043 5120
1770637919129 126.56318648159323 10240
1770637937857 172.5766951942067 15360
1770637956635 168.82563194332636 20480
1770637975255 187.22899741094545 25600
1770637994331 106.779633401222 30720
1770638013260 128.93648939440516 35840
1770638032729 136.93003819659822 40960
1770638051991 120.72371412946492 46080
1770638071360 125.9777737730522 51200
1770638090056 117.7084163556254 56320
1770638108837 144.70602035535623 61440
1770638128247 97.8194878492467 66560
1770638147475 164.07714274537418 71680
1770638166848 161.91723285979 76800
1770638185704 183.3014596626169 81920
1770638204458 147.42202383044534 87040
1770638223065 112.28226475706063 92160
1770638241953 158.70682609353716 97280
1770638261279 140.7909771407472 102400
1770638280202 149.20507986197575 107520
1770638298605 127.85173443882216 112640
1770638317596 104.45284522475407 117760
1770638336081 190.48567146555249 122880
1770638354259 175.14214130616335 128000
1770638372319 133.5935787998471 133120
1770638390411 185.51479499314433 138240
1770638408848 109.7496925452024 143360
1770638426990 137.47309078990494 148480
1770638445273 165.2992827303539 153600
1770638464951 150.58174768435413 158720
1770638484670 110.23717409587888 163840
1770638504286 90.89203831317991 168960
1770638524339 111.80338531254165 174080
1770638543675 171.82728390004095 179200
1770638563430 116.95025652464868 184320
1770638582767 144.431955922865 189440
1770638602189 139.37806134316952 194560
1770638621692 149.98941496209412 199680
1770638641078 171.6304116539815 204800
1770638660104 169.61759948236818 209920
1770638679126 128.2661773700306 215040
1770638698156 187.19557261447827 220160
1770638717258 173.94368183137726 225280
1770638736514 152.53123863553714 230400
1770638756320 100.36381038979684 235520
1770638775896 189.55592714782844 240640
1770638795323 180.60213572166725 245760
1770638814753 138.91183678876598 250880
1770638833277 206.17922626947845 256000
1770638851236 121.55641211418634 261120
1770638869108 190.15750102008434 266240
1770638887206 135.17803274461775 271360
1770638905083 164.32141038197844 276480
1770638923162 165.58641926569285 281600
1770638941122 120.20129535163639 286720
1770638958954 175.39848617906577 291840
1770638977440 136.56000520935078 296960
1770638995318 182.5276992036207 302080
1770639013170 195.22919381865574 307200
1770639030975 140.32935193549466 312320
1770639048982 179.1365849491757 317440
1770639066747 117.73154437770168 322560
1770639084747 179.9898725485989 327680
1770639102755 136.61338023581524 332800
1770639120727 191.14542223032402 337920
1770639138726 204.92007035372288 343040
1770639156710 159.49136816487945 348160
1770639174472 198.537536684654 353280
1770639192602 178.1399023147165 358400
1770639210524 184.43797546282045 363520
1770639228671 160.71361790175493 368640
1770639246643 196.13299041384147 373760
1770639264546 196.23392907270517 378880
1770639282538 168.2297449061447 384000
1770639300245 157.16656049762057 389120
1770639317999 113.19436498083877 394240
1770639335935 174.66078121096027 399360
1770639353826 165.6845348607545 404480
1770639371571 148.19291241211178 409600
1770639389399 126.03076923076924 414720
1770639407304 176.9599189941777 419840
1770639425331 190.33008122702728 424960
1770639443152 177.19915504858471 430080
1770639461148 124.61906884154857 435200
1770639478954 138.08862843221175 440320
1770639496763 163.89121600500155 445440
1770639514571 159.2007894936613 450560
1770639532467 196.74018481167033 455680
1770639550235 182.57537108779871 460800
1770639568069 194.37871906571507 465920
1770639585863 154.09471325177265 471040
1770639603682 125.69462674937816 476160
1770639621424 146.19393516904844 481280
1770639639339 144.65112429300592 486400
1770639657201 179.85866209262434 491520
1770639675382 183.92843360813893 496640
1770639693320 172.08813030812786 501760
1770639711101 141.93922165820643 506880
1770639729078 197.0359374265984 512000
1770639746871 203.527950310559 517120
1770639764586 181.81559668819628 522240
1770639782409 181.60304814686526 527360
1770639800121 122.78048066508592 532480
1770639817884 131.56537013801756 537600
1770639835686 193.12570218252142 542720
1770639853454 147.11178141769844 547840
1770639871376 183.33350817379142 552960
1770639889186 166.59930092151257 558080
1770639906899 163.8656040006251 563200
1770639924744 129.3619961138698 568320
1770639942560 147.77001127395715 573440
1770639960315 185.8106587516059 578560
1770639978172 140.63047778709137 583680
1770639996003 187.78223495702005 588800
1770640013903 145.87868670005565 593920
1770640031628 153.42956432673665 599040
1770640049402 184.30020212672466 604160
1770640067162 136.1079958463136 609280
1770640084914 170.33398310591292 614400
1770640102713 114.83692914248165 619520
1770640120683 116.54081689358155 624640
1770640139092 183.15737991266374 629760
1770640157151 206.0475535468658 634880
1770640175091 195.07483372866378 640000
1770640193303 167.9468246976856 645120
1770640211437 139.55428381300948 650240
1770640229740 182.202606429192 655360
1770640248008 151.21693045390634 660480
1770640265707 165.12357781189718 665600
1770640284083 111.29017193801741 670720
1770640302567 165.01314029427965 675840
1770640321168 126.30021981992833 680960
1770640339165 152.88150173136503 686080
1770640357018 173.36132925518723 691200
1770640375029 165.57988235758557 696320
1770640393175 163.8656040006251 701440
1770640411143 142.31487513572205 706560
1770640428908 148.13533940806667 711680
1770640446740 143.06729883685233 716800
1770640464760 192.61131520940484 721920
1770640482865 193.5534840793724 727040
1770640500736 196.6479441136481 732160
1770640518438 182.3372603573447 737280
1770640536740 204.61017610615153 742400
1770640554528 163.83360024999024 747520
1770640572318 157.32573143285822 752640
1770640590126 202.69192480548978 757760
1770640607887 131.84659876776058 762880
1770640625712 177.07945621886347 768000
1770640643636 175.28120690375695 773120
1770640661632 189.38474736984693 778240
1770640679513 127.01929075436843 783360
1770640697450 136.4445022771633 788480
1770640715446 132.4419463828981 793600
1770640733235 190.7282069937702 798720
1770640751334 146.01072199401239 803840
1770640769555 135.69407958589454 808960
1770640787570 170.7430897618563 814080
1770640805455 158.72484389782403 819200
1770640823510 199.8620032402554 824320
1770640841554 166.34162205036685 829440
1770640859764 171.8413634873812 834560
1770640878189 208.92129906355848 839680
1770640896217 198.02200084981823 844800
1770640914212 124.46744613923676 849920
1770640932043 148.86615794143745 855040
1770640949867 187.94210691401173 860160
1770640967921 166.24272691240586 865280
1770640986336 101.61850999394306 870400
1770641004223 158.03707611152976 875520
1770641022006 179.64296727771116 880640
1770641039809 182.83004228237652 885760
1770641057657 180.63324720068906 890880
1770641075569 164.63100051026416 896000
1770641093519 195.19285182427402 901120
1770641111485 167.03054438293975 906240
1770641130415 185.967189855458 911360
1770641149818 117.67209067444732 916480
1770641169392 197.29545133825673 921600
1770641188429 155.8699319930135 926720
1770641207627 172.52700423676524 931840
1770641226625 146.91596903569302 936960
1770641244790 130.7736725594737 942080
1770641262910 123.36913936113889 947200
1770641280899 170.8334962528511 952320
1770641298857 160.62129973576378 957440
1770641316829 183.75116095680366 962560
1770641334865 68.45943166794522 967680
1770641352805 132.4084982795088 972800
1770641370735 78.6599152319868 977920
1770641388629 152.70338952197181 983040
1770641407383 158.83303669481577 988160
1770641425534 101.63328406309822 993280
1770641443520 153.46886205634834 998400
1770641447177 174.37758283789964 1000448
