1770637900506 1.8189865350723267 5120
1770637919135 1.4246916770935059 10240
1770637937861 1.4716593027114868 15360
1770637956641 1.5202529430389404 20480
1770637975260 1.5471982955932617 25600
1770637994340 1.5566942691802979 30720
1770638013266 1.5576387643814087 35840
1770638032734 1.5658860206604004 40960
1770638051998 1.5831632614135742 46080
1770638071365 1.5610132217407227 51200
1770638090063 1.555967926979065 56320
1770638108843 1.5528414249420166 61440
1770638128257 1.5602452754974365 66560
1770638147481 1.5569401979446411 71680
1770638166854 1.5552514791488647 76800
1770638185710 1.552693247795105 81920
1770638204463 1.5568240880966187 87040
1770638223074 1.5487453937530518 92160
1770638241959 1.5593194961547852 97280
1770638261287 1.557044506072998 102400
1770638280209 1.5592827796936035 107520
1770638298616 1.5629209280014038 112640
1770638317609 1.56522536277771 117760
1770638336087 1.602648138999939 122880
1770638354266 1.6489344835281372 128000
1770638372327 1.6977683305740356 133120
1770638390418 1.738179087638855 138240
1770638408860 1.771848440170288 143360
1770638426997 1.8186659812927246 148480
1770638445280 1.8862000703811646 153600
1770638464960 1.941601276397705 158720
1770638484679 1.9869821071624756 163840
1770638504294 2.034238815307617 168960
1770638524349 2.0903475284576416 174080
1770638543682 2.136512279510498 179200
1770638563441 2.184194326400757 184320
1770638582774 2.2288882732391357 189440
1770638602200 2.261831521987915 194560
1770638621700 2.303792953491211 199680
1770638641086 2.3265819549560547 204800
1770638660111 2.3525314331054688 209920
1770638679137 2.3743627071380615 215040
1770638698163 2.406557321548462 220160
1770638717265 2.4445645809173584 225280
1770638736521 2.496521472930908 230400
1770638756329 2.532984733581543 235520
1770638775903 2.548363447189331 240640
1770638795330 2.574230670928955 245760
1770638814759 2.5899524688720703 250880
1770638833284 2.612733840942383 256000
1770638851244 2.653644561767578 261120
1770638869115 2.6863508224487305 266240
1770638887214 2.715446949005127 271360
1770638905094 2.7432069778442383 276480
1770638923170 2.7657272815704346 281600
1770638941131 2.7866430282592773 286720
1770638958962 2.806138277053833 291840
1770638977447 2.8239481449127197 296960
1770638995326 2.845867395401001 302080
1770639013177 2.859191656112671 307200
1770639030982 2.8673694133758545 312320
1770639048990 2.8655667304992676 317440
1770639066757 2.8664817810058594 322560
1770639084756 2.870621681213379 327680
1770639102768 2.8810696601867676 332800
1770639120735 2.8857970237731934 337920
1770639138733 2.896334409713745 343040
1770639156720 2.915001392364502 348160
1770639174481 2.929011821746826 353280
1770639192611 2.9467201232910156 358400
1770639210533 2.9664316177368164 363520
1770639228679 2.983790874481201 368640
1770639246651 2.996525526046753 373760
1770639264554 3.0098164081573486 378880
1770639282547 3.0249552726745605 384000
1770639300253 3.042844295501709 389120
1770639318010 3.054097890853882 394240
1770639335947 3.0694167613983154 399360
1770639353834 3.0861074924468994 404480
1770639371579 3.106674909591675 409600
1770639389413 3.1177327632904053 414720
1770639407312 3.13169002532959 419840
1770639425340 3.1509244441986084 424960
1770639443162 3.164407968521118 430080
1770639461158 3.1760575771331787 435200
1770639478963 3.1832284927368164 440320
1770639496772 3.190980911254883 445440
1770639514581 3.2043371200561523 450560
1770639532475 3.2178666591644287 455680
1770639550244 3.2319796085357666 460800
1770639568078 3.2450942993164062 465920
1770639585872 3.2582764625549316 471040
1770639603699 3.272951364517212 476160
1770639621434 3.286296844482422 481280
1770639639349 3.298699140548706 486400
1770639657210 3.3087317943573 491520
1770639675391 3.3262152671813965 496640
1770639693329 3.3354358673095703 501760
1770639711113 3.3410112857818604 506880
1770639729087 3.3455820083618164 512000
1770639746880 3.3533990383148193 517120
1770639764596 3.35742449760437 522240
1770639782419 3.364609718322754 527360
1770639800131 3.3698647022247314 532480
1770639817900 3.37957763671875 537600
1770639835703 3.382686138153076 542720
1770639853462 3.3919224739074707 547840
1770639871385 3.3996100425720215 552960
1770639889196 3.403200149536133 558080
1770639906910 3.405734062194824 563200
1770639924764 3.4153950214385986 568320
1770639942571 3.426922559738159 573440
1770639960325 3.435403823852539 578560
1770639978184 3.4443953037261963 583680
1770639996015 3.4502110481262207 588800
1770640013918 3.4583804607391357 593920
1770640031639 3.4635322093963623 599040
1770640049413 3.472620964050293 604160
1770640067172 3.480790376663208 609280
1770640084925 3.4905569553375244 614400
1770640102724 3.4981746673583984 619520
1770640120693 3.5056655406951904 624640
1770640139103 3.5122523307800293 629760
1770640157161 3.5202696323394775 634880
1770640175101 3.528773546218872 640000
1770640193314 3.536789894104004 645120
1770640211449 3.5412449836730957 650240
1770640229752 3.550513744354248 655360
1770640248018 3.5609636306762695 660480
1770640265718 3.5680272579193115 665600
1770640284093 3.5767650604248047 670720
1770640302577 3.579758405685425 675840
1770640321178 3.5854265689849854 680960
1770640339175 3.589789390563965 686080
1770640357037 3.594994068145752 691200
1770640375042 3.6009528636932373 696320
1770640393186 3.6058897972106934 701440
1770640411155 3.6116600036621094 706560
1770640428920 3.617465019226074 711680
1770640446754 3.6210715770721436 716800
1770640464772 3.62716007232666 721920
1770640482876 3.6317660808563232 727040
1770640500747 3.6397383213043213 732160
1770640518449 3.6479146480560303 737280
1770640536750 3.6523101329803467 742400
1770640554539 3.654886484146118 747520
1770640572330 3.656979560852051 752640
1770640590137 3.657874584197998 757760
1770640607904 3.661546230316162 762880
1770640625724 3.6612422466278076 768000
1770640643648 3.6672229766845703 773120
1770640661642 3.6713504791259766 778240
1770640679534 3.67565655708313 783360
1770640697470 3.678630828857422 788480
1770640715460 3.6826939582824707 793600
1770640733248 3.6820194721221924 798720
1770640751347 3.6843912601470947 803840
1770640769573 3.682323455810547 808960
1770640787583 3.6850931644439697 814080
1770640805467 3.687523365020752 819200
1770640823522 3.687230348587036 824320
1770640841566 3.6881442070007324 829440
1770640859779 3.690037727355957 834560
1770640878201 3.691605806350708 839680
1770640896229 3.689159870147705 844800
1770640914223 3.6868157386779785 849920
1770640932065 3.686753988265991 855040
1770640949887 3.6874606609344482 860160
1770640967935 3.688826322555542 865280
1770640986350 3.6924219131469727 870400
1770641004235 3.6933703422546387 875520
1770641022019 3.6951212882995605 880640
1770641039822 3.6950981616973877 885760
1770641057670 3.6957552433013916 890880
1770641075581 3.698960542678833 896000
1770641093533 3.7000207901000977 901120
1770641111498 3.702956438064575 906240
1770641130428 3.701752185821533 911360
1770641149847 3.70035982131958 916480
1770641169411 3.6994996070861816 921600
1770641188443 3.6998543739318848 926720
1770641207641 3.702946424484253 931840
1770641226639 3.707115411758423 936960
1770641244804 3.7100768089294434 942080
1770641262923 3.709171772003174 947200
1770641280913 3.7096424102783203 952320
1770641298873 3.708237409591675 957440
1770641316848 3.7057712078094482 962560
1770641334889 3.7075588703155518 967680
1770641352818 3.7106711864471436 972800
1770641370749 3.712789535522461 977920
1770641388651 3.7149698734283447 983040
1770641407398 3.7140750885009766 988160
1770641425548 3.7162208557128906 993280
1770641443534 3.7159295082092285 998400
1770641447191 3.7165379524230957 1000448
