1769364028138 20.53102684020996 5120
1769364039306 20.764089584350586 10240
1769364047228 20.657041549682617 15360
1769364054948 20.365459442138672 20480
1769364062459 20.251293182373047 25600
1769364073458 20.18951416015625 30720
1769364081764 20.17874526977539 35840
1769364089613 20.135313034057617 40960
1769364096682 20.108165740966797 46080
1769364107142 20.169282913208008 51200
1769364116252 20.25840950012207 56320
1769364123803 20.232345581054688 61440
1769364131120 20.21240997314453 66560
1769364142043 20.189861297607422 71680
1769364150706 20.175756454467773 76800
1769364158085 20.19808578491211 81920
1769364165180 20.207744598388672 87040
1769364176145 20.24553108215332 92160
1769364184838 20.23708724975586 97280
1769364191932 20.250083923339844 102400
1769364199833 20.217960357666016 107520
1769364210251 20.231111526489258 112640
1769364218830 20.25333595275879 117760
1769364226319 20.224788665771484 122880
1769364233671 20.198474884033203 128000
1769364244229 20.195423126220703 133120
1769364252608 20.191303253173828 138240
1769364260428 20.18441390991211 143360
1769364268497 20.173999786376953 148480
1769364278271 20.171152114868164 153600
1769364286906 20.172494888305664 158720
1769364295117 20.150955200195312 163840
1769364302396 20.129335403442383 168960
1769364312381 20.127641677856445 174080
1769364321276 20.130794525146484 179200
1769364329314 20.106613159179688 184320
1769364336948 20.098886489868164 189440
1769364346167 20.112686157226562 194560
1769364355873 20.111732482910156 199680
1769364364000 20.111143112182617 204800
1769364371412 20.106273651123047 209920
1769364380332 20.101085662841797 215040
1769364389436 20.082300186157227 220160
1769364398205 20.100414276123047 225280
1769364405880 20.11368751525879 230400
1769364414743 20.12700843811035 235520
1769364423497 20.126829147338867 240640
1769364432116 20.116111755371094 245760
1769364440321 20.126911163330078 250880
1769364448944 20.10831642150879 256000
1769364457465 20.10543441772461 261120
1769364465924 20.11513328552246 266240
1769364475087 20.133087158203125 271360
1769364482662 20.129756927490234 276480
1769364492183 20.13062286376953 281600
1769364500540 20.142152786254883 286720
1769364509514 20.152191162109375 291840
1769364516028 20.11882781982422 296960
1769364519535 20.117483139038086 300032
