1769364028138 0.1254834681749344 5120
1769364039306 0.12271095812320709 10240
1769364047228 0.1215038076043129 15360
1769364054948 0.12062367051839828 20480
1769364062459 0.11973874270915985 25600
1769364073458 0.1179283857345581 30720
1769364081764 0.11707726866006851 35840
1769364089613 0.11788343638181686 40960
1769364096682 0.11765158921480179 46080
1769364107142 0.11698918044567108 51200
1769364116252 0.11846921592950821 56320
1769364123803 0.11774501949548721 61440
1769364131120 0.11681836098432541 66560
1769364142043 0.11678954213857651 71680
1769364150706 0.11628151684999466 76800
1769364158085 0.11598015576601028 81920
1769364165180 0.11628641933202744 87040
1769364176145 0.11619382351636887 92160
1769364184838 0.11619845032691956 97280
1769364191932 0.1161535382270813 102400
1769364199833 0.11639779806137085 107520
1769364210251 0.1165134608745575 112640
1769364218830 0.11685871332883835 117760
1769364226319 0.11724191159009933 122880
1769364233671 0.11735899746417999 128000
1769364244229 0.11738726496696472 133120
1769364252608 0.11745954304933548 138240
1769364260428 0.11744288355112076 143360
1769364268497 0.11778038740158081 148480
1769364278271 0.11753220111131668 153600
1769364286906 0.11713296175003052 158720
1769364295117 0.1169261634349823 163840
1769364302396 0.11675310879945755 168960
1769364312381 0.11648035794496536 174080
1769364321276 0.11639076471328735 179200
1769364329314 0.1161985695362091 184320
1769364336948 0.11584997177124023 189440
1769364346167 0.11590087413787842 194560
1769364355873 0.11613263934850693 199680
1769364364000 0.11595549434423447 204800
1769364371412 0.11592596024274826 209920
1769364380332 0.11584118008613586 215040
1769364389436 0.11588648706674576 220160
1769364398205 0.11563483625650406 225280
1769364405880 0.11576803773641586 230400
1769364414743 0.11583198606967926 235520
1769364423497 0.11601430922746658 240640
1769364432116 0.11579981446266174 245760
1769364440321 0.11584464460611343 250880
1769364448944 0.11591283977031708 256000
1769364457465 0.11591961979866028 261120
1769364465924 0.11587753891944885 266240
1769364475087 0.11614927649497986 271360
1769364482662 0.11608278006315231 276480
1769364492183 0.11606007069349289 281600
1769364500540 0.11602681130170822 286720
1769364509514 0.11623231321573257 291840
1769364516028 0.1161029189825058 296960
1769364519535 0.11611320823431015 300032
