1769364028138 1.1983163356781006 5120
1769364039306 1.2011979818344116 10240
1769364047228 1.2004990577697754 15360
1769364054948 1.183326005935669 20480
1769364062459 1.1797842979431152 25600
1769364073458 1.1733417510986328 30720
1769364081764 1.1700485944747925 35840
1769364089613 1.1692813634872437 40960
1769364096682 1.1670551300048828 46080
1769364107142 1.1675130128860474 51200
1769364116252 1.173822283744812 56320
1769364123803 1.171620488166809 61440
1769364131120 1.1686532497406006 66560
1769364142043 1.167630672454834 71680
1769364150706 1.165719985961914 76800
1769364158085 1.1652495861053467 81920
1769364165180 1.1663089990615845 87040
1769364176145 1.1679747104644775 92160
1769364184838 1.1677241325378418 97280
1769364191932 1.1673365831375122 102400
1769364199833 1.1667348146438599 107520
1769364210251 1.1681928634643555 112640
1769364218830 1.1696492433547974 117760
1769364226319 1.1692923307418823 122880
1769364233671 1.168539047241211 128000
1769364244229 1.1684106588363647 133120
1769364252608 1.168064832687378 138240
1769364260428 1.1681703329086304 143360
1769364268497 1.1690729856491089 148480
1769364278271 1.1687593460083008 153600
1769364286906 1.167973279953003 158720
1769364295117 1.166243314743042 163840
1769364302396 1.164865255355835 168960
1769364312381 1.1646777391433716 174080
1769364321276 1.1646158695220947 179200
1769364329314 1.1634050607681274 184320
1769364336948 1.1622165441513062 189440
1769364346167 1.1627721786499023 194560
1769364355873 1.163304090499878 199680
1769364364000 1.163262963294983 204800
1769364371412 1.1632919311523438 209920
1769364380332 1.1628164052963257 215040
1769364389436 1.1619141101837158 220160
1769364398205 1.1621384620666504 225280
1769364405880 1.1628978252410889 230400
1769364414743 1.1636165380477905 235520
1769364423497 1.1639697551727295 240640
1769364432116 1.1630587577819824 245760
1769364440321 1.1636323928833008 250880
1769364448944 1.162658929824829 256000
1769364457465 1.1626598834991455 261120
1769364465924 1.1629400253295898 266240
1769364475087 1.1641490459442139 271360
1769364482662 1.1636931896209717 276480
1769364492183 1.1635662317276 281600
1769364500540 1.1639090776443481 286720
1769364509514 1.1648541688919067 291840
1769364516028 1.1632046699523926 296960
1769364519535 1.1630882024765015 300032
