1769364028129 -1.4707655906677246 5120
1769364039298 0.9194531440734863 10240
1769364047219 0.7252343893051147 15360
1769364054940 0.6720312833786011 20480
1769364062452 0.4561719000339508 25600
1769364073451 0.2782031297683716 30720
1769364081755 0.26212888956069946 35840
1769364089603 -0.03349609300494194 40960
1769364096675 -0.07795898616313934 46080
1769364107131 -0.2702471911907196 51200
1769364116242 -0.3541211187839508 56320
1769364123795 -0.5461328029632568 61440
1769364131111 -0.7868750691413879 66560
1769364142031 -0.7955468893051147 71680
1769364150698 -0.9664062261581421 76800
1769364158072 -1.1398438215255737 81920
1769364165170 -1.2395312786102295 87040
1769364176138 -1.3650000095367432 92160
1769364184828 -1.4750001430511475 97280
1769364191924 -1.6431249380111694 102400
1769364199823 -1.734375 107520
1769364210241 -1.9003124237060547 112640
1769364218823 -1.9812500476837158 117760
1769364226308 -2.1340625286102295 122880
1769364233662 -2.236562490463257 128000
1769364244221 -2.40625 133120
1769364252600 -2.5537502765655518 138240
1769364260422 -2.6781251430511475 143360
1769364268489 -2.786875009536743 148480
1769364278262 -2.8862500190734863 153600
1769364286894 -3.0 158720
1769364295107 -3.153125047683716 163840
1769364302388 -3.2712502479553223 168960
1769364312370 -3.327500104904175 174080
1769364321265 -3.539374828338623 179200
1769364329301 -3.5425000190734863 184320
1769364336941 -3.7618746757507324 189440
1769364346156 -3.8675003051757812 194560
1769364355860 -3.9931252002716064 199680
1769364363994 -4.1206254959106445 204800
1769364371401 -4.173750400543213 209920
1769364380319 -4.369374752044678 215040
1769364389428 -4.37375020980835 220160
1769364398197 -4.552500247955322 225280
1769364405869 -4.6762495040893555 230400
1769364414731 -4.778750419616699 235520
1769364423489 -4.83875036239624 240640
1769364432106 -4.996250152587891 245760
1769364440306 -5.080000400543213 250880
1769364448935 -5.216250419616699 256000
1769364457450 -5.266250133514404 261120
1769364465913 -5.380000114440918 266240
1769364475078 -5.422500133514404 271360
1769364482653 -5.603749752044678 276480
1769364492175 -5.733750343322754 281600
1769364500530 -5.800000190734863 286720
1769364509502 -5.961249351501465 291840
1769364516016 -6.047499656677246 296960
1769364519527 -6.084375381469727 300032
