1769364028129 29.90314292907715 5120
1769364039298 30.604089736938477 10240
1769364047219 31.39223289489746 15360
1769364054940 29.626794815063477 20480
1769364062452 30.281017303466797 25600
1769364073451 31.093175888061523 30720
1769364081755 29.579387664794922 35840
1769364089603 31.359394073486328 40960
1769364096675 29.45442771911621 46080
1769364107131 29.792245864868164 51200
1769364116242 30.009695053100586 56320
1769364123795 30.429025650024414 61440
1769364131111 32.01586151123047 66560
1769364142031 29.471546173095703 71680
1769364150698 30.500869750976562 76800
1769364158072 31.21994972229004 81920
1769364165170 30.062519073486328 87040
1769364176138 30.11562156677246 92160
1769364184828 30.769912719726562 97280
1769364191924 30.084842681884766 102400
1769364199823 29.814437866210938 107520
1769364210241 30.0710506439209 112640
1769364218823 29.23874855041504 117760
1769364226308 29.775409698486328 122880
1769364233662 30.118778228759766 128000
1769364244221 30.095321655273438 133120
1769364252600 31.17621421813965 138240
1769364260422 30.708694458007812 143360
1769364268489 30.13431167602539 148480
1769364278262 30.84724998474121 153600
1769364286894 30.228219985961914 158720
1769364295107 30.84775733947754 163840
1769364302388 31.304920196533203 168960
1769364312370 30.74918556213379 174080
1769364321265 31.10821533203125 179200
1769364329301 29.556005477905273 184320
1769364336941 31.268085479736328 189440
1769364346156 31.247879028320312 194560
1769364355860 33.323455810546875 199680
1769364363994 32.145992279052734 204800
1769364371401 30.7075138092041 209920
1769364380319 30.863452911376953 215040
1769364389428 30.658191680908203 220160
1769364398197 31.483699798583984 225280
1769364405869 32.90021514892578 230400
1769364414731 32.27326965332031 235520
1769364423489 32.09398651123047 240640
1769364432106 32.52876281738281 245760
1769364440306 30.951282501220703 250880
1769364448935 32.11453628540039 256000
1769364457450 32.416988372802734 261120
1769364465913 32.763145446777344 266240
1769364475078 31.997127532958984 271360
1769364482653 32.9991569519043 276480
1769364492175 33.01820755004883 281600
1769364500530 34.60666275024414 286720
1769364509502 34.185630798339844 291840
1769364516016 34.17390441894531 296960
1769364519527 34.36743927001953 300032
