1769364028138 1.4191464185714722 5120
1769364039306 1.4052928686141968 10240
1769364047228 1.3874356746673584 15360
1769364054948 1.3744875192642212 20480
1769364062459 1.3633977174758911 25600
1769364073458 1.3425134420394897 30720
1769364081764 1.3345509767532349 35840
1769364089613 1.3389902114868164 40960
1769364096682 1.3340692520141602 46080
1769364107142 1.3320636749267578 51200
1769364116252 1.3456294536590576 56320
1769364123803 1.338901400566101 61440
1769364131120 1.333617091178894 66560
1769364142043 1.3306629657745361 71680
1769364150706 1.3268083333969116 76800
1769364158085 1.3257627487182617 81920
1769364165180 1.3279156684875488 87040
1769364176145 1.3293180465698242 92160
1769364184838 1.327096700668335 97280
1769364191932 1.3281818628311157 102400
1769364199833 1.3302773237228394 107520
1769364210251 1.331525206565857 112640
1769364218830 1.3338829278945923 117760
1769364226319 1.3354812860488892 122880
1769364233671 1.335322380065918 128000
1769364244229 1.335037112236023 133120
1769364252608 1.336240530014038 138240
1769364260428 1.3362295627593994 143360
1769364268497 1.3380000591278076 148480
1769364278271 1.3372037410736084 153600
1769364286906 1.334764838218689 158720
1769364295117 1.3325603008270264 163840
1769364302396 1.3299877643585205 168960
1769364312381 1.3263005018234253 174080
1769364321276 1.325081467628479 179200
1769364329314 1.324072003364563 184320
1769364336948 1.3213810920715332 189440
1769364346167 1.3215253353118896 194560
1769364355873 1.3221850395202637 199680
1769364364000 1.3214166164398193 204800
1769364371412 1.3203516006469727 209920
1769364380332 1.3202728033065796 215040
1769364389436 1.320367693901062 220160
1769364398205 1.3193117380142212 225280
1769364405880 1.3199529647827148 230400
1769364414743 1.3197569847106934 235520
1769364423497 1.320753574371338 240640
1769364432116 1.318960189819336 245760
1769364440321 1.3200980424880981 250880
1769364448944 1.3206745386123657 256000
1769364457465 1.32100248336792 261120
1769364465924 1.3202905654907227 266240
1769364475087 1.3224151134490967 271360
1769364482662 1.3221849203109741 276480
1769364492183 1.3222358226776123 281600
1769364500540 1.322445034980774 286720
1769364509514 1.3238600492477417 291840
1769364516028 1.3222590684890747 296960
1769364519535 1.3227176666259766 300032
