1769364028138 2.715301036834717 5120
1769364039306 2.643601894378662 10240
1769364047228 2.625836133956909 15360
1769364054948 2.608832359313965 20480
1769364062459 2.592831611633301 25600
1769364073458 2.553694725036621 30720
1769364081764 2.5328586101531982 35840
1769364089613 2.5504393577575684 40960
1769364096682 2.544548511505127 46080
1769364107142 2.529794216156006 51200
1769364116252 2.561008930206299 56320
1769364123803 2.5452768802642822 61440
1769364131120 2.526440382003784 66560
1769364142043 2.5257010459899902 71680
1769364150706 2.513730049133301 76800
1769364158085 2.505897045135498 81920
1769364165180 2.511491537094116 87040
1769364176145 2.509908676147461 92160
1769364184838 2.5093986988067627 97280
1769364191932 2.507885694503784 102400
1769364199833 2.5125315189361572 107520
1769364210251 2.515530824661255 112640
1769364218830 2.5228188037872314 117760
1769364226319 2.5315375328063965 122880
1769364233671 2.5344181060791016 128000
1769364244229 2.5355985164642334 133120
1769364252608 2.536372184753418 138240
1769364260428 2.536832332611084 143360
1769364268497 2.5447325706481934 148480
1769364278271 2.5396311283111572 153600
1769364286906 2.5308725833892822 158720
1769364295117 2.5259439945220947 163840
1769364302396 2.5224595069885254 168960
1769364312381 2.516813278198242 174080
1769364321276 2.5147485733032227 179200
1769364329314 2.510817050933838 184320
1769364336948 2.5030016899108887 189440
1769364346167 2.504087448120117 194560
1769364355873 2.509265422821045 199680
1769364364000 2.5055243968963623 204800
1769364371412 2.5045437812805176 209920
1769364380332 2.502351760864258 215040
1769364389436 2.50337553024292 220160
1769364398205 2.4980642795562744 225280
1769364405880 2.500659465789795 230400
1769364414743 2.5017685890197754 235520
1769364423497 2.5059497356414795 240640
1769364432116 2.501464366912842 245760
1769364440321 2.502487897872925 250880
1769364448944 2.503391981124878 256000
1769364457465 2.503527879714966 261120
1769364465924 2.502516031265259 266240
1769364475087 2.50840163230896 271360
1769364482662 2.5066020488739014 276480
1769364492183 2.50600266456604 281600
1769364500540 2.5053327083587646 286720
1769364509514 2.5099711418151855 291840
1769364516028 2.5073611736297607 296960
1769364519535 2.507718563079834 300032
