1769356209703 17.780723571777344 5120
1769356218126 17.501243591308594 10240
1769356226479 17.508821487426758 15360
1769356235551 17.651216506958008 20480
1769356243315 17.612123489379883 25600
1769356251391 17.465715408325195 30720
1769356259030 17.67218589782715 35840
1769356266715 17.754030227661133 40960
1769356274497 17.78219223022461 46080
1769356282341 17.830570220947266 51200
1769356291943 17.837800979614258 56320
1769356300432 17.819631576538086 61440
1769356308785 17.845399856567383 66560
1769356317140 17.83046531677246 71680
1769356325166 17.812429428100586 76800
1769356333447 17.827829360961914 81920
1769356341891 17.815298080444336 87040
1769356350245 17.784944534301758 92160
1769356358873 17.729902267456055 97280
1769356367509 17.714454650878906 102400
1769356376102 17.698684692382812 107520
1769356384345 17.69727325439453 112640
1769356393051 17.711528778076172 117760
1769356401362 17.739486694335938 122880
1769356409879 17.744083404541016 128000
1769356418540 17.735488891601562 133120
1769356427709 17.724750518798828 138240
1769356436361 17.742145538330078 143360
1769356445069 17.742097854614258 148480
1769356453734 17.72484016418457 153600
1769356462423 17.747291564941406 158720
1769356471275 17.78400421142578 163840
1769356479618 17.79226303100586 168960
1769356488761 17.803924560546875 174080
1769356497570 17.791223526000977 179200
1769356506211 17.830543518066406 184320
1769356514843 17.834476470947266 189440
1769356524143 17.838031768798828 194560
1769356534345 17.829259872436523 199680
1769356543363 17.87764549255371 204800
1769356551943 17.88571548461914 209920
1769356560534 17.885995864868164 215040
1769356569226 17.913055419921875 220160
1769356577449 17.922134399414062 225280
1769356585789 17.908763885498047 230400
1769356594342 17.898319244384766 235520
1769356604066 17.890649795532227 240640
1769356614104 17.89923095703125 245760
1769356623607 17.90122413635254 250880
1769356633277 17.878101348876953 256000
1769356642504 17.8893985748291 261120
1769356651752 17.89873504638672 266240
1769356661407 17.889392852783203 271360
1769356670580 17.89220428466797 276480
1769356680041 17.87578773498535 281600
1769356689393 17.867244720458984 286720
1769356699030 17.86641502380371 291840
1769356711000 17.87112045288086 296960
1769356714707 17.87666130065918 300032
