1769356209703 23.76877784729004 5120
1769356218126 23.563688278198242 10240
1769356226479 23.601213455200195 15360
1769356235551 23.737590789794922 20480
1769356243315 23.614229202270508 25600
1769356251391 23.431880950927734 30720
1769356259030 23.744932174682617 35840
1769356266715 23.878873825073242 40960
1769356274497 23.927837371826172 46080
1769356282341 23.949050903320312 51200
1769356291943 23.921039581298828 56320
1769356300432 23.892044067382812 61440
1769356308785 23.93924903869629 66560
1769356317140 23.929391860961914 71680
1769356325166 23.92131805419922 76800
1769356333447 23.948305130004883 81920
1769356341891 23.929487228393555 87040
1769356350245 23.891016006469727 92160
1769356358873 23.817590713500977 97280
1769356367509 23.79657745361328 102400
1769356376102 23.78562355041504 107520
1769356384345 23.777570724487305 112640
1769356393051 23.796186447143555 117760
1769356401362 23.83270263671875 122880
1769356409879 23.842174530029297 128000
1769356418540 23.831151962280273 133120
1769356427709 23.818359375 138240
1769356436361 23.837968826293945 143360
1769356445069 23.843225479125977 148480
1769356453734 23.821556091308594 153600
1769356462423 23.861312866210938 158720
1769356471275 23.908029556274414 163840
1769356479618 23.918350219726562 168960
1769356488761 23.92708396911621 174080
1769356497570 23.912473678588867 179200
1769356506211 23.949691772460938 184320
1769356514843 23.946876525878906 189440
1769356524143 23.948335647583008 194560
1769356534345 23.93447494506836 199680
1769356543363 23.997081756591797 204800
1769356551943 24.003263473510742 209920
1769356560534 23.996984481811523 215040
1769356569226 24.02630043029785 220160
1769356577449 24.036569595336914 225280
1769356585789 24.02743148803711 230400
1769356594342 24.016036987304688 235520
1769356604066 24.01326560974121 240640
1769356614104 24.021560668945312 245760
1769356623607 24.016986846923828 250880
1769356633277 23.993560791015625 256000
1769356642504 24.01239013671875 261120
1769356651752 24.032840728759766 266240
1769356661407 24.020740509033203 271360
1769356670580 24.016902923583984 276480
1769356680041 23.996580123901367 281600
1769356689393 23.984825134277344 286720
1769356699030 23.98598861694336 291840
1769356711000 23.99514389038086 296960
1769356714707 23.999784469604492 300032
