1769356209703 0.0 5120
1769356218126 0.0 10240
1769356226479 0.0 15360
1769356235551 0.0 20480
1769356243315 0.0 25600
1769356251391 0.0 30720
1769356259030 0.0 35840
1769356266715 0.0 40960
1769356274497 0.0 46080
1769356282341 0.0 51200
1769356291943 0.0 56320
1769356300432 0.0 61440
1769356308785 0.0 66560
1769356317140 0.0 71680
1769356325166 0.0 76800
1769356333447 0.0 81920
1769356341891 0.0 87040
1769356350245 0.0 92160
1769356358873 0.0 97280
1769356367509 0.0 102400
1769356376102 0.0 107520
1769356384345 0.0 112640
1769356393051 0.0 117760
1769356401362 0.0 122880
1769356409879 0.0 128000
1769356418540 0.0 133120
1769356427709 0.0 138240
1769356436361 0.0 143360
1769356445069 0.0 148480
1769356453734 0.0 153600
1769356462423 0.0 158720
1769356471275 0.0 163840
1769356479618 0.0 168960
1769356488761 0.0 174080
1769356497570 0.0 179200
1769356506211 0.0 184320
1769356514843 0.0 189440
1769356524143 0.0 194560
1769356534345 0.0 199680
1769356543363 0.0 204800
1769356551943 0.0 209920
1769356560534 0.0 215040
1769356569226 0.0 220160
1769356577449 0.0 225280
1769356585789 0.0 230400
1769356594342 0.0 235520
1769356604066 0.0 240640
1769356614104 0.0 245760
1769356623607 0.0 250880
1769356633277 0.0 256000
1769356642504 0.0 261120
1769356651752 0.0 266240
1769356661407 0.0 271360
1769356670580 0.0 276480
1769356680041 0.0 281600
1769356689393 0.0 286720
1769356699030 0.0 291840
1769356711000 0.0 296960
1769356714707 0.0 300032
