1769356209703 1.1593458652496338 5120
1769356218126 1.152933955192566 10240
1769356226479 1.1547307968139648 15360
1769356235551 1.1593116521835327 20480
1769356243315 1.149758219718933 25600
1769356251391 1.1400877237319946 30720
1769356259030 1.149485468864441 35840
1769356266715 1.1545944213867188 40960
1769356274497 1.153089165687561 46080
1769356282341 1.1545741558074951 51200
1769356291943 1.1526926755905151 56320
1769356300432 1.1511688232421875 61440
1769356308785 1.150769591331482 66560
1769356317140 1.15060555934906 71680
1769356325166 1.1523557901382446 76800
1769356333447 1.153761625289917 81920
1769356341891 1.1522142887115479 87040
1769356350245 1.150698184967041 92160
1769356358873 1.1485955715179443 97280
1769356367509 1.1474844217300415 102400
1769356376102 1.1469615697860718 107520
1769356384345 1.146681308746338 112640
1769356393051 1.1471809148788452 117760
1769356401362 1.1484942436218262 122880
1769356409879 1.1487786769866943 128000
1769356418540 1.1493624448776245 133120
1769356427709 1.1483771800994873 138240
1769356436361 1.1496702432632446 143360
1769356445069 1.1500288248062134 148480
1769356453734 1.1489264965057373 153600
1769356462423 1.1504278182983398 158720
1769356471275 1.1520441770553589 163840
1769356479618 1.1526989936828613 168960
1769356488761 1.1527857780456543 174080
1769356497570 1.152781367301941 179200
1769356506211 1.1533502340316772 184320
1769356514843 1.1528701782226562 189440
1769356524143 1.1529273986816406 194560
1769356534345 1.152385950088501 199680
1769356543363 1.154811143875122 204800
1769356551943 1.15496027469635 209920
1769356560534 1.1547203063964844 215040
1769356569226 1.1558547019958496 220160
1769356577449 1.156489372253418 225280
1769356585789 1.1566855907440186 230400
1769356594342 1.1563389301300049 235520
1769356604066 1.1564033031463623 240640
1769356614104 1.1565830707550049 245760
1769356623607 1.156322717666626 250880
1769356633277 1.1556884050369263 256000
1769356642504 1.156698226928711 261120
1769356651752 1.157365322113037 266240
1769356661407 1.15665602684021 271360
1769356670580 1.1564579010009766 276480
1769356680041 1.1558398008346558 281600
1769356689393 1.1550493240356445 286720
1769356699030 1.1551851034164429 291840
1769356711000 1.155657172203064 296960
1769356714707 1.155992865562439 300032
