1769356209699 21.254709243774414 5120
1769356218121 23.97648811340332 10240
1769356226474 23.202350616455078 15360
1769356235546 24.107131958007812 20480
1769356243306 24.355571746826172 25600
1769356251387 25.16826057434082 30720
1769356259025 25.166770935058594 35840
1769356266710 25.461395263671875 40960
1769356274492 25.34069061279297 46080
1769356282335 26.571359634399414 51200
1769356291935 26.628936767578125 56320
1769356300425 26.18755531311035 61440
1769356308781 26.401195526123047 66560
1769356317134 27.49576187133789 71680
1769356325161 27.323974609375 76800
1769356333440 28.319259643554688 81920
1769356341885 28.237594604492188 87040
1769356350235 29.17647361755371 92160
1769356358866 29.447031021118164 97280
1769356367502 29.459115982055664 102400
1769356376094 29.8769474029541 107520
1769356384339 30.14591407775879 112640
1769356393041 30.458240509033203 117760
1769356401353 31.06736183166504 122880
1769356409873 31.35811996459961 128000
1769356418532 31.983657836914062 133120
1769356427703 32.625038146972656 138240
1769356436351 32.49321746826172 143360
1769356445061 32.90907287597656 148480
1769356453721 33.42884826660156 153600
1769356462415 34.1988639831543 158720
1769356471267 33.85541534423828 163840
1769356479604 34.90541076660156 168960
1769356488752 34.527000427246094 174080
1769356497558 35.55998992919922 179200
1769356506200 35.183589935302734 184320
1769356514835 36.22463607788086 189440
1769356524135 36.60710906982422 194560
1769356534335 36.120967864990234 199680
1769356543356 36.77723693847656 204800
1769356551932 37.43962478637695 209920
1769356560525 38.081546783447266 215040
1769356569219 36.79445266723633 220160
1769356577441 38.051918029785156 225280
1769356585781 38.18402099609375 230400
1769356594334 38.78579330444336 235520
1769356604056 38.70919418334961 240640
1769356614093 39.24077606201172 245760
1769356623594 39.67212677001953 250880
1769356633266 40.56744384765625 256000
1769356642495 40.2138557434082 261120
1769356651742 40.384742736816406 266240
1769356661392 40.134429931640625 271360
1769356670572 41.36960220336914 276480
1769356680031 41.49579620361328 281600
1769356689383 40.998443603515625 286720
1769356699017 41.350032806396484 291840
1769356710991 42.18573760986328 296960
1769356714694 40.256370544433594 300032
