1769356209703 0.29872599244117737 5120
1769356218126 0.2984052300453186 10240
1769356226479 0.2993720471858978 15360
1769356235551 0.298338383436203 20480
1769356243315 0.2955879867076874 25600
1769356251391 0.2925478219985962 30720
1769356259030 0.2972871959209442 35840
1769356266715 0.29987359046936035 40960
1769356274497 0.2997405230998993 46080
1769356282341 0.2985117435455322 51200
1769356291943 0.2953142821788788 56320
1769356300432 0.29474228620529175 61440
1769356308785 0.29578423500061035 66560
1769356317140 0.2957017421722412 71680
1769356325166 0.2969057857990265 76800
1769356333447 0.2976461946964264 81920
1769356341891 0.29779353737831116 87040
1769356350245 0.2967626452445984 92160
1769356358873 0.2960578501224518 97280
1769356367509 0.2959342300891876 102400
1769356376102 0.29604700207710266 107520
1769356384345 0.2950880825519562 112640
1769356393051 0.29570433497428894 117760
1769356401362 0.29618194699287415 122880
1769356409879 0.29597243666648865 128000
1769356418540 0.29565709829330444 133120
1769356427709 0.29522067308425903 138240
1769356436361 0.2960352301597595 143360
1769356445069 0.29620370268821716 148480
1769356453734 0.2960769236087799 153600
1769356462423 0.29701679944992065 158720
1769356471275 0.2973373532295227 163840
1769356479618 0.29742980003356934 168960
1769356488761 0.29724356532096863 174080
1769356497570 0.29710057377815247 179200
1769356506211 0.29711681604385376 184320
1769356514843 0.2966482937335968 189440
1769356524143 0.29636988043785095 194560
1769356534345 0.2962627112865448 199680
1769356543363 0.2971385419368744 204800
1769356551943 0.2969702184200287 209920
1769356560534 0.29686346650123596 215040
1769356569226 0.29694458842277527 220160
1769356577449 0.2971775531768799 225280
1769356585789 0.29752129316329956 230400
1769356594342 0.29756027460098267 235520
1769356604066 0.2977357804775238 240640
1769356614104 0.2979845404624939 245760
1769356623607 0.29752781987190247 250880
1769356633277 0.29764875769615173 256000
1769356642504 0.2980369031429291 261120
1769356651752 0.29838827252388 266240
1769356661407 0.29829204082489014 271360
1769356670580 0.2976420819759369 276480
1769356680041 0.2974717319011688 281600
1769356689393 0.2970673739910126 286720
1769356699030 0.2968803644180298 291840
1769356711000 0.29706814885139465 296960
1769356714707 0.2970902919769287 300032
