1769356209703 2.0089733600616455 5120
1769356218126 2.011897563934326 10240
1769356226479 2.010702133178711 15360
1769356235551 1.9954971075057983 20480
1769356243315 1.9735102653503418 25600
1769356251391 1.9521360397338867 30720
1769356259030 1.9937981367111206 35840
1769356266715 2.0133438110351562 40960
1769356274497 2.011584997177124 46080
1769356282341 1.9959279298782349 51200
1769356291943 1.965571403503418 56320
1769356300432 1.9608571529388428 61440
1769356308785 1.9716098308563232 66560
1769356317140 1.9711641073226929 71680
1769356325166 1.9812054634094238 76800
1769356333447 1.9876360893249512 81920
1769356341891 1.9909456968307495 87040
1769356350245 1.9824877977371216 92160
1769356358873 1.976708173751831 97280
1769356367509 1.9762847423553467 102400
1769356376102 1.9768396615982056 107520
1769356384345 1.9677939414978027 112640
1769356393051 1.9725468158721924 117760
1769356401362 1.9764487743377686 122880
1769356409879 1.9751369953155518 128000
1769356418540 1.9726076126098633 133120
1769356427709 1.9685226678848267 138240
1769356436361 1.9761650562286377 143360
1769356445069 1.977542757987976 148480
1769356453734 1.9774048328399658 153600
1769356462423 1.9862631559371948 158720
1769356471275 1.9883770942687988 163840
1769356479618 1.9894001483917236 168960
1769356488761 1.9870237112045288 174080
1769356497570 1.9856460094451904 179200
1769356506211 1.98470938205719 184320
1769356514843 1.9803965091705322 189440
1769356524143 1.977182388305664 194560
1769356534345 1.97713041305542 199680
1769356543363 1.9839932918548584 204800
1769356551943 1.9812419414520264 209920
1769356560534 1.979948878288269 215040
1769356569226 1.9796119928359985 220160
1769356577449 1.9813284873962402 225280
1769356585789 1.9852179288864136 230400
1769356594342 1.9858214855194092 235520
1769356604066 1.9874424934387207 240640
1769356614104 1.9900161027908325 245760
1769356623607 1.9860535860061646 250880
1769356633277 1.988204002380371 256000
1769356642504 1.991042137145996 261120
1769356651752 1.9943931102752686 266240
1769356661407 1.9944688081741333 271360
1769356670580 1.9879701137542725 276480
1769356680041 1.9865641593933105 281600
1769356689393 1.983085036277771 286720
1769356699030 1.981277346611023 291840
1769356711000 1.9831631183624268 296960
1769356714707 1.9829915761947632 300032
