1769366495557 20.00941276550293 5120
1769366505702 19.97168731689453 10240
1769366513797 19.813777923583984 15360
1769366522239 19.598913192749023 20480
1769366530899 19.575387954711914 25600
1769366541297 19.43039321899414 30720
1769366548277 19.451824188232422 35840
1769366555596 19.53841209411621 40960
1769366563842 19.474647521972656 46080
1769366574058 19.46049690246582 51200
1769366583930 19.564363479614258 56320
1769366593437 19.64208221435547 61440
1769366601390 19.587177276611328 66560
1769366611450 19.607410430908203 71680
1769366619424 19.565441131591797 76800
1769366627294 19.57263946533203 81920
1769366636110 19.544334411621094 87040
1769366646008 19.565998077392578 92160
1769366654108 19.528596878051758 97280
1769366661982 19.562341690063477 102400
1769366669559 19.566635131835938 107520
1769366680073 19.56312370300293 112640
1769366687896 19.55858612060547 117760
1769366695819 19.58530616760254 122880
1769366703136 19.55860137939453 128000
1769366713657 19.55261993408203 133120
1769366721820 19.56005096435547 138240
1769366729252 19.54322624206543 143360
1769366736812 19.526473999023438 148480
1769366747132 19.490493774414062 153600
1769366754994 19.522348403930664 158720
1769366762695 19.555707931518555 163840
1769366770546 19.5308895111084 168960
1769366780735 19.538837432861328 174080
1769366788352 19.506729125976562 179200
1769366796117 19.508913040161133 184320
1769366804210 19.49327278137207 189440
1769366814139 19.493953704833984 194560
1769366821947 19.499608993530273 199680
1769366829641 19.483154296875 204800
1769366838033 19.46887969970703 209920
1769366848185 19.482650756835938 215040
1769366855717 19.481409072875977 220160
1769366863918 19.4969482421875 225280
1769366872221 19.49319839477539 230400
1769366881724 19.50271224975586 235520
1769366889127 19.51577377319336 240640
1769366896479 19.493030548095703 245760
1769366904136 19.505725860595703 250880
1769366914291 19.512910842895508 256000
1769366921795 19.508594512939453 261120
1769366928960 19.502132415771484 266240
1769366936741 19.496986389160156 271360
1769366946361 19.497343063354492 276480
1769366954372 19.508460998535156 281600
1769366961625 19.523649215698242 286720
1769366968843 19.51713752746582 291840
1769366979219 19.51357650756836 296960
1769366981151 19.510793685913086 300032
