1769366495557 0.09322316944599152 5120
1769366505702 0.09707362949848175 10240
1769366513797 0.09591520577669144 15360
1769366522239 0.09387105703353882 20480
1769366530899 0.09371230751276016 25600
1769366541297 0.09316755831241608 30720
1769366548277 0.09251042455434799 35840
1769366555596 0.09257600456476212 40960
1769366563842 0.09196098893880844 46080
1769366574058 0.09162227809429169 51200
1769366583930 0.09218855947256088 56320
1769366593437 0.09293846040964127 61440
1769366601390 0.09318671375513077 66560
1769366611450 0.09333612024784088 71680
1769366619424 0.09370779246091843 76800
1769366627294 0.09379200637340546 81920
1769366636110 0.09363745152950287 87040
1769366646008 0.09346736967563629 92160
1769366654108 0.09349769353866577 97280
1769366661982 0.09347952157258987 102400
1769366669559 0.09311903268098831 107520
1769366680073 0.09351752698421478 112640
1769366687896 0.09400485455989838 117760
1769366695819 0.09447945654392242 122880
1769366703136 0.09421159327030182 128000
1769366713657 0.09404709190130234 133120
1769366721820 0.0939006358385086 138240
1769366729252 0.09386126697063446 143360
1769366736812 0.09377741068601608 148480
1769366747132 0.0935610979795456 153600
1769366754994 0.09364716708660126 158720
1769366762695 0.09380949288606644 163840
1769366770546 0.09367605298757553 168960
1769366780735 0.09342397004365921 174080
1769366788352 0.09335726499557495 179200
1769366796117 0.09337783604860306 184320
1769366804210 0.09331467002630234 189440
1769366814139 0.09349776804447174 194560
1769366821947 0.09342135488986969 199680
1769366829641 0.09343770891427994 204800
1769366838033 0.09338265657424927 209920
1769366848185 0.09335297346115112 215040
1769366855717 0.09332586079835892 220160
1769366863918 0.09319767355918884 225280
1769366872221 0.0930853858590126 230400
1769366881724 0.09281311184167862 235520
1769366889127 0.09309396147727966 240640
1769366896479 0.09296905994415283 245760
1769366904136 0.0930480808019638 250880
1769366914291 0.09290620684623718 256000
1769366921795 0.09265950322151184 261120
1769366928960 0.0927160233259201 266240
1769366936741 0.09267902374267578 271360
1769366946361 0.09280149638652802 276480
1769366954372 0.09282979369163513 281600
1769366961625 0.09291800111532211 286720
1769366968843 0.09291431307792664 291840
1769366979219 0.09293876588344574 296960
1769366981151 0.09301470220088959 300032
