1769366495557 26.411136627197266 5120
1769366505702 26.452821731567383 10240
1769366513797 26.24103355407715 15360
1769366522239 25.9674129486084 20480
1769366530899 25.9692440032959 25600
1769366541297 25.789207458496094 30720
1769366548277 25.81918716430664 35840
1769366555596 25.920236587524414 40960
1769366563842 25.829090118408203 46080
1769366574058 25.785417556762695 51200
1769366583930 25.925256729125977 56320
1769366593437 26.042726516723633 61440
1769366601390 25.990436553955078 66560
1769366611450 26.013212203979492 71680
1769366619424 25.98009490966797 76800
1769366627294 25.992563247680664 81920
1769366636110 25.95488929748535 87040
1769366646008 25.96847915649414 92160
1769366654108 25.920673370361328 97280
1769366661982 25.95802116394043 102400
1769366669559 25.9473819732666 107520
1769366680073 25.953718185424805 112640
1769366687896 25.9622859954834 117760
1769366695819 26.010211944580078 122880
1769366703136 25.970422744750977 128000
1769366713657 25.950336456298828 133120
1769366721820 25.954166412353516 138240
1769366729252 25.930957794189453 143360
1769366736812 25.910531997680664 148480
1769366747132 25.867782592773438 153600
1769366754994 25.90114402770996 158720
1769366762695 25.945280075073242 163840
1769366770546 25.91348648071289 168960
1769366780735 25.914142608642578 174080
1769366788352 25.874080657958984 179200
1769366796117 25.879003524780273 184320
1769366804210 25.851858139038086 189440
1769366814139 25.85531997680664 194560
1769366821947 25.857717514038086 199680
1769366829641 25.83730125427246 204800
1769366838033 25.82354164123535 209920
1769366848185 25.831514358520508 215040
1769366855717 25.8310546875 220160
1769366863918 25.8459415435791 225280
1769366872221 25.83867645263672 230400
1769366881724 25.839561462402344 235520
1769366889127 25.86206817626953 240640
1769366896479 25.833749771118164 245760
1769366904136 25.85057258605957 250880
1769366914291 25.853580474853516 256000
1769366921795 25.842971801757812 261120
1769366928960 25.841371536254883 266240
1769366936741 25.833473205566406 271360
1769366946361 25.836395263671875 276480
1769366954372 25.851404190063477 281600
1769366961625 25.87569236755371 286720
1769366968843 25.868675231933594 291840
1769366979219 25.868995666503906 296960
1769366981151 25.867525100708008 300032
