1769366495557 0.0 5120
1769366505702 0.0 10240
1769366513797 0.0 15360
1769366522239 0.0 20480
1769366530899 0.0 25600
1769366541297 0.0 30720
1769366548277 0.0 35840
1769366555596 0.0 40960
1769366563842 0.0 46080
1769366574058 0.0 51200
1769366583930 0.0 56320
1769366593437 0.0 61440
1769366601390 0.0 66560
1769366611450 0.0 71680
1769366619424 0.0 76800
1769366627294 0.0 81920
1769366636110 0.0 87040
1769366646008 0.0 92160
1769366654108 0.0 97280
1769366661982 0.0 102400
1769366669559 0.0 107520
1769366680073 0.0 112640
1769366687896 0.0 117760
1769366695819 0.0 122880
1769366703136 0.0 128000
1769366713657 0.0 133120
1769366721820 0.0 138240
1769366729252 0.0 143360
1769366736812 0.0 148480
1769366747132 0.0 153600
1769366754994 0.0 158720
1769366762695 0.0 163840
1769366770546 0.0 168960
1769366780735 0.0 174080
1769366788352 0.0 179200
1769366796117 0.0 184320
1769366804210 0.0 189440
1769366814139 0.0 194560
1769366821947 0.0 199680
1769366829641 0.0 204800
1769366838033 0.0 209920
1769366848185 0.0 215040
1769366855717 0.0 220160
1769366863918 0.0 225280
1769366872221 0.0 230400
1769366881724 0.0 235520
1769366889127 0.0 240640
1769366896479 0.0 245760
1769366904136 0.0 250880
1769366914291 0.0 256000
1769366921795 0.0 261120
1769366928960 0.0 266240
1769366936741 0.0 271360
1769366946361 0.0 276480
1769366954372 0.0 281600
1769366961625 0.0 286720
1769366968843 0.0 291840
1769366979219 0.0 296960
1769366981151 0.0 300032
