1769366495557 1.1670480966567993 5120
1769366505702 1.1706936359405518 10240
1769366513797 1.1636247634887695 15360
1769366522239 1.1524815559387207 20480
1769366530899 1.1526532173156738 25600
1769366541297 1.145741581916809 30720
1769366548277 1.1464589834213257 35840
1769366555596 1.1513522863388062 40960
1769366563842 1.147493839263916 46080
1769366574058 1.1458429098129272 51200
1769366583930 1.1514549255371094 56320
1769366593437 1.1552575826644897 61440
1769366601390 1.1536715030670166 66560
1769366611450 1.1543959379196167 71680
1769366619424 1.1542786359786987 76800
1769366627294 1.1549944877624512 81920
1769366636110 1.1533584594726562 87040
1769366646008 1.1536566019058228 92160
1769366654108 1.1519023180007935 97280
1769366661982 1.1532833576202393 102400
1769366669559 1.1533350944519043 107520
1769366680073 1.1540570259094238 112640
1769366687896 1.154422640800476 117760
1769366695819 1.1564719676971436 122880
1769366703136 1.1548736095428467 128000
1769366713657 1.1542221307754517 133120
1769366721820 1.1542911529541016 138240
1769366729252 1.1534761190414429 143360
1769366736812 1.1528875827789307 148480
1769366747132 1.151289463043213 153600
1769366754994 1.1528733968734741 158720
1769366762695 1.1547961235046387 163840
1769366770546 1.1534384489059448 168960
1769366780735 1.1532319784164429 174080
1769366788352 1.1517865657806396 179200
1769366796117 1.1522589921951294 184320
1769366804210 1.1509833335876465 189440
1769366814139 1.1510531902313232 194560
1769366821947 1.1510512828826904 199680
1769366829641 1.1503454446792603 204800
1769366838033 1.1497198343276978 209920
1769366848185 1.149880290031433 215040
1769366855717 1.1497509479522705 220160
1769366863918 1.1503934860229492 225280
1769366872221 1.1500272750854492 230400
1769366881724 1.1499176025390625 235520
1769366889127 1.15090012550354 240640
1769366896479 1.1498301029205322 245760
1769366904136 1.15034019947052 250880
1769366914291 1.1504082679748535 256000
1769366921795 1.1498160362243652 261120
1769366928960 1.1497818231582642 266240
1769366936741 1.1494007110595703 271360
1769366946361 1.1494472026824951 276480
1769366954372 1.1502043008804321 281600
1769366961625 1.1512092351913452 286720
1769366968843 1.150998830795288 291840
1769366979219 1.1511037349700928 296960
1769366981151 1.1510118246078491 300032
