1769366495550 20.45259666442871 5120
1769366505696 17.286380767822266 10240
1769366513792 17.419727325439453 15360
1769366522233 17.179636001586914 20480
1769366530887 16.483898162841797 25600
1769366541292 15.689059257507324 30720
1769366548269 15.433438301086426 35840
1769366555590 14.67479133605957 40960
1769366563835 13.61878776550293 46080
1769366574049 13.765913009643555 51200
1769366583915 13.453744888305664 56320
1769366593431 12.49989128112793 61440
1769366601382 13.086462020874023 66560
1769366611437 12.75517749786377 71680
1769366619417 12.849838256835938 76800
1769366627288 11.905345916748047 81920
1769366636104 11.80158805847168 87040
1769366646001 11.763647079467773 92160
1769366654099 11.471372604370117 97280
1769366661974 11.33499526977539 102400
1769366669553 11.665491104125977 107520
1769366680065 11.30931568145752 112640
1769366687888 11.301610946655273 117760
1769366695812 11.202658653259277 122880
1769366703129 11.332173347473145 128000
1769366713650 11.411144256591797 133120
1769366721811 11.115400314331055 138240
1769366729241 11.785764694213867 143360
1769366736805 11.535904884338379 148480
1769366747120 12.073707580566406 153600
1769366754986 11.6605863571167 158720
1769366762688 11.797795295715332 163840
1769366770538 12.001485824584961 168960
1769366780728 11.755531311035156 174080
1769366788341 11.560072898864746 179200
1769366796107 11.183652877807617 184320
1769366804198 10.986001968383789 189440
1769366814129 10.874420166015625 194560
1769366821940 10.49973201751709 199680
1769366829633 10.48275375366211 204800
1769366838026 10.012064933776855 209920
1769366848176 10.558627128601074 215040
1769366855710 10.5393705368042 220160
1769366863909 10.36234188079834 225280
1769366872209 10.545036315917969 230400
1769366881710 9.740350723266602 235520
1769366889119 9.894798278808594 240640
1769366896471 9.944897651672363 245760
1769366904128 10.260308265686035 250880
1769366914283 10.007028579711914 256000
1769366921787 9.64259147644043 261120
1769366928949 9.629475593566895 266240
1769366936732 9.483518600463867 271360
1769366946353 10.047571182250977 276480
1769366954363 9.58863353729248 281600
1769366961618 9.551709175109863 286720
1769366968828 9.554147720336914 291840
1769366979210 9.469882011413574 296960
1769366981141 9.967721939086914 300032
