1769366495550 -0.96897953748703 5120
1769366505696 -1.2925324440002441 10240
1769366513792 -1.9712841510772705 15360
1769366522233 -2.7008509635925293 20480
1769366530887 -3.2750039100646973 25600
1769366541292 -3.6930160522460938 30720
1769366548269 -3.967021942138672 35840
1769366555590 -4.160948276519775 40960
1769366563835 -4.280003547668457 46080
1769366574049 -4.468451499938965 51200
1769366583915 -4.618161201477051 56320
1769366593431 -4.643796443939209 61440
1769366601382 -4.793274879455566 66560
1769366611437 -4.877801418304443 71680
1769366619417 -4.9704203605651855 76800
1769366627288 -4.952395439147949 81920
1769366636104 -5.050244331359863 87040
1769366646001 -5.002429008483887 92160
1769366654099 -5.016765594482422 97280
1769366661974 -4.971541404724121 102400
1769366669553 -4.99625301361084 107520
1769366680065 -4.927731513977051 112640
1769366687888 -4.928675174713135 117760
1769366695812 -4.853575706481934 122880
1769366703129 -4.825985908508301 128000
1769366713650 -4.777907371520996 133120
1769366721811 -4.708053112030029 138240
1769366729241 -4.598930358886719 143360
1769366736805 -4.624475002288818 148480
1769366747120 -4.657407760620117 153600
1769366754986 -4.58925724029541 158720
1769366762688 -4.528986930847168 163840
1769366770538 -4.527673244476318 168960
1769366780728 -4.520012855529785 174080
1769366788341 -4.51601505279541 179200
1769366796107 -4.375885963439941 184320
1769366804198 -4.329785346984863 189440
1769366814129 -4.353705406188965 194560
1769366821940 -4.270321369171143 199680
1769366829633 -4.197861194610596 204800
1769366838026 -4.1815900802612305 209920
1769366848176 -4.22993278503418 215040
1769366855710 -4.117669105529785 220160
1769366863909 -4.0594658851623535 225280
1769366872209 -3.9589152336120605 230400
1769366881710 -3.9081122875213623 235520
1769366889119 -3.791107654571533 240640
1769366896471 -3.782212734222412 245760
1769366904128 -3.800312042236328 250880
1769366914283 -3.656850814819336 256000
1769366921787 -3.5926482677459717 261120
1769366928949 -3.550431728363037 266240
1769366936732 -3.407021999359131 271360
1769366946353 -3.4131760597229004 276480
1769366954363 -3.4067654609680176 281600
1769366961618 -3.2852797508239746 286720
1769366968828 -3.3486359119415283 291840
1769366979210 -3.184490919113159 296960
1769366981141 -3.327453851699829 300032
