1769366495557 0.3119755983352661 5120
1769366505702 0.32097479701042175 10240
1769366513797 0.3176620900630951 15360
1769366522239 0.3132168650627136 20480
1769366530899 0.31223738193511963 25600
1769366541297 0.31080690026283264 30720
1769366548277 0.3091773986816406 35840
1769366555596 0.30978110432624817 40960
1769366563842 0.30853578448295593 46080
1769366574058 0.3073174059391022 51200
1769366583930 0.3091752529144287 56320
1769366593437 0.3110699951648712 61440
1769366601390 0.31130465865135193 66560
1769366611450 0.31177741289138794 71680
1769366619424 0.31269562244415283 76800
1769366627294 0.3130805194377899 81920
1769366636110 0.31262442469596863 87040
1769366646008 0.3122779130935669 92160
1769366654108 0.31214985251426697 97280
1769366661982 0.3122881054878235 102400
1769366669559 0.3115918040275574 107520
1769366680073 0.31254124641418457 112640
1769366687896 0.3135983645915985 117760
1769366695819 0.31482017040252686 122880
1769366703136 0.31413379311561584 128000
1769366713657 0.3137185871601105 133120
1769366721820 0.3134640157222748 138240
1769366729252 0.3132731318473816 143360
1769366736812 0.31310102343559265 148480
1769366747132 0.3124464750289917 153600
1769366754994 0.31271201372146606 158720
1769366762695 0.3132276237010956 163840
1769366770546 0.3129160404205322 168960
1769366780735 0.3122871518135071 174080
1769366788352 0.311978280544281 179200
1769366796117 0.31200268864631653 184320
1769366804210 0.311745285987854 189440
1769366814139 0.3120824992656708 194560
1769366821947 0.3118583559989929 199680
1769366829641 0.31181949377059937 204800
1769366838033 0.31164294481277466 209920
1769366848185 0.31158000230789185 215040
1769366855717 0.3115219473838806 220160
1769366863918 0.31135106086730957 225280
1769366872221 0.3110432028770447 230400
1769366881724 0.3104248046875 235520
1769366889127 0.31110212206840515 240640
1769366896479 0.31066668033599854 245760
1769366904136 0.310932993888855 250880
1769366914291 0.31066370010375977 256000
1769366921795 0.31010690331459045 261120
1769366928960 0.3102685809135437 266240
1769366936741 0.31017470359802246 271360
1769366946361 0.31039297580718994 276480
1769366954372 0.31056275963783264 281600
1769366961625 0.3108363747596741 286720
1769366968843 0.3107699751853943 291840
1769366979219 0.31077176332473755 296960
1769366981151 0.31097427010536194 300032
