1769366495550 270.40835536071177 5120
1769366505696 451.1459610627084 10240
1769366513792 635.1156874621441 15360
1769366522233 245.2952804257559 20480
1769366530887 189.47029859511227 25600
1769366541292 502.25170638246914 30720
1769366548269 391.15023780658396 35840
1769366555590 146.29591907917683 40960
1769366563835 400.90843051041867 46080
1769366574049 118.67424949777892 51200
1769366583915 188.9241025179046 56320
1769366593431 358.8555783709788 61440
1769366601382 283.72481904890753 66560
1769366611437 153.2445743514797 71680
1769366619417 203.50819990295972 76800
1769366627288 507.72352015494494 81920
1769366636104 123.80978244826873 87040
1769366646001 486.5781902552204 92160
1769366654099 357.2965329244399 97280
1769366661974 273.2979735453183 102400
1769366669553 533.7622804784933 107520
1769366680065 213.10354638756223 112640
1769366687888 474.8447865957206 117760
1769366695812 530.186322841613 122880
1769366703129 356.688834084531 128000
1769366713650 543.8672199170124 133120
1769366721811 542.1799379524302 138240
1769366729241 276.1408914345908 143360
1769366736805 522.5244798804036 148480
1769366747120 365.3574912891986 153600
1769366754986 419.3046086174148 158720
1769366762688 524.5502751375687 163840
1769366770538 451.53450317579933 168960
1769366780728 558.4215151111703 174080
1769366788341 454.4208017334778 179200
1769366796107 465.77501388117713 184320
1769366804198 416.1015873015873 189440
1769366814129 558.8679546968688 194560
1769366821940 545.7069997397866 199680
1769366829633 510.3801411535653 204800
1769366838026 308.6089323817232 209920
1769366848176 282.27363887206405 215040
1769366855710 475.49076068472965 220160
1769366863909 496.54362495560554 225280
1769366872209 503.69929146151077 230400
1769366881710 400.25803988930244 235520
1769366889119 421.49572907245505 240640
1769366896471 578.1259820813232 245760
1769366904128 266.64361093452004 250880
1769366914283 131.59426473817965 256000
1769366921787 509.6359659781288 261120
1769366928949 497.13215597961363 266240
1769366936732 501.41111775254035 271360
1769366946353 488.9605968757286 276480
1769366954363 504.7904681670478 281600
1769366961618 541.2005161290323 286720
1769366968828 295.5191996054393 291840
1769366979210 418.63499351232656 296960
1769366981141 273.5475119024327 300032
