1769366495557 2.0795958042144775 5120
1769366505702 2.168222665786743 10240
1769366513797 2.145991325378418 15360
1769366522239 2.107811689376831 20480
1769366530899 2.1036717891693115 25600
1769366541297 2.0933847427368164 30720
1769366548277 2.07861328125 35840
1769366555596 2.0805892944335938 40960
1769366563842 2.068037748336792 46080
1769366574058 2.06050181388855 51200
1769366583930 2.0737671852111816 56320
1769366593437 2.089740037918091 61440
1769366601390 2.0956759452819824 66560
1769366611450 2.099539279937744 71680
1769366619424 2.109701633453369 76800
1769366627294 2.1119372844696045 81920
1769366636110 2.1087849140167236 87040
1769366646008 2.1053500175476074 92160
1769366654108 2.1067755222320557 97280
1769366661982 2.106410503387451 102400
1769366669559 2.0992915630340576 107520
1769366680073 2.1083695888519287 112640
1769366687896 2.118398904800415 117760
1769366695819 2.128655433654785 122880
1769366703136 2.1224682331085205 128000
1769366713657 2.119140386581421 133120
1769366721820 2.1154749393463135 138240
1769366729252 2.1149981021881104 143360
1769366736812 2.1137163639068604 148480
1769366747132 2.1088690757751465 153600
1769366754994 2.110664129257202 158720
1769366762695 2.1142942905426025 163840
1769366770546 2.112252712249756 168960
1769366780735 2.1062119007110596 174080
1769366788352 2.104790687561035 179200
1769366796117 2.105686902999878 184320
1769366804210 2.104234218597412 189440
1769366814139 2.10825514793396 194560
1769366821947 2.1061902046203613 199680
1769366829641 2.106780529022217 204800
1769366838033 2.1053686141967773 209920
1769366848185 2.1042592525482178 215040
1769366855717 2.1035096645355225 220160
1769366863918 2.10060715675354 225280
1769366872221 2.098011016845703 230400
1769366881724 2.092012405395508 235520
1769366889127 2.0981905460357666 240640
1769366896479 2.0957958698272705 245760
1769366904136 2.0975849628448486 250880
1769366914291 2.0944766998291016 256000
1769366921795 2.0888824462890625 261120
1769366928960 2.090327739715576 266240
1769366936741 2.089500665664673 271360
1769366946361 2.0920064449310303 276480
1769366954372 2.092712640762329 281600
1769366961625 2.094590425491333 286720
1769366968843 2.0944254398345947 291840
1769366979219 2.0949795246124268 296960
1769366981151 2.0965800285339355 300032
