1769368583932 0.0 5120
1769368592197 0.0 10240
1769368600576 0.0 15360
1769368608728 0.0 20480
1769368617325 0.0 25600
1769368625686 0.0 30720
1769368633822 0.0 35840
1769368642017 0.0 40960
1769368650308 0.0 46080
1769368658966 0.0 51200
1769368667130 0.0 56320
1769368675578 0.0 61440
1769368684268 0.0 66560
1769368692781 0.0 71680
1769368701421 0.0 76800
1769368710029 0.0 81920
1769368718441 0.0 87040
1769368727204 0.0 92160
1769368735598 0.0 97280
1769368744454 0.0 102400
1769368753621 0.0 107520
1769368762024 0.0 112640
1769368770639 0.0 117760
1769368779349 0.0 122880
1769368788354 0.0 128000
1769368797183 0.0 133120
1769368806050 0.0 138240
1769368816115 0.0 143360
1769368824624 0.0 148480
1769368832939 0.0 153600
1769368842105 0.0 158720
1769368851568 0.0 163840
1769368860596 0.0 168960
1769368869534 0.0 174080
1769368878533 0.0 179200
1769368887514 0.0 184320
1769368896452 0.0 189440
1769368904948 0.0 194560
1769368914233 0.0 199680
1769368922669 0.0 204800
1769368931468 0.0 209920
1769368940444 0.0 215040
1769368949344 0.0 220160
1769368958106 0.0 225280
1769368967492 0.0 230400
1769368976153 0.0 235520
1769368985325 0.0 240640
1769368993991 0.0 245760
1769369002740 0.0 250880
1769369011697 0.0 256000
1769369020536 0.0 261120
1769369029791 0.0 266240
1769369038918 0.0 271360
1769369047584 0.0 276480
1769369057764 0.0 281600
1769369067299 0.0 286720
1769369075781 0.0 291840
1769369084307 0.0 296960
1769369088009 0.0 300032
