1769368583932 19.404560089111328 5120
1769368592197 19.518287658691406 10240
1769368600576 19.69086265563965 15360
1769368608728 19.819320678710938 20480
1769368617325 19.851455688476562 25600
1769368625686 19.816221237182617 30720
1769368633822 19.917898178100586 35840
1769368642017 19.942983627319336 40960
1769368650308 19.9138240814209 46080
1769368658966 19.890567779541016 51200
1769368667130 19.89487648010254 56320
1769368675578 19.87126350402832 61440
1769368684268 19.873762130737305 66560
1769368692781 19.90638542175293 71680
1769368701421 19.863405227661133 76800
1769368710029 19.864938735961914 81920
1769368718441 19.870861053466797 87040
1769368727204 19.871421813964844 92160
1769368735598 19.92399787902832 97280
1769368744454 19.904027938842773 102400
1769368753621 19.872140884399414 107520
1769368762024 19.884183883666992 112640
1769368770639 19.88477325439453 117760
1769368779349 19.897024154663086 122880
1769368788354 19.860885620117188 128000
1769368797183 19.82235336303711 133120
1769368806050 19.819372177124023 138240
1769368816115 19.788171768188477 143360
1769368824624 19.78687858581543 148480
1769368832939 19.794523239135742 153600
1769368842105 19.78721809387207 158720
1769368851568 19.819040298461914 163840
1769368860596 19.768754959106445 168960
1769368869534 19.776859283447266 174080
1769368878533 19.76711082458496 179200
1769368887514 19.766857147216797 184320
1769368896452 19.760969161987305 189440
1769368904948 19.759929656982422 194560
1769368914233 19.76775550842285 199680
1769368922669 19.759973526000977 204800
1769368931468 19.741334915161133 209920
1769368940444 19.747905731201172 215040
1769368949344 19.735206604003906 220160
1769368958106 19.723800659179688 225280
1769368967492 19.734582901000977 230400
1769368976153 19.739124298095703 235520
1769368985325 19.743619918823242 240640
1769368993991 19.748231887817383 245760
1769369002740 19.725963592529297 250880
1769369011697 19.71139144897461 256000
1769369020536 19.701494216918945 261120
1769369029791 19.72002601623535 266240
1769369038918 19.727319717407227 271360
1769369047584 19.7297420501709 276480
1769369057764 19.713054656982422 281600
1769369067299 19.715560913085938 286720
1769369075781 19.713279724121094 291840
1769369084307 19.71975326538086 296960
1769369088009 19.721330642700195 300032
