1769368583932 0.10653353482484818 5120
1769368592197 0.10852012783288956 10240
1769368600576 0.11031293123960495 15360
1769368608728 0.10794758051633835 20480
1769368617325 0.10889823734760284 25600
1769368625686 0.1094285398721695 30720
1769368633822 0.11012421548366547 35840
1769368642017 0.11021738499403 40960
1769368650308 0.10865067690610886 46080
1769368658966 0.10878253728151321 51200
1769368667130 0.10844128578901291 56320
1769368675578 0.1080959364771843 61440
1769368684268 0.10779387503862381 66560
1769368692781 0.10790374875068665 71680
1769368701421 0.1077079251408577 76800
1769368710029 0.1075739786028862 81920
1769368718441 0.10680439323186874 87040
1769368727204 0.10692247003316879 92160
1769368735598 0.10711949318647385 97280
1769368744454 0.10712755471467972 102400
1769368753621 0.10688120126724243 107520
1769368762024 0.10709887742996216 112640
1769368770639 0.10670197755098343 117760
1769368779349 0.10662546008825302 122880
1769368788354 0.10683777928352356 128000
1769368797183 0.10643768310546875 133120
1769368806050 0.1061953753232956 138240
1769368816115 0.10591306537389755 143360
1769368824624 0.10592198371887207 148480
1769368832939 0.10584258288145065 153600
1769368842105 0.1060299351811409 158720
1769368851568 0.10649833083152771 163840
1769368860596 0.10590136051177979 168960
1769368869534 0.10587744414806366 174080
1769368878533 0.10584086924791336 179200
1769368887514 0.1059131845831871 184320
1769368896452 0.10597626864910126 189440
1769368904948 0.10583144426345825 194560
1769368914233 0.10591331869363785 199680
1769368922669 0.10578728467226028 204800
1769368931468 0.1060561016201973 209920
1769368940444 0.10628048330545425 215040
1769368949344 0.10617974400520325 220160
1769368958106 0.10608141124248505 225280
1769368967492 0.10624751448631287 230400
1769368976153 0.10619787871837616 235520
1769368985325 0.10622870922088623 240640
1769368993991 0.10617555677890778 245760
1769369002740 0.10604001581668854 250880
1769369011697 0.10595956444740295 256000
1769369020536 0.10581552982330322 261120
1769369029791 0.10575781017541885 266240
1769369038918 0.10564491152763367 271360
1769369047584 0.10572172701358795 276480
1769369057764 0.1056671068072319 281600
1769369067299 0.10567876696586609 286720
1769369075781 0.10581295192241669 291840
1769369084307 0.1058427095413208 296960
1769369088009 0.10591965913772583 300032
