1769368583924 18.648962020874023 5120
1769368592192 16.06110954284668 10240
1769368600570 15.24629020690918 15360
1769368608722 13.366360664367676 20480
1769368617320 12.173269271850586 25600
1769368625680 11.152442932128906 30720
1769368633817 10.022326469421387 35840
1769368642012 8.698025703430176 40960
1769368650300 8.289154052734375 46080
1769368658956 7.84755802154541 51200
1769368667125 8.077698707580566 56320
1769368675569 8.50216007232666 61440
1769368684260 9.074995040893555 66560
1769368692775 8.898628234863281 71680
1769368701416 10.064386367797852 76800
1769368710022 9.958006858825684 81920
1769368718431 10.213187217712402 87040
1769368727194 10.689413070678711 92160
1769368735592 10.464804649353027 97280
1769368744443 10.436933517456055 102400
1769368753612 11.143997192382812 107520
1769368762014 10.440510749816895 112640
1769368770629 10.896565437316895 117760
1769368779338 10.509489059448242 122880
1769368788347 10.882122039794922 128000
1769368797176 10.523676872253418 133120
1769368806041 10.451517105102539 138240
1769368816108 10.366730690002441 143360
1769368824616 10.630861282348633 148480
1769368832928 10.659442901611328 153600
1769368842098 10.627066612243652 158720
1769368851560 10.687212944030762 163840
1769368860583 10.698415756225586 168960
1769368869526 10.847114562988281 174080
1769368878524 10.516765594482422 179200
1769368887501 10.585003852844238 184320
1769368896443 10.332521438598633 189440
1769368904937 11.069892883300781 194560
1769368914225 10.823389053344727 199680
1769368922656 10.618391036987305 204800
1769368931460 10.438429832458496 209920
1769368940434 10.883708953857422 215040
1769368949331 10.641862869262695 220160
1769368958097 11.236616134643555 225280
1769368967480 10.642711639404297 230400
1769368976144 10.54914665222168 235520
1769368985312 10.766003608703613 240640
1769368993977 10.718791961669922 245760
1769369002732 11.001401901245117 250880
1769369011684 11.147497177124023 256000
1769369020527 10.808011054992676 261120
1769369029783 10.481142044067383 266240
1769369038910 10.523341178894043 271360
1769369047575 10.448587417602539 276480
1769369057753 10.688304901123047 281600
1769369067289 10.695716857910156 286720
1769369075772 10.801105499267578 291840
1769369084297 10.786978721618652 296960
1769369088000 10.700894355773926 300032
