1769368583932 1.1955841779708862 5120
1769368592197 1.2465308904647827 10240
1769368600576 1.2574466466903687 15360
1769368608728 1.2313352823257446 20480
1769368617325 1.2420904636383057 25600
1769368625686 1.2401412725448608 30720
1769368633822 1.2494091987609863 35840
1769368642017 1.2486881017684937 40960
1769368650308 1.2375081777572632 46080
1769368658966 1.2384499311447144 51200
1769368667130 1.239976167678833 56320
1769368675578 1.237043857574463 61440
1769368684268 1.2343034744262695 66560
1769368692781 1.2386891841888428 71680
1769368701421 1.2340359687805176 76800
1769368710029 1.233354926109314 81920
1769368718441 1.2276301383972168 87040
1769368727204 1.2288075685501099 92160
1769368735598 1.233889102935791 97280
1769368744454 1.2340749502182007 102400
1769368753621 1.231884479522705 107520
1769368762024 1.2325330972671509 112640
1769368770639 1.2306556701660156 117760
1769368779349 1.2282041311264038 122880
1769368788354 1.2297403812408447 128000
1769368797183 1.2272136211395264 133120
1769368806050 1.2258472442626953 138240
1769368816115 1.2251832485198975 143360
1769368824624 1.2241560220718384 148480
1769368832939 1.2232762575149536 153600
1769368842105 1.2243787050247192 158720
1769368851568 1.228218674659729 163840
1769368860596 1.2222445011138916 168960
1769368869534 1.222582221031189 174080
1769368878533 1.2222248315811157 179200
1769368887514 1.2222048044204712 184320
1769368896452 1.2226471900939941 189440
1769368904948 1.220923662185669 194560
1769368914233 1.2218561172485352 199680
1769368922669 1.2207322120666504 204800
1769368931468 1.2212986946105957 209920
1769368940444 1.2233136892318726 215040
1769368949344 1.2227699756622314 220160
1769368958106 1.2208936214447021 225280
1769368967492 1.223450779914856 230400
1769368976153 1.2232245206832886 235520
1769368985325 1.224273920059204 240640
1769368993991 1.2235536575317383 245760
1769369002740 1.2217952013015747 250880
1769369011697 1.221328854560852 256000
1769369020536 1.2199538946151733 261120
1769369029791 1.2202192544937134 266240
1769369038918 1.2203675508499146 271360
1769369047584 1.2206268310546875 276480
1769369057764 1.2198257446289062 281600
1769369067299 1.220088005065918 286720
1769369075781 1.2206932306289673 291840
1769369084307 1.2203476428985596 296960
1769369088009 1.220691442489624 300032
