1769368583932 0.3335786461830139 5120
1769368592197 0.3382963538169861 10240
1769368600576 0.34314486384391785 15360
1769368608728 0.3387860655784607 20480
1769368617325 0.3404273986816406 25600
1769368625686 0.3414134085178375 30720
1769368633822 0.3429158627986908 35840
1769368642017 0.34355708956718445 40960
1769368650308 0.3399030566215515 46080
1769368658966 0.3399029076099396 51200
1769368667130 0.33911633491516113 56320
1769368675578 0.33803680539131165 61440
1769368684268 0.3371642231941223 66560
1769368692781 0.33763375878334045 71680
1769368701421 0.33709436655044556 76800
1769368710029 0.336952269077301 81920
1769368718441 0.33527013659477234 87040
1769368727204 0.3356373906135559 92160
1769368735598 0.33638253808021545 97280
1769368744454 0.33611634373664856 102400
1769368753621 0.3353911340236664 107520
1769368762024 0.33601388335227966 112640
1769368770639 0.3350957930088043 117760
1769368779349 0.335013747215271 122880
1769368788354 0.33514177799224854 128000
1769368797183 0.334174245595932 133120
1769368806050 0.33367881178855896 138240
1769368816115 0.3328038156032562 143360
1769368824624 0.33284759521484375 148480
1769368832939 0.3326053023338318 153600
1769368842105 0.33289092779159546 158720
1769368851568 0.3340967297554016 163840
1769368860596 0.33247074484825134 168960
1769368869534 0.33233577013015747 174080
1769368878533 0.33228763937950134 179200
1769368887514 0.3324345052242279 184320
1769368896452 0.33267635107040405 189440
1769368904948 0.33238181471824646 194560
1769368914233 0.33265605568885803 199680
1769368922669 0.33247190713882446 204800
1769368931468 0.33298414945602417 209920
1769368940444 0.333482563495636 215040
1769368949344 0.3332119286060333 220160
1769368958106 0.3330098092556 225280
1769368967492 0.3333781063556671 230400
1769368976153 0.33322790265083313 235520
1769368985325 0.33329522609710693 240640
1769368993991 0.3332462012767792 245760
1769369002740 0.3328613340854645 250880
1769369011697 0.3326028287410736 256000
1769369020536 0.3322393000125885 261120
1769369029791 0.3321663439273834 266240
1769369038918 0.33194220066070557 271360
1769369047584 0.332181453704834 276480
1769369057764 0.33195123076438904 281600
1769369067299 0.33200621604919434 286720
1769369075781 0.3322477340698242 291840
1769369084307 0.3323124647140503 296960
1769369088009 0.3324865996837616 300032
