1769368583924 595.8664583037363 5120
1769368592192 475.5446712018141 10240
1769368600570 416.7217088922007 15360
1769368608722 595.0211377500355 20480
1769368617320 183.47786526684163 25600
1769368625680 550.8673496191227 30720
1769368633817 223.85141698244115 35840
1769368642012 195.0204119588971 40960
1769368650300 406.9769066563167 46080
1769368658956 361.01773110690306 51200
1769368667125 520.5142715313974 56320
1769368675569 380.91944419217145 61440
1769368684260 385.93154214206845 66560
1769368692775 332.56454170631145 71680
1769368701416 539.8074646074646 76800
1769368710022 448.01367229224525 81920
1769368718431 387.4645727482679 87040
1769368727194 384.37536656891496 92160
1769368735592 99.82397600971035 97280
1769368744443 302.2921801801802 102400
1769368753612 357.4487813192432 107520
1769368762014 443.0914853158673 112640
1769368770629 415.4010102010498 117760
1769368779338 325.8724263848963 122880
1769368788347 529.8514401212734 128000
1769368797176 521.4850180280989 133120
1769368806041 440.8560016817322 138240
1769368816108 139.54964067074795 143360
1769368824616 355.87171220091636 148480
1769368832928 407.45133087235286 153600
1769368842098 223.52931144745256 158720
1769368851560 195.94973137117495 163840
1769368860583 340.3638724336606 168960
1769368869526 516.8581638940234 174080
1769368878524 160.19799862500955 179200
1769368887501 380.67743692140135 184320
1769368896443 470.31890558421173 189440
1769368904937 331.9591610605461 194560
1769368914225 521.355376009944 199680
1769368922656 443.606980433633 204800
1769368931460 490.21785881252924 209920
1769368940434 385.32880110243457 215040
1769368949331 367.7278625284938 220160
1769368958097 491.2513469196533 225280
1769368967480 386.57179723502304 230400
1769368976144 501.23135755258124 235520
1769368985312 114.9533806561241 240640
1769368993977 330.07822460061385 245760
1769369002732 268.76227092144046 250880
1769369011684 200.93436811344256 256000
1769369020527 477.3306020257198 261120
1769369029783 193.32153392330383 266240
1769369038910 384.23451813851227 271360
1769369047575 499.85746633297583 276480
1769369057753 501.23135755258124 281600
1769369067289 479.7328148232872 286720
1769369075772 515.2707616707617 291840
1769369084297 449.11703608523396 296960
1769369088000 179.0601092896175 300032
