1770918304750 20.212369918823242 5120
1770918330933 21.169052124023438 10240
1770918356656 21.559009552001953 15360
1770918382313 22.069141387939453 20480
1770918408706 22.003833770751953 25600
1770918434830 22.07585906982422 30720
1770918460407 22.080453872680664 35840
1770918485891 21.969736099243164 40960
1770918512165 21.978670120239258 46080
1770918538150 21.912548065185547 51200
1770918563990 22.012081146240234 56320
1770918589523 22.0401554107666 61440
1770918616119 22.009674072265625 66560
1770918642340 22.011863708496094 71680
1770918670164 22.000011444091797 76800
1770918697835 21.99393653869629 81920
1770918726570 22.027753829956055 87040
1770918756242 22.03832244873047 92160
1770918784176 22.070716857910156 97280
1770918813038 22.168437957763672 102400
1770918840902 22.29412841796875 107520
1770918869301 22.291526794433594 112640
1770918896496 22.35924530029297 117760
1770918923824 22.439680099487305 122880
1770918951279 22.51120376586914 128000
1770918978878 22.61916732788086 133120
1770919006369 22.640531539916992 138240
1770919033858 22.686573028564453 143360
1770919061017 22.702062606811523 148480
