1770918304750 25.842483520507812 5120
1770918330933 26.80316925048828 10240
1770918356656 27.271432876586914 15360
1770918382313 27.717153549194336 20480
1770918408706 27.61112403869629 25600
1770918434830 27.70215606689453 30720
1770918460407 27.676794052124023 35840
1770918485891 27.571903228759766 40960
1770918512165 27.54539680480957 46080
1770918538150 27.4488582611084 51200
1770918563990 27.561601638793945 56320
1770918589523 27.60941505432129 61440
1770918616119 27.55352210998535 66560
1770918642340 27.56357192993164 71680
1770918670164 27.54464340209961 76800
1770918697835 27.483951568603516 81920
1770918726570 27.307302474975586 87040
1770918756242 27.12686538696289 92160
1770918784176 26.967905044555664 97280
1770918813038 26.926267623901367 102400
1770918840902 26.919536590576172 107520
1770918869301 26.789913177490234 112640
1770918896496 26.74913215637207 117760
1770918923824 26.722759246826172 122880
1770918951279 26.68602752685547 128000
1770918978878 26.701406478881836 133120
1770919006369 26.64139747619629 138240
1770919033858 26.60984230041504 143360
1770919061017 26.549291610717773 148480
