1770918304750 1.1554335355758667 5120
1770918330933 1.1569091081619263 10240
1770918356656 1.1651239395141602 15360
1770918382313 1.1727957725524902 20480
1770918408706 1.1654915809631348 25600
1770918434830 1.1671326160430908 30720
1770918460407 1.164764642715454 35840
1770918485891 1.1604535579681396 40960
1770918512165 1.1588996648788452 46080
1770918538150 1.1539124250411987 51200
1770918563990 1.1589820384979248 56320
1770918589523 1.1610456705093384 61440
1770918616119 1.1580535173416138 66560
1770918642340 1.157701849937439 71680
1770918670164 1.1573065519332886 76800
1770918697835 1.1561400890350342 81920
1770918726570 1.157395362854004 87040
1770918756242 1.1572761535644531 92160
1770918784176 1.1545391082763672 97280
1770918813038 1.158799409866333 102400
1770918840902 1.1610676050186157 107520
1770918869301 1.1608622074127197 112640
1770918896496 1.1625826358795166 117760
1770918923824 1.1633636951446533 122880
1770918951279 1.162046194076538 128000
1770918978878 1.1621853113174438 133120
1770919006369 1.1619606018066406 138240
1770919033858 1.1625512838363647 143360
1770919061017 1.1621730327606201 148480
