1770918304745 13.963932991027832 5120
1770918330929 11.048922538757324 10240
1770918356647 9.120340347290039 15360
1770918382304 7.930499076843262 20480
1770918408701 8.479963302612305 25600
1770918434826 9.282191276550293 30720
1770918460402 8.161792755126953 35840
1770918485882 8.328939437866211 40960
1770918512160 8.32640266418457 46080
1770918538144 8.39999008178711 51200
1770918563985 8.934112548828125 56320
1770918589518 9.288957595825195 61440
1770918616111 8.326788902282715 66560
1770918642334 8.221683502197266 71680
1770918670157 7.894126892089844 76800
1770918697829 8.04178524017334 81920
1770918726562 9.324009895324707 87040
1770918756235 10.334811210632324 92160
1770918784168 10.233025550842285 97280
1770918813032 10.605257034301758 102400
1770918840896 10.31779670715332 107520
1770918869291 9.906455039978027 112640
1770918896489 9.506056785583496 117760
1770918923817 8.841541290283203 122880
1770918951273 7.9989824295043945 128000
1770918978870 7.190123081207275 133120
1770919006363 7.019223213195801 138240
1770919033846 6.508786678314209 143360
1770919061010 6.062188148498535 148480
