1770918304750 0.27773571014404297 5120
1770918330933 0.27461671829223633 10240
1770918356656 0.27691540122032166 15360
1770918382313 0.27427980303764343 20480
1770918408706 0.273439884185791 25600
1770918434830 0.2751085162162781 30720
1770918460407 0.2722473442554474 35840
1770918485891 0.2715984582901001 40960
1770918512165 0.2694503366947174 46080
1770918538150 0.2680157423019409 51200
1770918563990 0.2694103717803955 56320
1770918589523 0.27016323804855347 61440
1770918616119 0.26855897903442383 66560
1770918642340 0.26864126324653625 71680
1770918670164 0.2681249976158142 76800
1770918697835 0.26564332842826843 81920
1770918726570 0.25572794675827026 87040
1770918756242 0.24684078991413116 92160
1770918784176 0.23786561191082 97280
1770918813038 0.23147733509540558 102400
1770918840902 0.22504496574401855 107520
1770918869301 0.219084233045578 112640
1770918896496 0.21381662786006927 117760
1770918923824 0.2086208462715149 122880
1770918951279 0.2034144401550293 128000
1770918978878 0.19900980591773987 133120
1770919006369 0.19506411254405975 138240
1770919033858 0.19147324562072754 143360
1770919061017 0.18794472515583038 148480
