1770918304745 145.18186223606784 5120
1770918330929 132.7983789260385 10240
1770918356647 82.51468592000944 15360
1770918382304 133.83229100191448 20480
1770918408701 118.18935978358881 25600
1770918434826 110.37351648640825 30720
1770918460402 125.89080649518264 35840
1770918485882 93.46013636971344 40960
1770918512160 102.79652958188323 46080
1770918538144 138.7739544732663 51200
1770918563985 144.98613847696083 56320
1770918589518 136.20523478599728 61440
1770918616111 92.1521256728551 66560
1770918642334 121.93098636588273 71680
1770918670157 84.15368873016192 76800
1770918697829 103.82454576959256 81920
1770918726562 73.18625021811202 87040
1770918756235 97.3879446456766 92160
1770918784168 68.66115540131288 97280
1770918813032 109.07895558098409 102400
1770918840896 123.9634697798138 107520
1770918869291 121.06520421417233 112640
1770918896489 122.61178671655753 117760
1770918923817 88.29556028040334 122880
1770918951273 115.79757599182794 128000
1770918978870 117.53689225164635 133120
1770919006363 92.60380191199523 138240
1770919033846 77.47716861238362 143360
1770919061010 118.92999120991296 148480
