1769348908887 0.0 5120
1769348915775 0.0 10240
1769348924958 0.0 15360
1769348931928 0.0 20480
1769348939345 0.0 25600
1769348946157 0.0 30720
1769348956435 0.0 35840
1769348963889 0.0 40960
1769348970535 0.0 46080
1769348977710 0.0 51200
1769348987286 0.0 56320
1769348994981 0.0 61440
1769349001244 0.0 66560
1769349008681 0.0 71680
1769349017095 0.0 76800
1769349024444 0.0 81920
1769349030698 0.0 87040
1769349037778 0.0 92160
1769349045790 0.0 97280
1769349053359 0.0 102400
1769349060351 0.0 107520
1769349067183 0.0 112640
1769349075031 0.0 117760
1769349082472 0.0 122880
1769349089859 0.0 128000
1769349097103 0.0 133120
1769349104387 0.0 138240
1769349111782 0.0 143360
1769349119267 0.0 148480
1769349125989 0.0 153600
1769349134085 0.0 158720
1769349141238 0.0 163840
1769349148396 0.0 168960
1769349155110 0.0 174080
1769349163037 0.0 179200
1769349170478 0.0 184320
1769349177192 0.0 189440
1769349184600 0.0 194560
1769349193010 0.0 199680
1769349200430 0.0 204800
1769349207080 0.0 209920
1769349213841 0.0 215040
1769349222127 0.0 220160
1769349229386 0.0 225280
1769349235759 0.0 230400
1769349242415 0.0 235520
1769349252145 0.0 240640
1769349259161 0.0 245760
1769349265828 0.0 250880
1769349272453 0.0 256000
1769349281696 0.0 261120
1769349288669 0.0 266240
1769349295320 0.0 271360
1769349301781 0.0 276480
1769349310780 0.0 281600
1769349318105 0.0 286720
1769349325146 0.0 291840
1769349331357 0.0 296960
1769349335511 0.0 300032
