1769348908887 19.764328002929688 5120
1769348915775 19.875680923461914 10240
1769348924958 19.714908599853516 15360
1769348931928 19.59088706970215 20480
1769348939345 19.60553741455078 25600
1769348946157 19.682987213134766 30720
1769348956435 19.584897994995117 35840
1769348963889 19.47332000732422 40960
1769348970535 19.35654067993164 46080
1769348977710 19.349910736083984 51200
1769348987286 19.25899314880371 56320
1769348994981 19.35512924194336 61440
1769349001244 19.294946670532227 66560
1769349008681 19.307849884033203 71680
1769349017095 19.34345245361328 76800
1769349024444 19.31072235107422 81920
1769349030698 19.292438507080078 87040
1769349037778 19.28587532043457 92160
1769349045790 19.282894134521484 97280
1769349053359 19.258623123168945 102400
1769349060351 19.25228500366211 107520
1769349067183 19.22972297668457 112640
1769349075031 19.23910903930664 117760
1769349082472 19.254241943359375 122880
1769349089859 19.23538589477539 128000
1769349097103 19.249906539916992 133120
1769349104387 19.273584365844727 138240
1769349111782 19.270557403564453 143360
1769349119267 19.25802230834961 148480
1769349125989 19.262632369995117 153600
1769349134085 19.245771408081055 158720
1769349141238 19.23322868347168 163840
1769349148396 19.230703353881836 168960
1769349155110 19.23706817626953 174080
1769349163037 19.257848739624023 179200
1769349170478 19.250560760498047 184320
1769349177192 19.24318504333496 189440
1769349184600 19.23974609375 194560
1769349193010 19.269929885864258 199680
1769349200430 19.268823623657227 204800
1769349207080 19.26076889038086 209920
1769349213841 19.27233123779297 215040
1769349222127 19.293128967285156 220160
1769349229386 19.297433853149414 225280
1769349235759 19.288278579711914 230400
1769349242415 19.281234741210938 235520
1769349252145 19.28122329711914 240640
1769349259161 19.310462951660156 245760
1769349265828 19.296873092651367 250880
1769349272453 19.283525466918945 256000
1769349281696 19.287017822265625 261120
1769349288669 19.29615020751953 266240
1769349295320 19.2816104888916 271360
1769349301781 19.287370681762695 276480
1769349310780 19.290205001831055 281600
1769349318105 19.297019958496094 286720
1769349325146 19.283960342407227 291840
1769349331357 19.27890396118164 296960
1769349335511 19.28415298461914 300032
