1769348908887 0.10131116211414337 5120
1769348915775 0.10317362844944 10240
1769348924958 0.10010876506567001 15360
1769348931928 0.10379393398761749 20480
1769348939345 0.10304239392280579 25600
1769348946157 0.10287823528051376 30720
1769348956435 0.10178451240062714 35840
1769348963889 0.10080389678478241 40960
1769348970535 0.10008911788463593 46080
1769348977710 0.10022728145122528 51200
1769348987286 0.09980141371488571 56320
1769348994981 0.10018591582775116 61440
1769349001244 0.09973015636205673 66560
1769349008681 0.09939298778772354 71680
1769349017095 0.09915914386510849 76800
1769349024444 0.09910151362419128 81920
1769349030698 0.09921490401029587 87040
1769349037778 0.09905657917261124 92160
1769349045790 0.09885962307453156 97280
1769349053359 0.09862710535526276 102400
1769349060351 0.09830735623836517 107520
1769349067183 0.09817852079868317 112640
1769349075031 0.09816010296344757 117760
1769349082472 0.0982724130153656 122880
1769349089859 0.09848886728286743 128000
1769349097103 0.09838288277387619 133120
1769349104387 0.09846919775009155 138240
1769349111782 0.09805294871330261 143360
1769349119267 0.09754819422960281 148480
1769349125989 0.0975855365395546 153600
1769349134085 0.09734039008617401 158720
1769349141238 0.09726092964410782 163840
1769349148396 0.09740239381790161 168960
1769349155110 0.09732509404420853 174080
1769349163037 0.09742709994316101 179200
1769349170478 0.0971725732088089 184320
1769349177192 0.09713083505630493 189440
1769349184600 0.09716290980577469 194560
1769349193010 0.09733890742063522 199680
1769349200430 0.09748426079750061 204800
1769349207080 0.09735601395368576 209920
1769349213841 0.09731133282184601 215040
1769349222127 0.09753458946943283 220160
1769349229386 0.09751594811677933 225280
1769349235759 0.09738996624946594 230400
1769349242415 0.09750936180353165 235520
1769349252145 0.09748239070177078 240640
1769349259161 0.09763011336326599 245760
1769349265828 0.09747322648763657 250880
1769349272453 0.09749311208724976 256000
1769349281696 0.09760888665914536 261120
1769349288669 0.09766672551631927 266240
1769349295320 0.09756548702716827 271360
1769349301781 0.09745640307664871 276480
1769349310780 0.09759342670440674 281600
1769349318105 0.09751228243112564 286720
1769349325146 0.09752147644758224 291840
1769349331357 0.09764298051595688 296960
1769349335511 0.09758340567350388 300032
