1769348908887 1.197920799255371 5120
1769348915775 1.1980769634246826 10240
1769348924958 1.186928153038025 15360
1769348931928 1.1939411163330078 20480
1769348939345 1.19013512134552 25600
1769348946157 1.1920520067214966 30720
1769348956435 1.189652442932129 35840
1769348963889 1.1810271739959717 40960
1769348970535 1.1749550104141235 46080
1769348977710 1.1743981838226318 51200
1769348987286 1.1707814931869507 56320
1769348994981 1.1775896549224854 61440
1769349001244 1.1749991178512573 66560
1769349008681 1.1745939254760742 71680
1769349017095 1.174782156944275 76800
1769349024444 1.1728718280792236 81920
1769349030698 1.171182632446289 87040
1769349037778 1.1694302558898926 92160
1769349045790 1.167722225189209 97280
1769349053359 1.166179895401001 102400
1769349060351 1.1660149097442627 107520
1769349067183 1.1636991500854492 112640
1769349075031 1.164351224899292 117760
1769349082472 1.1669917106628418 122880
1769349089859 1.1659964323043823 128000
1769349097103 1.1663970947265625 133120
1769349104387 1.1674730777740479 138240
1769349111782 1.16713285446167 143360
1769349119267 1.1661920547485352 148480
1769349125989 1.166654109954834 153600
1769349134085 1.1652404069900513 158720
1769349141238 1.1645187139511108 163840
1769349148396 1.1650480031967163 168960
1769349155110 1.1654771566390991 174080
1769349163037 1.1667022705078125 179200
1769349170478 1.1657105684280396 184320
1769349177192 1.1653581857681274 189440
1769349184600 1.1649349927902222 194560
1769349193010 1.167231798171997 199680
1769349200430 1.166467308998108 204800
1769349207080 1.1660990715026855 209920
1769349213841 1.166126012802124 215040
1769349222127 1.1675975322723389 220160
1769349229386 1.167399287223816 225280
1769349235759 1.166701078414917 230400
1769349242415 1.1667134761810303 235520
1769349252145 1.1667753458023071 240640
1769349259161 1.1687580347061157 245760
1769349265828 1.1681801080703735 250880
1769349272453 1.1673473119735718 256000
1769349281696 1.168028712272644 261120
1769349288669 1.16873300075531 266240
1769349295320 1.1676104068756104 271360
1769349301781 1.1674014329910278 276480
1769349310780 1.1683058738708496 281600
1769349318105 1.1682955026626587 286720
1769349325146 1.167827844619751 291840
1769349331357 1.167881727218628 296960
1769349335511 1.1680961847305298 300032
