1769348908882 30.3699893951416 5120
1769348915770 26.41580581665039 10240
1769348924952 25.852951049804688 15360
1769348931921 26.07342529296875 20480
1769348939339 25.160839080810547 25600
1769348946149 25.635656356811523 30720
1769348956429 26.497461318969727 35840
1769348963883 26.43411636352539 40960
1769348970529 25.044275283813477 46080
1769348977705 24.975801467895508 51200
1769348987279 25.91507339477539 56320
1769348994974 24.313461303710938 61440
1769349001234 22.976181030273438 66560
1769349008673 23.134571075439453 71680
1769349017089 22.62363624572754 76800
1769349024436 21.95538902282715 81920
1769349030691 23.106163024902344 87040
1769349037772 22.545509338378906 92160
1769349045784 23.08357810974121 97280
1769349053347 22.232669830322266 102400
1769349060342 22.07494354248047 107520
1769349067170 21.992511749267578 112640
1769349075024 21.681612014770508 117760
1769349082464 22.59401512145996 122880
1769349089850 21.985445022583008 128000
1769349097094 22.620773315429688 133120
1769349104374 22.940778732299805 138240
1769349111772 24.267292022705078 143360
1769349119259 23.100872039794922 148480
1769349125982 21.831113815307617 153600
1769349134079 21.86161231994629 158720
1769349141225 24.205915451049805 163840
1769349148384 21.209239959716797 168960
1769349155102 22.144908905029297 174080
1769349163030 23.023353576660156 179200
1769349170470 23.286148071289062 184320
1769349177185 22.75180435180664 189440
1769349184591 23.186199188232422 194560
1769349193004 22.332473754882812 199680
1769349200424 22.363500595092773 204800
1769349207072 21.47386932373047 209920
1769349213833 21.432422637939453 215040
1769349222119 23.28145980834961 220160
1769349229377 21.77292251586914 225280
1769349235750 22.71133041381836 230400
1769349242403 22.326488494873047 235520
1769349252138 22.594526290893555 240640
1769349259153 21.188522338867188 245760
1769349265821 22.07171058654785 250880
1769349272446 20.836441040039062 256000
1769349281679 21.305849075317383 261120
1769349288662 21.16160011291504 266240
1769349295311 22.63602066040039 271360
1769349301769 22.11964988708496 276480
1769349310768 22.103343963623047 281600
1769349318097 21.56086540222168 286720
1769349325133 21.60873031616211 291840
1769349331349 21.459413528442383 296960
1769349335503 21.54244041442871 300032
