1769348908887 1.2191269397735596 5120
1769348915775 1.2172261476516724 10240
1769348924958 1.1924681663513184 15360
1769348931928 1.2105810642242432 20480
1769348939345 1.202954649925232 25600
1769348946157 1.2069809436798096 30720
1769348956435 1.201318621635437 35840
1769348963889 1.1926995515823364 40960
1769348970535 1.1911996603012085 46080
1769348977710 1.1940089464187622 51200
1769348987286 1.1891355514526367 56320
1769348994981 1.1934268474578857 61440
1769349001244 1.1885149478912354 66560
1769349008681 1.1866189241409302 71680
1769349017095 1.185563325881958 76800
1769349024444 1.1820824146270752 81920
1769349030698 1.1810027360916138 87040
1769349037778 1.1780211925506592 92160
1769349045790 1.1769123077392578 97280
1769349053359 1.1728037595748901 102400
1769349060351 1.1695225238800049 107520
1769349067183 1.1681681871414185 112640
1769349075031 1.167013168334961 117760
1769349082472 1.1678828001022339 122880
1769349089859 1.1686774492263794 128000
1769349097103 1.1700292825698853 133120
1769349104387 1.172049641609192 138240
1769349111782 1.1699937582015991 143360
1769349119267 1.1655128002166748 148480
1769349125989 1.1659443378448486 153600
1769349134085 1.1644301414489746 158720
1769349141238 1.1633529663085938 163840
1769349148396 1.1626839637756348 168960
1769349155110 1.161850094795227 174080
1769349163037 1.161065936088562 179200
1769349170478 1.1583850383758545 184320
1769349177192 1.1578892469406128 189440
1769349184600 1.1578179597854614 194560
1769349193010 1.1596566438674927 199680
1769349200430 1.1598572731018066 204800
1769349207080 1.1586451530456543 209920
1769349213841 1.1585955619812012 215040
1769349222127 1.1609972715377808 220160
1769349229386 1.1617645025253296 225280
1769349235759 1.1609827280044556 230400
1769349242415 1.161080241203308 235520
1769349252145 1.1610876321792603 240640
1769349259161 1.1631829738616943 245760
1769349265828 1.1614747047424316 250880
1769349272453 1.1617108583450317 256000
1769349281696 1.16237473487854 261120
1769349288669 1.163061499595642 266240
1769349295320 1.1617043018341064 271360
1769349301781 1.1605579853057861 276480
1769349310780 1.1619279384613037 281600
1769349318105 1.1612768173217773 286720
1769349325146 1.1608779430389404 291840
1769349331357 1.1617411375045776 296960
1769349335511 1.1619383096694946 300032
