1769348908887 0.33581796288490295 5120
1769348915775 0.3400641083717346 10240
1769348924958 0.3320261538028717 15360
1769348931928 0.3391328454017639 20480
1769348939345 0.33707815408706665 25600
1769348946157 0.33658865094184875 30720
1769348956435 0.33408644795417786 35840
1769348963889 0.33099621534347534 40960
1769348970535 0.32941383123397827 46080
1769348977710 0.32992124557495117 51200
1769348987286 0.3288611173629761 56320
1769348994981 0.3301783502101898 61440
1769349001244 0.3291410207748413 66560
1769349008681 0.3282262682914734 71680
1769349017095 0.3277619183063507 76800
1769349024444 0.32758083939552307 81920
1769349030698 0.32787954807281494 87040
1769349037778 0.3273877501487732 92160
1769349045790 0.3266632556915283 97280
1769349053359 0.32594355940818787 102400
1769349060351 0.32534703612327576 107520
1769349067183 0.32478728890419006 112640
1769349075031 0.32473161816596985 117760
1769349082472 0.32558050751686096 122880
1769349089859 0.3259021043777466 128000
1769349097103 0.32565560936927795 133120
1769349104387 0.3259489834308624 138240
1769349111782 0.3249199688434601 143360
1769349119267 0.32375454902648926 148480
1769349125989 0.324033260345459 153600
1769349134085 0.3233674168586731 158720
1769349141238 0.32291179895401 163840
1769349148396 0.3233034312725067 168960
1769349155110 0.32319849729537964 174080
1769349163037 0.32349953055381775 179200
1769349170478 0.3228038251399994 184320
1769349177192 0.32268843054771423 189440
1769349184600 0.3225954473018646 194560
1769349193010 0.32329660654067993 199680
1769349200430 0.32350391149520874 204800
1769349207080 0.32320356369018555 209920
1769349213841 0.3230609893798828 215040
1769349222127 0.3237340450286865 220160
1769349229386 0.323665052652359 225280
1769349235759 0.3233480453491211 230400
1769349242415 0.32358208298683167 235520
1769349252145 0.32361361384391785 240640
1769349259161 0.3241105079650879 245760
1769349265828 0.32372719049453735 250880
1769349272453 0.3236885368824005 256000
1769349281696 0.3240041136741638 261120
1769349288669 0.3242719769477844 266240
1769349295320 0.3239385187625885 271360
1769349301781 0.3236548602581024 276480
1769349310780 0.32406866550445557 281600
1769349318105 0.3238787055015564 286720
1769349325146 0.3238750696182251 291840
1769349331357 0.324090838432312 296960
1769349335511 0.3239594101905823 300032
