1769348908882 405.32508697332815 5120
1769348915770 546.4891205211726 10240
1769348924952 542.2500323206206 15360
1769348931921 352.55139951248213 20480
1769348939339 515.397394937331 25600
1769348946149 399.15340692805484 30720
1769348956429 310.9886557425669 35840
1769348963883 486.29611594202896 40960
1769348970529 492.98354489891864 46080
1769348977705 466.13736385863524 51200
1769348987279 331.0160208349775 56320
1769348994974 423.6670707070707 61440
1769349001234 373.3247886070316 66560
1769349008673 346.72265851037446 71680
1769349017089 531.3954136576714 76800
1769349024436 378.44482540828295 81920
1769349030691 276.7786722977432 87040
1769349037772 490.676649508657 92160
1769349045784 136.26718648473033 97280
1769349053347 319.9316552250191 102400
1769349060342 123.0614675938151 107520
1769349067170 106.53282873180767 112640
1769349075024 518.9043671903996 117760
1769349082464 135.68530020703935 122880
1769349089850 536.2874312747731 128000
1769349097094 427.1620327935635 133120
1769349104374 409.00087762067284 138240
1769349111772 383.70725459701765 143360
1769349119259 194.34269298489482 148480
1769349125982 514.4491598184717 153600
1769349134079 315.5510081251881 158720
1769349141225 332.4854538248117 163840
1769349148384 263.2133040476938 168960
1769349155102 494.9615293839981 174080
1769349163030 396.3246716432014 179200
1769349170470 416.5147964250248 184320
1769349177185 448.06153188761886 189440
1769349184591 346.6939990081005 194560
1769349193004 467.0197082730208 199680
1769349200424 452.70415542363736 204800
1769349207072 571.5089249216514 209920
1769349213833 434.77806571991295 215040
1769349222119 434.37282518641257 220160
1769349229377 356.9620425531915 225280
1769349235750 319.2741112887265 230400
1769349242403 183.59833661632743 235520
1769349252138 558.7190622086054 240640
1769349259153 140.03418803418805 245760
1769349265821 200.1194713488239 250880
1769349272446 234.725166489451 256000
1769349281679 493.67984934086627 261120
1769349288662 486.6911116268276 266240
1769349295311 475.38297631191205 271360
1769349301769 283.3032083755488 276480
1769349310768 180.43121397229632 281600
1769349318097 608.4874510372842 286720
1769349325133 147.1840544618732 291840
1769349331349 324.6867936213036 296960
1769349335503 238.0692473606539 300032
