1770984995391 0.07956403493881226 5120
1770985012798 0.08297120779752731 10240
1770985030250 0.07462277263402939 15360
1770985047705 0.060307376086711884 20480
1770985065142 0.054519254714250565 25600
1770985082617 0.06544099748134613 30720
1770985100104 0.07216710597276688 35840
1770985117586 0.07668332010507584 40960
1770985135053 0.0816047415137291 46080
1770985152496 0.0908147469162941 51200
1770985169988 0.09886804223060608 56320
1770985187457 0.10402894020080566 61440
1770985204888 0.10925063490867615 66560
1770985222379 0.11281299591064453 71680
1770985239830 0.1158546432852745 76800
1770985257288 0.11848800629377365 81920
1770985274734 0.12058523297309875 87040
1770985292241 0.12275347113609314 92160
1770985309629 0.12496227771043777 97280
1770985327099 0.12647122144699097 102400
1770985344578 0.12716080248355865 107520
1770985362056 0.1281442493200302 112640
1770985379511 0.12986326217651367 117760
1770985396965 0.13246075809001923 122880
1770985414383 0.13432295620441437 128000
1770985431896 0.13638094067573547 133120
1770985449387 0.13800841569900513 138240
1770985466873 0.13988380134105682 143360
1770985484347 0.14168477058410645 148480
1770985501829 0.14290212094783783 153600
1770985519322 0.14442868530750275 158720
1770985536697 0.14623761177062988 163840
1770985554144 0.14736522734165192 168960
1770985571572 0.14816997945308685 174080
1770985589049 0.14869147539138794 179200
1770985606442 0.15018707513809204 184320
1770985623920 0.150984987616539 189440
1770985641441 0.15167535841464996 194560
1770985658917 0.1521361917257309 199680
1770985676388 0.15269163250923157 204800
1770985693874 0.15334872901439667 209920
1770985711514 0.15393933653831482 215040
1770985728985 0.15447737276554108 220160
1770985746488 0.15481533110141754 225280
1770985763961 0.1552215963602066 230400
1770985781462 0.1556420624256134 235520
1770985798937 0.15580616891384125 240640
1770985816407 0.15572762489318848 245760
1770985833889 0.1558304876089096 250880
1770985851360 0.1553349494934082 256000
1770985868848 0.15506021678447723 261120
1770985886303 0.15482592582702637 266240
1770985903713 0.15486587584018707 271360
1770985921206 0.15506066381931305 276480
1770985938690 0.15511316061019897 281600
1770985956192 0.15536510944366455 286720
1770985973677 0.15522155165672302 291840
1770985991157 0.1551104635000229 296960
1770985998184 0.1551952213048935 300032
