1770984995383 -0.9194719195365906 5120
1770985012788 -1.6253721714019775 10240
1770985030241 -2.4225428104400635 15360
1770985047695 -3.7427730560302734 20480
1770985065131 -4.921915054321289 25600
1770985082607 -5.009441375732422 30720
1770985100094 -5.731752872467041 35840
1770985117576 -6.428211212158203 40960
1770985135043 -7.424766540527344 46080
1770985152485 -8.449615478515625 51200
1770985169977 -9.437990188598633 56320
1770985187447 -10.476289749145508 61440
1770985204876 -11.398032188415527 66560
1770985222368 -12.228475570678711 71680
1770985239819 -12.873184204101562 76800
1770985257278 -13.443841934204102 81920
1770985274723 -13.995950698852539 87040
1770985292230 -14.465127944946289 92160
1770985309619 -14.951777458190918 97280
1770985327087 -15.256665229797363 102400
1770985344567 -15.515459060668945 107520
1770985362044 -15.691571235656738 112640
1770985379500 -16.066303253173828 117760
1770985396954 -16.33648109436035 122880
1770985414371 -16.679306030273438 128000
1770985431881 -17.055025100708008 133120
1770985449375 -17.443470001220703 138240
1770985466862 -17.718698501586914 143360
1770985484335 -18.054874420166016 148480
1770985501817 -18.324552536010742 153600
1770985519310 -18.64314079284668 158720
1770985536688 -18.928916931152344 163840
1770985554131 -19.33113670349121 168960
1770985571562 -19.55764389038086 174080
1770985589037 -19.782135009765625 179200
1770985606430 -20.04871940612793 184320
1770985623905 -20.333885192871094 189440
1770985641428 -20.6416072845459 194560
1770985658905 -20.83053207397461 199680
1770985676376 -21.09819984436035 204800
1770985693861 -21.34554672241211 209920
1770985711503 -21.503759384155273 215040
1770985728972 -21.85940933227539 220160
1770985746475 -21.89889907836914 225280
1770985763948 -22.210124969482422 230400
1770985781448 -22.48590660095215 235520
1770985798925 -22.562488555908203 240640
1770985816393 -22.640884399414062 245760
1770985833875 -22.93253517150879 250880
1770985851347 -23.165584564208984 256000
1770985868834 -23.1124324798584 261120
1770985886289 -23.2825927734375 266240
1770985903698 -23.46513557434082 271360
1770985921192 -23.651336669921875 276480
1770985938676 -23.8024845123291 281600
1770985956173 -23.93296241760254 286720
1770985973663 -23.962053298950195 291840
1770985991143 -24.137948989868164 296960
1770985998170 -24.298246383666992 300032
