1770984995383 16.550790786743164 5120
1770985012788 15.580769538879395 10240
1770985030241 17.491565704345703 15360
1770985047695 17.148283004760742 20480
1770985065131 15.442361831665039 25600
1770985082607 13.206377029418945 30720
1770985100094 14.478317260742188 35840
1770985117576 15.294084548950195 40960
1770985135043 15.750717163085938 46080
1770985152485 18.17010498046875 51200
1770985169977 20.990558624267578 56320
1770985187447 23.78281593322754 61440
1770985204876 26.391347885131836 66560
1770985222368 28.595417022705078 71680
1770985239819 29.03793716430664 76800
1770985257278 29.66837501525879 81920
1770985274723 31.187082290649414 87040
1770985292230 31.808685302734375 92160
1770985309619 31.441370010375977 97280
1770985327087 33.16848373413086 102400
1770985344567 33.53995132446289 107520
1770985362044 34.09375 112640
1770985379500 34.53621292114258 117760
1770985396954 33.133888244628906 122880
1770985414371 35.33477783203125 128000
1770985431881 35.66124725341797 133120
1770985449375 36.8922119140625 138240
1770985466862 38.35468673706055 143360
1770985484335 39.56366729736328 148480
1770985501817 40.29851150512695 153600
1770985519310 39.046661376953125 158720
1770985536688 41.83169937133789 163840
1770985554131 42.350521087646484 168960
1770985571562 42.20365524291992 174080
1770985589037 43.25072479248047 179200
1770985606430 43.430484771728516 184320
1770985623905 43.67024230957031 189440
1770985641428 42.68689727783203 194560
1770985658905 43.3195915222168 199680
1770985676376 42.9083137512207 204800
1770985693861 42.865318298339844 209920
1770985711503 43.033512115478516 215040
1770985728972 45.21491241455078 220160
1770985746475 43.3117790222168 225280
1770985763948 43.19150924682617 230400
1770985781448 45.19774627685547 235520
1770985798925 46.13752365112305 240640
1770985816393 44.02653884887695 245760
1770985833875 43.988487243652344 250880
1770985851347 43.780120849609375 256000
1770985868834 42.64623260498047 261120
1770985886289 43.30450439453125 266240
1770985903698 43.09221267700195 271360
1770985921192 44.867279052734375 276480
1770985938676 46.42228317260742 281600
1770985956173 44.900413513183594 286720
1770985973663 43.15852737426758 291840
1770985991143 43.654991149902344 296960
1770985998170 45.39772033691406 300032
