1770984995383 141.90560611699428 5120
1770985012788 144.40212077394477 10240
1770985030241 144.84094205400925 15360
1770985047695 144.93603787276686 20480
1770985065131 130.16087388282025 25600
1770985082607 139.99679572763685 30720
1770985100094 138.90263611074315 35840
1770985117576 141.99207826940653 40960
1770985135043 140.37631781518792 46080
1770985152485 143.5766268442132 51200
1770985169977 141.9104073622953 56320
1770985187447 139.3826930745713 61440
1770985204876 136.63118118444197 66560
1770985222368 123.78420493448235 71680
1770985239819 117.82745737000309 76800
1770985257278 137.57229073733927 81920
1770985274723 126.114137951771 87040
1770985292230 145.17683707729051 92160
1770985309619 160.65206067105868 97280
1770985327087 130.19319592748946 102400
1770985344567 137.6038843869952 107520
1770985362044 137.11804897185263 112640
1770985379500 144.5364761018643 117760
1770985396954 140.26365247634016 122880
1770985414371 141.31752021563344 128000
1770985431881 135.3394211222613 133120
1770985449375 144.00549337361807 138240
1770985466862 140.28710950565255 143360
1770985484335 138.17506176906605 148480
1770985501817 146.32654200390735 153600
1770985519310 137.6309762100082 158720
1770985536688 173.13948400412798 163840
1770985554131 132.3959595959596 168960
1770985571562 176.46110480037024 174080
1770985589037 138.65926146318887 179200
1770985606430 138.025009872318 184320
1770985623905 117.40529041287614 189440
1770985641428 136.58223973427985 194560
1770985658905 141.89600460096756 199680
1770985676376 133.97764006899635 204800
1770985693861 136.40456600214642 209920
1770985711503 158.59880511230432 215040
1770985728972 141.16532040926225 220160
1770985746475 138.56306574165842 225280
1770985763948 135.99766544534873 230400
1770985781448 140.10903260288615 235520
1770985798925 161.10870400245832 240640
1770985816393 141.33656827065641 245760
1770985833875 131.83416627377022 250880
1770985851347 140.26365247634016 256000
1770985868834 133.8750079795723 261120
1770985886289 137.70779433974653 266240
1770985903698 136.54666796887716 271360
1770985921192 132.56752741869212 276480
1770985938676 140.76735132232514 281600
1770985956173 93.5539446389936 286720
1770985973663 136.6757038581856 291840
1770985991143 138.59511614843208 296960
1770985998170 135.2216132568186 300032
