1770984995391 1.7908192873001099 5120
1770985012798 1.8202364444732666 10240
1770985030250 1.6417913436889648 15360
1770985047705 1.3494492769241333 20480
1770985065142 1.2263798713684082 25600
1770985082617 1.4684702157974243 30720
1770985100104 1.6308850049972534 35840
1770985117586 1.7397288084030151 40960
1770985135053 1.9417927265167236 46080
1770985152496 2.226708173751831 51200
1770985169988 2.4768078327178955 56320
1770985187457 2.653545379638672 61440
1770985204888 2.8086555004119873 66560
1770985222379 2.909571409225464 71680
1770985239830 2.960357904434204 76800
1770985257288 3.0090651512145996 81920
1770985274734 3.048140525817871 87040
1770985292241 3.0918612480163574 92160
1770985309629 3.1486105918884277 97280
1770985327099 3.184987783432007 102400
1770985344578 3.2017059326171875 107520
1770985362056 3.2376582622528076 112640
1770985379511 3.2880992889404297 117760
1770985396965 3.35241436958313 122880
1770985414383 3.406628370285034 128000
1770985431896 3.462219476699829 133120
1770985449387 3.5045652389526367 138240
1770985466873 3.554680109024048 143360
1770985484347 3.600155830383301 148480
1770985501829 3.634139060974121 153600
1770985519322 3.680133104324341 158720
1770985536697 3.730513095855713 163840
1770985554144 3.766483783721924 168960
1770985571572 3.796576499938965 174080
1770985589049 3.819032669067383 179200
1770985606442 3.8626320362091064 184320
1770985623920 3.8873581886291504 189440
1770985641441 3.9106454849243164 194560
1770985658917 3.9311776161193848 199680
1770985676388 3.9518215656280518 204800
1770985693874 3.9780895709991455 209920
1770985711514 4.008917808532715 215040
1770985728985 4.029548168182373 220160
1770985746488 4.048230171203613 225280
1770985763961 4.069779872894287 230400
1770985781462 4.096005916595459 235520
1770985798937 4.11726188659668 240640
1770985816407 4.134624481201172 245760
1770985833889 4.154692649841309 250880
1770985851360 4.157922267913818 256000
1770985868848 4.164399147033691 261120
1770985886303 4.174792289733887 266240
1770985903713 4.191082954406738 271360
1770985921206 4.209573745727539 276480
1770985938690 4.222997665405273 281600
1770985956192 4.241391181945801 286720
1770985973677 4.247530460357666 291840
1770985991157 4.252727031707764 296960
1770985998184 4.258909225463867 300032
