1768226434046 0.0 5120
1768226545590 0.0 10240
1768226658656 0.0 15360
1768226770176 0.0006310475389145982 20480
1768226884088 0.0005153753650575503 25600
1768226997016 0.00042869391254644185 30720
1768227110999 0.00036231884057971015 35840
1768227223978 0.000318606627017842 40960
1768227338062 0.00028694404591104734 46080
1768227451257 0.00026166593981683385 51200
1768227566215 0.00040189695362109155 56320
1768227677826 0.0003748969033515783 61440
1768227788664 0.0005614429082742648 66560
1768227902364 0.0014588859416445623 71680
1768228015860 0.0020825444907232107 76800
1768228128400 0.0023342111563322957 81920
1768228239868 0.003930181481909606 87040
1768228351435 0.005433878569448295 92160
1768228464900 0.00532307367977232 97280
1768228584345 0.0057462573718433385 102400
1768228698433 0.007651817915976216 107520
1768228812030 0.009862677551790855 112640
1768228926787 0.012135812008545067 117760
1768229043518 0.013615333773959022 122880
1768229154387 0.014996795556505021 128000
1768229283053 0.016622340425531915 133120
1768229404018 0.018049809361564046 138240
1768229518483 0.020014211274277594 143360
1768229631084 0.021405322611525942 148480
1768229744094 0.022938693166959314 153600
1768229855669 0.024470416362308255 158720
1768229968500 0.025598973188819166 163840
1768230078367 0.026918790917955147 168960
1768230203098 0.028459574468085107 174080
1768230319402 0.029707586758142942 179200
1768230431498 0.030974171905025567 184320
1768230543375 0.032410210650435006 189440
1768230655598 0.033746062439572094 194560
1768230767434 0.03504687212793334 199680
1768230878360 0.03631058030745164 204800
1768230992404 0.037233255394086485 209920
1768231106954 0.03690337601862631 215040
1768231227327 0.0362738662633066 220160
1768231345912 0.03612769416183189 225280
1768231464752 0.03670533770564083 230400
1768231583830 0.03744289754187514 235520
1768231702171 0.03794081446995237 240640
1768231821214 0.0386447995366836 245760
1768231943888 0.039437203637965434 250880
1768232065064 0.04017596053601851 256000
1768232188093 0.0410582802945214 261120
1768232309980 0.04192938982801345 266240
1768232429346 0.042937225148600974 271360
1768232547953 0.04398379795091732 276480
1768232662907 0.04458568848652579 281600
1768232780366 0.04556598973030485 286720
1768232902638 0.04642100225610173 291840
1768233019632 0.0469959826738784 296960
1768233133916 0.0478231097170374 302080
1768233249931 0.04877676840293663 307200
1768233367573 0.049682648597649884 312320
1768233481971 0.0504155592119141 317440
1768233599202 0.051375 322560
1768233719879 0.05204758871514579 327680
1768233840402 0.05263904079069956 332800
1768233962031 0.05330618112122664 337920
1768234075353 0.05377319424999507 343040
1768234186405 0.05414762228921521 348160
1768234305533 0.0547874079344628 353280
1768234422675 0.05510002657252401 358400
1768234534743 0.05596385316284825 363520
1768234647825 0.05674506323496783 368640
1768234765986 0.057456788771468724 373760
1768234884700 0.05789776610669448 378880
1768235005238 0.0585178089967362 384000
1768235122559 0.05924511109553515 389120
1768235240923 0.05983201410251979 394240
1768235360794 0.060530580909323554 399360
1768235480981 0.061185597436546085 404480
1768235594637 0.06157918393847076 409600
1768235707245 0.06216260697827518 414720
1768235817795 0.062365975696926375 419840
1768235932445 0.06248490994253706 424960
1768236045120 0.06276729359767245 430080
1768236157992 0.06294002352018817 435200
1768236269426 0.06332515299307259 440320
1768236382698 0.0635800006138547 445440
1768236495215 0.0639182768931862 450560
1768236611281 0.06398858687490615 455680
1768236722281 0.06452428773339285 460800
1768236832893 0.06501990856805781 465920
1768236947283 0.0653689333157964 471040
1768237060605 0.06590602664656335 476160
1768237174579 0.06585509579315003 481280
1768237289333 0.0658200093967567 486400
1768237402781 0.06583248788186224 491520
1768237519818 0.06572750327453111 496640
1768237631362 0.0659269379925199 501760
1768237746074 0.06625213529210797 506880
1768237860261 0.06635135318272371 512000
1768237972923 0.06593878839155017 517120
1768238084914 0.0660593468648447 522240
1768238197530 0.06609051326032458 527360
1768238309515 0.0660167495420047 532480
1768238425192 0.0661213802400643 537600
1768238540630 0.06623341595920935 542720
1768238659869 0.06613958699360883 547840
1768238772779 0.06589958158995816 552960
1768238885175 0.06586893591535237 558080
1768238998342 0.06606899962903426 563200
1768239113613 0.06651221515340958 568320
1768239224073 0.06697150640285057 573440
1768239335883 0.06742060717127632 578560
1768239448872 0.0678065333237747 583680
1768239561581 0.06818181818181818 588800
1768239674672 0.06827092381734945 593920
1768239789544 0.06846014155336189 599040
1768239902261 0.06879552984910932 604160
1768240015955 0.06920328034086223 609280
1768240130028 0.06932007762759185 614400
1768240243641 0.06944335180211061 619520
1768240356518 0.06969852269435593 624640
1768240469133 0.06975151849806736 629760
1768240584395 0.07003025254296738 634880
1768240699615 0.07033772106218546 640000
1768240811003 0.07060597899272825 645120
1768240923408 0.07077005347593583 650240
1768241035171 0.07115078100095633 655360
1768241149106 0.07156424109404018 660480
1768241260465 0.07182285720271077 665600
1768241374564 0.07213857927133588 670720
1768241489602 0.07261796545740022 675840
1768241603254 0.07297907263028314 680960
1768241715131 0.07316552250190694 686080
1768241829140 0.07345887817438279 691200
1768241941888 0.07371640593662254 696320
1768242057665 0.07396058221324604 701440
1768242171029 0.07431383982842289 706560
1768242286783 0.07463141041382224 711680
1768242398768 0.07494220583501594 716800
1768242511003 0.0751945939666189 721920
1768242628854 0.07551870412943315 727040
1768242750577 0.07582725850158391 732160
1768242872035 0.07616176554234685 737280
1768242986006 0.07632128937508237 742400
1768243098953 0.07658651508918889 747520
1768243211138 0.07683454305815961 752640
1768243324241 0.07703784201946898 757760
1768243438665 0.07726939970717422 762880
1768243556062 0.07753592906847871 768000
1768243672219 0.0778073539363862 773120
1768243786293 0.0781419539972201 778240
1768243899690 0.0784507732762847 783360
1768244013769 0.07866502467418557 788480
1768244133917 0.07889362301489489 793600
1768244255280 0.07923633531949148 798720
1768244376130 0.07947019867549669 803840
1768244492413 0.07967315349865685 808960
1768244614694 0.07980680970069229 814080
1768244736509 0.08008117256844673 819200
1768244853931 0.08028658639986434 824320
1768244973555 0.08052265542676501 829440
1768245088471 0.0807817644151427 834560
1768245201496 0.08089766008826714 839680
1768245314286 0.0812503624659282 844800
1768245426729 0.08146361143816949 849920
1768245539013 0.08174155004501187 855040
1768245651542 0.08185898269806166 860160
1768245764935 0.0820378499421984 865280
1768245885998 0.08223020599747627 870400
1768246008058 0.08243123407178979 875520
1768246128786 0.08238692729538186 880640
1768246251815 0.08251213065604165 885760
1768246373787 0.08275586040196825 890880
1768246497243 0.08296217717214106 896000
1768246614393 0.08308984801866247 901120
1768246733296 0.08330313707047422 906240
1768246845661 0.0835078032133134 911360
1768246959364 0.08364215888121274 916480
1768247071272 0.08382892860393847 921600
1768247185085 0.08395702559150169 926720
1768247304408 0.08410513517164772 931840
1768247420571 0.0842842633528498 936960
1768247532994 0.08445075068159363 942080
1768247646863 0.08461748815621235 947200
1768247757457 0.0847609598353728 952320
1768247871358 0.08481966782067575 957440
1768247986935 0.08499462381215309 962560
1768248100399 0.08508594539939332 967680
1768248211747 0.08531793070252951 972800
1768248324561 0.08553243223914754 977920
1768248436268 0.0853854580114663 983040
1768248549661 0.08525733525733525 988160
1768248663004 0.08523586730924824 993280
1768248783829 0.08538684354141304 998400
1768248901950 0.08554262162689019 1003520
1768249013911 0.08571982898994589 1008640
1768249125245 0.08591508497020525 1013760
1768249236248 0.08598728299117217 1018880
1768249347571 0.08613644580573425 1024000
1768249463573 0.08628494255135766 1029120
1768249576910 0.08650729335494327 1034240
1768249688018 0.08675753054558652 1039360
1768249799744 0.0868812691708823 1044480
1768249912406 0.08698281074544355 1049600
1768250023468 0.08714619991274804 1054720
1768250136448 0.08729198184568836 1059840
1768250250565 0.08743963249440496 1064960
1768250363229 0.08754456270004424 1070080
1768250476362 0.08760083386205021 1075200
1768250599675 0.08780289645744942 1080320
1768250716363 0.08795978247609998 1085440
1768250844855 0.08812733411776744 1090560
1768250970697 0.0882581302106536 1095680
1768251092023 0.08844450919409906 1100800
1768251214768 0.08849462771920544 1105920
1768251340528 0.08868045192922618 1111040
1768251462928 0.08882898735204009 1116160
1768251582897 0.08900120456492853 1121280
1768251703385 0.08919743931978842 1126400
1768251818785 0.08939186943839308 1131520
1768251936253 0.08953944145026947 1136640
1768252051465 0.08967879981224205 1141760
1768252169801 0.0897372124623896 1146880
1768252288953 0.08986485262960929 1152000
1768252404714 0.0899660006968055 1157120
1768252522023 0.09014172135511699 1162240
1768252638044 0.0902404627166753 1167360
1768252754074 0.09045023696682465 1172480
1768252869984 0.090647914909181 1177600
1768252985813 0.09077831795016322 1182720
1768253099456 0.09091334210141751 1187840
1768253213367 0.09112338558066713 1192960
1768253330393 0.09136817449181925 1198080
1768253443168 0.09152062822992753 1203200
1768253557188 0.0916902477741735 1208320
1768253669017 0.09177969208211144 1213440
1768253784003 0.09187617581665812 1218560
1768253904747 0.0920356494096276 1223680
1768254037706 0.09223287245172053 1228800
1768254167563 0.0924142049167399 1233920
1768254297938 0.09254802972935072 1239040
1768254427511 0.09261047988610033 1244160
1768254552411 0.09271055674137317 1249280
1768254667502 0.09283172174837134 1254400
1768254781718 0.09297913759919704 1259520
1768254894059 0.09311705296011781 1264640
1768255007629 0.09318553436763444 1269760
1768255122291 0.09334400993577696 1274880
1768255237475 0.09348724680763347 1280000
1768255350781 0.09357129357129357 1285120
1768255464176 0.0936456468083047 1290240
1768255578550 0.09373695198329854 1295360
1768255691804 0.09384911433429816 1300480
1768255806300 0.0938690811051788 1305600
1768255920821 0.09390668505280732 1310720
1768256036058 0.09395221110444746 1315840
1768256149313 0.09402748165183272 1320960
1768256264409 0.09412354236916556 1326080
1768256379115 0.09414455388933649 1331200
1768256494307 0.09424184062292909 1336320
1768256608469 0.09425458070970703 1341440
1768256721883 0.09406156738459326 1346560
1768256835290 0.09403647419524903 1351680
1768256950436 0.09407500305885232 1356800
1768257065938 0.09421187895533456 1361920
1768257181926 0.09433752195102202 1367040
1768257295379 0.09449223911004427 1372160
1768257411414 0.09455619043793495 1377280
1768257523797 0.09470208614738106 1382400
1768257639340 0.09477503700787009 1387520
1768257751648 0.09487226631020826 1392640
1768257867504 0.09492567761613802 1397760
1768257980271 0.09503569207073251 1402880
1768258096219 0.0951457743879936 1408000
1768258218175 0.09521987965101737 1413120
1768258339525 0.09527208024558591 1418240
1768258462351 0.09531717199263681 1423360
1768258583043 0.09546306456781611 1428480
1768258698034 0.09558246928639888 1433600
1768258813221 0.09561718388142659 1438720
1768258936142 0.09567098526548566 1443840
1768259055601 0.09578709294079313 1448960
1768259170994 0.09588399927404025 1454080
1768259287218 0.0959697469065831 1459200
1768259403141 0.09602133596552836 1464320
1768259520120 0.09610880027256853 1469440
1768259633692 0.09616672799147113 1474560
1768259749397 0.09631131157024404 1479680
1768259866803 0.09642811947825516 1484800
1768259983393 0.09653674598911749 1489920
1768260097565 0.09665090035567307 1495040
1768260213493 0.09672748200370368 1500160
1768260328820 0.09678404657555802 1505280
1768260448354 0.09680855970114836 1510400
1768260565274 0.09689767520943335 1515520
1768260682459 0.09698287702591338 1520640
1768260800918 0.0970832154880619 1525760
1768260916860 0.09715991982874984 1530880
1768261033824 0.09727525990351295 1536000
1768261150096 0.09738017092319291 1541120
1768261265970 0.09751147511475115 1546240
1768261383723 0.09758930773888279 1551360
1768261501468 0.09772419434870654 1556480
1768261619246 0.09780895123580495 1561600
1768261736090 0.09791060143435347 1566720
1768261850612 0.0980220441236311 1571840
1768261967781 0.09811345704588531 1576960
1768262086185 0.09825807245434251 1582080
1768262200480 0.09832734025639565 1587200
1768262314312 0.09843702248417376 1592320
1768262428724 0.0985829060870625 1597440
1768262543290 0.09865470852017937 1602560
1768262657150 0.098693251056548 1607680
1768262769420 0.09877308803707005 1612800
1768262883943 0.0988542556525248 1617920
1768262998437 0.09891515447071003 1623040
1768263115697 0.09898402493253124 1628160
1768263233741 0.09901532891074213 1633280
1768263350926 0.09909612133077382 1638400
1768263471584 0.09916160984432312 1643520
1768263590373 0.09923291110446479 1648640
1768263718537 0.09929950696713394 1653760
1768263854409 0.0993925337330079 1658880
1768263974265 0.09944555315258144 1664000
1768264087295 0.0995151187230766 1669120
1768264199748 0.09962458258146144 1674240
1768264312825 0.099714227815435 1679360
1768264430101 0.09976915783832804 1684480
1768264543605 0.09982416354433708 1689600
1768264660827 0.0998165798696407 1694720
1768264776590 0.09985104168792214 1699840
1768264893095 0.09989788071979853 1704960
1768265005353 0.09998377347774938 1710080
1768265117982 0.1000861939890821 1715200
1768265229094 0.10012586837073076 1720320
1768265339870 0.1002119675170841 1725440
1768265450177 0.10032082130253449 1730560
1768265564377 0.10035022628776127 1735680
1768265676238 0.10046335802981123 1740800
1768265798581 0.10054710859469432 1745920
1768265925836 0.10066576523349366 1751040
1768266060704 0.1007496915825768 1756160
1768266180970 0.10081012358819703 1761280
1768266294400 0.10082785555158283 1766400
1768266405191 0.10087674624503451 1771520
1768266515001 0.10095509677923396 1776640
1768266626971 0.10101403600353724 1781760
1768266741628 0.1011115039296967 1786880
1768266851451 0.10122036262203626 1792000
1768266963392 0.10130763139087942 1797120
1768267074962 0.10141722941088097 1802240
1768267186000 0.10147432794769555 1807360
1768267297407 0.10153188457427859 1812480
1768267409190 0.101603889977502 1817600
1768267534074 0.10165773629311428 1822720
1768267646066 0.10172161797923429 1827840
1768267755428 0.10184539862428411 1832960
1768267870752 0.1018522364669675 1838080
1768267981642 0.10188561269229031 1843200
1768268100387 0.1018327950123939 1848320
1768268214221 0.10164998708315082 1853440
1768268325727 0.1015262159700133 1858560
1768268441765 0.10147506682849462 1863680
1768268562123 0.10135147675096229 1868800
1768268679036 0.10127027367143143 1873920
1768268794032 0.1012871290783388 1879040
1768268913209 0.10125021622079179 1884160
1768269035444 0.10129006692497358 1889280
1768269155127 0.101398243045388 1894400
1768269271530 0.1014974737887328 1899520
1768269384753 0.1015967228038234 1904640
1768269505310 0.10166235765744829 1909760
1768269629255 0.1017738704571058 1914880
1768269754199 0.10184522906416398 1920000
1768269872873 0.10183927999049207 1925120
1768269993206 0.10194286371213428 1930240
1768270112205 0.10201755957713671 1935360
1768270231727 0.1020928188010607 1940480
1768270351571 0.1021374709563383 1945600
1768270470263 0.1021908187492003 1950720
1768270590436 0.10228775432787246 1955840
1768270710326 0.10240243850690957 1960960
1768270831245 0.1025222237900381 1966080
1768270951687 0.10261769052142707 1971200
1768271071486 0.10266521191539522 1976320
1768271190468 0.10273740182959892 1981440
1768271309817 0.10283977499546362 1986560
1768271430164 0.10289189913323057 1991680
1768271550705 0.10299533811671023 1996800
1768271670774 0.10304339397967378 2001920
1768271790954 0.10313706263767375 2007040
1768271911473 0.10318990689218224 2012160
1768272033369 0.103283305285572 2017280
1768272161683 0.1033710174717369 2022400
1768272283439 0.10340550717011819 2027520
1768272405257 0.103477893359146 2032640
1768272526952 0.10357700192772559 2037760
1768272647219 0.10362987730851922 2042880
1768272765946 0.10364651496244594 2048000
1768272882377 0.10371786958618759 2053120
1768272998411 0.1037736801203056 2058240
