1768226434046 0.29208966380654344 5120
1768226545590 0.19221717247161751 10240
1768226658656 0.26739148177214384 15360
1768226770176 0.3216266423451284 20480
1768226884088 0.34919190058653304 25600
1768226997016 0.3678864514224698 30720
1768227110999 0.38740436581597815 35840
1768227223978 0.4053440081840262 40960
1768227338062 0.4347051083214941 46080
1768227451257 0.46159643513429544 51200
1768227566215 0.48506964131687896 56320
1768227677826 0.48798843587437896 61440
1768227788664 0.4949576793967552 66560
1768227902364 0.5135346255821005 71680
1768228015860 0.5225670752043257 76800
1768228128400 0.5177403994088313 81920
1768228239868 0.5184730203037882 87040
1768228351435 0.5199898282213161 92160
1768228464900 0.5243857188610304 97280
1768228584345 0.5297484604351775 102400
1768228698433 0.5302457561245647 107520
1768228812030 0.5337645713550891 112640
1768228926787 0.5366971843118348 117760
1768229043518 0.5403095590776745 122880
1768229154387 0.545472328236561 128000
1768229283053 0.5475480453448093 133120
1768229404018 0.549804651138604 138240
1768229518483 0.5511057463826189 143360
1768229631084 0.5520653656198676 148480
1768229744094 0.5543920073960098 153600
1768229855669 0.5577839910592189 158720
1768229968500 0.5601396507626591 163840
1768230078367 0.561861949372813 168960
1768230203098 0.5639367687468834 174080
1768230319402 0.5656747178314194 179200
1768230431498 0.5662953049663736 184320
1768230543375 0.5661318620436012 189440
1768230655598 0.5671028409897862 194560
1768230767434 0.5702136302504146 199680
1768230878360 0.5733961076255324 204800
1768230992404 0.5744133624482367 209920
1768231106954 0.5732593085629837 215040
1768231227327 0.5705970429493659 220160
1768231345912 0.5687010126325854 225280
1768231464752 0.5681542393365532 230400
1768231583830 0.5695346673986614 235520
1768231702171 0.5700207083210067 240640
1768231821214 0.5718994033174396 245760
1768231943888 0.5731042122533846 250880
1768232065064 0.5730123326626062 256000
1768232188093 0.5744847858352309 261120
1768232309980 0.577476182036944 266240
1768232429346 0.5813014265914045 271360
1768232547953 0.5837976746994284 276480
1768232662907 0.5848042713359163 281600
1768232780366 0.5873996708854891 286720
1768232902638 0.5887389481767195 291840
1768233019632 0.588694304926786 296960
1768233133916 0.5894129650879985 302080
1768233249931 0.5923213625079917 307200
1768233367573 0.5933737082857242 312320
1768233481971 0.5932287516254154 317440
1768233599202 0.59523774822553 322560
1768233719879 0.5969865956383763 327680
1768233840402 0.5975557909743119 332800
1768233962031 0.5973282156613589 337920
1768234075353 0.5986541108816354 343040
1768234186405 0.6001764225702416 348160
1768234305533 0.6035957949699933 353280
1768234422675 0.6041801478557487 358400
1768234534743 0.6060500273156869 363520
1768234647825 0.6072876678928364 368640
1768234765986 0.6093276752371037 373760
1768234884700 0.610130858612582 378880
1768235005238 0.611341503574203 384000
1768235122559 0.6128454455699668 389120
1768235240923 0.6139367684299084 394240
1768235360794 0.6163531186830201 399360
1768235480981 0.6182910480108437 404480
1768235594637 0.6188702563864503 409600
1768235707245 0.6206549665816448 414720
1768235817795 0.6208353305360295 419840
1768235932445 0.621998559632893 424960
1768236045120 0.6216650307998193 430080
1768236157992 0.6203923782952764 435200
1768236269426 0.6213609065537291 440320
1768236382698 0.6219259709168277 445440
1768236495215 0.6229785938818517 450560
1768236611281 0.6241201571183692 455680
1768236722281 0.6256114256822716 460800
1768236832893 0.6262626233907457 465920
1768236947283 0.6271736714433913 471040
1768237060605 0.6285215778456738 476160
1768237174579 0.6287498744418138 481280
1768237289333 0.6282871903021756 486400
1768237402781 0.6273437230593187 491520
1768237519818 0.6279776330025164 496640
1768237631362 0.6281236500018074 501760
1768237746074 0.6287658107537314 506880
1768237860261 0.6294806777835611 512000
1768237972923 0.629081675459539 517120
1768238084914 0.6299796555331987 522240
1768238197530 0.6313064076903943 527360
1768238309515 0.6321411781740326 532480
1768238425192 0.6324960157127243 537600
1768238540630 0.6329884581720738 542720
1768238659869 0.6344454986321274 547840
1768238772779 0.6351018995925496 552960
1768238885175 0.6359179622995137 558080
1768238998342 0.636936044156426 563200
1768239113613 0.6383072191388341 568320
1768239224073 0.6395627612244417 573440
1768239335883 0.6405532061299118 578560
1768239448872 0.6409692402612062 583680
1768239561581 0.6420737245803566 588800
1768239674672 0.6420812234028864 593920
1768239789544 0.6420776533623118 599040
1768239902261 0.6422583833544128 604160
1768240015955 0.6433024598461264 609280
1768240130028 0.6440106555414483 614400
1768240243641 0.6444251732148911 619520
1768240356518 0.6452019393819919 624640
1768240469133 0.6460426381962658 629760
1768240584395 0.6471880790184608 634880
1768240699615 0.6481948642894291 640000
1768240811003 0.6482347505149769 645120
1768240923408 0.6494922367850727 650240
1768241035171 0.650354874748414 655360
1768241149106 0.6513033272264859 660480
1768241260465 0.6517772249222461 665600
1768241374564 0.6526726223113156 670720
1768241489602 0.6545574674329702 675840
1768241603254 0.6558740500793332 680960
1768241715131 0.6563615936193944 686080
1768241829140 0.6576069483109664 691200
1768241941888 0.6583029331187383 696320
1768242057665 0.6583405421508463 701440
1768242171029 0.6594263954363552 706560
1768242286783 0.6601803339977179 711680
1768242398768 0.6610789669945042 716800
1768242511003 0.6611876008918957 721920
1768242628854 0.6621306122677756 727040
1768242750577 0.6621829122765583 732160
1768242872035 0.6630764137393769 737280
1768242986006 0.6638320083504681 742400
1768243098953 0.6646094696848346 747520
1768243211138 0.6646893425209441 752640
1768243324241 0.6642959944075444 757760
1768243438665 0.6647699349795743 762880
1768243556062 0.6652197885912698 768000
1768243672219 0.6664932520836491 773120
1768243786293 0.6677137584829097 778240
1768243899690 0.6685986599065926 783360
1768244013769 0.6693482071367485 788480
1768244133917 0.6700843129469822 793600
1768244255280 0.6707747781057979 798720
1768244376130 0.6712571872633536 803840
1768244492413 0.672416553103729 808960
1768244614694 0.672419854445156 814080
1768244736509 0.6731877627466132 819200
1768244853931 0.6739431567852712 824320
1768244973555 0.6745719201235676 829440
1768245088471 0.674502815461139 834560
1768245201496 0.6750722678180777 839680
1768245314286 0.6760705929908807 844800
1768245426729 0.6765412927418868 849920
1768245539013 0.6769578915140283 855040
1768245651542 0.6772429101005307 860160
1768245764935 0.677981622485126 865280
1768245885998 0.6787957661095491 870400
1768246008058 0.6790474345085181 875520
1768246128786 0.6787696912188513 880640
1768246251815 0.6790128394646863 885760
1768246373787 0.6798697687219415 890880
1768246497243 0.679919803616677 896000
1768246614393 0.68007690718475 901120
1768246733296 0.6811712695681609 906240
1768246845661 0.6821383947956584 911360
1768246959364 0.6824067739393117 916480
1768247071272 0.6828912855420843 921600
1768247185085 0.682862664639 926720
1768247304408 0.683112536181143 931840
1768247420571 0.6832972406443621 936960
1768247532994 0.6836167046661233 942080
1768247646863 0.684218901131966 947200
1768247757457 0.6846947570560794 952320
1768247871358 0.6845178103027986 957440
1768247986935 0.6848125986551151 962560
1768248100399 0.6844746324207748 967680
1768248211747 0.684837280140578 972800
1768248324561 0.6854829005380731 977920
1768248436268 0.6855756528378245 983040
1768248549661 0.6859895459926246 988160
1768248663004 0.6861212844840581 993280
1768248783829 0.686123543174785 998400
1768248901950 0.6868164437287712 1003520
1768249013911 0.6873532866569945 1008640
1768249125245 0.6878707010049847 1013760
1768249236248 0.6876132833395024 1018880
1768249347571 0.6874980788725223 1024000
1768249463573 0.687975528088123 1029120
1768249576910 0.6885845499641505 1034240
1768249688018 0.6894040022290282 1039360
1768249799744 0.6894245566161622 1044480
1768249912406 0.6895145344756846 1049600
1768250023468 0.6900079483418119 1054720
1768250136448 0.6901001222461555 1059840
1768250250565 0.6900847193343149 1064960
1768250363229 0.6896862829717063 1070080
1768250476362 0.6902580518569785 1075200
1768250599675 0.691478971039531 1080320
1768250716363 0.6921440510456127 1085440
1768250844855 0.6929792947779411 1090560
1768250970697 0.693280722074837 1095680
1768251092023 0.6936691052310812 1100800
1768251214768 0.6935348168621182 1105920
1768251340528 0.6946042390064439 1111040
1768251462928 0.6950860281906946 1116160
1768251582897 0.6954463244991508 1121280
1768251703385 0.6958568801080321 1126400
1768251818785 0.6965827714183646 1131520
1768251936253 0.6969700011478108 1136640
1768252051465 0.6972846747434474 1141760
1768252169801 0.6973170184931755 1146880
1768252288953 0.6977512184093929 1152000
1768252404714 0.6977038800359074 1157120
1768252522023 0.6986012408852307 1162240
1768252638044 0.6985290613783981 1167360
1768252754074 0.6991540263840372 1172480
1768252869984 0.6996998504474664 1177600
1768252985813 0.6995111747800292 1182720
1768253099456 0.6997851081746687 1187840
1768253213367 0.7004802816714609 1192960
1768253330393 0.7014089433578944 1198080
1768253443168 0.7019126329747717 1203200
1768253557188 0.7020503041122612 1208320
1768253669017 0.7021077481969711 1213440
1768253784003 0.7020859098252314 1218560
1768253904747 0.7024323977090141 1223680
1768254037706 0.7031955988321453 1228800
1768254167563 0.704062004409976 1233920
1768254297938 0.7041007551600599 1239040
1768254427511 0.7039338654221304 1244160
1768254552411 0.7039448482970757 1249280
1768254667502 0.7041693753520676 1254400
1768254781718 0.7049269243446911 1259520
1768254894059 0.7055534866371744 1264640
1768255007629 0.7057488029808294 1269760
1768255122291 0.7065724141425835 1274880
1768255237475 0.7074620450911203 1280000
1768255350781 0.7074487041756939 1285120
1768255464176 0.7080203636041557 1290240
1768255578550 0.707916088603522 1295360
1768255691804 0.7082449075693372 1300480
1768255806300 0.7082776907814863 1305600
1768255920821 0.7084103513481854 1310720
1768256036058 0.7082453802847739 1315840
1768256149313 0.7082616955497918 1320960
1768256264409 0.708722429281785 1326080
1768256379115 0.7085211544580661 1331200
1768256494307 0.7085095866379002 1336320
1768256608469 0.7087262367449862 1341440
1768256721883 0.708903935306573 1346560
1768256835290 0.7093201406814631 1351680
1768256950436 0.7095230249485576 1356800
1768257065938 0.709897153822653 1361920
1768257181926 0.7103178043510364 1367040
1768257295379 0.7109164246161336 1372160
1768257411414 0.7107557455211825 1377280
1768257523797 0.7110632216508753 1382400
1768257639340 0.7108536570484275 1387520
1768257751648 0.7110724801432275 1392640
1768257867504 0.7109446397650909 1397760
1768257980271 0.7111074993887987 1402880
1768258096219 0.7109424077401317 1408000
1768258218175 0.7109783094987826 1413120
1768258339525 0.7109980966484342 1418240
1768258462351 0.7106575124114428 1423360
1768258583043 0.7108441215808601 1428480
1768258698034 0.7111381596572476 1433600
1768258813221 0.7110119652229087 1438720
1768258936142 0.7109774689094076 1443840
1768259055601 0.7111729233328854 1448960
1768259170994 0.7112156644130897 1454080
1768259287218 0.7116664072852273 1459200
1768259403141 0.7114823161916439 1464320
1768259520120 0.7117306058934599 1469440
1768259633692 0.7118820606906971 1474560
1768259749397 0.712150520265896 1479680
1768259866803 0.7123596096504121 1484800
1768259983393 0.7124722149712794 1489920
1768260097565 0.7125998788416176 1495040
1768260213493 0.712799836086778 1500160
1768260328820 0.7127555004816489 1505280
1768260448354 0.7125066190266672 1510400
1768260565274 0.7125602683707386 1515520
1768260682459 0.7128274612140333 1520640
1768260800918 0.7129744678395584 1525760
1768260916860 0.7132134850165858 1530880
1768261033824 0.7135556398411467 1536000
1768261150096 0.713879428740785 1541120
1768261265970 0.7142431638359047 1546240
1768261383723 0.714438955298324 1551360
1768261501468 0.7147016180506386 1556480
1768261619246 0.7148072850616598 1561600
1768261736090 0.7150681144615758 1566720
1768261850612 0.7155859976748028 1571840
1768261967781 0.71580434666276 1576960
1768262086185 0.7162251951313503 1582080
1768262200480 0.7163677366864868 1587200
1768262314312 0.7167488077826126 1592320
1768262428724 0.7175269023914888 1597440
1768262543290 0.7177433764639544 1602560
1768262657150 0.7179098374476389 1607680
1768262769420 0.7179554608655202 1612800
1768262883943 0.7182814255328324 1617920
1768262998437 0.7182043191797797 1623040
1768263115697 0.7182276869137536 1628160
1768263233741 0.7183942197849055 1633280
1768263350926 0.7187725257289166 1638400
1768263471584 0.7189698819526885 1643520
1768263590373 0.7190753978499441 1648640
1768263718537 0.7194814724860863 1653760
1768263854409 0.7198372774999601 1658880
1768263974265 0.7202321598680899 1664000
1768264087295 0.7205037062208757 1669120
1768264199748 0.7209799114834397 1674240
1768264312825 0.7213474056459351 1679360
1768264430101 0.7215224490721388 1684480
1768264543605 0.7216233936967538 1689600
1768264660827 0.7215592245743084 1694720
1768264776590 0.7217291613532151 1699840
1768264893095 0.7216965640406652 1704960
1768265005353 0.7221979097983237 1710080
1768265117982 0.7227296387074909 1715200
1768265229094 0.722827932983691 1720320
1768265339870 0.7231332556122934 1725440
1768265450177 0.7232783807100376 1730560
1768265564377 0.7235033606558686 1735680
1768265676238 0.7240292316147111 1740800
1768265798581 0.72428591414121 1745920
1768265925836 0.7246156693238505 1751040
1768266060704 0.7247743779425189 1756160
1768266180970 0.724771566366366 1761280
1768266294400 0.7246148900060982 1766400
1768266405191 0.7245277352002091 1771520
1768266515001 0.7247186404349862 1776640
1768266626971 0.7250255027930927 1781760
1768266741628 0.7254724984552496 1786880
1768266851451 0.725748104075951 1792000
1768266963392 0.7260525392624413 1797120
1768267074962 0.7264580794753364 1802240
1768267186000 0.7267948443739362 1807360
1768267297407 0.7269489802366055 1812480
1768267409190 0.727018624349143 1817600
1768267534074 0.7269212090641811 1822720
1768267646066 0.726860507686822 1827840
1768267755428 0.7274381363270142 1832960
1768267870752 0.7273393765129316 1838080
1768267981642 0.7277073362503664 1843200
1768268100387 0.7277883127791763 1848320
1768268214221 0.7279051601504475 1853440
1768268325727 0.7282397537364749 1858560
1768268441765 0.7284368384453319 1863680
1768268562123 0.7282031637018835 1868800
1768268679036 0.7281559432324766 1873920
1768268794032 0.7280773093239937 1879040
1768268913209 0.7279660781785269 1884160
1768269035444 0.7278638905841756 1889280
1768269155127 0.7283895758688886 1894400
1768269271530 0.7286498723250537 1899520
1768269384753 0.729054558817777 1904640
1768269505310 0.7291159163844494 1909760
1768269629255 0.7294264197993391 1914880
1768269754199 0.7296136215197504 1920000
1768269872873 0.7293209101028133 1925120
1768269993206 0.7295838047007196 1930240
1768270112205 0.7300671098002011 1935360
1768270231727 0.7301124891710989 1940480
1768270351571 0.7302078289864872 1945600
1768270470263 0.7302780735185781 1950720
1768270590436 0.7306128370583396 1955840
1768270710326 0.7310536433588853 1960960
1768270831245 0.7314397567247358 1966080
1768270951687 0.7317679966169661 1971200
1768271071486 0.7318234631643878 1976320
1768271190468 0.7319744618480172 1981440
1768271309817 0.7323353733863402 1986560
1768271430164 0.7324273108729213 1991680
1768271550705 0.7327840372981952 1996800
1768271670774 0.7327669843053769 2001920
1768271790954 0.7331498721085528 2007040
1768271911473 0.7333012510413907 2012160
1768272033369 0.7336305988200538 2017280
1768272161683 0.7338751997233826 2022400
1768272283439 0.7339803363031708 2027520
1768272405257 0.7342838918776432 2032640
1768272526952 0.7346887792089233 2037760
1768272647219 0.7349499204365552 2042880
1768272765946 0.7350564948724929 2048000
1768272882377 0.7351045171741035 2053120
1768272998411 0.735192994332228 2058240
