1768226434046 72.25630538513974 5120
1768226545590 70.68837897853442 10240
1768226658656 69.82576557550158 15360
1768226770176 69.46613378207824 20480
1768226884088 70.99158220237072 25600
1768226997016 71.6264647042012 30720
1768227110999 70.86256038647343 35840
1768227223978 70.8625743415463 40960
1768227338062 70.94615016738403 46080
1768227451257 70.71452245965983 51200
1768227566215 70.76328269431718 56320
1768227677826 70.54554997375722 61440
1768227788664 70.28970454066952 66560
1768227902364 70.17148541114058 71680
1768228015860 69.95847532500315 76800
1768228128400 69.41381374192004 81920
1768228239868 68.94416830424228 87040
1768228351435 68.23964513446077 92160
1768228464900 68.21987983556446 97280
1768228584345 67.95816321387167 102400
1768228698433 67.03167950092602 107520
1768228812030 66.12250483695908 112640
1768228926787 64.83732557611017 117760
1768229043518 64.26472791363736 122880
1768229154387 63.788933988464 128000
1768229283053 63.15275930851064 133120
1768229404018 62.702928530867204 138240
1768229518483 61.83396494552345 143360
1768229631084 60.982959984683134 148480
1768229744094 60.35259834871297 153600
1768229855669 59.85748721694667 158720
1768229968500 59.4249144324016 163840
1768230078367 58.92296977294888 168960
1768230203098 58.34097021276596 174080
1768230319402 57.90168520615467 179200
1768230431498 57.38481581604403 184320
1768230543375 56.71028394786322 189440
1768230655598 56.12687521442161 194560
1768230767434 55.80595551743153 199680
1768230878360 55.50097770825186 204800
1768230992404 55.3254802142836 209920
1768231106954 55.5708963911525 215040
1768231227327 55.75889722880219 220160
1768231345912 55.80862692340032 225280
1768231464752 55.61938879550277 230400
1768231583830 55.579834674787904 235520
1768231702171 55.429871033338685 240640
1768231821214 55.2761734277516 245760
1768231943888 55.01738657269453 250880
1768232065064 54.59063747552572 256000
1768232188093 54.144814676151256 261120
1768232309980 53.853823695380164 266240
1768232429346 53.607983376020876 271360
1768232547953 53.365213247557776 276480
1768232662907 53.09749747871567 281600
1768232780366 52.85775084424296 286720
1768232902638 52.57250290558556 291840
1768233019632 52.229548667998294 296960
1768233133916 51.80358286761945 302080
1768233249931 51.534932357362266 307200
1768233367573 51.095419847328245 312320
1768233481971 50.65430536219044 317440
1768233599202 50.402166666666666 322560
1768233719879 50.18086177491935 327680
1768233840402 49.86721756390003 332800
1768233962031 49.51046158760581 337920
1768234075353 49.38792814465719 343040
1768234186405 49.23438685208597 348160
1768234305533 49.1697467356397 353280
1768234422675 49.01195763580458 358400
1768234534743 48.71847463346957 363520
1768234647825 48.33274166111974 368640
1768234765986 48.06048659402435 373760
1768234884700 47.726213173135726 378880
1768235005238 47.40212147012913 384000
1768235122559 47.11088525969019 389120
1768235240923 46.78714873319277 394240
1768235360794 46.490386419858396 399360
1768235480981 46.28133906737499 404480
1768235594637 46.0521400389552 409600
1768235707245 45.850362080315996 414720
1768235817795 45.65793748781597 419840
1768235932445 45.6995509198899 424960
1768236045120 45.46310752158222 430080
1768236157992 45.162116816934535 435200
1768236269426 45.06657140194464 440320
1768236382698 44.897639728676225 445440
1768236495215 44.77005509934579 450560
1768236611281 44.74608800120138 455680
1768236722281 44.63101986163803 460800
1768236832893 44.49603303347589 465920
1768236947283 44.41407631490493 471040
1768237060605 44.349130869710194 476160
1768237174579 44.45466174166751 481280
1768237289333 44.46639235730456 486400
1768237402781 44.36117686844775 491520
1768237519818 44.31034194465346 496640
1768237631362 44.21029823762404 501760
1768237746074 44.066771438332765 506880
1768237860261 44.07114881621922 512000
1768237972923 44.22585713710165 517120
1768238084914 44.22910340418731 522240
1768238197530 44.23538725425518 527360
1768238309515 44.30120387333159 532480
1768238425192 44.23887174966946 537600
1768238540630 44.1671440130489 542720
1768238659869 44.25954217910524 547840
1768238772779 44.30922014417503 552960
1768238885175 44.25576462367738 558080
1768238998342 44.17019908495116 563200
1768239113613 44.00303999803871 568320
1768239224073 43.86289508567537 573440
1768239335883 43.68163294832534 578560
1768239448872 43.49267569957225 583680
1768239561581 43.31751859396466 588800
1768239674672 43.228524474703605 593920
1768239789544 43.12900447010617 599040
1768239902261 42.968378762165344 604160
1768240015955 42.824185641636504 609280
1768240130028 42.7363272161883 614400
1768240243641 42.589127771721415 619520
1768240356518 42.44604380668019 624640
1768240469133 42.39229155162894 629760
1768240584395 42.327122062434235 634880
1768240699615 42.17187143338514 640000
1768240811003 41.98332345812012 645120
1768240923408 41.9700320855615 650240
1768241035171 41.87582616087557 655360
1768241149106 41.73911024818504 660480
1768241260465 41.63023326455154 665600
1768241374564 41.51875727832307 670720
1768241489602 41.41308569539707 675840
1768241603254 41.315449322938036 680960
1768241715131 41.156064073226545 686080
1768241829140 41.061826626950065 691200
1768241941888 40.99229843561974 696320
1768242057665 40.83161382109777 701440
1768242171029 40.71906225600174 706560
1768242286783 40.65317708998399 711680
1768242398768 40.53320847842839 716800
1768242511003 40.37925492777756 721920
1768242628854 40.2745645001491 727040
1768242750577 40.07556963474676 732160
1768242872035 39.97006237794589 737280
1768242986006 39.891510233285004 742400
1768243098953 39.785460528776035 747520
1768243211138 39.6485733910041 752640
1768243324241 39.46693312949541 757760
1768243438665 39.38125915080527 762880
1768243556062 39.23803121422991 768000
1768243672219 39.13472591924205 773120
1768243786293 39.04233511186836 778240
1768243899690 38.956562820341404 783360
1768244013769 38.89697087825925 788480
1768244133917 38.81462375435755 793600
1768244255280 38.70290749052856 798720
1768244376130 38.57671516226035 803840
1768244492413 38.51201921000579 808960
1768244614694 38.40834184045501 814080
1768244736509 38.30993937636958 819200
1768244853931 38.259284381889096 824320
1768244973555 38.17497154899895 829440
1768245088471 38.0472979199303 834560
1768245201496 38.00806062120077 839680
1768245314286 37.93464842876198 844800
1768245426729 37.832824220068666 849920
1768245539013 37.71225141173582 855040
1768245651542 37.624398334851044 860160
1768245764935 37.57850912295168 865280
1768245885998 37.52336861733337 870400
1768246008058 37.411365252334804 875520
1768246128786 37.358205757005784 880640
1768246251815 37.29335279498205 885760
1768246373787 37.226340613547 890880
1768246497243 37.104576335967174 896000
1768246614393 37.0092304830697 901120
1768246733296 36.95038818259616 906240
1768246845661 36.90759615015913 911360
1768246959364 36.83999023958762 916480
1768247071272 36.78036532451376 921600
1768247185085 36.70959077740222 926720
1768247304408 36.66506552184812 931840
1768247420571 36.60270044210778 936960
1768247532994 36.530996723893296 942080
1768247646863 36.48338913401772 947200
1768247757457 36.41036269430052 952320
1768247871358 36.32297646697927 957440
1768247986935 36.24778413879283 962560
1768248100399 36.15399393326592 967680
1768248211747 36.06352148394003 972800
1768248324561 36.01626260459129 977920
1768248436268 36.067460486819456 983040
1768248549661 36.10010468833998 988160
1768248663004 36.09668273120625 993280
1768248783829 35.997327288247064 998400
1768248901950 35.94719986632877 1003520
1768249013911 35.896202163263325 1008640
1768249125245 35.839025601412494 1013760
1768249236248 35.77313789106174 1018880
1768249347571 35.66806054859372 1024000
1768249463573 35.597716984845505 1029120
1768249576910 35.5140869800108 1034240
1768249688018 35.43677836471901 1039360
1768249799744 35.328165409212716 1044480
1768249912406 35.236523345359835 1049600
1768250023468 35.15673624790133 1054720
1768250136448 35.082246924949025 1059840
1768250250565 34.99672804847723 1064960
1768250363229 34.86700148325483 1070080
1768250476362 34.846408825471634 1075200
1768250599675 34.83144835768541 1080320
1768250716363 34.80161537819496 1085440
1768250844855 34.7894689722208 1090560
1768250970697 34.73094889581875 1095680
1768251092023 34.65708512538559 1100800
1768251214768 34.56635050195871 1105920
1768251340528 34.5159567131052 1111040
1768251462928 34.4460667777341 1116160
1768251582897 34.359109367044596 1121280
1768251703385 34.27589104750606 1126400
1768251818785 34.23330748686138 1131520
1768251936253 34.16267760901519 1136640
1768252051465 34.099731164769786 1141760
1768252169801 34.048371833446566 1146880
1768252288953 33.97699054149489 1152000
1768252404714 33.910003964583055 1157120
1768252522023 33.87373698095825 1162240
1768252638044 33.77433041160124 1167360
1768252754074 33.6953672985782 1172480
1768252869984 33.63409296042192 1177600
1768252985813 33.547124169191385 1182720
1768253099456 33.48527838667251 1187840
1768253213367 33.414112018438864 1192960
1768253330393 33.36257377752525 1198080
1768253443168 33.3211767762797 1203200
1768253557188 33.258828536590975 1208320
1768253669017 33.21197993035191 1213440
1768253784003 33.1390456644433 1218560
1768253904747 33.06261353315168 1223680
1768254037706 33.013645488732436 1228800
1768254167563 32.979461006331825 1233920
1768254297938 32.90940401065769 1239040
1768254427511 32.841573378744314 1244160
1768254552411 32.77584711846318 1249280
1768254667502 32.713418312844894 1254400
1768254781718 32.684472042838784 1259520
1768254894059 32.66165529216533 1264640
1768255007629 32.583361132226116 1269760
1768255122291 32.53181464110819 1274880
1768255237475 32.485044427326876 1280000
1768255350781 32.41459081459082 1285120
1768255464176 32.38841299800502 1290240
1768255578550 32.30742465606766 1295360
1768255691804 32.250886198753726 1300480
1768255806300 32.21065480676354 1305600
1768255920821 32.15949448679949 1310720
1768256036058 32.110823521984784 1315840
1768256149313 32.049787575108304 1320960
1768256264409 32.02783200576267 1326080
1768256379115 31.987878472853915 1331200
1768256494307 31.93120444002651 1336320
1768256608469 31.915270407558108 1341440
1768256721883 31.993702518478948 1346560
1768256835290 32.02628844608463 1351680
1768256950436 31.99819527713202 1356800
1768257065938 31.94824416159605 1361920
1768257181926 31.913137212232854 1367040
1768257295379 31.871146029792943 1372160
1768257411414 31.79405709924584 1377280
1768257523797 31.742588423633 1382400
1768257639340 31.69859395014778 1387520
1768257751648 31.687505900943655 1392640
1768257867504 31.6563443884372 1397760
1768257980271 31.64173652044272 1402880
1768258096219 31.597460942305325 1408000
1768258218175 31.57470807770209 1413120
1768258339525 31.56511154996774 1418240
1768258462351 31.513426119817282 1423360
1768258583043 31.476756945725743 1428480
1768258698034 31.461396222396484 1433600
1768258813221 31.44977420101899 1438720
1768258936142 31.411052087589837 1443840
1768259055601 31.373488202710213 1448960
1768259170994 31.341669134293003 1454080
1768259287218 31.34788199769482 1459200
1768259403141 31.300468859740704 1464320
1768259520120 31.300890106614045 1469440
1768259633692 31.286424575207796 1474560
1768259749397 31.25181189241051 1479680
1768259866803 31.20200036557759 1484800
1768259983393 31.15476051470073 1489920
1768260097565 31.115770656039924 1495040
1768260213493 31.102018462738037 1500160
1768260328820 31.10285589992549 1505280
1768260448354 31.071023382373287 1510400
1768260565274 31.02468165671772 1515520
1768260682459 30.969929493636116 1520640
1768260800918 30.916218854635197 1525760
1768260916860 30.86536774697881 1530880
1768261033824 30.825557745011437 1536000
1768261150096 30.782932962533238 1541120
1768261265970 30.740023400234 1546240
1768261383723 30.708173928643507 1551360
1768261501468 30.656179453824524 1556480
1768261619246 30.594958806501893 1561600
1768261736090 30.53987076617198 1566720
1768261850612 30.49187941192081 1571840
1768261967781 30.44701370829109 1576960
1768262086185 30.40740187375859 1582080
1768262200480 30.37577249374778 1587200
1768262314312 30.335009823182713 1592320
1768262428724 30.2989911475153 1597440
1768262543290 30.25439106261547 1602560
1768262657150 30.214611043411374 1607680
1768262769420 30.163740423497796 1612800
1768262883943 30.139884695791782 1617920
1768262998437 30.086556642112196 1623040
1768263115697 30.04897826930374 1628160
1768263233741 30.034032136740514 1633280
1768263350926 30.020416724933575 1638400
1768263471584 30.010555940568956 1643520
1768263590373 29.980968107468268 1648640
1768263718537 29.96720113557144 1653760
1768263854409 29.93628093326244 1658880
1768263974265 29.934042535425313 1664000
1768264087295 29.902982123904856 1669120
1768264199748 29.85709248542924 1674240
1768264312825 29.824285259366174 1679360
1768264430101 29.792110144688568 1684480
1768264543605 29.75140504831394 1689600
1768264660827 29.726818643346107 1694720
1768264776590 29.7065072336605 1699840
1768264893095 29.673340358271865 1704960
1768265005353 29.65233864751937 1710080
1768265117982 29.651614417462174 1715200
1768265229094 29.626590500165403 1720320
1768265339870 29.593231519207798 1725440
1768265450177 29.54878889958293 1730560
1768265564377 29.53287969167293 1735680
1768265676238 29.514223735734394 1740800
1768265798581 29.47944366689993 1745920
1768265925836 29.447101601563894 1751040
1768266060704 29.420807895486035 1756160
1768266180970 29.383612244495694 1761280
1768266294400 29.3383677847497 1766400
1768266405191 29.31500967633255 1771520
1768266515001 29.282665677064006 1776640
1768266626971 29.267868342832212 1781760
1768266741628 29.240991612244027 1786880
1768266851451 29.20761661242833 1792000
1768266963392 29.1779730747687 1797120
1768267074962 29.144392525164587 1802240
1768267186000 29.128072156790438 1807360
1768267297407 29.105132713531074 1812480
1768267409190 29.070179258291603 1817600
1768267534074 29.02657024148187 1822720
1768267646066 28.975548089516543 1827840
1768267755428 28.964788945789522 1832960
1768267870752 28.94366255687933 1838080
1768267981642 28.95821217097829 1843200
1768268100387 28.975805603545407 1848320
1768268214221 29.032000089856343 1853440
1768268325727 29.08527097053597 1858560
1768268441765 29.11860847809738 1863680
1768268562123 29.146019620725365 1868800
1768268679036 29.17245667670943 1873920
1768268794032 29.161280558703346 1879040
1768268913209 29.151038043818293 1884160
1768269035444 29.108173359164024 1889280
1768269155127 29.093462664714494 1894400
1768269271530 29.05827078648404 1899520
1768269384753 29.03749476558944 1904640
1768269505310 28.999556995119683 1909760
1768269629255 28.976009099372245 1914880
1768269754199 28.946015851341294 1920000
1768269872873 28.915469471985826 1925120
1768269993206 28.886877047766855 1930240
1768270112205 28.87281132413546 1935360
1768270231727 28.834847434367116 1940480
1768270351571 28.804284920103203 1945600
1768270470263 28.780349450518205 1950720
1768270590436 28.75840846323746 1955840
1768270710326 28.72025771227316 1960960
1768270831245 28.69204882178637 1966080
1768270951687 28.664499331503766 1971200
1768271071486 28.62573015299446 1976320
1768271190468 28.584695037693937 1981440
1768271309817 28.55519729771227 1986560
1768271430164 28.51632456357063 1991680
1768271550705 28.492583683061362 1996800
1768271670774 28.45372601146465 2001920
1768271790954 28.425896130979098 2007040
1768271911473 28.397815547352764 2012160
1768272033369 28.36369131435244 2017280
1768272161683 28.33532716683796 2022400
1768272283439 28.312874778336234 2027520
1768272405257 28.292539775593397 2032640
1768272526952 28.261293514070356 2037760
1768272647219 28.24075066296806 2042880
1768272765946 28.21684978712036 2048000
1768272882377 28.179845996620426 2053120
1768272998411 28.15363860545076 2058240
