1768226434046 0.0 5120
1768226545590 0.0 10240
1768226658656 0.0 15360
1768226770176 0.0 20480
1768226884088 0.0 25600
1768226997016 0.0 30720
1768227110999 0.0 35840
1768227223978 0.0 40960
1768227338062 0.0 46080
1768227451257 0.0 51200
1768227566215 0.0 56320
1768227677826 0.0 61440
1768227788664 0.0 66560
1768227902364 0.0 71680
1768228015860 0.0 76800
1768228128400 0.0 81920
1768228239868 0.0 87040
1768228351435 0.0 92160
1768228464900 0.0 97280
1768228584345 0.0 102400
1768228698433 0.0 107520
1768228812030 0.0 112640
1768228926787 0.0 117760
1768229043518 0.0 122880
1768229154387 0.0 128000
1768229283053 0.0 133120
1768229404018 0.0 138240
1768229518483 0.0 143360
1768229631084 0.0 148480
1768229744094 0.0 153600
1768229855669 0.0 158720
1768229968500 0.0 163840
1768230078367 0.0 168960
1768230203098 0.0 174080
1768230319402 0.0 179200
1768230431498 0.0 184320
1768230543375 0.0 189440
1768230655598 0.0 194560
1768230767434 0.0 199680
1768230878360 0.0 204800
1768230992404 0.0 209920
1768231106954 0.0 215040
1768231227327 0.0 220160
1768231345912 0.0 225280
1768231464752 0.0 230400
1768231583830 0.0 235520
1768231702171 0.0 240640
1768231821214 0.0 245760
1768231943888 0.0 250880
1768232065064 0.0 256000
1768232188093 0.0 261120
1768232309980 0.0 266240
1768232429346 0.0 271360
1768232547953 0.0 276480
1768232662907 0.0 281600
1768232780366 0.0 286720
1768232902638 0.0 291840
1768233019632 0.0 296960
1768233133916 0.0 302080
1768233249931 0.0 307200
1768233367573 0.0 312320
1768233481971 0.0 317440
1768233599202 0.0 322560
1768233719879 0.0 327680
1768233840402 0.0 332800
1768233962031 0.0 337920
1768234075353 0.0 343040
1768234186405 0.0 348160
1768234305533 0.0 353280
1768234422675 0.0 358400
1768234534743 0.0 363520
1768234647825 0.0 368640
1768234765986 0.0 373760
1768234884700 0.0 378880
1768235005238 0.0 384000
1768235122559 0.0 389120
1768235240923 0.0 394240
1768235360794 0.0 399360
1768235480981 0.0 404480
1768235594637 0.0 409600
1768235707245 0.0 414720
1768235817795 0.0 419840
1768235932445 0.0 424960
1768236045120 0.0 430080
1768236157992 0.0 435200
1768236269426 0.0 440320
1768236382698 0.0 445440
1768236495215 0.0 450560
1768236611281 0.0 455680
1768236722281 0.0 460800
1768236832893 0.0 465920
1768236947283 0.0 471040
1768237060605 0.0 476160
1768237174579 0.0 481280
1768237289333 0.0 486400
1768237402781 0.0 491520
1768237519818 0.0 496640
1768237631362 0.0 501760
1768237746074 0.0 506880
1768237860261 0.0 512000
1768237972923 0.0 517120
1768238084914 0.0 522240
1768238197530 0.0 527360
1768238309515 0.0 532480
1768238425192 0.0 537600
1768238540630 0.0 542720
1768238659869 0.0 547840
1768238772779 0.0 552960
1768238885175 0.0 558080
1768238998342 0.0 563200
1768239113613 0.0 568320
1768239224073 0.0 573440
1768239335883 0.0 578560
1768239448872 0.0 583680
1768239561581 0.0 588800
1768239674672 0.0 593920
1768239789544 0.0 599040
1768239902261 0.0 604160
1768240015955 0.0 609280
1768240130028 0.0 614400
1768240243641 0.0 619520
1768240356518 0.0 624640
1768240469133 0.0 629760
1768240584395 0.0 634880
1768240699615 0.0 640000
1768240811003 0.0 645120
1768240923408 0.0 650240
1768241035171 0.0 655360
1768241149106 0.0 660480
1768241260465 0.0 665600
1768241374564 0.0 670720
1768241489602 0.0 675840
1768241603254 0.0 680960
1768241715131 0.0 686080
1768241829140 0.0 691200
1768241941888 0.0 696320
1768242057665 0.0 701440
1768242171029 0.0 706560
1768242286783 0.0 711680
1768242398768 0.0 716800
1768242511003 0.0 721920
1768242628854 0.0 727040
1768242750577 0.0 732160
1768242872035 0.0 737280
1768242986006 0.0 742400
1768243098953 0.0 747520
1768243211138 0.0 752640
1768243324241 0.0 757760
1768243438665 0.0 762880
1768243556062 0.0 768000
1768243672219 0.0 773120
1768243786293 0.0 778240
1768243899690 0.0 783360
1768244013769 0.0 788480
1768244133917 0.0 793600
1768244255280 0.0 798720
1768244376130 0.0 803840
1768244492413 0.0 808960
1768244614694 0.0 814080
1768244736509 0.0 819200
1768244853931 0.0 824320
1768244973555 0.0 829440
1768245088471 0.0 834560
1768245201496 0.0 839680
1768245314286 0.0 844800
1768245426729 0.0 849920
1768245539013 0.0 855040
1768245651542 0.0 860160
1768245764935 0.0 865280
1768245885998 0.0 870400
1768246008058 0.0 875520
1768246128786 0.0 880640
1768246251815 0.0 885760
1768246373787 0.0 890880
1768246497243 0.0 896000
1768246614393 0.0 901120
1768246733296 0.0 906240
1768246845661 0.0 911360
1768246959364 0.0 916480
1768247071272 0.0 921600
1768247185085 0.0 926720
1768247304408 0.0 931840
1768247420571 0.0 936960
1768247532994 0.0 942080
1768247646863 0.0 947200
1768247757457 0.0 952320
1768247871358 0.0 957440
1768247986935 0.0 962560
1768248100399 0.0 967680
1768248211747 0.0 972800
1768248324561 0.0 977920
1768248436268 0.0 983040
1768248549661 0.0 988160
1768248663004 0.0 993280
1768248783829 0.0 998400
1768248901950 0.0 1003520
1768249013911 0.0 1008640
1768249125245 0.0 1013760
1768249236248 0.0 1018880
1768249347571 0.0 1024000
1768249463573 0.0 1029120
1768249576910 0.0 1034240
1768249688018 0.0 1039360
1768249799744 0.0 1044480
1768249912406 0.0 1049600
1768250023468 0.0 1054720
1768250136448 0.0 1059840
1768250250565 0.0 1064960
1768250363229 0.0 1070080
1768250476362 0.0 1075200
1768250599675 0.0 1080320
1768250716363 0.0 1085440
1768250844855 0.0 1090560
1768250970697 0.0 1095680
1768251092023 0.0 1100800
1768251214768 0.0 1105920
1768251340528 0.0 1111040
1768251462928 0.0 1116160
1768251582897 0.0 1121280
1768251703385 0.0 1126400
1768251818785 0.0 1131520
1768251936253 0.0 1136640
1768252051465 0.0 1141760
1768252169801 0.0 1146880
1768252288953 0.0 1152000
1768252404714 0.0 1157120
1768252522023 0.0 1162240
1768252638044 0.0 1167360
1768252754074 0.0 1172480
1768252869984 0.0 1177600
1768252985813 0.0 1182720
1768253099456 0.0 1187840
1768253213367 0.0 1192960
1768253330393 0.0 1198080
1768253443168 0.0 1203200
1768253557188 0.0 1208320
1768253669017 0.0 1213440
1768253784003 0.0 1218560
1768253904747 0.0 1223680
1768254037706 0.0 1228800
1768254167563 0.0 1233920
1768254297938 0.0 1239040
1768254427511 0.0 1244160
1768254552411 0.0 1249280
1768254667502 0.0 1254400
1768254781718 0.0 1259520
1768254894059 0.0 1264640
1768255007629 0.0 1269760
1768255122291 0.0 1274880
1768255237475 0.0 1280000
1768255350781 0.0 1285120
1768255464176 0.0 1290240
1768255578550 0.0 1295360
1768255691804 0.0 1300480
1768255806300 0.0 1305600
1768255920821 0.0 1310720
1768256036058 0.0 1315840
1768256149313 0.0 1320960
1768256264409 0.0 1326080
1768256379115 0.0 1331200
1768256494307 0.0 1336320
1768256608469 0.0 1341440
1768256721883 0.0 1346560
1768256835290 0.0 1351680
1768256950436 0.0 1356800
1768257065938 0.0 1361920
1768257181926 0.0 1367040
1768257295379 0.0 1372160
1768257411414 0.0 1377280
1768257523797 0.0 1382400
1768257639340 0.0 1387520
1768257751648 0.0 1392640
1768257867504 0.0 1397760
1768257980271 0.0 1402880
1768258096219 0.0 1408000
1768258218175 0.0 1413120
1768258339525 0.0 1418240
1768258462351 0.0 1423360
1768258583043 0.0 1428480
1768258698034 0.0 1433600
1768258813221 0.0 1438720
1768258936142 0.0 1443840
1768259055601 0.0 1448960
1768259170994 0.0 1454080
1768259287218 0.0 1459200
1768259403141 0.0 1464320
1768259520120 0.0 1469440
1768259633692 0.0 1474560
1768259749397 0.0 1479680
1768259866803 0.0 1484800
1768259983393 0.0 1489920
1768260097565 0.0 1495040
1768260213493 0.0 1500160
1768260328820 0.0 1505280
1768260448354 0.0 1510400
1768260565274 0.0 1515520
1768260682459 0.0 1520640
1768260800918 0.0 1525760
1768260916860 0.0 1530880
1768261033824 0.0 1536000
1768261150096 0.0 1541120
1768261265970 0.0 1546240
1768261383723 0.0 1551360
1768261501468 0.0 1556480
1768261619246 0.0 1561600
1768261736090 0.0 1566720
1768261850612 0.0 1571840
1768261967781 0.0 1576960
1768262086185 0.0 1582080
1768262200480 0.0 1587200
1768262314312 0.0 1592320
1768262428724 0.0 1597440
1768262543290 0.0 1602560
1768262657150 0.0 1607680
1768262769420 0.0 1612800
1768262883943 0.0 1617920
1768262998437 0.0 1623040
1768263115697 0.0 1628160
1768263233741 0.0 1633280
1768263350926 0.0 1638400
1768263471584 0.0 1643520
1768263590373 0.0 1648640
1768263718537 0.0 1653760
1768263854409 0.0 1658880
1768263974265 0.0 1664000
1768264087295 0.0 1669120
1768264199748 0.0 1674240
1768264312825 0.0 1679360
1768264430101 0.0 1684480
1768264543605 0.0 1689600
1768264660827 0.0 1694720
1768264776590 0.0 1699840
1768264893095 0.0 1704960
1768265005353 0.0 1710080
1768265117982 0.0 1715200
1768265229094 0.0 1720320
1768265339870 0.0 1725440
1768265450177 0.0 1730560
1768265564377 0.0 1735680
1768265676238 0.0 1740800
1768265798581 0.0 1745920
1768265925836 0.0 1751040
1768266060704 0.0 1756160
1768266180970 0.0 1761280
1768266294400 0.0 1766400
1768266405191 0.0 1771520
1768266515001 0.0 1776640
1768266626971 0.0 1781760
1768266741628 0.0 1786880
1768266851451 0.0 1792000
1768266963392 0.0 1797120
1768267074962 0.0 1802240
1768267186000 0.0 1807360
1768267297407 0.0 1812480
1768267409190 0.0 1817600
1768267534074 0.0 1822720
1768267646066 0.0 1827840
1768267755428 0.0 1832960
1768267870752 0.0 1838080
1768267981642 0.0 1843200
1768268100387 0.0 1848320
1768268214221 0.0 1853440
1768268325727 0.0 1858560
1768268441765 0.0 1863680
1768268562123 0.0 1868800
1768268679036 0.0 1873920
1768268794032 0.0 1879040
1768268913209 0.0 1884160
1768269035444 0.0 1889280
1768269155127 0.0 1894400
1768269271530 0.0 1899520
1768269384753 0.0 1904640
1768269505310 0.0 1909760
1768269629255 0.0 1914880
1768269754199 0.0 1920000
1768269872873 0.0 1925120
1768269993206 0.0 1930240
1768270112205 0.0 1935360
1768270231727 0.0 1940480
1768270351571 0.0 1945600
1768270470263 0.0 1950720
1768270590436 0.0 1955840
1768270710326 0.0 1960960
1768270831245 0.0 1966080
1768270951687 0.0 1971200
1768271071486 0.0 1976320
1768271190468 0.0 1981440
1768271309817 0.0 1986560
1768271430164 0.0 1991680
1768271550705 0.0 1996800
1768271670774 0.0 2001920
1768271790954 0.0 2007040
1768271911473 0.0 2012160
1768272033369 0.0 2017280
1768272161683 0.0 2022400
1768272283439 0.0 2027520
1768272405257 0.0 2032640
1768272526952 0.0 2037760
1768272647219 0.0 2042880
1768272765946 0.0 2048000
1768272882377 0.0 2053120
1768272998411 0.0 2058240
