1768226434041 -3.098133748372396 5120
1768226545584 -2.956988636363636 10240
1768226658651 -2.6635546875 15360
1768226770170 -2.658154761904762 20480
1768226884081 -2.5721634615384614 25600
1768226996929 -2.4243145161290323 30720
1768227110988 -2.244270833333333 35840
1768227223971 -2.0646951219512197 40960
1768227338055 -1.9080434782608697 46080
1768227451250 -1.7863725490196078 51200
1768227566208 -1.7096428571428572 56320
1768227677819 -1.6910245901639345 61440
1768227788657 -1.6604166666666667 66560
1768227902308 -1.6327112676056337 71680
1768228015853 -1.5998355263157895 76800
1768228128393 -1.5679938271604938 81920
1768228239860 -1.5442441860465117 87040
1768228351427 -1.541648351648352 92160
1768228464892 -1.538125 97280
1768228584337 -1.539480198019802 102400
1768228698422 -1.5295518867924527 107520
1768228812018 -1.5118243243243246 112640
1768228926780 -1.4947844827586205 117760
1768229043511 -1.4723140495867768 122880
1768229154374 -1.4526190476190475 128000
1768229283044 -1.4336259541984733 133120
1768229404010 -1.412389705882353 138240
1768229518474 -1.386063829787234 143360
1768229631075 -1.3621917808219177 148480
1768229744085 -1.3372847682119207 153600
1768229855657 -1.3113141025641026 158720
1768229968491 -1.2845341614906833 163840
1768230078353 -1.2577409638554216 168960
1768230203086 -1.2299415204678361 174080
1768230319352 -1.203494318181818 179200
1768230431485 -1.1762154696132596 184320
1768230543366 -1.154758064516129 189440
1768230655581 -1.109764397905759 194560
1768230767425 -1.0359948979591838 199680
1768230878348 -0.9730348258706467 204800
1768230992394 -0.9244174757281554 209920
1768231106938 -0.8898815165876779 215040
1768231227318 -0.8603703703703703 220160
1768231345902 -0.8318099547511313 225280
1768231464736 -0.7971238938053099 230400
1768231583818 -0.7676406926406926 235520
1768231702159 -0.7444703389830508 240640
1768231821204 -0.7191078838174274 245760
1768231943871 -0.7027032520325204 250880
1768232065034 -0.6837749003984064 256000
1768232188082 -0.6665625000000001 261120
1768232309969 -0.6456130268199234 266240
1768232429336 -0.6285902255639099 271360
1768232547880 -0.6111162361623615 276480
1768232662896 -0.5990217391304349 281600
1768232780357 -0.5855516014234875 286720
1768232902626 -0.5734702797202798 291840
1768233019622 -0.5590979381443298 296960
1768233133904 -0.5500506756756757 302080
1768233249921 -0.5399086378737542 307200
1768233367562 -0.5297303921568627 312320
1768233481958 -0.5187700964630224 317440
1768233599189 -0.5079193037974683 322560
1768233719861 -0.49813084112149536 327680
1768233840388 -0.49105061349693246 332800
1768233962019 -0.4761102719033233 337920
1768234075341 -0.46672619047619046 343040
1768234186392 -0.45942082111436955 348160
1768234305519 -0.4529335260115607 353280
1768234422662 -0.4466737891737892 358400
1768234534725 -0.4359199438202247 363520
1768234647805 -0.42935595567867035 368640
1768234765968 -0.42217896174863384 373760
1768234884680 -0.41564016172506735 378880
1768235005226 -0.404468085106383 384000
1768235122547 -0.39702099737532814 389120
1768235240911 -0.3869365284974094 394240
1768235360773 -0.38063938618925836 399360
1768235480970 -0.3742739898989899 404480
1768235594626 -0.3665773067331671 409600
1768235707233 -0.3594642857142857 414720
1768235817785 -0.35214111922141117 419840
1768235932435 -0.3491045673076923 424960
1768236045103 -0.3429097387173397 430080
1768236157980 -0.3371948356807512 435200
1768236269415 -0.3337006960556844 440320
1768236382686 -0.3305676605504587 445440
1768236495201 -0.3230272108843537 450560
1768236611271 -0.3184585201793722 455680
1768236722270 -0.3144623059866962 460800
1768236832883 -0.31141995614035084 465920
1768236947273 -0.30776572668112795 471040
1768237060593 -0.3024892703862661 476160
1768237174566 -0.3002441613588111 481280
1768237289323 -0.2981775210084034 486400
1768237402769 -0.293024948024948 491520
1768237519808 -0.29069958847736627 496640
1768237631352 -0.2848930753564155 501760
1768237746063 -0.28167842741935484 506880
1768237860250 -0.27740019960079837 512000
1768237972912 -0.275 517120
1768238084901 -0.27120841487279845 522240
1768238197509 -0.26734980620155036 527360
1768238309497 -0.26507197696737045 532480
1768238425179 -0.26096958174904944 537600
1768238540619 -0.25626177024482105 542720
1768238659857 -0.2543610074626866 547840
1768238772768 -0.2503743068391867 552960
1768238885163 -0.2485164835164835 558080
1768238998329 -0.24524954627949183 563200
1768239113601 -0.2437140287769784 568320
1768239224031 -0.24118092691622106 573440
1768239335863 -0.24065371024734983 578560
1768239448861 -0.23665499124343256 583680
1768239561564 -0.23575954861111115 588800
1768239674661 -0.23480636833046473 593920
1768239789531 -0.23127133105802047 599040
1768239902250 -0.23041878172588834 604160
1768240015943 -0.22849412751677853 609280
1768240130016 -0.22704242928452575 614400
1768240243625 -0.22463283828382838 619520
1768240356495 -0.22219721767594106 624640
1768240469120 -0.2197443181818182 629760
1768240584382 -0.21909822866344605 634880
1768240699603 -0.21542731629392975 640000
1768240810986 -0.21440174326465927 645120
1768240923396 -0.2142885220125786 650240
1768241035159 -0.21223868954758188 655360
1768241149092 -0.20989938080495354 660480
1768241260452 -0.20708909370199693 665600
1768241374551 -0.2071798780487805 670720
1768241489590 -0.20515506807866868 675840
1768241603239 -0.20237612612612613 680960
1768241715113 -0.20076378539493295 686080
1768241829087 -0.19883875739644968 691200
1768241941875 -0.19748898678414098 696320
1768242057652 -0.19626822157434404 701440
1768242171011 -0.19350217076700432 706560
1768242286767 -0.19198994252873564 711680
1768242398754 -0.19080599144079885 716800
1768242510983 -0.19008498583569408 721920
1768242628840 -0.18831926863572432 727040
1768242750561 -0.187877094972067 732160
1768242872013 -0.1860263522884882 737280
1768242985990 -0.18607438016528927 742400
1768243098938 -0.18346785225718196 747520
1768243211124 -0.18233016304347824 752640
1768243324228 -0.17851214574898785 757760
1768243438651 -0.17771447721179623 762880
1768243556048 -0.17638149134487352 768000
1768243672203 -0.17470899470899467 773120
1768243786278 -0.174188567674113 778240
1768243899677 -0.1722748041775457 783360
1768244013755 -0.1706809338521401 788480
1768244133894 -0.17035115979381443 793600
1768244255264 -0.16868437900128042 798720
1768244376115 -0.16718829516539443 803840
1768244492387 -0.16518963337547407 808960
1768244614670 -0.1626381909547739 814080
1768244736494 -0.16238451935081147 819200
1768244853910 -0.1615911910669975 824320
1768244973533 -0.16083230579531443 829440
1768245088456 -0.15981004901960785 834560
1768245201482 -0.15825517661388552 839680
1768245314273 -0.1599546004842615 844800
1768245426716 -0.15867629362214197 849920
1768245538993 -0.1591028708133971 855040
1768245651527 -0.15706302021403093 860160
1768245764918 -0.15642730496453902 865280
1768245885970 -0.15559929494712105 870400
1768246008043 -0.15442172897196263 875520
1768246128758 -0.15354529616724738 880640
1768246251795 -0.1522834872979215 885760
1768246373768 -0.14993111366245693 890880
1768246497225 -0.1500456621004566 896000
1768246614376 -0.14830590238365493 901120
1768246733281 -0.14715011286681715 906240
1768246845639 -0.1463524130190797 911360
1768246959347 -0.14467354910714286 916480
1768247071256 -0.14374306326304107 921600
1768247185066 -0.14393763796909492 926720
1768247304392 -0.1421569703622393 931840
1768247420556 -0.14179312227074234 936960
1768247532969 -0.1416096634093377 942080
1768247646848 -0.1405399568034557 947200
1768247757441 -0.139562298603652 952320
1768247871333 -0.13846153846153847 957440
1768247986920 -0.13772582359192348 962560
1768248100382 -0.13673890063424946 967680
1768248211730 -0.13534700315457412 972800
1768248324531 -0.13425470711297072 977920
1768248436241 -0.13275234131113423 983040
1768248549646 -0.13228260869565217 988160
1768248662987 -0.1313516992790937 993280
1768248783812 -0.1297156762295082 998400
1768248901928 -0.12930937818552496 1003520
1768249013895 -0.12866886409736308 1008640
1768249125228 -0.12685923309788094 1013760
1768249236231 -0.12530873493975905 1018880
1768249347554 -0.12404845154845154 1024000
1768249463558 -0.12233598409542744 1029120
1768249576888 -0.12165430267062315 1034240
1768249688003 -0.1212426181102362 1039360
1768249799729 -0.12023506366307542 1044480
1768249912390 -0.11934210526315792 1049600
1768250023452 -0.1181595538312318 1054720
1768250136432 -0.11833735521235521 1059840
1768250250548 -0.11784341978866475 1064960
1768250363212 -0.11739483747609941 1070080
1768250476339 -0.11664129400570886 1075200
1768250599657 -0.11569839015151516 1080320
1768250716342 -0.11505655042412817 1085440
1768250843752 -0.11404315196998123 1090560
1768250969854 -0.11369281045751632 1095680
1768251091998 -0.11310408921933086 1100800
1768251214734 -0.11267345050878817 1105920
1768251340507 -0.11124309392265194 1111040
1768251462909 -0.11049495875343722 1116160
1768251582868 -0.1102919708029197 1121280
1768251703363 -0.10919164396003633 1126400
1768251818768 -0.10792269439421338 1131520
1768251936228 -0.10776102610261026 1136640
1768252051437 -0.10684587813620072 1141760
1768252169778 -0.10581846565566459 1146880
1768252288927 -0.10508214920071048 1152000
1768252404678 -0.10445181255526084 1157120
1768252521993 -0.10432878521126761 1162240
1768252638015 -0.10398553900087641 1167360
1768252754048 -0.10288176265270506 1172480
1768252869962 -0.10149000868809731 1177600
1768252985789 -0.10166306228373703 1182720
1768253099435 -0.09984496124031007 1187840
1768253213345 -0.10055746140651801 1192960
1768253330371 -0.09987403928266439 1198080
1768253443149 -0.09904974489795919 1203200
1768253557163 -0.09797417442845048 1208320
1768253668997 -0.09679384485666105 1213440
1768253783973 -0.0962510495382032 1218560
1768253904723 -0.09578595317725752 1223680
1768254037657 -0.09466069941715237 1228800
1768254167503 -0.09424543946932007 1233920
1768254297916 -0.09277043765483071 1239040
1768254427486 -0.09321340460526317 1244160
1768254552388 -0.09208230958230959 1249280
1768254667482 -0.09155587275693312 1254400
1768254781697 -0.09079203899268885 1259520
1768254894042 -0.09018001618122978 1264640
1768255007609 -0.08920225624496374 1269760
1768255122270 -0.08863764044943821 1274880
1768255237448 -0.08774980015987209 1280000
1768255350763 -0.08683519108280256 1285120
1768255464150 -0.08696669310071371 1290240
1768255578529 -0.08624012638230648 1295360
1768255691777 -0.08535798583792291 1300480
1768255806277 -0.0850764106583072 1305600
1768255920799 -0.08431303669008587 1310720
1768256036036 -0.08345451010886469 1315840
1768256149293 -0.0826123160340821 1320960
1768256264374 -0.08242091049382716 1326080
1768256379085 -0.08201960030745581 1331200
1768256494278 -0.08169601837672283 1336320
1768256608434 -0.08094012204424103 1341440
1768256721865 -0.08059270516717325 1346560
1768256835263 -0.08013626040878122 1351680
1768256950417 -0.08008107088989443 1356800
1768257065917 -0.07891059353869273 1361920
1768257181899 -0.07905127245508982 1367040
1768257295352 -0.07857941834451902 1372160
1768257411395 -0.07898588410104011 1377280
1768257523778 -0.07745743893412287 1382400
1768257639320 -0.07748156342182891 1387520
1768257751628 -0.07693607641440119 1392640
1768257867481 -0.07658308931185945 1397760
1768257980247 -0.07688001458789205 1402880
1768258096197 -0.07606286337209302 1408000
1768258218148 -0.07615858073859522 1413120
1768258339498 -0.07565295815295815 1418240
1768258462320 -0.07472322070452911 1423360
1768258583020 -0.07475107449856735 1428480
1768258698006 -0.07492148465381869 1433600
1768258813193 -0.07381578947368421 1438720
1768258936095 -0.07359851169383416 1443840
1768259055572 -0.07375176553672316 1448960
1768259170966 -0.07394616467276564 1454080
1768259287187 -0.07330645161290322 1459200
1768259403114 -0.07330363382250175 1464320
1768259520099 -0.07323642061281338 1469440
1768259633662 -0.07204892435808466 1474560
1768259749369 -0.0731777316735823 1479680
1768259866773 -0.07233115093039284 1484800
1768259983371 -0.07220982142857142 1489920
1768260097528 -0.07210814510609172 1495040
1768260213467 -0.07209924965893588 1500160
1768260328791 -0.07149048266485383 1505280
1768260448329 -0.07174457994579947 1510400
1768260565248 -0.0712272113436867 1515520
1768260682437 -0.070957267833109 1520640
1768260800892 -0.07073943661971831 1525760
1768260916823 -0.07112132352941176 1530880
1768261033797 -0.07102098600932712 1536000
1768261150064 -0.07005146082337317 1541120
1768261265940 -0.07025479814692256 1546240
1768261383683 -0.06932717678100264 1551360
1768261501441 -0.07000821827744905 1556480
1768261619210 -0.07005733944954129 1561600
1768261736060 -0.07027433050293926 1566720
1768261850589 -0.06971516927083334 1571840
1768261967754 -0.06915801427644386 1576960
1768262086156 -0.06957309184993532 1582080
1768262200456 -0.06902159896840748 1587200
1768262314291 -0.0694521208226221 1592320
1768262428695 -0.06989910313901346 1597440
1768262543252 -0.06935504469987229 1602560
1768262657128 -0.06869828134945895 1607680
1768262769380 -0.06852315989847717 1612800
1768262883893 -0.06840290955091714 1617920
1768262998406 -0.0689233921815889 1623040
1768263115632 -0.06831552482715274 1628160
1768263233710 -0.06791666666666667 1633280
1768263350902 -0.06782167395377889 1638400
1768263471556 -0.06731164383561643 1643520
1768263590349 -0.0672951582867784 1648640
1768263718515 -0.06657332920792079 1653760
1768263854388 -0.06654534238124615 1658880
1768263974244 -0.06641758917589176 1664000
1768264087273 -0.066022378908645 1669120
1768264199727 -0.06565556234718828 1674240
1768264312802 -0.06512187690432664 1679360
1768264430078 -0.06487393681652491 1684480
1768264543572 -0.06450181708055723 1689600
1768264660805 -0.06431461352657006 1694720
1768264776568 -0.06385912101143888 1699840
1768264893071 -0.06371398559423769 1704960
1768265005326 -0.06337971274685816 1710080
1768265117958 -0.06359486873508353 1715200
1768265229072 -0.06325996430696014 1720320
1768265339848 -0.06352016607354685 1725440
1768265450157 -0.06338852749852159 1730560
1768265564342 -0.06348466981132075 1735680
1768265676203 -0.06300705467372135 1740800
1768265798555 -0.06294548651817117 1745920
1768265925815 -0.06354324956165985 1751040
1768266060680 -0.0627913752913753 1756160
1768266180949 -0.06291255084253342 1761280
1768266294374 -0.06249855156431055 1766400
1768266405168 -0.062013287117273254 1771520
1768266514978 -0.06236031105990783 1776640
1768266626948 -0.0619270534175761 1781760
1768266741607 -0.06200171821305842 1786880
1768266851428 -0.06181896059394632 1792000
1768266963359 -0.06117312072892938 1797120
1768267074938 -0.0617816581487791 1802240
1768267185979 -0.061109852774631934 1807360
1768267297381 -0.060982495765104464 1812480
1768267409165 -0.061137387387387394 1817600
1768267534053 -0.061263335204941045 1822720
1768267646034 -0.061013437849944 1827840
1768267755403 -0.06082216638749302 1832960
1768267870730 -0.06072800668151447 1838080
1768267981621 -0.06087729039422543 1843200
1768268100305 -0.06055647840531561 1848320
1768268214197 -0.060392048591938155 1853440
1768268325700 -0.06021888766519823 1858560
1768268441729 -0.06037616694124107 1863680
1768268562089 -0.0602026286966046 1868800
1768268679008 -0.06031130529765155 1873920
1768268794004 -0.05970996732026144 1879040
1768268913178 -0.05965779467680608 1884160
1768269035413 -0.0596397616468039 1889280
1768269155038 -0.05958265802269044 1894400
1768269271507 -0.05946255387931035 1899520
1768269384726 -0.05942369693713058 1904640
1768269505278 -0.05905144694533762 1909760
1768269629097 -0.05894441475146981 1914880
1768269754171 -0.058957889125799565 1920000
1768269872848 -0.058153907496012756 1925120
1768269993179 -0.05855381760339343 1930240
1768270112163 -0.05830380750925436 1935360
1768270231700 -0.05821202531645569 1940480
1768270351547 -0.057890583903208837 1945600
1768270470235 -0.05790267576075551 1950720
1768270590411 -0.05762166405023548 1955840
1768270710300 -0.05761482254697286 1960960
1768270831218 -0.056995054659031756 1966080
1768270951658 -0.0570236240913811 1971200
1768271071451 -0.05741325737959607 1976320
1768271190439 -0.0568827479338843 1981440
1768271309785 -0.05662673879443586 1986560
1768271430133 -0.05614979445015417 1991680
1768271550676 -0.05577908764736032 1996800
1768271670749 -0.05578604294478528 2001920
1768271790924 -0.05518485466598674 2007040
1768271911440 -0.05523270600203458 2012160
1768272033329 -0.05533739218670725 2017280
1768272161658 -0.05479124493927126 2022400
1768272283412 -0.05494699646643109 2027520
1768272405232 -0.05486027190332326 2032640
1768272526923 -0.05460070316423908 2037760
1768272647190 -0.05448647294589178 2042880
1768272765914 -0.054618940529735135 2048000
1768272882353 -0.05451395812562313 2053120
1768272998384 -0.054275236200895076 2058240
