1768226434041 27.90448614120483 5120
1768226545584 11.146876250180332 10240
1768226658651 7.878227999210359 15360
1768226770170 7.399158888317291 20480
1768226884081 6.7864600915175215 25600
1768226996929 6.1646965014549995 30720
1768227110988 5.533652733696832 35840
1768227223971 5.152517200563013 40960
1768227338055 4.817903001204781 46080
1768227451250 4.622003006280638 51200
1768227566208 4.306560858317783 56320
1768227677819 4.063328165773485 61440
1768227788657 3.888617552554969 66560
1768227902308 3.6654847126275723 71680
1768228015853 3.5559593050103437 76800
1768228128393 3.3865413260754242 81920
1768228239860 3.268832910227221 87040
1768228351427 3.122876887897869 92160
1768228464892 3.1363464585940037 97280
1768228584337 3.085872797446676 102400
1768228698422 3.0702050241434344 107520
1768228812018 2.9940771044481984 112640
1768228926780 2.8572002943630874 117760
1768229043511 2.7891713859621157 122880
1768229154374 2.7110318471514994 128000
1768229283044 2.6464991032258247 133120
1768229404010 2.615164208692663 138240
1768229518474 2.489303696003366 143360
1768229631075 2.5055286543336632 148480
1768229744085 2.4193223334306126 153600
1768229855657 2.341317644363795 158720
1768229968491 2.2713208789706973 163840
1768230078353 2.223921266119164 168960
1768230203086 2.156195913839061 174080
1768230319352 2.121789421168241 179200
1768230431485 1.98887418631032 184320
1768230543366 1.9010127988425634 189440
1768230655581 1.8655926146182715 194560
1768230767425 1.71559862876425 199680
1768230878348 1.6367524643323907 204800
1768230992394 1.5618514155415653 209920
1768231106938 1.4702565555662908 215040
1768231227318 1.4990284446433737 220160
1768231345902 1.4090743086456716 225280
1768231464736 1.3657194782358355 230400
1768231583818 1.2929370214619162 235520
1768231702159 1.2571563336000604 240640
1768231821204 1.2318511978719244 245760
1768231943871 1.2122119318954343 250880
1768232065034 1.1806704284850345 256000
1768232188082 1.1916167496144772 261120
1768232309969 1.1458333875575741 266240
1768232429336 1.1184834820166567 271360
1768232547880 1.0702289006982781 276480
1768232662896 1.059779486172441 281600
1768232780357 1.0219279444684337 286720
1768232902626 1.0366446852517295 291840
1768233019622 0.974807219095656 296960
1768233133904 0.9720177034429601 302080
1768233249921 0.9765336733086165 307200
1768233367562 0.940128056893941 312320
1768233481958 0.923590644394853 317440
1768233599189 0.9162362463263016 322560
1768233719861 0.8975664936196396 327680
1768233840388 0.8756981078539889 332800
1768233962019 0.8335261911351874 337920
1768234075341 0.8216286763690768 343040
1768234186392 0.8100619958782477 348160
1768234305519 0.7738765836726723 353280
1768234422662 0.7719060756542064 358400
1768234534725 0.7450778946180022 363520
1768234647805 0.71438230931924 368640
1768234765968 0.695380612045038 373760
1768234884680 0.6750498463715504 378880
1768235005226 0.6655695583465252 384000
1768235122547 0.6844333735788902 389120
1768235240911 0.6343021588498448 394240
1768235360773 0.6364615564760954 399360
1768235480970 0.6494109970632226 404480
1768235594626 0.6341258411930684 409600
1768235707233 0.6000741548961018 414720
1768235817785 0.5797983133357807 419840
1768235932435 0.5873257668201741 424960
1768236045103 0.5482367738918568 430080
1768236157980 0.5545926814907594 435200
1768236269415 0.5347998504461655 440320
1768236382686 0.5361497520306788 445440
1768236495201 0.5335827801935796 450560
1768236611271 0.5215415569698864 455680
1768236722270 0.4956107674575433 460800
1768236832883 0.4835794458891216 465920
1768236947273 0.5089442894825967 471040
1768237060593 0.4998218659986242 476160
1768237174566 0.4905303526633358 481280
1768237289323 0.4953297930004216 486400
1768237402769 0.48410427339359524 491520
1768237519808 0.4688300472620584 496640
1768237631352 0.4515576876545146 501760
1768237746063 0.4509673516211971 506880
1768237860250 0.43089299603612596 512000
1768237972912 0.4361552486495067 517120
1768238084901 0.44072909308506314 522240
1768238197509 0.43256130388540814 527360
1768238309497 0.4222301625198686 532480
1768238425179 0.40935761433590495 537600
1768238540619 0.38851461870297654 542720
1768238659857 0.38217873630239 547840
1768238772768 0.35566228115624726 552960
1768238885163 0.3731628333430587 558080
1768238998329 0.35450104099003676 563200
1768239113601 0.34520990309955407 568320
1768239224031 0.3473570207946016 573440
1768239335863 0.36080863346059416 578560
1768239448861 0.3580678442104894 583680
1768239561564 0.3497542102469338 588800
1768239674661 0.3595108741983489 593920
1768239789531 0.32186132548205276 599040
1768239902250 0.34005549125865026 604160
1768240015943 0.3359815423440613 609280
1768240130016 0.3309463560005988 614400
1768240243625 0.32403759323724424 619520
1768240356495 0.33352210374198454 624640
1768240469120 0.33189578124455044 629760
1768240584382 0.3228859091496122 634880
1768240699603 0.3127706731851108 640000
1768240810986 0.32208118069946484 645120
1768240923396 0.3019190087108492 650240
1768241035159 0.30669500871679156 655360
1768241149092 0.30360297501271727 660480
1768241260452 0.29383640922159643 665600
1768241374551 0.3015706573463068 670720
1768241489590 0.2959402477939623 675840
1768241603239 0.29107386832480675 680960
1768241715113 0.2766860686187062 686080
1768241829087 0.2827601086317435 691200
1768241941875 0.27487979003861435 696320
1768242057652 0.2614386952792243 701440
1768242171011 0.2768553062803321 706560
1768242286767 0.26416918749096746 711680
1768242398754 0.2625305934367268 716800
1768242510983 0.2580614172365443 721920
1768242628840 0.26833729589706407 727040
1768242750561 0.25667835885586016 732160
1768242872013 0.262416212105718 737280
1768242985990 0.25035308039221227 742400
1768243098938 0.25571526205164624 747520
1768243211124 0.23940178223278213 752640
1768243324228 0.2372225200534671 757760
1768243438651 0.23725003296184796 762880
1768243556048 0.23710057930368558 768000
1768243672203 0.24327053266858298 773120
1768243786278 0.23512571096733587 778240
1768243899677 0.23715637137310933 783360
1768244013755 0.22507060537078502 788480
1768244133894 0.2285309186915761 793600
1768244255264 0.2167542448300253 798720
1768244376115 0.2211814311806482 803840
1768244492387 0.2148221767777589 808960
1768244614670 0.20989748964357618 814080
1768244736494 0.21619354214709946 819200
1768244853910 0.20635991008938395 824320
1768244973533 0.20617155197369336 829440
1768245088456 0.20552870745752372 834560
1768245201482 0.20534849940496303 839680
1768245314273 0.2066840987401782 844800
1768245426716 0.20135034636900312 849920
1768245538993 0.20073458322497648 855040
1768245651527 0.197059287412555 860160
1768245764918 0.20574123535877709 865280
1768245885970 0.20178659244093572 870400
1768246008043 0.18826851760115576 875520
1768246128758 0.19392044838297245 880640
1768246251795 0.19375899471256533 885760
1768246373768 0.18776333676413742 890880
1768246497225 0.19469163975214854 896000
1768246614376 0.17902332011470729 901120
1768246733281 0.19204204970504035 906240
1768246845639 0.17945051565716164 911360
1768246959347 0.18287037178874016 916480
1768247071256 0.17344591928242842 921600
1768247185066 0.1820052887324992 926720
1768247304392 0.1772982986986179 931840
1768247420556 0.17688424626812663 936960
1768247532969 0.17186666374744994 942080
1768247646848 0.17425815625530597 947200
1768247757441 0.16529603501267645 952320
1768247871333 0.1797510026051448 957440
1768247986920 0.17663616849309455 962560
1768248100382 0.16603873107700468 967680
1768248211730 0.16445426501686267 972800
1768248324531 0.16367091438261536 977920
1768248436241 0.16559673398640104 983040
1768248549646 0.16251159277021515 988160
1768248662987 0.15795427505068874 993280
1768248783812 0.1554631471047636 998400
1768248901928 0.15327951621814848 1003520
1768249013895 0.14733954317429487 1008640
1768249125228 0.13353353787142141 1013760
1768249236231 0.13075333878697162 1018880
1768249347554 0.12770350049425672 1024000
1768249463558 0.12356043324555839 1029120
1768249576888 0.11567059123551457 1034240
1768249688003 0.11450272231590092 1039360
1768249799729 0.10868873441137601 1044480
1768249912390 0.11027331755639981 1049600
1768250023452 0.10654065231116043 1054720
1768250136432 0.10563066283708374 1059840
1768250250548 0.10114819549575205 1064960
1768250363212 0.09917967231050276 1070080
1768250476339 0.0969809973341981 1075200
1768250599657 0.09957008735700087 1080320
1768250716342 0.09876054425828307 1085440
1768250843752 0.09592366350971959 1090560
1768250969854 0.09466025214457935 1095680
1768251091998 0.09519704402157807 1100800
1768251214734 0.09332663972768156 1105920
1768251340507 0.09129518635365186 1111040
1768251462909 0.08870620762504207 1116160
1768251582868 0.0918730426008684 1121280
1768251703363 0.09188780244971058 1126400
1768251818768 0.08993605458499294 1131520
1768251936228 0.09269207716631953 1136640
1768252051437 0.09062434880109671 1141760
1768252169778 0.09091568163311131 1146880
1768252288927 0.09085252670369393 1152000
1768252404678 0.09055665003526117 1157120
1768252521993 0.08806264601962667 1162240
1768252638015 0.09024221640945422 1167360
1768252754048 0.08568611908957596 1172480
1768252869962 0.08343815822584746 1177600
1768252985789 0.08306576374080354 1182720
1768253099435 0.08199605353632228 1187840
1768253213345 0.08668674359395206 1192960
1768253330371 0.08325227149422611 1198080
1768253443149 0.08244185579066372 1203200
1768253557163 0.08018183232565032 1208320
1768253668997 0.08161216152056071 1213440
1768253783973 0.08067792568959477 1218560
1768253904723 0.080649640982765 1223680
1768254037657 0.07931128521743762 1228800
1768254167503 0.07902416485459057 1233920
1768254297916 0.07644802550261519 1239040
1768254427486 0.07944567570560855 1244160
1768254552388 0.07903923842284057 1249280
1768254667482 0.07937380185523973 1254400
1768254781697 0.07602738436986332 1259520
1768254894042 0.07701358352278428 1264640
1768255007609 0.07739270247921264 1269760
1768255122270 0.07914337046456375 1274880
1768255237448 0.07665361344957239 1280000
1768255350763 0.07622763817477379 1285120
1768255464150 0.07590771725780901 1290240
1768255578529 0.07539818810437339 1295360
1768255691777 0.07348231368886496 1300480
1768255806277 0.07572006225585937 1305600
1768255920799 0.0727644272952411 1310720
1768256036036 0.07217507869607738 1315840
1768256149293 0.07411199658347321 1320960
1768256264374 0.07460836014629882 1326080
1768256379085 0.07207011837853 1331200
1768256494278 0.07047285339916282 1336320
1768256608434 0.0737787127694858 1341440
1768256721865 0.07082021736446485 1346560
1768256835263 0.0703765037473091 1351680
1768256950417 0.07088102937643705 1356800
1768257065917 0.07156511653553356 1361920
1768257181899 0.07089067757486582 1367040
1768257295352 0.06817012934787872 1372160
1768257411395 0.06930209249125192 1377280
1768257523778 0.06887590021490608 1382400
1768257639320 0.06812705259407517 1387520
1768257751628 0.06890818362547842 1392640
1768257867481 0.06859242458818247 1397760
1768257980247 0.06668939104921884 1402880
1768258096197 0.06761160337647727 1408000
1768258218148 0.06880502593077066 1413120
1768258339498 0.06730511772684204 1418240
1768258462320 0.06652513573959866 1423360
1768258583020 0.06828197960184092 1428480
1768258698006 0.06829288492195952 1433600
1768258813193 0.06685753114192958 1438720
1768258936095 0.06412131750862451 1443840
1768259055572 0.06214964866638185 1448960
1768259170966 0.06269382609019054 1454080
1768259287187 0.06224442261298609 1459200
1768259403114 0.06104016311346943 1464320
1768259520099 0.06066700814494184 1469440
1768259633662 0.05830342251091347 1474560
1768259749369 0.06026253300583708 1479680
1768259866773 0.0622324353460605 1484800
1768259983371 0.06328807811160664 1489920
1768260097528 0.06270982696616756 1495040
1768260213467 0.06197443098195741 1500160
1768260328791 0.05966687925327076 1505280
1768260448329 0.06134059223702283 1510400
1768260565248 0.06044781502640626 1515520
1768260682437 0.06025725199107687 1520640
1768260800892 0.058179867090113926 1525760
1768260916823 0.057904116533656805 1530880
1768261033797 0.05903527263003457 1536000
1768261150064 0.05881116580836486 1541120
1768261265940 0.05913775540597387 1546240
1768261383683 0.05544510510477354 1551360
1768261501441 0.05660678543752937 1556480
1768261619210 0.05698198933432643 1561600
1768261736060 0.05630284245227537 1566720
1768261850589 0.0573848830225567 1571840
1768261967754 0.057589653282487344 1576960
1768262086156 0.05771491433176927 1582080
1768262200456 0.05578671827383921 1587200
1768262314291 0.05713046890910915 1592320
1768262428695 0.05713265722642565 1597440
1768262543252 0.056555794768254265 1602560
1768262657128 0.05773845281667728 1607680
1768262769380 0.057204762122352724 1612800
1768262883893 0.05637839696740592 1617920
1768262998406 0.056331530856003835 1623040
1768263115632 0.05488177758054415 1628160
1768263233710 0.05551850040454912 1633280
1768263350902 0.05608467589312237 1638400
1768263471556 0.05546291694546102 1643520
1768263590349 0.05414677124449661 1648640
1768263718515 0.054436283489265075 1653760
1768263854388 0.05447702899088028 1658880
1768263974244 0.05564425699531958 1664000
1768264087273 0.05455670439195662 1669120
1768264199727 0.05541244220034125 1674240
1768264312802 0.05491922014737405 1679360
1768264430078 0.056421851381786244 1684480
1768264543572 0.05568147436334898 1689600
1768264660805 0.05483100551338012 1694720
1768264776568 0.05346367338204657 1699840
1768264893071 0.052636066221532565 1704960
1768265005326 0.05365217130102846 1710080
1768265117958 0.05072435315867313 1715200
1768265229072 0.05180456388429259 1720320
1768265339848 0.05055999888219868 1725440
1768265450157 0.05318432978805461 1730560
1768265564342 0.05345812559127808 1735680
1768265676203 0.05091274692057722 1740800
1768265798555 0.051838924423611314 1745920
1768265925815 0.05261035541844326 1751040
1768266060680 0.0532046419423777 1756160
1768266180949 0.05193912184702526 1761280
1768266294374 0.05217130577025519 1766400
1768266405168 0.05148909290562745 1771520
1768266514978 0.052593884072545484 1776640
1768266626948 0.05100106349421397 1781760
1768266741607 0.05145969398516014 1786880
1768266851428 0.05100117345185772 1792000
1768266963359 0.04954795649491573 1797120
1768267074938 0.051463405342686924 1802240
1768267185979 0.0502221338503223 1807360
1768267297381 0.048897140929417576 1812480
1768267409165 0.0497021272375777 1817600
1768267534053 0.049420924799821145 1822720
1768267646034 0.05168545485877777 1827840
1768267755403 0.049756216946958094 1832960
1768267870730 0.04976485990469069 1838080
1768267981621 0.049209702627848156 1843200
1768268100305 0.050301821181676455 1848320
1768268214197 0.047400919441884556 1853440
1768268325700 0.049459783810350856 1858560
1768268441729 0.04914572977090131 1863680
1768268562089 0.049867758745692777 1868800
1768268679008 0.04983282479870065 1873920
1768268794004 0.04864173888121296 1879040
1768268913178 0.05077267299198314 1884160
1768269035413 0.04904863107501492 1889280
1768269155038 0.04860137376831648 1894400
1768269271507 0.048755120182859484 1899520
1768269384726 0.0486067144772111 1904640
1768269505278 0.047615656244537584 1909760
1768269629097 0.04879373187498891 1914880
1768269754171 0.04703837089701248 1920000
1768269872848 0.047376299852516214 1925120
1768269993179 0.04825453280896928 1930240
1768270112163 0.04688492221721324 1935360
1768270231700 0.04662852521687118 1940480
1768270351547 0.04763948221823719 1945600
1768270470235 0.048075719014795223 1950720
1768270590411 0.04590950934441535 1955840
1768270710300 0.04654746707645488 1960960
1768270831218 0.045990728758574156 1966080
1768270951658 0.045658921452697565 1971200
1768271071451 0.04566824670531847 1976320
1768271190439 0.04542458550989135 1981440
1768271309785 0.04617510831460457 1986560
1768271430133 0.04509326224214372 1991680
1768271550676 0.04647174715934687 1996800
1768271670749 0.04607883593787445 2001920
1768271790924 0.045487380545702234 2007040
1768271911440 0.046060547067093095 2012160
1768272033329 0.04631100826369876 2017280
1768272161658 0.0462220055564695 2022400
1768272283412 0.04713510525822338 2027520
1768272405232 0.045877193861977694 2032640
1768272526923 0.04623610770983771 2037760
1768272647190 0.04513040113544655 2042880
1768272765914 0.04347716653186162 2048000
1768272882353 0.04419875275221089 2053120
1768272998384 0.043290581089059615 2058240
