1768226434046 3.5406362251432557 5120
1768226545590 2.8363348948876124 10240
1768226658656 3.3246507090777 15360
1768226770176 3.658766698777099 20480
1768226884088 3.9173430321737164 25600
1768226997016 4.081573848282824 30720
1768227110999 4.239475095444831 35840
1768227223978 4.3599037585262534 40960
1768227338062 4.5712916107396655 46080
1768227451257 4.724191346732072 51200
1768227566215 4.824600417191801 56320
1768227677826 4.793645781681278 61440
1768227788664 4.822994862115461 66560
1768227902364 4.900056617392785 71680
1768228015860 4.949063094174126 76800
1768228128400 4.909196420294662 81920
1768228239868 4.916359599484638 87040
1768228351435 4.924472070434334 92160
1768228464900 4.94586559451266 97280
1768228584345 4.9585590901901915 102400
1768228698433 4.941166477740676 107520
1768228812030 4.960731149557982 112640
1768228926787 4.956268069191546 117760
1768229043518 4.968180382916202 122880
1768229154387 4.9892268229131895 128000
1768229283053 4.989729628918019 133120
1768229404018 4.996870844093583 138240
1768229518483 5.000112655545681 143360
1768229631084 4.991876461431484 148480
1768229744094 5.002908573627347 153600
1768229855669 5.020557114327363 158720
1768229968500 5.025772026179521 163840
1768230078367 5.029351364754255 168960
1768230203098 5.022735448179854 174080
1768230319402 5.020410770341811 179200
1768230431498 5.015889450225815 184320
1768230543375 5.001843710452316 189440
1768230655598 4.987457623749593 194560
1768230767434 4.996104827837853 199680
1768230878360 5.00174043471265 204800
1768230992404 5.000824393710102 209920
1768231106954 4.992225081207311 215040
1768231227327 4.972255309520341 220160
1768231345912 4.9570574789171 225280
1768231464752 4.947307828550889 230400
1768231583830 4.953579883355537 235520
1768231702171 4.946028088785873 240640
1768231821214 4.949399894445026 245760
1768231943888 4.94527126137598 250880
1768232065064 4.92874752181156 256000
1768232188093 4.91907784326178 261120
1768232309980 4.925362589619058 266240
1768232429346 4.937729033738057 271360
1768232547953 4.942646027883803 276480
1768232662907 4.935920768118845 281600
1768232780366 4.941778549065162 286720
1768232902638 4.941155711817944 291840
1768233019632 4.9337445023292235 296960
1768233133916 4.925953784769129 302080
1768233249931 4.934598039132153 307200
1768233367573 4.926298434477297 312320
1768233481971 4.912518537532869 317440
1768233599202 4.917142787297567 322560
1768233719879 4.917764682234023 327680
1768233840402 4.913575035246956 332800
1768233962031 4.903227395589426 337920
1768234075353 4.904321451901548 343040
1768234186405 4.902515876500694 348160
1768234305533 4.9184218340086385 353280
1768234422675 4.9172997340903315 358400
1768234534743 4.924497615026495 363520
1768234647825 4.929791690523689 368640
1768234765986 4.9366269468375625 373760
1768234884700 4.930804233790481 378880
1768235005238 4.930872246883127 384000
1768235122559 4.934338925322128 389120
1768235240923 4.936104071589009 394240
1768235360794 4.944175616997069 399360
1768235480981 4.950718505612332 404480
1768235594637 4.9503546553177715 409600
1768235707245 4.957255658167926 414720
1768235817795 4.953747056181091 419840
1768235932445 4.962944513501106 424960
1768236045120 4.957198902848745 430080
1768236157992 4.940068267977784 435200
1768236269426 4.947855826011668 440320
1768236382698 4.948940391490181 445440
1768236495215 4.95260930754365 450560
1768236611281 4.961298299899132 455680
1768236722281 4.972146898613155 460800
1768236832893 4.978806279166542 465920
1768236947283 4.985939085306724 471040
1768237060605 4.99547463343264 476160
1768237174579 5.002843666589293 481280
1768237289333 5.002247444940462 486400
1768237402781 4.9960947721548195 491520
1768237519818 4.995580829226698 496640
1768237631362 4.997072189655988 501760
1768237746074 4.998740741923925 506880
1768237860261 5.003765517763938 512000
1768237972923 5.0044029086967114 517120
1768238084914 5.011225478001747 522240
1768238197530 5.018905578444164 527360
1768238309515 5.02961075360224 532480
1768238425192 5.033350449670537 537600
1768238540630 5.037475164591814 542720
1768238659869 5.045869347774339 547840
1768238772779 5.048052298612229 552960
1768238885175 5.055810213993352 558080
1768238998342 5.063346776187501 563200
1768239113613 5.0710704199644905 568320
1768239224073 5.078048544799076 573440
1768239335883 5.0827428056989605 578560
1768239448872 5.083552629702048 583680
1768239561581 5.088976903101559 588800
1768239674672 5.086311231251123 593920
1768239789544 5.085477437491656 599040
1768239902261 5.085291377068348 604160
1768240015955 5.0913187083690294 609280
1768240130028 5.094286357180929 614400
1768240243641 5.092582000138046 619520
1768240356518 5.094730874019956 624640
1768240469133 5.095117104254922 629760
1768240584395 5.098680877217239 634880
1768240699615 5.099434274179972 640000
1768240811003 5.094994385028636 645120
1768240923408 5.098747099361318 650240
1768241035171 5.1005509912898015 655360
1768241149106 5.103651589041482 660480
1768241260465 5.102731235561408 665600
1768241374564 5.107332949907287 670720
1768241489602 5.121197150961524 675840
1768241603254 5.129286559194535 680960
1768241715131 5.131175731403847 686080
1768241829140 5.1420493137808165 691200
1768241941888 5.150148954976767 696320
1768242057665 5.151302356812384 701440
1768242171029 5.158410873701887 706560
1768242286783 5.164800591219496 711680
1768242398768 5.168728272713187 716800
1768242511003 5.165674532299532 721920
1768242628854 5.172159307723889 727040
1768242750577 5.169200162114835 732160
1768242872035 5.1722773997524145 737280
1768242986006 5.175320120034298 742400
1768243098953 5.1748518547388205 747520
1768243211138 5.173688520209056 752640
1768243324241 5.1693437627463155 757760
1768243438665 5.170048076411816 762880
1768243556062 5.1708139118650704 768000
1768243672219 5.178009057435445 773120
1768243786293 5.1852473101401895 778240
1768243899690 5.191806870707164 783360
1768244013769 5.195248148685519 788480
1768244133917 5.198007445599169 793600
1768244255280 5.20410928061075 798720
1768244376130 5.206087620502713 803840
1768244492413 5.212379862232845 808960
1768244614694 5.210672252402295 814080
1768244736509 5.21408287608635 819200
1768244853931 5.2167445632549025 824320
1768244973555 5.218991391277414 829440
1768245088471 5.216031144836545 834560
1768245201496 5.217444031895106 839680
1768245314286 5.223261230563816 844800
1768245426729 5.223278583404965 849920
1768245539013 5.224591650628392 855040
1768245651542 5.222720614269897 860160
1768245764935 5.226338562076356 865280
1768245885998 5.230333420058699 870400
1768246008058 5.230627332131909 875520
1768246128786 5.226882326534156 880640
1768246251815 5.227763255278576 885760
1768246373787 5.231103127302632 890880
1768246497243 5.230087079009721 896000
1768246614393 5.230241680477127 901120
1768246733296 5.235822691067431 906240
1768246845661 5.241173770392141 911360
1768246959364 5.241210701303039 916480
1768247071272 5.244203460496125 921600
1768247185085 5.243412404863919 926720
1768247304408 5.244095932018517 931840
1768247420571 5.245495681908555 936960
1768247532994 5.248254999890672 942080
1768247646863 5.250237273307193 947200
1768247757457 5.253172041232376 952320
1768247871358 5.250543069301044 957440
1768247986935 5.252483608368569 962560
1768248100399 5.248973377078458 967680
1768248211747 5.248624997595374 972800
1768248324561 5.25139708067141 977920
1768248436268 5.249120494147946 983040
1768248549661 5.247876904834643 988160
1768248663004 5.247285002218195 993280
1768248783829 5.246161326772478 998400
1768248901950 5.248773662523902 1003520
1768249013911 5.249917570037786 1008640
1768249125245 5.251136985421838 1013760
1768249236248 5.246917488907141 1018880
1768249347571 5.243721417736749 1024000
1768249463573 5.244982007277167 1029120
1768249576910 5.246710249799319 1034240
1768249688018 5.250634123622479 1039360
1768249799744 5.249716680523942 1044480
1768249912406 5.251080416676854 1049600
1768250023468 5.254834246330018 1054720
1768250136448 5.256744417485255 1059840
1768250250565 5.256670552372709 1064960
1768250363229 5.253993428076994 1070080
1768250476362 5.2576222876195 1075200
1768250599675 5.266064337143799 1080320
1768250716363 5.269643947726742 1085440
1768250844855 5.273717538434819 1090560
1768250970697 5.2748861057104515 1095680
1768251092023 5.2778679938322774 1100800
1768251214768 5.2758118491874395 1105920
1768251340528 5.281846676303078 1111040
1768251462928 5.283957331325903 1116160
1768251582897 5.286505481331002 1121280
1768251703385 5.289762554935261 1126400
1768251818785 5.295836587467435 1131520
1768251936253 5.298094400969397 1136640
1768252051465 5.299607133523224 1141760
1768252169801 5.300779225652014 1146880
1768252288953 5.303057588777054 1152000
1768252404714 5.302827190974465 1157120
1768252522023 5.307119890584912 1162240
1768252638044 5.3053707135945825 1167360
1768252754074 5.307244394492199 1172480
1768252869984 5.308282277998049 1177600
1768252985813 5.305977440700129 1182720
1768253099456 5.3057013227548335 1187840
1768253213367 5.308989842270187 1192960
1768253330393 5.315361111505718 1198080
1768253443168 5.320165451917217 1203200
1768253557188 5.321524684187333 1208320
1768253669017 5.322654267035621 1213440
1768253784003 5.320408493189004 1218560
1768253904747 5.321542085548837 1223680
1768254037706 5.325941435746787 1228800
1768254167563 5.33254948168212 1233920
1768254297938 5.332003106382181 1239040
1768254427511 5.328063726809878 1244160
1768254552411 5.327468281918597 1249280
1768254667502 5.328596475307511 1254400
1768254781718 5.334128493143937 1259520
1768254894059 5.339602242976291 1264640
1768255007629 5.339973279104255 1269760
1768255122291 5.344581100181847 1274880
1768255237475 5.349792530297827 1280000
1768255350781 5.35028676075429 1285120
1768255464176 5.353653356726103 1290240
1768255578550 5.35336895128892 1295360
1768255691804 5.353188736561939 1300480
1768255806300 5.352574825605732 1305600
1768255920821 5.351174514010362 1310720
1768256036058 5.349646232706687 1315840
1768256149313 5.34777885699317 1320960
1768256264409 5.350472673220741 1326080
1768256379115 5.349756237701916 1331200
1768256494307 5.349118071727361 1336320
1768256608469 5.349840152390959 1341440
1768256721883 5.351589799673739 1346560
1768256835290 5.355312988060066 1351680
1768256950436 5.3562179013738485 1356800
1768257065938 5.358292889236833 1361920
1768257181926 5.360719709058666 1367040
1768257295379 5.363802956048266 1372160
1768257411414 5.360976761582447 1377280
1768257523797 5.362513651459719 1382400
1768257639340 5.360797345353372 1387520
1768257751648 5.361648854299034 1392640
1768257867504 5.359890936681306 1397760
1768257980271 5.361723358264878 1402880
1768258096219 5.359394040055521 1408000
1768258218175 5.358878575969845 1413120
1768258339525 5.357785297060611 1418240
1768258462351 5.354975766707329 1423360
1768258583043 5.355821463969058 1428480
1768258698034 5.3576372735339435 1433600
1768258813221 5.356949850385417 1438720
1768258936142 5.355156377137626 1443840
1768259055601 5.3551303058587925 1448960
1768259170994 5.354874216920035 1454080
1768259287218 5.358268895277637 1459200
1768259403141 5.355692060658886 1464320
1768259520120 5.357026228996764 1469440
1768259633692 5.357301207581082 1474560
1768259749397 5.358841018094389 1479680
1768259866803 5.358584060771571 1484800
1768259983393 5.359486484623354 1489920
1768260097565 5.359876230378779 1495040
1768260213493 5.360612146932778 1500160
1768260328820 5.361293109419625 1505280
1768260448354 5.359096314118356 1510400
1768260565274 5.358933389352024 1515520
1768260682459 5.358450937598586 1520640
1768260800918 5.3575631747529044 1525760
1768260916860 5.357261332780148 1530880
1768261033824 5.3601180212918536 1536000
1768261150096 5.360662626647419 1541120
1768261265970 5.3621314633709085 1546240
1768261383723 5.361840888885176 1551360
1768261501468 5.362483197617728 1556480
1768261619246 5.361001352884806 1561600
1768261736090 5.361308198671639 1566720
1768261850612 5.362166081905964 1571840
1768261967781 5.3616734420164995 1576960
1768262086185 5.363910169404138 1582080
1768262200480 5.36404264993401 1587200
1768262314312 5.366613638027868 1592320
1768262428724 5.372521843050247 1597440
1768262543290 5.3741525955637615 1602560
1768262657150 5.37436306269406 1607680
1768262769420 5.373921139104355 1612800
1768262883943 5.3762963300562925 1617920
1768262998437 5.376072028397129 1623040
1768263115697 5.376323704195995 1628160
1768263233741 5.3782201710543385 1633280
1768263350926 5.38031491162619 1638400
1768263471584 5.381640159016427 1643520
1768263590373 5.382145295273549 1648640
1768263718537 5.383729301397976 1653760
1768263854409 5.385612778102257 1658880
1768263974265 5.389878229570567 1664000
1768264087295 5.391475469961431 1669120
1768264199748 5.393909749612275 1674240
1768264312825 5.396805033024195 1679360
1768264430101 5.398008383652596 1684480
1768264543605 5.398231996443351 1689600
1768264660827 5.39665771588829 1694720
1768264776590 5.396954940274994 1699840
1768264893095 5.396751116966379 1704960
1768265005353 5.399833085028125 1710080
1768265117982 5.404131863814643 1715200
1768265229094 5.404888105399766 1720320
1768265339870 5.40735512720176 1725440
1768265450177 5.408697681225069 1730560
1768265564377 5.409448328790053 1735680
1768265676238 5.413165643678007 1740800
1768265798581 5.414955045606763 1745920
1768265925836 5.417135638425967 1751040
1768266060704 5.418272758794971 1756160
1768266180970 5.418732792424194 1761280
1768266294400 5.417769834115677 1766400
1768266405191 5.418600707470298 1771520
1768266515001 5.4191404277047726 1776640
1768266626971 5.421656091774673 1781760
1768266741628 5.4244299853157285 1786880
1768266851451 5.426169432009465 1792000
1768266963392 5.428593490005537 1797120
1768267074962 5.431670796715923 1802240
1768267186000 5.434050344535933 1807360
1768267297407 5.436228376027225 1812480
1768267409190 5.436697544280897 1817600
1768267534074 5.436342445704788 1822720
1768267646066 5.436489394264879 1827840
1768267755428 5.441474704517603 1832960
1768267870752 5.440676901951488 1838080
1768267981642 5.44402997465114 1843200
1768268100387 5.444576180388655 1848320
1768268214221 5.445379900597482 1853440
1768268325727 5.446899234615695 1858560
1768268441765 5.449678902263916 1863680
1768268562123 5.449123280181 1868800
1768268679036 5.449492015598173 1873920
1768268794032 5.449066134848764 1879040
1768268913209 5.448774456099941 1884160
1768269035444 5.448011527644282 1889280
1768269155127 5.45206022617234 1894400
1768269271530 5.453560255944201 1899520
1768269384753 5.456359959181732 1904640
1768269505310 5.456886379380241 1909760
1768269629255 5.4576051618300285 1914880
1768269754199 5.45875275010759 1920000
1768269872873 5.456841040362898 1925120
1768269993206 5.458458548134316 1930240
1768270112205 5.461289567426207 1935360
1768270231727 5.461566804342468 1940480
1768270351571 5.461822209279301 1945600
1768270470263 5.462307019542086 1950720
1768270590436 5.464562865525862 1955840
1768270710326 5.466813016415661 1960960
1768270831245 5.4699197607954115 1966080
1768270951687 5.472601695131529 1971200
1768271071486 5.473114069772922 1976320
1768271190468 5.473484297249596 1981440
1768271309817 5.476190464491587 1986560
1768271430164 5.476837505229091 1991680
1768271550705 5.478746789237344 1996800
1768271670774 5.477772887036787 2001920
1768271790954 5.480374727381051 2007040
1768271911473 5.481629296561771 2012160
1768272033369 5.483782167772378 2017280
1768272161683 5.485689804009192 2022400
1768272283439 5.487260026686039 2027520
1768272405257 5.48968920431868 2032640
1768272526952 5.492565689851334 2037760
1768272647219 5.494505855789299 2042880
1768272765946 5.495077403613317 2048000
1768272882377 5.495528821804272 2053120
1768272998411 5.496556197421918 2058240
