1768226434046 0.9631901840490797 5120
1768226545590 0.7642487046632125 10240
1768226658656 0.9897043294614573 15360
1768226770176 1.1817416912074044 20480
1768226884088 1.2381034186565882 25600
1768226997016 1.254072592169191 30720
1768227110999 1.2702898550724637 35840
1768227223978 1.3073491928632115 40960
1768227338062 1.3897656623625059 46080
1768227451257 1.4786742259049281 51200
1768227566215 1.557431074672454 56320
1768227677826 1.592637024818175 61440
1768227788664 1.6344304863499193 66560
1768227902364 1.7137267904509284 71680
1768228015860 1.7730657579199798 76800
1768228128400 1.7786090495570983 81920
1768228239868 1.8210611490001156 87040
1768228351435 1.8530080399223732 92160
1768228464900 1.869031305997681 97280
1768228584345 1.8960129038762035 102400
1768228698433 1.9295740325567794 107520
1768228812030 1.9696569298287008 112640
1768228926787 2.0014544793418483 117760
1768229043518 2.0342806785635603 122880
1768229154387 2.0709250160222177 128000
1768229283053 2.101728723404255 133120
1768229404018 2.1357994645899248 138240
1768229518483 2.1607058266224537 143360
1768229631084 2.1795136894505074 148480
1768229744094 2.206373519632383 153600
1768229855669 2.2365960555149744 158720
1768229968500 2.2605176839703365 163840
1768230078367 2.2809235269536146 168960
1768230203098 2.302059574468085 174080
1768230319402 2.3226870045960166 179200
1768230431498 2.3388268247402535 184320
1768230543375 2.3535485515790815 189440
1768230655598 2.3696160683654055 194560
1768230767434 2.395012560504871 199680
1768230878360 2.418429048464246 204800
1768230992404 2.435729718530796 209920
1768231106954 2.4429569266589057 215040
1768231227327 2.442050286823254 220160
1768231345912 2.4449396003251214 225280
1768231464752 2.4526164953567196 230400
1768231583830 2.471421579290842 235520
1768231702171 2.4839995718949 240640
1768231821214 2.498933845789349 245760
1768231943888 2.513072318814293 250880
1768232065064 2.5194649986014697 256000
1768232188093 2.529789092724323 261120
1768232309980 2.544787654260409 266240
1768232429346 2.564756197748031 271360
1768232547953 2.581034071956159 276480
1768232662907 2.5920210146117224 281600
1768232780366 2.609543414904936 286720
1768232902638 2.6209749094140973 291840
1768233019632 2.630046906210023 296960
1768233133916 2.638598661394712 302080
1768233249931 2.6546413088469163 307200
1768233367573 2.661806329873917 312320
1768233481971 2.663755642745644 317440
1768233599202 2.6769583333333333 322560
1768233719879 2.687221320401915 327680
1768233840402 2.693624174666829 332800
1768233962031 2.6979915348985783 337920
1768234075353 2.7084968351310317 343040
1768234186405 2.7168530584459787 348160
1768234305533 2.7326974481259976 353280
1768234422675 2.73939946095737 358400
1768234534743 2.7495219168322773 363520
1768234647825 2.755417498705717 368640
1768234765986 2.764240997280476 373760
1768234884700 2.767059966185834 378880
1768235005238 2.77190648502909 384000
1768235122559 2.7792808579238804 389120
1768235240923 2.7822405032663924 394240
1768235360794 2.7902072848247035 399360
1768235480981 2.7980605447339575 404480
1768235594637 2.7997802527093842 409600
1768235707245 2.8072909809084923 414720
1768235817795 2.808320878549613 419840
1768235932445 2.818291564054276 424960
1768236045120 2.8187570549611283 430080
1768236157992 2.813500588004704 435200
1768236269426 2.8218135503712216 440320
1768236382698 2.8244989411006416 445440
1768236495215 2.828858092621545 450560
1768236611281 2.83405916804325 455680
1768236722281 2.8419995536710556 460800
1768236832893 2.848709629848105 465920
1768236947283 2.855188741286334 471040
1768237060605 2.864230105687403 476160
1768237174579 2.8680885924946464 481280
1768237289333 2.8694135569571593 486400
1768237402781 2.868687295682561 491520
1768237519818 2.871694116991333 496640
1768237631362 2.874535944465146 501760
1768237746074 2.877704133925521 506880
1768237860261 2.8838038189974116 512000
1768237972923 2.8846675530129056 517120
1768238084914 2.8909621224228865 522240
1768238197530 2.8965694682675815 527360
1768238309515 2.9028133996336036 532480
1768238425192 2.90486869053483 537600
1768238540630 2.907527516985397 542720
1768238659869 2.913451989916737 547840
1768238772779 2.9140621061652467 552960
1768238885175 2.9160386304651627 558080
1768238998342 2.9194880672684556 563200
1768239113613 2.925017467730666 568320
1768239224073 2.931192158484233 573440
1768239335883 2.935002773022112 578560
1768239448872 2.936662126317299 583680
1768239561581 2.941245440333507 588800
1768239674672 2.9418124192980395 593920
1768239789544 2.943064350903334 599040
1768239902261 2.9452891397961185 604160
1768240015955 2.9498327759197323 609280
1768240130028 2.950608877237184 614400
1768240243641 2.9500556311039685 619520
1768240356518 2.952416497693799 624640
1768240469133 2.9543235781336277 629760
1768240584395 2.9581506488951246 634880
1768240699615 2.9613147968999662 640000
1768240811003 2.960237005117156 645120
1768240923408 2.9652192513368982 650240
1768241035171 2.9705344809265752 655360
1768241149106 2.9758568293094716 660480
1768241260465 2.978443715892784 665600
1768241374564 2.9816378306438196 670720
1768241489602 2.988637302702256 675840
1768241603254 2.9935473943373 680960
1768241715131 2.9937960844139333 686080
1768241829140 2.9980612914626144 691200
1768241941888 3.000681909346169 696320
1768242057665 3.000537243938595 701440
1768242171029 3.0052777750323685 706560
1768242286783 3.008771499012838 711680
1768242398768 3.0124464733366496 716800
1768242511003 3.0128470743135964 721920
1768242628854 3.01718913823453 727040
1768242750577 3.0158772565932597 732160
1768242872035 3.0193674990046073 737280
1768242986006 3.0224718043343186 742400
1768243098953 3.024484873415355 747520
1768243211138 3.024522452616533 752640
1768243324241 3.0227475755873385 757760
1768243438665 3.0252104685212298 762880
1768243556062 3.0258089718199823 768000
1768243672219 3.029009699977442 773120
1768243786293 3.0327489575393445 778240
1768243899690 3.036092169184829 783360
1768244013769 3.0387787828583073 788480
1768244133917 3.041048980597908 793600
1768244255280 3.043362994461506 798720
1768244376130 3.0445325129060854 803840
1768244492413 3.048223679096162 808960
1768244614694 3.04797158764337 814080
1768244736509 3.0508266471124905 819200
1768244853931 3.0545616415126338 824320
1768244973555 3.0575258166491044 829440
1768245088471 3.0573171038191855 834560
1768245201496 3.059480389707719 839680
1768245314286 3.0638271431056907 844800
1768245426729 3.065391550640989 849920
1768245539013 3.066593010884688 855040
1768245651542 3.066833615194484 860160
1768245764935 3.0693295822925 865280
1768245885998 3.071845939928789 870400
1768246008058 3.0726446221568895 875520
1768246128786 3.0711887812194947 880640
1768246251815 3.0718766026273228 885760
1768246373787 3.0753867041271983 890880
1768246497243 3.074748640827438 896000
1768246614393 3.0741461221895854 901120
1768246733296 3.0782532939625464 906240
1768246845661 3.0817746079220827 911360
1768246959364 3.0828948773085663 916480
1768247071272 3.085262614922475 921600
1768247185085 3.0859940849831 926720
1768247304408 3.0873774748945495 931840
1768247420571 3.089205699605688 936960
1768247532994 3.0911961132448313 942080
1768247646863 3.0935455976585886 947200
1768247757457 3.094998713849998 952320
1768247871358 3.093124150926859 957440
1768247986935 3.0943303013571244 962560
1768248100399 3.0930954788386535 967680
1768248211747 3.0941830642901786 972800
1768248324561 3.0975684760065794 977920
1768248436268 3.097897372426842 983040
1768248549661 3.098520216167275 988160
1768248663004 3.0984064445773383 993280
1768248783829 3.0981696822131735 998400
1768248901950 3.1005806343813527 1003520
1768249013911 3.102994061765949 1008640
1768249125245 3.1057782498344735 1013760
1768249236248 3.104397451110852 1018880
1768249347571 3.103422400796764 1024000
1768249463573 3.1050634887240496 1029120
1768249576910 3.1069084278768235 1034240
1768249688018 3.1093256448512707 1039360
1768249799744 3.1083994359834537 1044480
1768249912406 3.1074810134151933 1049600
1768250023468 3.1083576801554673 1054720
1768250136448 3.1089127145958035 1059840
1768250250565 3.108281963694426 1064960
1768250363229 3.105929116032163 1070080
1768250476362 3.1078388211987416 1075200
1768250599675 3.1125117676643925 1080320
1768250716363 3.1154456093943614 1085440
1768250844855 3.1187394485087228 1090560
1768250970697 3.1194170432126267 1095680
1768251092023 3.1203372330924224 1100800
1768251214768 3.1185302749751225 1105920
1768251340528 3.121747526552723 1111040
1768251462928 3.1226483966979277 1116160
1768251582897 3.1231884957840226 1121280
1768251703385 3.1235108013248305 1126400
1768251818785 3.1261738606013614 1131520
1768251936253 3.1267515923566878 1136640
1768252051465 3.1271206588596754 1141760
1768252169801 3.1266439386586433 1146880
1768252288953 3.126871932927308 1152000
1768252404714 3.1259235676441968 1157120
1768252522023 3.1287636322303913 1162240
1768252638044 3.127229233982541 1167360
1768252754074 3.1290876777251184 1172480
1768252869984 3.130815925622224 1177600
1768252985813 3.1296237581906574 1182720
1768253099456 3.130545082566126 1187840
1768253213367 3.132453684572001 1192960
1768253330393 3.135396978165331 1198080
1768253443168 3.13731558737766 1203200
1768253557188 3.138478615961534 1208320
1768253669017 3.1395997525659824 1213440
1768253784003 3.139005757938544 1218560
1768253904747 3.1405256584922796 1223680
1768254037706 3.1430599146096645 1228800
1768254167563 3.1460995065233557 1233920
1768254297938 3.146178656569906 1239040
1768254427511 3.145356076044778 1244160
1768254552411 3.145082933119886 1249280
1768254667502 3.1455906039154042 1254400
1768254781718 3.1487721349355597 1259520
1768254894059 3.1516435330190236 1264640
1768255007629 3.1511530616151067 1269760
1768255122291 3.15372128620376 1274880
1768255237475 3.155761448580387 1280000
1768255350781 3.1546993546993547 1285120
1768255464176 3.1555652346921765 1290240
1768255578550 3.1548364648573415 1295360
1768255691804 3.155565861225273 1300480
1768255806300 3.155273800299328 1305600
1768255920821 3.1549032350097477 1310720
1768256036058 3.1541039319045066 1315840
1768256149313 3.153904584291559 1320960
1768256264409 3.1558790675338506 1326080
1768256379115 3.154939314395613 1331200
1768256494307 3.154940150762094 1336320
1768256608469 3.1557312375264943 1341440
1768256721883 3.155772777004433 1346560
1768256835290 3.1572137113491765 1351680
1768256950436 3.1574595211876506 1356800
1768257065938 3.15852320632244 1361920
1768257181926 3.1598338048269476 1367040
1768257295379 3.1617079000716077 1372160
1768257411414 3.1607384942910794 1377280
1768257523797 3.1616389013957678 1382400
1768257639340 3.1612197395244053 1387520
1768257751648 3.1632536436774186 1392640
1768257867504 3.1633408926608504 1397760
1768257980271 3.1653633877353555 1402880
1768258096219 3.165899864682003 1408000
1768258218175 3.166777011088388 1413120
1768258339525 3.167613358621903 1418240
1768258462351 3.166704002025849 1423360
1768258583043 3.168814395447527 1428480
1768258698034 3.1705294647265547 1433600
1768258813221 3.1709462328238383 1438720
1768258936142 3.171242458476552 1443840
1768259055601 3.172819274337301 1448960
1768259170994 3.1734852754348593 1454080
1768259287218 3.176079481048952 1459200
1768259403141 3.175846130483476 1464320
1768259520120 3.177623827032552 1469440
1768259633692 3.179110884681064 1474560
1768259749397 3.180874129327495 1479680
1768259866803 3.1817717389776012 1484800
1768259983393 3.181994815627846 1489920
1768260097565 3.182878344909778 1495040
1768260213493 3.1840843586542342 1500160
1768260328820 3.184710221724462 1505280
1768260448354 3.184319512982521 1510400
1768260565274 3.1842094379420156 1515520
1768260682459 3.1847449867228277 1520640
1768260800918 3.1847509739341464 1525760
1768260916860 3.1850710588149744 1530880
1768261033824 3.1860795904962513 1536000
1768261150096 3.187017783054857 1541120
1768261265970 3.188389883898839 1546240
1768261383723 3.1889848182450162 1551360
1768261501468 3.189538714623538 1556480
1768261619246 3.18894232910265 1561600
1768261736090 3.1896657317332955 1566720
1768261850612 3.1914264989473313 1571840
1768261967781 3.191814695640675 1576960
1768262086185 3.193286284298044 1582080
1768262200480 3.1935362365812745 1587200
1768262314312 3.195014189041694 1592320
1768262428724 3.1971005283636393 1597440
1768262543290 3.196966805735053 1602560
1768262657150 3.196850665906125 1607680
1768262769420 3.1966504312924995 1612800
1768262883943 3.197352210140417 1617920
1768262998437 3.196735196735197 1623040
1768263115697 3.1962200440838533 1628160
1768263233741 3.196564488094277 1633280
1768263350926 3.1979803629922494 1638400
1768263471584 3.199176822568922 1643520
1768263590373 3.1994515377583816 1648640
1768263718537 3.2006736156023483 1653760
1768263854409 3.2014183981478768 1658880
1768263974265 3.20342103724981 1664000
1768264087295 3.204270284893763 1669120
1768264199748 3.205118951320183 1674240
1768264312825 3.206190214267104 1679360
1768264430101 3.2061131951028483 1684480
1768264543605 3.20597926115822 1689600
1768264660827 3.2052135534374897 1694720
1768264776590 3.2053624992348033 1699840
1768264893095 3.2053004381771504 1704960
1768265005353 3.206685327167255 1710080
1768265117982 3.209087193515622 1715200
1768265229094 3.209094796633828 1720320
1768265339870 3.2101253705409394 1725440
1768265450177 3.2104908565928776 1730560
1768265564377 3.2109553661383954 1735680
1768265676238 3.2129931652696806 1740800
1768265798581 3.214064189833959 1745920
1768265925836 3.2153248926408953 1751040
1768266060704 3.2155165596431847 1756160
1768266180970 3.2154455679735086 1761280
1768266294400 3.2145391394545664 1766400
1768266405191 3.214352312525954 1771520
1768266515001 3.214918260122268 1776640
1768266626971 3.2162237969278955 1781760
1768266741628 3.2177514287157294 1786880
1768266851451 3.218584379358438 1792000
1768266963392 3.2193691692581075 1797120
1768267074962 3.2204930063060737 1802240
1768267186000 3.22156406296817 1807360
1768267297407 3.222155823957771 1812480
1768267409190 3.2223635509413637 1817600
1768267534074 3.2220026124674868 1822720
1768267646066 3.221559136723421 1827840
1768267755428 3.2242507802793856 1832960
1768267870752 3.2235862772123935 1838080
1768267981642 3.2248986756264033 1843200
1768268100387 3.224874183129272 1848320
1768268214221 3.224652087475149 1853440
1768268325727 3.225661932709108 1858560
1768268441765 3.2256978830817804 1863680
1768268562123 3.224728943724968 1868800
1768268679036 3.224522351930949 1873920
1768268794032 3.2241162291953507 1879040
1768268913209 3.2236072620743212 1884160
1768269035444 3.2229328108488904 1889280
1768269155127 3.224893850658858 1894400
1768269271530 3.225719897199264 1899520
1768269384753 3.226883932635412 1904640
1768269505310 3.227047263537067 1909760
1768269629255 3.2281001075841385 1914880
1768269754199 3.2285764859729356 1920000
1768269872873 3.2273763519086085 1925120
1768269993206 3.2283942633787435 1930240
1768270112205 3.2300591291883176 1935360
1768270231727 3.2300635422101824 1940480
1768270351571 3.230125582655054 1945600
1768270470263 3.2301710288744507 1950720
1768270590436 3.2311720265043413 1955840
1768270710326 3.2324467107031216 1960960
1768270831245 3.2337554677578666 1966080
1768270951687 3.2345964393779467 1971200
1768271071486 3.234273425413008 1976320
1768271190468 3.2343285931678647 1981440
1768271309817 3.2352428011110645 1986560
1768271430164 3.235182974992084 1991680
1768271550705 3.2361835733699897 1996800
1768271670774 3.23589418736673 2001920
1768271790954 3.236764330154609 2007040
1768271911473 3.2368774447688833 2012160
1768272033369 3.2376068963148676 2017280
1768272161683 3.238263103802672 2022400
1768272283439 3.2385665913835577 2027520
1768272405257 3.2395635932323548 2032640
1768272526952 3.240690309354059 2037760
1768272647219 3.241330548076206 2042880
1768272765946 3.2413605359359097 2048000
1768272882377 3.241275334163049 2053120
1768272998411 3.2412941599970395 2058240
