1768226434041 105.71654694391934 5120
1768226545584 79.12885333735804 10240
1768226658651 68.95010767536289 15360
1768226770170 107.59867627818682 20480
1768226884081 100.03348517732357 25600
1768226996929 98.30553602400038 30720
1768227110988 130.55792815787837 35840
1768227223971 93.41850416499621 40960
1768227338055 55.18748437520559 46080
1768227451250 70.98402382886542 51200
1768227566208 97.11509875199704 56320
1768227677819 88.20457604306864 61440
1768227788657 93.1446591161448 66560
1768227902308 32.629325367189445 71680
1768228015853 91.101303214596 76800
1768228128393 85.85560763924427 81920
1768228239860 92.20885088047135 87040
1768228351427 45.92069018371324 92160
1768228464892 76.58730941294623 97280
1768228584337 123.63825020634359 102400
1768228698422 204.84000781402617 107520
1768228812018 134.38544103040596 112640
1768228926780 93.15086503653363 117760
1768229043511 112.85021658998573 122880
1768229154374 121.07219351672776 128000
1768229283044 256.83081256506034 133120
1768229404010 109.51185378590078 138240
1768229518474 130.14471887799428 143360
1768229631075 49.94229784599264 148480
1768229744085 262.6035562233909 153600
1768229855657 24.919667524195994 158720
1768229968491 75.40728488727481 163840
1768230078353 53.36264631043257 168960
1768230203086 60.2318341087943 174080
1768230319352 87.02597725952361 179200
1768230431485 131.74720442266616 184320
1768230543366 64.28840317586831 189440
1768230655581 39.81228643025287 194560
1768230767425 96.7187197343541 199680
1768230878348 37.742319805633045 204800
1768230992394 96.4385174284926 209920
1768231106938 61.89575585856797 215040
1768231227318 91.74896642239965 220160
1768231345902 30.516679641742396 225280
1768231464736 62.743896601244614 230400
1768231583818 39.23797406776807 235520
1768231702159 32.338504240555125 240640
1768231821204 61.367784979589445 245760
1768231943871 41.192512423641254 250880
1768232065034 45.98412489584704 256000
1768232188082 100.48162522159934 261120
1768232309969 65.09962904903071 266240
1768232429336 141.36514998314797 271360
1768232547880 74.74479194511271 276480
1768232662896 125.49530249536234 281600
1768232780357 75.72586119737127 286720
1768232902626 50.99333754802315 291840
1768233019622 66.22933838623085 296960
1768233133904 81.09479708435646 302080
1768233249921 55.566206960507664 307200
1768233367562 33.205377076175246 312320
1768233481958 48.33539613944108 317440
1768233599189 48.49803431848666 322560
1768233719861 85.76957997627909 327680
1768233840388 62.132314164666845 332800
1768233962019 57.364279169003105 337920
1768234075341 129.3619961138698 343040
1768234186392 60.527360886631264 348160
1768234305519 90.4627197239297 353280
1768234422662 42.73317643223197 358400
1768234534725 52.079864905135594 363520
1768234647805 58.049436709386335 368640
1768234765968 40.30349386939309 373760
1768234884680 146.22961335982987 378880
1768235005226 104.80781628726355 384000
1768235122547 65.94921303794085 389120
1768235240911 104.23479708740277 394240
1768235360773 100.3806241623588 399360
1768235480970 60.54483515214504 404480
1768235594626 34.09698319662469 409600
1768235707233 62.75610084536545 414720
1768235817785 126.1065544197234 419840
1768235932435 132.0874220570637 424960
1768236045103 85.84682140079414 430080
1768236157980 68.52430198173471 435200
1768236269415 106.27100435796088 440320
1768236382686 58.453939850043206 445440
1768236495201 93.65421458077482 450560
1768236611271 105.94352109118465 455680
1768236722270 119.07179559971611 460800
1768236832883 31.933488141916328 465920
1768236947273 135.19546157813306 471040
1768237060593 52.370537776723395 476160
1768237174566 43.65883210159259 481280
1768237289323 144.90098804670765 486400
1768237402769 108.00875543996086 491520
1768237519808 105.00197771936412 496640
1768237631352 122.02676597230304 501760
1768237746063 42.098805580648396 506880
1768237860250 106.3060195159042 512000
1768237972912 95.45742961833452 517120
1768238084901 83.61016645071265 522240
1768238197509 79.28441268761105 527360
1768238309497 78.86253642944439 532480
1768238425179 62.26143752041089 537600
1768238540619 135.68530020703935 542720
1768238659857 33.734981621639015 547840
1768238772768 110.3531888023574 552960
1768238885163 86.89976380889239 558080
1768238998329 31.1559243219955 563200
1768239113601 251.2461962381694 568320
1768239224031 71.5702682410757 573440
1768239335863 47.370784486458405 578560
1768239448861 70.72309715711732 583680
1768239561564 31.332576346142353 588800
1768239674661 123.60545781392744 593920
1768239789531 44.28061359149502 599040
1768239902250 164.83156488249628 604160
1768240015943 132.15817500078774 609280
1768240130016 68.90027104722793 614400
1768240243625 85.48812750952857 619520
1768240356495 117.45789576857375 624640
1768240469120 99.73614876111667 629760
1768240584382 66.91614550095724 634880
1768240699603 76.87366433899672 640000
1768240810986 91.70884442986771 645120
1768240923396 47.559320112029575 650240
1768241035159 77.5602648026924 655360
1768241149092 36.47094014121248 660480
1768241260452 122.98569082805535 665600
1768241374551 136.0770852934497 670720
1768241489590 94.77368040491685 675840
1768241603239 66.69270154237557 680960
1768241715113 144.85594888620273 686080
1768241829087 154.96578733466342 691200
1768241941875 282.9210118043845 696320
1768242057652 109.81290744861893 701440
1768242171011 74.9210295982709 706560
1768242286767 111.81232672211559 711680
1768242398754 141.77609518658736 716800
1768242510983 181.50874156136402 721920
1768242628840 112.4991014671566 727040
1768242750561 113.73766846543916 732160
1768242872013 99.56804747774481 737280
1768242985990 64.65108822985387 742400
1768243098938 115.2788038698329 747520
1768243211124 51.20750109879377 752640
1768243324228 102.3375381237038 757760
1768243438651 46.51087281961432 762880
1768243556048 118.22267320593043 768000
1768243672203 198.37790285200776 773120
1768243786278 32.01489951225469 778240
1768243899677 111.85407221718492 783360
1768244013755 82.2702914754227 788480
1768244133894 83.83410285622914 793600
1768244255264 210.14599929856206 798720
1768244376115 41.45798161510329 803840
1768244492387 24.234865862748382 808960
1768244614670 155.22386292143148 814080
1768244736494 111.02210222610445 819200
1768244853910 82.74910726616292 824320
1768244973533 122.47573439233778 829440
1768245088456 36.502998181074474 834560
1768245201482 106.0909067914506 839680
1768245314273 78.22275270421484 844800
1768245426716 113.45155531512037 849920
1768245538993 97.68734861188746 855040
1768245651527 72.8228349190916 860160
1768245764918 60.98056149227258 865280
1768245885970 32.59863987875491 870400
1768246008043 89.82148363885558 875520
1768246128758 67.19272051520298 880640
1768246251795 66.77445751675609 885760
1768246373768 68.77937752123577 890880
1768246497225 52.0494893463882 896000
1768246614376 84.03566348099618 901120
1768246733281 142.0353538774128 906240
1768246845639 107.6843132220796 911360
1768246959347 83.23022582053419 916480
1768247071256 80.32449202367046 921600
1768247185066 135.55812675737695 926720
1768247304392 73.43226303441998 931840
1768247420556 168.56780001607586 936960
1768247532969 83.11971621648402 942080
1768247646848 110.80506168599582 947200
1768247757441 110.82555620144797 952320
1768247871333 202.0183026683364 957440
1768247986920 62.55207075000373 962560
1768248100382 112.76223249811808 967680
1768248211730 100.59730416846548 972800
1768248324531 48.47785483125289 977920
1768248436241 152.48133202457555 983040
1768248549646 132.18316472849895 988160
1768248662987 47.88674247613828 993280
1768248783812 83.55187250996016 998400
1768248901928 130.36315036986386 1003520
1768249013895 112.3303784247034 1008640
1768249125228 109.77267136015075 1013760
1768249236231 54.1976766723953 1018880
1768249347554 45.11993459482137 1024000
1768249463558 109.82153330540427 1029120
1768249576888 111.58328234323871 1034240
1768249688003 71.5617204961526 1039360
1768249799729 70.26576425651679 1044480
1768249912390 74.76610991283268 1049600
1768250023452 54.08306577437365 1054720
1768250136432 83.81399996003437 1059840
1768250250548 67.78344484307831 1064960
1768250363212 88.82285423858029 1070080
1768250476339 85.69422821534376 1075200
1768250599657 191.6695151487456 1080320
1768250716342 29.423801105592503 1085440
1768250843752 1.501482400565324 1090560
1768250969854 90.2059057573607 1095680
1768251091998 108.31837198491813 1100800
1768251214734 57.11976031594716 1105920
1768251340507 83.95828412434693 1111040
1768251462909 81.59965759421023 1116160
1768251582868 62.898206466318754 1121280
1768251703363 89.30891746869943 1126400
1768251818768 101.61604806667313 1131520
1768251936228 80.76530848032041 1136640
1768252051437 121.97708369685337 1141760
1768252169778 30.213104362358095 1146880
1768252288927 48.19764889741792 1152000
1768252404678 118.56354590682949 1157120
1768252521993 92.44663874807141 1162240
1768252638015 100.3950404519125 1167360
1768252754048 88.89062201970965 1172480
1768252869962 92.23926812104152 1177600
1768252985789 35.61739130434783 1182720
1768253099435 73.33981465291134 1187840
1768253213345 42.88303615246197 1192960
1768253330371 109.84741900845925 1198080
1768253443149 37.00247018138189 1203200
1768253557163 119.43459194714961 1208320
1768253668997 42.88610545904439 1213440
1768253783973 86.55902261845799 1218560
1768253904723 68.54669957018419 1223680
1768254037657 98.02982283924648 1228800
1768254167503 34.04605706400422 1233920
1768254297916 92.70614238666755 1239040
1768254427486 65.55751105831601 1244160
1768254552388 82.66430162202644 1249280
1768254667482 80.79486833741066 1254400
1768254781697 100.57800585103831 1259520
1768254894042 140.58334171275348 1264640
1768255007609 76.12719616669087 1269760
1768255122270 87.4104701567189 1274880
1768255237448 98.12614635972301 1280000
1768255350763 120.53636807770785 1285120
1768255464150 57.98202880920125 1290240
1768255578529 89.77726406815215 1295360
1768255691777 58.91041883198966 1300480
1768255806277 61.97440822719347 1305600
1768255920799 105.72987143937485 1310720
1768256036036 88.0361018407741 1315840
1768256149293 52.42159203109573 1320960
1768256264374 45.12381792557369 1326080
1768256379085 111.79444533290688 1331200
1768256494278 85.92420207317573 1336320
1768256608434 29.499542839459284 1341440
1768256721865 80.6534881932159 1346560
1768256835263 70.76605365277544 1351680
1768256950417 47.042440556303276 1356800
1768257065917 71.37904392369089 1361920
1768257181899 73.40013649965876 1367040
1768257295352 71.18883872500764 1372160
1768257411395 90.83298683298683 1377280
1768257523778 165.61257206033326 1382400
1768257639320 108.84118746107536 1387520
1768257751628 56.2495507335783 1392640
1768257867481 100.33499988039136 1397760
1768257980247 106.7497391260085 1402880
1768258096197 148.2348118042057 1408000
1768258218148 57.41925061946418 1413120
1768258339498 113.91683641598088 1418240
1768258462320 61.12096527403349 1423360
1768258583020 98.66861135288998 1428480
1768258698006 86.90696614313539 1433600
1768258813193 79.9890151804104 1438720
1768258936095 95.60974720189655 1443840
1768259055572 72.36549344375432 1448960
1768259170966 157.91807228915664 1454080
1768259287187 221.14858167246652 1459200
1768259403114 109.73246474635691 1464320
1768259520099 118.54344016731672 1469440
1768259633662 53.76210008203446 1474560
1768259749369 77.69243878042455 1479680
1768259866773 84.5642855702736 1484800
1768259983371 37.82332359412762 1489920
1768260097528 106.27638980388183 1495040
1768260213467 86.14479656595945 1500160
1768260328791 70.62068965517241 1505280
1768260448329 109.97703078294614 1510400
1768260565248 188.94112347403035 1515520
1768260682437 89.88885793274898 1520640
1768260800892 57.96840577707138 1525760
1768260916823 69.42602707981594 1530880
1768261033797 82.3785524894432 1536000
1768261150064 71.14778124575926 1541120
1768261265940 74.50977048248419 1546240
1768261383683 67.56506330745192 1551360
1768261501441 113.98184683950214 1556480
1768261619210 85.30382964876243 1561600
1768261736060 55.226723899561534 1566720
1768261850589 35.79796186607036 1571840
1768261967754 112.33940432826226 1576960
1768262086156 60.675336699119015 1582080
1768262200456 85.68197417878739 1587200
1768262314291 111.10739072847682 1592320
1768262428695 78.33963391856555 1597440
1768262543252 45.754379840733066 1602560
1768262657128 71.78339893890124 1607680
1768262769380 35.571175358103005 1612800
1768262883893 85.24834861080059 1617920
1768262998406 157.8586375611592 1623040
1768263115632 91.33141712394391 1628160
1768263233710 99.45000592768227 1633280
1768263350902 80.3860704908293 1638400
1768263471556 77.14513785429197 1643520
1768263590349 73.4914493972526 1648640
1768263718515 121.50711202526145 1653760
1768263854388 110.12429437865939 1658880
1768263974244 106.284468996275 1664000
1768264087273 97.96800037371827 1669120
1768264199727 110.6151168310565 1674240
1768264312802 44.80184577916876 1679360
1768264430078 91.34136196345739 1684480
1768264543572 113.43621365787695 1689600
1768264660805 75.16673835125448 1694720
1768264776568 45.43666518616416 1699840
1768264893071 70.65280889412954 1704960
1768265005326 79.47972409611157 1710080
1768265117958 95.49872495446266 1715200
1768265229072 65.68173134141377 1720320
1768265339848 25.969636179012806 1725440
1768265450157 68.01757885348253 1730560
1768265564342 55.88232786186314 1735680
1768265676203 73.02696961782885 1740800
1768265798555 106.4058044548176 1745920
1768265925815 92.87858455678824 1751040
1768266060680 66.56568798603396 1756160
1768266180949 74.19869799037644 1761280
1768266294374 53.16715891949448 1766400
1768266405168 114.9061421291984 1771520
1768266514978 287.5765512512856 1776640
1768266626948 58.47186750683098 1781760
1768266741607 208.16437540324583 1786880
1768266851428 116.24688894431972 1792000
1768266963359 88.93585801827781 1797120
1768267074938 126.97314806405716 1802240
1768267185979 66.62384242713048 1807360
1768267297381 124.78219736411508 1812480
1768267409165 61.58132432829247 1817600
1768267534053 124.75250587430475 1822720
1768267646034 81.2928384533385 1827840
1768267755403 74.0075519638635 1832960
1768267870730 125.75869513072679 1838080
1768267981621 135.68091094361594 1843200
1768268100305 89.20444926519066 1848320
1768268214197 83.96332626015935 1853440
1768268325700 79.62457286050574 1858560
1768268441729 33.16756551582343 1863680
1768268562089 212.57432466676804 1868800
1768268679008 38.59777117248107 1873920
1768268794004 76.89480438528948 1879040
1768268913178 93.57899199036166 1884160
1768269035413 42.57312220868859 1889280
1768269155038 76.34196683715258 1894400
1768269271507 99.62717339667458 1899520
1768269384726 68.96484593376961 1904640
1768269505278 95.58577939835916 1909760
1768269629097 53.09917711102671 1914880
1768269754171 90.80545572634769 1920000
1768269872848 65.95336111329507 1925120
1768269993179 59.646809539384805 1930240
1768270112163 95.52917596683824 1935360
1768270231700 96.46291483636531 1940480
1768270351547 33.05829313660582 1945600
1768270470235 67.25628978721357 1950720
1768270590411 72.61103801675785 1955840
1768270710300 41.613048525195204 1960960
1768270831218 114.16800043551636 1966080
1768270951658 148.5603371940637 1971200
1768271071451 104.21407806793053 1976320
1768271190439 72.97868564369357 1981440
1768271309785 36.49855112820558 1986560
1768271430133 35.714745527465325 1991680
1768271550676 76.11752536159555 1996800
1768271670749 55.343317455500284 2001920
1768271790924 44.63877566224284 2007040
1768271911440 310.9425457780414 2012160
1768272033329 54.1012034517007 2017280
1768272161658 100.48643986583613 2022400
1768272283412 75.56759873162295 2027520
1768272405232 36.947384184424024 2032640
1768272526923 77.93931060113351 2037760
1768272647190 59.67566337056271 2042880
1768272765914 103.81169715120164 2048000
1768272882353 68.85502749733234 2053120
1768272998384 39.19946915391733 2058240
