1768226434046 6.706070081506689 5120
1768226545590 4.609180775154616 10240
1768226658656 7.023834546742746 15360
1768226770176 9.06066717036291 20480
1768226884088 9.623643299411444 25600
1768226997016 9.811546722525494 30720
1768227110999 10.065566955787547 35840
1768227223978 10.479971586695747 40960
1768227338062 11.360484069503135 46080
1768227451257 12.32898402656991 51200
1768227566215 13.16752272753765 56320
1768227677826 13.531642331760255 61440
1768227788664 13.969857250082175 66560
1768227902364 14.798803669451402 71680
1768228015860 15.423245312634041 76800
1768228128400 15.496712422296708 81920
1768228239868 15.920443265758598 87040
1768228351435 16.257422327644978 92160
1768228464900 16.42955992819198 97280
1768228584345 16.7221611811693 102400
1768228698433 17.071284117783726 107520
1768228812030 17.486703091145664 112640
1768228926787 17.839398573563372 117760
1768229043518 18.182074973036418 122880
1768229154387 18.565292470533098 128000
1768229283053 18.886025443356086 133120
1768229404018 19.233476108536482 138240
1768229518483 19.496353748754625 143360
1768229631084 19.706113672375153 148480
1768229744094 19.98599173901804 153600
1768229855669 20.294261905622797 158720
1768229968500 20.545678342197938 163840
1768230078367 20.764162693536452 168960
1768230203098 20.98695361899518 174080
1768230319402 21.20486629229196 179200
1768230431498 21.370584861457928 184320
1768230543375 21.525420668461063 189440
1768230655598 21.69325200001069 194560
1768230767434 21.950299039263037 199680
1768230878360 22.187398670274913 204800
1768230992404 22.355557132833514 209920
1768231106954 22.4168194589848 215040
1768231227327 22.39811489935141 220160
1768231345912 22.416853557430464 225280
1768231464752 22.491498757139276 230400
1768231583830 22.672123159873685 235520
1768231702171 22.793544234653826 240640
1768231821214 22.94225943068761 245760
1768231943888 23.086132123199533 250880
1768232065064 23.160024861144592 256000
1768232188093 23.274427178622215 261120
1768232309980 23.43204826142153 266240
1768232429346 23.634722044945732 271360
1768232547953 23.800304192340114 276480
1768232662907 23.91526715557568 281600
1768232780366 24.09131013219339 286720
1768232902638 24.2094404782558 291840
1768233019632 24.30512897957109 296960
1768233133916 24.39840066905619 302080
1768233249931 24.56398354634567 307200
1768233367573 24.645863325336762 312320
1768233481971 24.676241718384453 317440
1768233599202 24.811189312934875 322560
1768233719879 24.920338963512858 327680
1768233840402 24.991159969485437 332800
1768233962031 25.042589809696164 337920
1768234075353 25.148937298832998 343040
1768234186405 25.23745300209871 348160
1768234305533 25.3971323232023 353280
1768234422675 25.46901505072088 358400
1768234534743 25.576143287585168 363520
1768234647825 25.64529476697589 368640
1768234765986 25.739275504830445 373760
1768234884700 25.77957210707499 378880
1768235005238 25.83744296645956 384000
1768235122559 25.917660500161524 389120
1768235240923 25.957099706747286 394240
1768235360794 26.04284231434358 399360
1768235480981 26.12746342373433 404480
1768235594637 26.153365603178983 409600
1768235707245 26.233389876656346 414720
1768235817795 26.249515456603017 419840
1768235932445 26.349739041181756 424960
1768236045120 26.361487911320612 430080
1768236157992 26.319006392397817 435200
1768236269426 26.404404738110017 440320
1768236382698 26.435943712871605 445440
1768236495215 26.48456181009271 450560
1768236611281 26.539664783583763 455680
1768236722281 26.62101133619401 460800
1768236832893 26.69014483194333 465920
1768236947283 26.75718421952202 471040
1768237060605 26.84626319845767 476160
1768237174579 26.880683189793533 481280
1768237289333 26.89343468863921 486400
1768237402781 26.889405020811743 491520
1768237519818 26.926465774636913 496640
1768237631362 26.958923909897738 501760
1768237746074 26.994977721021083 506880
1768237860261 27.055755392108523 512000
1768237972923 27.06485467666428 517120
1768238084914 27.129808818021928 522240
1768238197530 27.188305671914364 527360
1768238309515 27.251065188669717 532480
1768238425192 27.2747783000761 537600
1768238540630 27.306066595983335 542720
1768238659869 27.367978572809033 547840
1768238772779 27.378613782889325 552960
1768238885175 27.404478668857177 558080
1768238998342 27.442337629540646 563200
1768239113613 27.501183822527654 568320
1768239224073 27.565150142453913 573440
1768239335883 27.606232303726916 578560
1768239448872 27.626975622661856 583680
1768239561581 27.677360896277197 588800
1768239674672 27.68640488768872 593920
1768239789544 27.701733930569652 599040
1768239902261 27.72637377626552 604160
1768240015955 27.77521110842612 609280
1768240130028 27.788012956699767 614400
1768240243641 27.788059850645226 619520
1768240356518 27.815642598420187 624640
1768240469133 27.837551574032982 629760
1768240584395 27.878123814078727 634880
1768240699615 27.91390886073421 640000
1768240811003 27.908478052296985 645120
1768240923408 27.959608289912424 650240
1768241035171 28.01423343329713 655360
1768241149106 28.068601089978607 660480
1768241260465 28.09669678621092 665600
1768241374564 28.132090329608275 670720
1768241489602 28.2025426527792 675840
1768241603254 28.25424839359451 680960
1768241715131 28.262510206201682 686080
1768241829140 28.308473725645594 691200
1768241941888 28.335907431524824 696320
1768242057665 28.33872000173655 701440
1768242171029 28.388895202509435 706560
1768242286783 28.425147692134527 711680
1768242398768 28.46414632649054 716800
1768242511003 28.472407768482032 721920
1768242628854 28.51724326722595 727040
1768242750577 28.509411940788123 732160
1768242872035 28.5452624985426 737280
1768242986006 28.578833036858526 742400
1768243098953 28.602214644330676 747520
1768243211138 28.605659861312272 752640
1768243324241 28.593036157836334 757760
1768243438665 28.61919041475824 762880
1768243556062 28.628868236377834 768000
1768243672219 28.664517940811237 773120
1768243786293 28.704170732438733 778240
1768243899690 28.73897960826229 783360
1768244013769 28.767218790122676 788480
1768244133917 28.79178825076724 793600
1768244255280 28.817480088598668 798720
1768244376130 28.832373894833047 803840
1768244492413 28.871145614435946 808960
1768244614694 28.871370955632493 814080
1768244736509 28.901858342368694 819200
1768244853931 28.939877095124633 824320
1768244973555 28.970777472251836 829440
1768245088471 28.971114731637073 834560
1768245201496 28.994186746084438 839680
1768245314286 29.03752291067337 844800
1768245426729 29.055340527249474 849920
1768245539013 29.069621774117913 855040
1768245651542 29.07528500416134 860160
1768245764935 29.10166095131705 865280
1768245885998 29.12792261642564 870400
1768246008058 29.138567635641433 875520
1768246128786 29.12669427706904 880640
1768246251815 29.135608688716264 885760
1768246373787 29.17212107469265 890880
1768246497243 29.169430220113064 896000
1768246614393 29.166233365456595 901120
1768246733296 29.209203623730545 906240
1768246845661 29.24554778351786 911360
1768246959364 29.257774296014283 916480
1768247071272 29.282667282437384 921600
1768247185085 29.29147583191548 926720
1768247304408 29.305310270300602 931840
1768247420571 29.323869076748306 936960
1768247532994 29.345477189025917 942080
1768247646863 29.36998294820652 947200
1768247757457 29.38605197674778 952320
1768247871358 29.370540045106548 957440
1768247986935 29.384174526068602 962560
1768248100399 29.37502746879581 967680
1768248211747 29.386874351676035 972800
1768248324561 29.421156068343695 977920
1768248436268 29.42409649185329 983040
1768248549661 29.432254234322382 988160
1768248663004 29.432368964731587 993280
1768248783829 29.432516451158065 998400
1768248901950 29.45763789352251 1003520
1768249013911 29.482388336621685 1008640
1768249125245 29.51077582088429 1013760
1768249236248 29.49867883905485 1018880
1768249347571 29.491746487760324 1024000
1768249463573 29.510017760829086 1029120
1768249576910 29.529829213736445 1034240
1768249688018 29.555220129406674 1039360
1768249799744 29.548563038145872 1044480
1768249912406 29.542326212542395 1049600
1768250023468 29.552724609177314 1054720
1768250136448 29.560300872266776 1059840
1768250250565 29.555829750478516 1064960
1768250363229 29.53541371362569 1070080
1768250476362 29.555509747324173 1075200
1768250599675 29.602383756213886 1080320
1768250716363 29.63248714078099 1085440
1768250844855 29.665913582970287 1090560
1768250970697 29.673909010759992 1095680
1768251092023 29.68465982712726 1100800
1768251214768 29.669330226212654 1105920
1768251340528 29.702188763452302 1111040
1768251462928 29.713585893952043 1116160
1768251582897 29.721528659747463 1121280
1768251703385 29.726374848254665 1126400
1768251818785 29.753403368867033 1131520
1768251936253 29.76058240822283 1136640
1768252051465 29.765501808911903 1141760
1768252169801 29.76303227424714 1146880
1768252288953 29.76726385267016 1152000
1768252404714 29.75961866376149 1157120
1768252522023 29.788671943407543 1162240
1768252638044 29.776086235594583 1167360
1768252754074 29.795806888291057 1172480
1768252869984 29.813557438771838 1177600
1768252985813 29.80324359394687 1182720
1768253099456 29.8137330923787 1187840
1768253213367 29.833921457306825 1192960
1768253330393 29.8636709006308 1198080
1768253443168 29.883855181334802 1203200
1768253557188 29.895826095439585 1208320
1768253669017 29.907999359530088 1213440
1768253784003 29.90401328360706 1218560
1768253904747 29.920399680817592 1223680
1768254037706 29.946311609888006 1228800
1768254167563 29.97738437716626 1233920
1768254297938 29.979432075617105 1239040
1768254427511 29.97324047466142 1244160
1768254552411 29.972397289510216 1249280
1768254667502 29.97890991990975 1254400
1768254781718 30.011096360360245 1259520
1768254894059 30.039812833298384 1264640
1768255007629 30.0373595936566 1269760
1768255122291 30.064344200607344 1274880
1768255237475 30.0859219406638 1280000
1768255350781 30.07678524420773 1285120
1768255464176 30.086623233428256 1290240
1768255578550 30.081536357751602 1295360
1768255691804 30.089839839873793 1300480
1768255806300 30.088449975318113 1305600
1768255920821 30.086623723876272 1310720
1768256036058 30.07995795868473 1315840
1768256149313 30.079423558671976 1320960
1768256264409 30.09930229523524 1326080
1768256379115 30.091573980881513 1331200
1768256494307 30.092542588197293 1336320
1768256608469 30.101166351663178 1341440
1768256721883 30.10230853644158 1346560
1768256835290 30.117196516596223 1351680
1768256950436 30.120920227637633 1356800
1768257065938 30.13240449382518 1361920
1768257181926 30.146453026292434 1367040
1768257295379 30.165703260424042 1372160
1768257411414 30.157778253280537 1377280
1768257523797 30.167844699151793 1382400
1768257639340 30.16425417172508 1387520
1768257751648 30.18426963423202 1392640
1768257867504 30.185488149915525 1397760
1768257980271 30.20520187835469 1402880
1768258096219 30.2105072063531 1408000
1768258218175 30.218960913301693 1413120
1768258339525 30.226747878265424 1418240
1768258462351 30.218741294035503 1423360
1768258583043 30.239188014694037 1428480
1768258698034 30.25574275796921 1433600
1768258813221 30.259674125787413 1438720
1768258936142 30.26313891622982 1443840
1768259055601 30.27915835578425 1448960
1768259170994 30.285826167450505 1454080
1768259287218 30.311211759353398 1459200
1768259403141 30.310146584936852 1464320
1768259520120 30.3272521269803 1469440
1768259633692 30.342668854842636 1474560
1768259749397 30.360224190726584 1479680
1768259866803 30.37046287490457 1484800
1768259983393 30.3736182504248 1489920
1768260097565 30.382963079493468 1495040
1768260213493 30.395263432151797 1500160
1768260328820 30.40128114519971 1505280
1768260448354 30.397978461396235 1510400
1768260565274 30.397686265255572 1515520
1768260682459 30.40410969579365 1520640
1768260800918 30.405074144199983 1525760
1768260916860 30.409670456922434 1530880
1768261033824 30.42032353550075 1536000
1768261150096 30.43024684277597 1541120
1768261265970 30.444420122660393 1546240
1768261383723 30.450782474658716 1551360
1768261501468 30.457365866790795 1556480
1768261619246 30.453264424288573 1561600
1768261736090 30.461282195467962 1566720
1768261850612 30.479662962877523 1571840
1768261967781 30.48387320953946 1576960
1768262086185 30.498891508222407 1582080
1768262200480 30.501975939970222 1587200
1768262314312 30.5173312924195 1592320
1768262428724 30.538994407240406 1597440
1768262543290 30.538855650835842 1602560
1768262657150 30.53897734126095 1607680
1768262769420 30.537766963038006 1612800
1768262883943 30.54538666586731 1617920
1768262998437 30.540640375407186 1623040
1768263115697 30.53653475352825 1628160
1768263233741 30.540913118492938 1633280
1768263350926 30.555327720530713 1638400
1768263471584 30.567395247777313 1643520
1768263590373 30.57053281640712 1648640
1768263718537 30.5830266137391 1653760
1768263854409 30.591172297739384 1658880
1768263974265 30.611375022405735 1664000
1768264087295 30.62046875186714 1669120
1768264199748 30.630258361007467 1674240
1768264312825 30.64156607384604 1679360
1768264430101 30.64158188999031 1684480
1768264543605 30.641466640057917 1689600
1768264660827 30.634864314033273 1694720
1768264776590 30.637131384807653 1699840
1768264893095 30.63744179072845 1704960
1768265005353 30.65195561725031 1710080
1768265117982 30.675867898090527 1715200
1768265229094 30.67683017124893 1720320
1768265339870 30.687393493869603 1725440
1768265450177 30.691988252071297 1730560
1768265564377 30.697377820754713 1735680
1768265676238 30.71786477380585 1740800
1768265798581 30.729166154226235 1745920
1768265925836 30.742161520107214 1751040
1768266060704 30.745054311845536 1756160
1768266180970 30.74489496042461 1761280
1768266294400 30.73757355407441 1766400
1768266405191 30.73625061333802 1771520
1768266515001 30.74256663818574 1776640
1768266626971 30.756067675360015 1781760
1768266741628 30.771642429103316 1786880
1768266851451 30.78030718459504 1792000
1768266963392 30.788454391116687 1797120
1768267074962 30.80030996084712 1802240
1768267186000 30.81105601330461 1807360
1768267297407 30.817334694804664 1812480
1768267409190 30.82018920426804 1817600
1768267534074 30.817478786492725 1822720
1768267646066 30.813872707171367 1827840
1768267755428 30.84063739330999 1832960
1768267870752 30.834578753163232 1838080
1768267981642 30.8476557860014 1843200
1768268100387 30.847618450141013 1848320
1768268214221 30.846173171947655 1853440
1768268325727 30.856104418202552 1858560
1768268441765 30.856438962103738 1863680
1768268562123 30.846745513948527 1868800
1768268679036 30.84486805399825 1873920
1768268794032 30.84129449883132 1879040
1768268913209 30.83709360324364 1884160
1768269035444 30.831296382130095 1889280
1768269155127 30.850701919879604 1894400
1768269271530 30.859258244651134 1899520
1768269384753 30.87118955308153 1904640
1768269505310 30.87351146969938 1909760
1768269629255 30.88417912206979 1914880
1768269754199 30.88950315665453 1920000
1768269872873 30.878532429808736 1925120
1768269993206 30.88948111044317 1930240
1768270112205 30.906246163949724 1935360
1768270231727 30.90694172924419 1940480
1768270351571 30.908245621955366 1945600
1768270470263 30.90903172715133 1950720
1768270590436 30.91942313060045 1955840
1768270710326 30.932806566157172 1960960
1768270831245 30.94638766044788 1966080
1768270951687 30.955006765223732 1971200
1768271071486 30.952753315944925 1976320
1768271190468 30.954155621332873 1981440
1768271309817 30.96382923503468 1986560
1768271430164 30.96412431754689 1991680
1768271550705 30.974275150150962 1996800
1768271670774 30.97194075340784 2001920
1768271790954 30.980934834794244 2007040
1768271911473 30.982712271535213 2012160
1768272033369 30.99060261710625 2017280
1768272161683 30.997835030054222 2022400
1768272283439 31.001651900447072 2027520
1768272405257 31.011895356977053 2032640
1768272526952 31.02367644987993 2037760
1768272647219 31.03078678755895 2042880
1768272765946 31.03205778782719 2048000
1768272882377 31.032006162143645 2053120
1768272998411 31.033156161370965 2058240
