1758754556041 -0.1196446813816248 5120
1758754567718 -0.0521674475623566 10240
1758754580008 -0.033390225682939804 15360
1758754593751 -0.026216601783579044 20480
1758754607585 -0.0072976753197208435 25600
1758754629994 -0.0009380494095045087 30720
1758754668300 0.006206790434329638 35840
1758754682116 0.005258132737286513 40960
1758754694524 0.00764797518482316 46080
1758754706884 0.006040572595838647 51200
1758754720383 0.009770043863919869 56320
1758754732853 0.013270082931118216 61440
1758754744893 0.01849510081372393 66560
1758754757757 0.019502318596373722 71680
1758754770051 0.019737050889709618 76800
1758754782997 0.0258860189105981 81920
1758754795120 0.028096629803436576 87040
1758754807327 0.029230849796320898 92160
1758754819288 0.030318452119089588 97280
1758754836355 0.03359630868683093 102400
1758754856043 0.035033854953965535 107520
1758754869660 0.03619542223793634 112640
1758754883523 0.035562330482358746 117760
1758754895892 0.037868213318641264 122880
1758754909731 0.04024832435992582 128000
1758754922822 0.039476156520221295 133120
1758754936685 0.03872110475206742 138240
1758754950155 0.041246528923928674 143360
1758754962563 0.04319265068133737 148480
1758754975527 0.04189197787316973 153600
1758754988334 0.04258399626542478 158720
1758755001254 0.041895033010478346 163840
1758755014644 0.04199967709403073 168960
1758755027583 0.043141996672670054 174080
1758755041374 0.043550705957177485 179200
1758755055190 0.043219841541889084 184320
1758755069563 0.0431623275098197 189440
1758755084477 0.043818884520215574 194560
1758755096849 0.0427127278502036 199680
1758755111715 0.04332473593131388 204800
1758755124322 0.0418028953974046 209920
1758755137853 0.042663762593391955 215040
1758755150880 0.04270119126044035 220160
1758755164253 0.04119821842324199 225280
1758755177706 0.039574270339200586 230400
1758755191132 0.03978310849222955 235520
1758755204261 0.03910316484955009 240640
1758755217193 0.03843211382749368 245760
1758755230681 0.038737360965248636 250880
1758755243578 0.03983108539394862 256000
1758755256984 0.03974254110947325 261120
1758755271062 0.04117768097931864 266240
1758755283822 0.04167309967772145 271360
1758755297013 0.04289802047344473 276480
1758755310356 0.04222786467372201 281600
1758755324189 0.043084812442450514 286720
1758755337304 0.0429153181515038 291840
1758755350711 0.044185681657233 296960
