1758754556038 -0.44785154742144395 5120
1758754567715 -0.36197083170821026 10240
1758754580004 -0.17632191392486213 15360
1758754593745 -0.11228085399409873 20480
1758754607581 -0.0593920390333722 25600
1758754629959 -0.03715435344695059 30720
1758754668295 -0.016713640405565285 35840
1758754682110 0.011786507005276886 40960
1758754694520 0.02816009434835358 46080
1758754706879 0.03944794533598186 51200
1758754720378 0.050398714614534816 56320
1758754732839 0.060737886629163976 61440
1758754744889 0.06595102373610512 66560
1758754757753 0.0736021182078908 71680
1758754770043 0.08038931950382218 76800
1758754782993 0.08214791003046006 81920
1758754795115 0.08427868941662248 87040
1758754807323 0.08531000610864062 92160
1758754819284 0.08382082554924833 97280
1758754836345 0.08185308889260613 102400
1758754856036 0.08067101401557832 107520
1758754869653 0.08384875348365768 112640
1758754883518 0.08414744363689632 117760
1758754895888 0.08235764220945553 122880
1758754909725 0.08259384727287673 128000
1758754922816 0.08034695865096607 133120
1758754936680 0.0811460779246473 138240
1758754950149 0.07882077893683828 143360
1758754962555 0.07825946426227456 148480
1758754975518 0.07936309629589468 153600
1758754988328 0.07670888321027279 158720
1758755001248 0.07778122231666458 163840
1758755014637 0.0763480530203561 168960
1758755027578 0.07480724652608235 174080
1758755041366 0.07435438803021135 179200
1758755055185 0.07262714868114328 184320
1758755069558 0.07307546148416001 189440
1758755084472 0.07139680316664387 194560
1758755096843 0.07087396409233768 199680
1758755111708 0.06972688366560155 204800
1758755124315 0.06853934879279745 209920
1758755137847 0.06748112934806542 215040
1758755150874 0.06728322132123887 220160
1758755164248 0.06664011064371375 225280
1758755177697 0.0656379449909985 230400
1758755191126 0.06426875604221537 235520
1758755204254 0.06369790630563539 240640
1758755217184 0.06361780161664092 245760
1758755230675 0.06316498018550581 250880
1758755243572 0.060959035128384804 256000
1758755256973 0.060025225516981515 261120
1758755271057 0.05903013634292353 266240
1758755283816 0.05714762289494865 271360
1758755297007 0.0564589835227804 276480
1758755310349 0.05542000706470847 281600
1758755324182 0.05527219559655032 286720
1758755337298 0.054472082983914656 291840
1758755350705 0.05283186708823244 296960
