1758754556041 8.958333244619443 5120
1758754567718 9.601132602136111 10240
1758754580008 9.81720770303305 15360
1758754593751 9.85443129404316 20480
1758754607585 10.051016329600532 25600
1758754629994 10.12782478083843 30720
1758754668300 10.19531243613788 35840
1758754682116 10.220470756612798 40960
1758754694524 10.235658329810748 46080
1758754706884 10.254463058602912 51200
1758754720383 10.296802776871948 56320
1758754732853 10.322296289058528 61440
1758754744893 10.355169413322146 66560
1758754757757 10.358472928521353 71680
1758754770051 10.376728341500442 76800
1758754782997 10.425205776469285 81920
1758754795120 10.419334350122059 87040
1758754807327 10.417953960993064 92160
1758754819288 10.444324062208924 97280
1758754836355 10.466313740338235 102400
1758754856043 10.48067109196416 107520
1758754869660 10.478702824389627 112640
1758754883523 10.47849915185264 117760
1758754895892 10.495426277676582 122880
1758754909731 10.527285266752934 128000
1758754922822 10.52672594513248 133120
1758754936685 10.530531703967249 138240
1758754950155 10.55101011047705 143360
1758754962563 10.574990921722346 148480
1758754975527 10.568781280018598 153600
1758754988334 10.56904695751879 158720
1758755001254 10.53523552387065 163840
1758755014644 10.542583280942829 168960
1758755027583 10.5358324029987 174080
1758755041374 10.522713616819496 179200
1758755055190 10.52179718766864 184320
1758755069563 10.534046594430151 189440
1758755084477 10.544359918685693 194560
1758755096849 10.526546379118564 199680
1758755111715 10.528945240304335 204800
1758755124322 10.511150961543409 209920
1758755137853 10.526811534993946 215040
1758755150880 10.519347217074484 220160
1758755164253 10.50495441384325 225280
1758755177706 10.477696298044993 230400
1758755191132 10.468581972365472 235520
1758755204261 10.472192008191708 240640
1758755217193 10.464617693149261 245760
1758755230681 10.464315221585098 250880
1758755243578 10.471402156518657 256000
1758755256984 10.469872431214807 261120
1758755271062 10.487605330574148 266240
1758755283822 10.485706824581156 271360
1758755297013 10.503107453446285 276480
1758755310356 10.491847966629992 281600
1758755324189 10.495106914118267 286720
1758755337304 10.492914946434109 291840
1758755350711 10.499193674172696 296960
