1758754556038 82.7262578647364 5120
1758754567715 34.64763415278879 10240
1758754580004 74.23941094217392 15360
1758754593745 70.72428968889638 20480
1758754607581 45.49482064798846 25600
1758754629959 199.70023330000475 30720
1758754668295 29.911242645747905 35840
1758754682110 40.49572286481163 40960
1758754694520 33.50083067092652 46080
1758754706879 37.16970631502455 51200
1758754720378 87.86090745318195 56320
1758754732839 54.808159211781465 61440
1758754744889 32.578636674330454 66560
1758754757753 40.19072441548486 71680
1758754770043 82.55853869774033 76800
1758754782993 38.490800135818446 81920
1758754795115 45.065638061265055 87040
1758754807323 53.53496623993261 92160
1758754819284 33.24696407622309 97280
1758754836345 68.27444533068547 102400
1758754856036 66.25235357300815 107520
1758754869653 81.69661082976236 112640
1758754883518 58.31577776541906 117760
1758754895888 96.5806392189371 122880
1758754909725 24.111708335010032 128000
1758754922816 146.4798491304044 133120
1758754936680 33.79233000322269 138240
1758754950149 84.0070501522192 143360
1758754962555 33.784164317358034 148480
1758754975518 43.14062371430922 153600
1758754988328 88.67075387932857 158720
1758755001248 29.50182526675623 163840
1758755014637 72.19608923161664 168960
1758755027578 59.31111331080221 174080
1758755041366 60.320188684672246 179200
1758755055185 32.39520208846632 184320
1758755069558 39.3240577536096 189440
1758755084472 49.71203716872896 194560
1758755096843 39.08149307690874 199680
1758755111708 35.43474110182737 204800
1758755124315 66.72028505981166 209920
1758755137847 39.27508357289335 215040
1758755150874 44.914589222993236 220160
1758755164248 70.59929304830837 225280
1758755177697 27.309689223416655 230400
1758755191126 40.68545265833099 235520
1758755204254 28.74110214206422 240640
1758755217184 46.9387289188312 245760
1758755230675 34.48157252197075 250880
1758755243572 72.35800296725667 256000
1758755256973 44.89968420489215 261120
1758755271057 41.31138886426538 266240
1758755283816 35.29994361171193 271360
1758755297007 33.71843848479002 276480
1758755310349 46.4948897018069 281600
1758755324182 30.376338011848375 286720
1758755337298 93.13224975575095 291840
1758755350705 29.044817461636473 296960
