1758754556041 -1.2002584398254867 5120
1758754567718 -0.017313939622304972 10240
1758754580008 0.28538961844010785 15360
1758754593751 0.38954059539302704 20480
1758754607585 0.7614021834402555 25600
1758754629994 0.8770643657624644 30720
1758754668300 1.0080915670841932 35840
1758754682116 0.9934425274764105 40960
1758754694524 1.0511372175386604 46080
1758754706884 1.0087633946614867 51200
1758754720383 1.0800474055918665 56320
1758754732853 1.1389250875566745 61440
1758754744893 1.2280886908443969 66560
1758754757757 1.2543529260757915 71680
1758754770051 1.2489129869987037 76800
1758754782997 1.3610092528905984 81920
1758754795120 1.4084907525258918 87040
1758754807327 1.4277995664519367 92160
1758754819288 1.4492918398022259 97280
1758754836355 1.5219075083382059 102400
1758754856043 1.560412432235843 107520
1758754869660 1.5814040205676112 112640
1758754883523 1.5634231254123228 117760
1758754895892 1.6051808125207099 122880
1758754909731 1.6492783669808984 128000
1758754922822 1.6305878704211745 133120
1758754936685 1.6197198933242696 138240
1758754950155 1.664637040100733 143360
1758754962563 1.6971501173749888 148480
1758754975527 1.6733050354326995 153600
1758754988334 1.687769096255091 158720
1758755001254 1.6810204331688077 163840
1758755014644 1.6790245020626302 168960
1758755027583 1.7009696830410226 174080
1758755041374 1.7125238689396303 179200
1758755055190 1.7071421201938837 184320
1758755069563 1.702403752236115 189440
1758755084477 1.7153877087445228 194560
1758755096849 1.699241094704047 199680
1758755111715 1.715358976073154 204800
1758755124322 1.6870690096726362 209920
1758755137853 1.7090385377602133 215040
1758755150880 1.7148674608899181 220160
1758755164253 1.6832783287645472 225280
1758755177706 1.6547879129765204 230400
1758755191132 1.6640645435020975 235520
1758755204261 1.645755089090861 240640
1758755217193 1.6277401057569716 245760
1758755230681 1.6369305555397569 250880
1758755243578 1.6557732486009804 256000
1758755256984 1.6541525950848028 261120
1758755271062 1.6822071617168946 266240
1758755283822 1.6929818451479612 271360
1758755297013 1.7159083037301188 276480
1758755310356 1.7055833418710378 281600
1758755324189 1.7230066255720609 286720
1758755337304 1.7179769996225909 291840
1758755350711 1.7446549785233962 296960
