1759596493876 425.50194135918673 5120
1759596505219 442.0406254173344 10240
1759596522910 452.0399206078103 15360
1759596535255 456.3544293496176 20480
1759596548549 458.9924911921102 25600
1759596564566 460.73544424393754 30720
1759596578806 461.7877305039414 35840
1759596592077 462.76756117257366 40960
1759596606487 464.0665511446221 46080
1759596626113 464.5555376982569 51200
1759596638358 464.7242671863059 56320
1759596651063 464.8234390834288 61440
1759596665097 465.15166438833904 66560
1759596683587 465.50156941214834 71680
1759596695633 465.4730421720078 76800
1759596711172 465.6871554681278 81920
1759596726187 466.0301960522832 87040
1759596741796 466.12768284123734 92160
1759596755510 466.3275161178528 97280
1759596770292 466.46493363673034 102400
1759596790191 466.56461677158956 107520
1759596803642 466.5494066127071 112640
1759596820329 466.59216238787815 117760
1759596835972 466.62765696160903 122880
1759596850295 466.75713121204564 128000
1759596863244 467.0048136612314 133120
1759596881926 467.0735190156078 138240
1759596900627 467.18017002112634 143360
1759596912087 467.28275438790496 148480
1759596929304 467.33377050202097 153600
1759596943470 467.39951139830293 158720
1759596959994 467.4283491998363 163840
1759596973082 467.4349869591115 168960
1759596991847 467.5021709370325 174080
1759597005773 467.53695614000213 179200
1759597023745 467.503202954783 184320
1759597039484 467.5183331079096 189440
1759597055539 467.63493325043913 194560
1759597070011 467.71311954991177 199680
1759597088373 467.7826326455203 204800
1759597104447 467.87862309929164 209920
1759597116828 467.89769356020037 215040
1759597130128 467.94337235353294 220160
1759597146958 467.9650359053269 225280
1759597161973 467.9397957123906 230400
1759597175610 467.9461012135992 235520
1759597188536 468.00649554828266 240640
1759597205408 467.06549009787 245760
1759597222580 465.954063414868 250880
1759597238477 464.9366516888495 256000
1759597251563 463.9275867965508 261120
1759597266979 462.9599908217272 266240
1759597287713 462.041969580082 271360
1759597300332 461.14123667196566 276480
1759597315273 460.2916283244297 281600
1759597332021 459.40523809116195 286720
1759597347875 458.5556089672955 291840
1759597360808 457.8204489451472 296960
1759597377858 457.0975328144044 302080
1759597396728 456.3709331692055 307200
1759597410301 455.66937452610483 312320
1759597427091 455.0743874604633 317440
1759597445013 454.4372167018085 322560
1759597458057 453.7864424369548 327680
1759597474987 453.1502685705717 332800
1759597492512 452.5325881827992 337920
1759597506074 452.0368758157017 343040
1759597523303 451.4790458629427 348160
1759597537213 450.96713930289934 353280
1759597552551 450.4981848931606 358400
1759597567320 449.97649152483257 363520
1759597587134 449.4784374977072 368640
1759597601549 449.01560764416536 373760
1759597616929 448.50279863148523 378880
1759597637611 448.0293838676365 384000
1759597650508 447.609069987124 389120
1759597666327 447.23179235847215 394240
1759597683774 446.7899847326144 399360
1759597698730 446.3398656359482 404480
1759597714019 445.95739087874637 409600
1759597729455 445.55912169184296 414720
1759597744719 445.20258317538713 419840
1759597759465 444.8221695101674 424960
1759597775155 444.4325452080241 430080
1759597792520 444.10430510042204 435200
1759597807565 443.7563565105318 440320
1759597824370 443.41465332268393 445440
1759597840732 443.12467491679973 450560
1759597855733 442.82790651813053 455680
1759597874232 442.45800451159863 460800
1759597888995 442.084311301677 465920
1759597903694 441.3118222052506 471040
1759597920752 440.50383001394033 476160
1759597934338 439.75222187014555 481280
1759597950101 438.9594234276059 486400
1759597963993 438.16797519660616 491520
1759597982983 437.38018285564993 496640
1759597996168 436.54068947158487 501760
1759598011492 435.78564315961324 506880
1759598025142 435.1082821071041 512000
1759598042978 434.37061005603164 517120
1759598060937 433.6359927556421 522240
1759598074362 432.9400320846674 527360
1759598087705 432.20323827128294 532480
1759598104735 431.4620436722218 537600
1759598122788 430.69297196456444 542720
1759598137056 429.9802231694692 547840
1759598150327 429.2297793197822 552960
1759598165518 428.43005407466296 558080
1759598186444 427.74037676190994 563200
1759598198905 426.9647425465356 568320
1759598213103 426.2374016521391 573440
1759598232539 425.44577414772726 578560
1759598246339 424.67368591212676 583680
1759598260190 423.92322569804696 588800
1759598279319 423.14750758150115 593920
1759598293776 422.344332710989 599040
1759598307658 421.5705092372087 604160
1759598324554 420.83829827529286 609280
1759598340680 420.06442574331334 614400
1759598354367 419.3087387783814 619520
1759598369978 418.53563795462486 624640
1759598387788 417.755675995831 629760
1759598400207 416.97299767274916 634880
1759598415188 416.20236584555494 640000
1759598435715 415.4389798601881 645120
1759598447737 414.6690213727297 650240
1759598460476 413.8757590322145 655360
1759598482321 413.1378095975517 660480
1759598494669 412.35118100965036 665600
1759598508057 411.6382497650085 670720
1759598528680 410.85214141995766 675840
1759598542753 410.116226473557 680960
1759598557148 409.3394410663126 686080
1759598574929 408.590112569716 691200
1759598590376 407.8250785811134 696320
1759598605889 407.0897863387086 701440
1759598620975 406.4058493685379 706560
1759598636687 405.72576656883945 711680
1759598653852 405.0746844298775 716800
1759598667577 404.39980621765613 721920
1759598684428 403.7078949843795 727040
1759598700745 403.09552572954533 732160
1759598713957 402.44627786513803 737280
1759598730664 401.7646060525743 742400
1759598744818 401.0969064595238 747520
1759598760166 400.4807930313959 752640
1759598774792 399.781466636391 757760
1759598790264 399.0839909508634 762880
1759598804724 398.44420444913646 768000
1759598819488 397.8243310913242 773120
1759598837193 397.18486846088234 778240
1759598850504 396.56162573176005 783360
1759598866748 395.9439439981022 788480
1759598883959 395.25921773169324 793600
1759598896565 394.5936043764782 798720
1759598914566 393.95910917690384 803840
1759598928539 393.2984989330236 808960
1759598942445 392.64633962762633 814080
1759598962063 392.0386462279206 819200
1759598974362 391.399347333393 824320
1759598988546 390.7315054944155 829440
1759599008352 390.16573539789573 834560
1759599022072 389.59722225451594 839680
1759599034715 388.9618437494851 844800
1759599051396 388.3360812918362 849920
1759599066167 387.7260043249732 855040
1759599081295 387.1490528975018 860160
1759599094990 386.67469577922026 865280
1759599111149 386.1528759752968 870400
1759599127726 385.5872054477545 875520
1759599140932 385.04840184771825 880640
1759599156877 384.5472809738923 885760
1759599175134 384.06044672735976 890880
1759599187185 383.547385592625 896000
1759599202721 383.0204128624581 901120
1759599221425 382.5280604438152 906240
1759599233400 382.03689797451375 911360
1759599248443 381.53108617697796 916480
1759599267647 381.0860985917856 921600
1759599280048 380.61536649699445 926720
1759599293313 380.1466249274411 931840
1759599311039 379.6659025397604 936960
1759599325951 379.1483684649434 942080
1759599338877 378.67277324029993 947200
1759599354804 378.1307499855119 952320
1759599372469 377.5674611524421 957440
1759599384288 377.01702689324503 962560
1759599398155 376.5227103631672 967680
1759599418663 375.9293855753152 972800
1759599431226 375.4594017214982 977920
1759599445068 374.91879074551514 983040
1759599461810 374.4744924932926 988160
1759599476737 373.9960819567602 993280
1759599492429 373.5183672975459 998400
1759599505064 373.0409743169784 1003520
1759599520108 372.5610631416113 1008640
1759599534978 372.1537583337705 1013760
1759599552826 371.76063538139965 1018880
1759599566955 371.3361314819509 1024000
1759599582580 370.8674549150388 1029120
1759599598333 370.42084679167874 1034240
1759599616207 369.9630104049086 1039360
1759599630903 369.538707560599 1044480
1759599644673 369.0371210772092 1049600
1759599659729 368.5395832516201 1054720
1759599675773 368.1436247497283 1059840
1759599689938 367.71561233798707 1064960
1759599705083 367.24669399020564 1070080
1759599721019 366.76652736605797 1075200
1759599734213 366.2723594498664 1080320
1759599748601 365.8252146137246 1085440
1759599765478 365.3792187792051 1090560
1759599781116 364.9190381090985 1095680
1759599795425 364.51535830767745 1100800
1759599808112 364.0839133891342 1105920
1759599826967 363.6329205789333 1111040
1759599840399 363.17151920283874 1116160
1759599856039 362.7936891259351 1121280
1759599869692 362.43249555378634 1126400
1759599887847 362.0526375650715 1131520
1759599901896 361.67011913047594 1136640
1759599917193 361.25522809371535 1141760
1759599933067 360.81174463638257 1146880
1759599952305 360.41932128152524 1152000
1759599963754 360.0397982229767 1157120
1759599978135 359.5938536250985 1162240
1759599991697 359.22621255976514 1167360
1759600008566 358.83370293178524 1172480
1759600021526 358.40826554377463 1177600
1759600036123 358.0395386721503 1182720
1759600054109 357.635703003296 1187840
1759600068863 357.2321429455206 1192960
1759600083019 356.86614290003115 1198080
1759600097261 356.5340319879543 1203200
1759600118515 356.1256097475288 1208320
1759600132052 355.8113655848143 1213440
1759600145805 355.4468615357705 1218560
1759600174264 355.1090910111797 1223680
1759600204476 354.7515249793592 1228800
1759600230950 354.3883642351365 1233920
1759600249137 354.0579636358964 1239040
1759600289989 353.68475176620495 1244160
1759600312006 353.3336635121352 1249280
1759600408471 353.00171832388867 1254400
1759600530606 352.6633494738402 1259520
1759600682032 352.3444227927958 1264640
1759600917515 352.05590633149194 1269760
1759601125664 351.72436409901326 1274880
1759601389164 351.4123279685849 1280000
1759601534579 351.08768492855603 1285120
1759601671727 350.7677392083774 1290240
1759601860137 350.47283648796156 1295360
1759601955085 350.2049551400468 1300480
1759602110013 349.89220525116787 1305600
1759602272716 349.5291059311758 1310720
1759602493472 349.21262173438447 1315840
1759602747599 348.8752665811307 1320960
1759602963610 348.5374699460598 1326080
1759603115973 348.1893588992658 1331200
1759603361745 347.8722978027246 1336320
1759603573003 347.54076907426963 1341440
1759603686078 347.22152626037405 1346560
