1759596493876 0.0 5120
1759596505219 0.0 10240
1759596522910 0.0 15360
1759596535255 0.0 20480
1759596548549 0.0 25600
1759596564566 0.0 30720
1759596578806 0.0 35840
1759596592077 0.0 40960
1759596606487 0.0 46080
1759596626113 0.0 51200
1759596638358 0.0 56320
1759596651063 0.0 61440
1759596665097 0.0 66560
1759596683587 0.0 71680
1759596695633 0.0 76800
1759596711172 0.0 81920
1759596726187 0.0 87040
1759596741796 0.0 92160
1759596755510 0.0 97280
1759596770292 0.0 102400
1759596790191 0.0 107520
1759596803642 0.0 112640
1759596820329 0.0 117760
1759596835972 0.0 122880
1759596850295 0.0 128000
1759596863244 0.0 133120
1759596881926 0.0 138240
1759596900627 0.0 143360
1759596912087 0.0 148480
1759596929304 0.0 153600
1759596943470 0.0 158720
1759596959994 0.0 163840
1759596973082 0.0 168960
1759596991847 0.0 174080
1759597005773 0.0 179200
1759597023745 0.0 184320
1759597039484 0.0 189440
1759597055539 0.0 194560
1759597070011 0.0 199680
1759597088373 0.0 204800
1759597104447 0.0 209920
1759597116828 0.0 215040
1759597130128 0.0 220160
1759597146958 0.0 225280
1759597161973 0.0 230400
1759597175610 0.0 235520
1759597188536 0.0 240640
1759597205408 0.0 245760
1759597222580 0.0 250880
1759597238477 0.0 256000
1759597251563 0.0 261120
1759597266979 0.0 266240
1759597287713 0.0 271360
1759597300332 0.0 276480
1759597315273 0.0 281600
1759597332021 0.0 286720
1759597347875 0.0 291840
1759597360808 0.0 296960
1759597377858 0.0 302080
1759597396728 0.0 307200
1759597410301 0.0 312320
1759597427091 0.0 317440
1759597445013 0.0 322560
1759597458057 0.0 327680
1759597474987 0.0 332800
1759597492512 0.0 337920
1759597506074 0.0 343040
1759597523303 0.0 348160
1759597537213 0.0 353280
1759597552551 0.0 358400
1759597567320 0.0 363520
1759597587134 0.0 368640
1759597601549 0.0 373760
1759597616929 0.0 378880
1759597637611 0.0 384000
1759597650508 0.0 389120
1759597666327 0.0 394240
1759597683774 0.0 399360
1759597698730 0.0 404480
1759597714019 0.0 409600
1759597729455 0.0 414720
1759597744719 0.0 419840
1759597759465 0.0 424960
1759597775155 0.0 430080
1759597792520 0.0 435200
1759597807565 0.0 440320
1759597824370 0.0 445440
1759597840732 0.0 450560
1759597855733 0.0 455680
1759597874232 0.0 460800
1759597888995 0.0 465920
1759597903694 0.0 471040
1759597920752 0.0 476160
1759597934338 0.0 481280
1759597950101 0.0 486400
1759597963993 0.0 491520
1759597982983 0.0 496640
1759597996168 0.0 501760
1759598011492 0.0 506880
1759598025142 0.0 512000
1759598042978 0.0 517120
1759598060937 0.0 522240
1759598074362 0.0 527360
1759598087705 0.0 532480
1759598104735 0.0 537600
1759598122788 0.0 542720
1759598137056 0.0 547840
1759598150327 0.0 552960
1759598165518 0.0 558080
1759598186444 0.0 563200
1759598198905 0.0 568320
1759598213103 0.0 573440
1759598232539 0.0 578560
1759598246339 0.0 583680
1759598260190 0.0 588800
1759598279319 0.0 593920
1759598293776 0.0 599040
1759598307658 0.0 604160
1759598324554 0.0 609280
1759598340680 0.0 614400
1759598354367 0.0 619520
1759598369978 0.0 624640
1759598387788 0.0 629760
1759598400207 0.0 634880
1759598415188 0.0 640000
1759598435715 0.0 645120
1759598447737 0.0 650240
1759598460476 0.0 655360
1759598482321 0.0 660480
1759598494669 0.0 665600
1759598508057 0.0 670720
1759598528680 0.0 675840
1759598542753 0.0 680960
1759598557148 0.0 686080
1759598574929 0.0 691200
1759598590376 0.0 696320
1759598605889 0.0 701440
1759598620975 0.0 706560
1759598636687 0.0 711680
1759598653852 0.0 716800
1759598667577 0.0 721920
1759598684428 0.0 727040
1759598700745 0.0 732160
1759598713957 0.0 737280
1759598730664 0.0 742400
1759598744818 0.0 747520
1759598760166 0.0 752640
1759598774792 0.0 757760
1759598790264 0.0 762880
1759598804724 0.0 768000
1759598819488 0.0 773120
1759598837193 0.0 778240
1759598850504 0.0 783360
1759598866748 0.0 788480
1759598883959 0.0 793600
1759598896565 0.0 798720
1759598914566 0.0 803840
1759598928539 0.0 808960
1759598942445 0.0 814080
1759598962063 0.0 819200
1759598974362 0.0 824320
1759598988546 0.0 829440
1759599008352 0.0 834560
1759599022072 0.0 839680
1759599034715 0.0 844800
1759599051396 0.0 849920
1759599066167 0.0 855040
1759599081295 0.0 860160
1759599094990 0.0 865280
1759599111149 0.0 870400
1759599127726 0.0 875520
1759599140932 0.0 880640
1759599156877 0.0 885760
1759599175134 0.0 890880
1759599187185 0.0 896000
1759599202721 0.0 901120
1759599221425 0.0 906240
1759599233400 0.0 911360
1759599248443 0.0 916480
1759599267647 0.0 921600
1759599280048 0.0 926720
1759599293313 0.0 931840
1759599311039 0.0 936960
1759599325951 0.0 942080
1759599338877 0.0 947200
1759599354804 0.0 952320
1759599372469 0.0 957440
1759599384288 0.0 962560
1759599398155 0.0 967680
1759599418663 0.0 972800
1759599431226 0.0 977920
1759599445068 0.0 983040
1759599461810 0.0 988160
1759599476737 0.0 993280
1759599492429 0.0 998400
1759599505064 0.0 1003520
1759599520108 0.0 1008640
1759599534978 0.0 1013760
1759599552826 0.0 1018880
1759599566955 0.0 1024000
1759599582580 0.0 1029120
1759599598333 0.0 1034240
1759599616207 0.0 1039360
1759599630903 0.0 1044480
1759599644673 0.0 1049600
1759599659729 0.0 1054720
1759599675773 0.0 1059840
1759599689938 0.0 1064960
1759599705083 0.0 1070080
1759599721019 0.0 1075200
1759599734213 0.0 1080320
1759599748601 0.0 1085440
1759599765478 0.0 1090560
1759599781116 0.0 1095680
1759599795425 0.0 1100800
1759599808112 0.0 1105920
1759599826967 0.0 1111040
1759599840399 0.0 1116160
1759599856039 0.0 1121280
1759599869692 0.0 1126400
1759599887847 0.0 1131520
1759599901896 0.0 1136640
1759599917193 0.0 1141760
1759599933067 0.0 1146880
1759599952305 0.0 1152000
1759599963754 0.0 1157120
1759599978135 0.0 1162240
1759599991697 0.0 1167360
1759600008566 0.0 1172480
1759600021526 0.0 1177600
1759600036123 0.0 1182720
1759600054109 0.0 1187840
1759600068863 0.0 1192960
1759600083019 0.0 1198080
1759600097261 0.0 1203200
1759600118515 0.0 1208320
1759600132052 0.0 1213440
1759600145805 0.0 1218560
1759600174264 0.0 1223680
1759600204476 0.0 1228800
1759600230950 0.0 1233920
1759600249137 0.0 1239040
1759600289989 0.0 1244160
1759600312006 0.0 1249280
1759600408471 0.0 1254400
1759600530606 0.0 1259520
1759600682032 0.0 1264640
1759600917515 0.0 1269760
1759601125664 0.0 1274880
1759601389164 0.0 1280000
1759601534579 0.0 1285120
1759601671727 0.0 1290240
1759601860137 0.0 1295360
1759601955085 0.0 1300480
1759602110013 0.0 1305600
1759602272716 0.0 1310720
1759602493472 0.0 1315840
1759602747599 0.0 1320960
1759602963610 0.0 1326080
1759603115973 0.0 1331200
1759603361745 0.0 1336320
1759603573003 0.0 1341440
1759603686078 0.0 1346560
