1759596493876 24.55421686746988 5120
1759596505219 23.97222222222222 10240
1759596522910 23.081805359661494 15360
1759596535255 22.58649789029536 20480
1759596548549 22.269069572506286 25600
1759596564566 22.138171667829727 30720
1759596578806 22.103303303303303 35840
1759596592077 22.0731194108364 40960
1759596606487 21.857674418604653 46080
1759596626113 21.853433835845895 51200
1759596638358 21.902942300343906 56320
1759596651063 22.008107155445895 61440
1759596665097 22.010752688172044 66560
1759596683587 21.973986690865093 71680
1759596695633 22.041643059490085 76800
1759596711172 22.004778338200158 81920
1759596726187 21.939197607774734 87040
1759596741796 21.966988917708086 92160
1759596755510 21.900356665180563 97280
1759596770292 21.873042742276766 102400
1759596790191 21.878402903811253 107520
1759596803642 21.892698901945675 112640
1759596820329 21.909057369489023 117760
1759596835972 21.91192076406084 122880
1759596850295 21.91319857312723 128000
1759596863244 21.88252569750367 133120
1759596881926 21.857322241406372 138240
1759596900627 21.831367211131276 143360
1759596912087 21.814241937837444 148480
1759596929304 21.83168596441683 153600
1759596943470 21.831419196062345 158720
1759596959994 21.808043391983066 163840
1759596973082 21.816069824156077 168960
1759596991847 21.82308939035033 174080
1759597005773 21.832909245122984 179200
1759597023745 21.82181132964315 184320
1759597039484 21.836620041274937 189440
1759597055539 21.81050635734999 194560
1759597070011 21.790662323561346 199680
1759597088373 21.775367685959157 204800
1759597104447 21.77219240297275 209920
1759597116828 21.774092741935483 215040
1759597130128 21.772199251821224 220160
1759597146958 21.773790050995864 225280
1759597161973 21.780873493975903 230400
1759597175610 21.780202578268877 235520
1759597188536 21.77189189189189 240640
1759597205408 21.774179315213555 245760
1759597222580 21.767522253910638 250880
1759597238477 21.762235393734123 256000
1759597251563 21.75526970954357 261120
1759597266979 21.751200455766256 266240
1759597287713 21.742795561586973 271360
1759597300332 21.74854992945603 276480
1759597315273 21.74196030158486 281600
1759597332021 21.742632612966602 286720
1759597347875 21.73929181204068 291840
1759597360808 21.73719538888078 296960
1759597377858 21.729710352738746 302080
1759597396728 21.72237101776149 307200
1759597410301 21.720762564991336 312320
1759597427091 21.71913790751603 317440
1759597445013 21.723262839879155 322560
1759597458057 21.720478424634905 327680
1759597474987 21.717631750162653 332800
1759597492512 21.71356268819271 337920
1759597506074 21.705633713961266 343040
1759597523303 21.694066480273378 348160
1759597537213 21.699271145954555 353280
1759597552551 21.69795943008935 358400
1759597567320 21.6975 363520
1759597587134 21.697247167928627 368640
1759597601549 21.69497510709737 373760
1759597616929 21.69436354291588 378880
1759597637611 21.693035835023665 384000
1759597650508 21.692838078291814 389120
1759597666327 21.68934862536355 394240
1759597683774 21.687757313109426 399360
1759597698730 21.686777920410783 404480
1759597714019 21.68481647742276 409600
1759597729455 21.686577286243413 414720
1759597744719 21.685200453468 419840
1759597759465 21.687830957230144 424960
1759597775155 21.688820688267256 430080
1759597792520 21.68879276054097 435200
1759597807565 21.687896211116026 440320
1759597824370 21.682952889752308 445440
1759597840732 21.68166322562059 450560
1759597855733 21.678629070540207 455680
1759597874232 21.680015022768885 460800
1759597888995 21.683198662580107 465920
1759597903694 21.74188049937808 471040
1759597920752 21.808674985145572 476160
1759597934338 21.87159833091437 481280
1759597950101 21.96349378042185 486400
1759597963993 22.040234514858575 491520
1759597982983 22.126428603192956 496640
1759597996168 22.2050172246268 501760
1759598011492 22.290874775051574 506880
1759598025142 22.35390247091123 512000
1759598042978 22.428565243744046 517120
1759598060937 22.505850468897876 522240
1759598074362 22.590652527152997 527360
1759598087705 22.685519880927068 532480
1759598104735 22.76740646797717 537600
1759598122788 22.855509311808973 542720
1759598137056 22.953779227841217 547840
1759598150327 23.0382215937448 552960
1759598165518 23.133504386690944 558080
1759598186444 23.20399012751954 563200
1759598198905 23.285720129259214 568320
1759598213103 23.377996662460824 573440
1759598232539 23.46807045960721 578560
1759598246339 23.55691662972962 583680
1759598260190 23.64866273707847 588800
1759598279319 23.73899684769163 593920
1759598293776 23.82531173060122 599040
1759598307658 23.923338473095324 604160
1759598324554 24.0098363235757 609280
1759598340680 24.098958333333332 614400
1759598354367 24.185382966283374 619520
1759598369978 24.281411326320693 624640
1759598387788 24.380238132055048 629760
1759598400207 24.481672570460496 634880
1759598415188 24.572748533527584 640000
1759598435715 24.663905009163102 645120
1759598447737 24.749952491353426 650240
1759598460476 24.838928206486774 655360
1759598482321 24.930079155672825 660480
1759598494669 25.023389397807478 665600
1759598508057 25.121923853691374 670720
1759598528680 25.21148115035017 675840
1759598542753 25.2881406215234 680960
1759598557148 25.377165441583866 686080
1759598574929 25.468334866605336 691200
1759598590376 25.56043553176669 696320
1759598605889 25.647265025925655 701440
1759598620975 25.734140840971918 706560
1759598636687 25.815214635029886 711680
1759598653852 25.89559131250451 716800
1759598667577 25.979623373823042 721920
1759598684428 26.04966366108487 727040
1759598700745 26.1270537082576 732160
1759598713957 26.206851260205895 737280
1759598730664 26.283466515805106 742400
1759598744818 26.359723885327885 747520
1759598760166 26.444483436271756 752640
1759598774792 26.529230769230768 757760
1759598790264 26.617477960904562 762880
1759598804724 26.687502169159753 768000
1759598819488 26.764600117561635 773120
1759598837193 26.837093163423454 778240
1759598850504 26.914347482927834 783360
1759598866748 27.002360103981392 788480
1759598883959 27.082765203163348 793600
1759598896565 27.165194646375433 798720
1759598914566 27.242966925082094 803840
1759598928539 27.325426816924217 808960
1759598942445 27.404021384620556 814080
1759598962063 27.48513690137069 819200
1759598974362 27.563746284111026 824320
1759598988546 27.63996138996139 829440
1759599008352 27.718911745189118 834560
1759599022072 27.798313492063492 839680
1759599034715 27.870102481299636 844800
1759599051396 27.945185233841304 849920
1759599066167 28.022754804701567 855040
1759599081295 28.09477667939056 860160
1759599094990 28.163003186577356 865280
1759599111149 28.23365303609617 870400
1759599127726 28.310830453180014 875520
1759599140932 28.385266750378314 880640
1759599156877 28.45648267008986 885760
1759599175134 28.527671145233526 890880
1759599187185 28.599725774050572 896000
1759599202721 28.66650777004481 901120
1759599221425 28.73220789915434 906240
1759599233400 28.800296745272597 911360
1759599248443 28.864015354120127 916480
1759599267647 28.92328191622774 921600
1759599280048 28.995873452544703 926720
1759599293313 29.07137069126722 931840
1759599311039 29.141463414634146 936960
1759599325951 29.20602081268583 942080
1759599338877 29.27480161793312 947200
1759599354804 29.34128474252824 952320
1759599372469 29.420585707269154 957440
1759599384288 29.49603526926492 962560
1759599398155 29.57196507083537 967680
1759599418663 29.63812625555488 972800
1759599431226 29.70538424183562 977920
1759599445068 29.775366923891664 983040
1759599461810 29.83737065974841 988160
1759599476737 29.904653051403134 993280
1759599492429 29.96665567183424 998400
1759599505064 30.025678584240104 1003520
1759599520108 30.088429899856937 1008640
1759599534978 30.147632063699564 1013760
1759599552826 30.204892785215023 1018880
1759599566955 30.260362541332075 1024000
1759599582580 30.31831292677184 1029120
1759599598333 30.38292876221785 1034240
1759599616207 30.45139478383046 1039360
1759599630903 30.509455436876205 1044480
1759599644673 30.570530543348564 1049600
1759599659729 30.635828085550944 1054720
1759599675773 30.6897639162134 1059840
1759599689938 30.749769213016386 1064960
1759599705083 30.813361337284576 1070080
1759599721019 30.88124892383631 1075200
1759599734213 30.95328065956716 1080320
1759599748601 31.01735902926481 1085440
1759599765478 31.087012247223015 1090560
1759599781116 31.147158235578154 1095680
1759599795425 31.206271421692207 1100800
1759599808112 31.26505479606824 1105920
1759599826967 31.329482700326835 1111040
1759599840399 31.388726537034955 1116160
1759599856039 31.442828724328262 1121280
1759599869692 31.499385268805185 1126400
1759599887847 31.55492392576492 1131520
1759599901896 31.610109206102205 1136640
1759599917193 31.667147013994736 1141760
1759599933067 31.723232546570117 1146880
1759599952305 31.779839020894205 1152000
1759599963754 31.825267265781736 1157120
1759599978135 31.881184048239003 1162240
1759599991697 31.93658083210322 1167360
1759600008566 31.986915276414784 1172480
1759600021526 32.034927969556946 1177600
1759600036123 32.080089982653945 1182720
1759600054109 32.13819577735125 1187840
1759600068863 32.183712529652794 1192960
1759600083019 32.23579705858629 1198080
1759600097261 32.29233822306846 1203200
1759600118515 32.344076818145346 1208320
1759600132052 32.390429958391124 1213440
1759600145805 32.43765294180232 1218560
1759600174264 32.48527773356677 1223680
1759600204476 32.53867118249411 1228800
1759600230950 32.58103329991029 1233920
1759600249137 32.630184210526316 1239040
1759600289989 32.68320340184267 1244160
1759600312006 32.733870967741936 1249280
1759600408471 32.78078650511803 1254400
1759600530606 32.82189355275492 1259520
1759600682032 32.86967249305249 1264640
1759600917515 32.909119162932846 1269760
1759601125664 32.96013537952772 1274880
1759601389164 33.006312968641296 1280000
1759601534579 33.04630486175352 1285120
1759601671727 33.093963860053826 1290240
1759601860137 33.133326517049234 1295360
1759601955085 33.168510117743004 1300480
1759602110013 33.215228168297955 1305600
1759602272716 33.26356766078312 1310720
1759602493472 33.3057972480777 1315840
1759602747599 33.36115387527446 1320960
1759602963610 33.41209054057457 1326080
1759603115973 33.4617065635126 1331200
1759603361745 33.504033874523955 1336320
1759603573003 33.5471971609227 1341440
1759603686078 33.59649953875689 1346560
