1759596493871 -1.7396236774822078 5120
1759596505215 -0.11209771205163141 10240
1759596522907 -0.1854674990638159 15360
1759596535250 -0.11582343017771131 20480
1759596548543 -0.11797846441085522 25600
1759596564561 -0.101827881893804 30720
1759596578801 -0.07053808247049649 35840
1759596592071 -0.05152750800295574 40960
1759596606483 -0.03458252132910749 46080
1759596626107 -0.021800656298942428 51200
1759596638353 -0.011721124360337854 56320
1759596651059 -0.006292100045371983 61440
1759596665090 0.0011197771679497127 66560
1759596683582 0.005481944747702022 71680
1759596695626 0.008330978117393036 76800
1759596711165 0.012217756128513517 81920
1759596726183 0.01578232404277768 87040
1759596741790 0.018652323608870033 92160
1759596755502 0.021622027875855567 97280
1759596770283 0.023997840049243206 102400
1759596790185 0.026121265567698566 107520
1759596803634 0.028445069545561127 112640
1759596820321 0.0305991246268667 117760
1759596835966 0.033178933888427485 122880
1759596850280 0.0339973615275489 128000
1759596863235 0.03536225429928029 133120
1759596881917 0.036619756984360076 138240
1759596900622 0.03779856824705787 143360
1759596912082 0.0383349453341471 148480
1759596929299 0.039018999819723975 153600
1759596943464 0.039677508977743296 158720
1759596959987 0.03949645187543787 163840
1759596973073 0.04018782291067652 168960
1759596991841 0.040542998648526375 174080
1759597005767 0.041015330227938566 179200
1759597023737 0.041242431013623654 184320
1759597039477 0.041927086666066156 189440
1759597055531 0.04202744555098848 194560
1759597070001 0.04233779432822246 199680
1759597088364 0.043348353774986456 204800
1759597104441 0.04349098836334007 209920
1759597116821 0.043563883056007856 215040
1759597130121 0.04347812290544863 220160
1759597146951 0.04414811209855576 225280
1759597161951 0.04442032565057805 230400
1759597175602 0.0443382952120397 235520
1759597188527 0.028884817306268015 240640
1759597205398 -0.011820740778292857 245760
1759597222574 -0.008213351083904264 250880
1759597238471 -0.016875810487811782 256000
1759597251555 -0.05047438135370612 261120
1759597266973 -0.06993801292331739 266240
1759597287706 -0.07374408630500164 271360
1759597300325 -0.07968036750145945 276480
1759597315266 -0.08808395983516305 281600
1759597332010 -0.09139273913305423 286720
1759597347867 -0.09600392821785454 291840
1759597360800 -0.09779298657813842 296960
1759597377851 -0.09987703642329655 302080
1759597396722 -0.10088741708039446 307200
1759597410293 -0.10000421533397601 312320
1759597427081 -0.10358649312108277 317440
1759597445006 -0.10240512120572826 322560
1759597458050 -0.10043280429186478 327680
1759597474979 -0.09876904312086983 332800
1759597492503 -0.09788021954885061 337920
1759597506066 -0.0958369670879273 343040
1759597523295 -0.09406029891408434 348160
1759597537203 -0.09278790578676786 353280
1759597552540 -0.09189661411817937 358400
1759597567312 -0.08717121729690037 363520
1759597587124 -0.08612186175634326 368640
1759597601542 -0.08487811531525492 373760
1759597616922 -0.08186884787526091 378880
1759597637597 -0.0789644052373602 384000
1759597650499 -0.07730406438271831 389120
1759597666320 -0.07472463914149784 394240
1759597683762 -0.07367340804975661 399360
1759597698718 -0.07033742919112697 404480
1759597714009 -0.06858118834935518 409600
1759597729444 -0.06377948457971581 414720
1759597744710 -0.06381605918680085 419840
1759597759451 -0.059807790471957285 424960
1759597775147 -0.06044122368592831 430080
1759597792510 -0.05894504561670509 435200
1759597807549 -0.05671893593330118 440320
1759597824361 -0.05451525220083535 445440
1759597840721 -0.052409220066200315 450560
1759597855722 -0.05145140768701186 455680
1759597874218 -0.047786823608922856 460800
1759597888980 -0.05424613628471107 465920
1759597903685 -0.0563574443411672 471040
1759597920743 -0.05722014617510619 476160
1759597934326 -0.057897300882197744 481280
1759597950093 -0.06022396929123823 486400
1759597963975 -0.0708814657651461 491520
1759597982973 -0.07291725800361162 496640
1759597996158 -0.078316521304688 501760
1759598011479 -0.08010888868762601 506880
1759598025131 -0.08729924679754263 512000
1759598042969 -0.09404266097328881 517120
1759598060925 -0.10028724315815009 522240
1759598074352 -0.10502924752789874 527360
1759598087695 -0.1105343434266074 532480
1759598104727 -0.11563760608774627 537600
1759598122780 -0.12092385516552828 542720
1759598137048 -0.12408197922493096 547840
1759598150319 -0.12828881092741398 552960
1759598165509 -0.131227658869146 558080
1759598186435 -0.13390986170829314 563200
1759598198890 -0.13762018783487004 568320
1759598213090 -0.13982166725471484 573440
1759598232527 -0.14129003956124134 578560
1759598246329 -0.14386719655239016 583680
1759598260177 -0.14724708083603116 588800
1759598279310 -0.14763532464557588 593920
1759598293761 -0.14976718401339273 599040
1759598307632 -0.15207843070506244 604160
1759598324541 -0.1559344595710703 609280
1759598340670 -0.15881700499878948 614400
1759598354357 -0.15940303393323038 619520
1759598369967 -0.16228685269769397 624640
1759598387765 -0.16322141932202625 629760
1759598400196 -0.16445171276344386 634880
1759598415177 -0.16631028873090165 640000
1759598435706 -0.16742548965236465 645120
1759598447728 -0.16533996713986185 650240
1759598460467 -0.16827269329481676 655360
1759598482312 -0.17177627167834586 660480
1759598494657 -0.1718491476618566 665600
1759598508046 -0.17473635295542275 670720
1759598528667 -0.17390040312520313 675840
1759598542742 -0.17476548174838044 680960
1759598557136 -0.17736738349925918 686080
1759598574914 -0.1765160538035737 691200
1759598590360 -0.1781313679116763 696320
1759598605876 -0.18097702699221954 701440
1759598620964 -0.18144265270095142 706560
1759598636676 -0.18032472188445342 711680
1759598653838 -0.1832695135206367 716800
1759598667566 -0.18606173782780897 721920
1759598684412 -0.18746379551840564 727040
1759598700733 -0.18754755638165183 732160
1759598713947 -0.18986318749627526 737280
1759598730648 -0.19164796965838135 742400
1759598744802 -0.1928974235106754 747520
1759598760150 -0.19428682975147082 752640
1759598774780 -0.19529486487590675 757760
1759598790246 -0.1978915812822194 762880
1759598804712 -0.19908013781917078 768000
1759598819472 -0.19972638781108554 773120
1759598837183 -0.2021986052805115 778240
1759598850487 -0.20212591758907308 783360
1759598866737 -0.20268303194553164 788480
1759598883941 -0.2044692464710511 793600
1759598896554 -0.2046446610962383 798720
1759598914552 -0.20579657809424945 803840
1759598928523 -0.20793349776044961 808960
1759598942429 -0.20941080352169789 814080
1759598962048 -0.21067614799432838 819200
1759598974351 -0.21156822848260845 824320
1759598988522 -0.21247271950530064 829440
1759599008338 -0.21337659826465682 834560
1759599022060 -0.21503220905485165 839680
1759599034700 -0.21578668682107624 844800
1759599051383 -0.2161325080586972 849920
1759599066152 -0.2160795134220397 855040
1759599081282 -0.21846688051711366 860160
1759599094978 -0.2197448550104813 865280
1759599111136 -0.22067955680515458 870400
1759599127713 -0.22090932765853735 875520
1759599140913 -0.22289912880643872 880640
1759599156852 -0.22299791825010376 885760
1759599175122 -0.22415367371726666 890880
1759599187172 -0.2250294188930564 896000
1759599202704 -0.22561212424928834 901120
1759599221412 -0.22597661201356495 906240
1759599233387 -0.2274695031436873 911360
1759599248429 -0.22779668101242612 916480
1759599267633 -0.22724812388023183 921600
1759599280033 -0.22891693662597118 926720
1759599293301 -0.2281208210012392 931840
1759599311026 -0.22716487817889217 936960
1759599325938 -0.22786877245908194 942080
1759599338862 -0.2270675869276405 947200
1759599354789 -0.2271012487524178 952320
1759599372457 -0.22686807192288913 957440
1759599384270 -0.2263190639386395 962560
1759599398140 -0.22707073139085832 967680
1759599418646 -0.22495975353991068 972800
1759599431212 -0.2249982327098128 977920
1759599445052 -0.22411194641557866 983040
1759599461797 -0.22412794361943789 988160
1759599476717 -0.2228191128228892 993280
1759599492413 -0.2239905865466008 998400
1759599505048 -0.22317245592278684 1003520
1759599520094 -0.22336333586284643 1008640
1759599534962 -0.22293746247662063 1013760
1759599552812 -0.22179694577872033 1018880
1759599566923 -0.22130362580229831 1024000
1759599582559 -0.2205000913403854 1029120
1759599598316 -0.2200601828676067 1034240
1759599616188 -0.21840433924216923 1039360
1759599630888 -0.2178973587439646 1044480
1759599644653 -0.21586499242057577 1049600
1759599659711 -0.2165537045143046 1054720
1759599675760 -0.21511429009750543 1059840
1759599689924 -0.21388592898673897 1064960
1759599705068 -0.21351065954788237 1070080
1759599721003 -0.21194911234499045 1075200
1759599734196 -0.2121758815014001 1080320
1759599748583 -0.21137844700503194 1085440
1759599765462 -0.2102566141124962 1090560
1759599781103 -0.20878494077481252 1095680
1759599795406 -0.20859236132256606 1100800
1759599808093 -0.20731860998049587 1105920
1759599826949 -0.20657967028257815 1111040
1759599840386 -0.20505460149973057 1116160
1759599856020 -0.20446698787438608 1121280
1759599869679 -0.20447582865064515 1126400
1759599887830 -0.20334284680661413 1131520
1759599901883 -0.20103780298378957 1136640
1759599917167 -0.20046133909601466 1141760
1759599933039 -0.19946905811592258 1146880
1759599952286 -0.1996959337332744 1152000
1759599963735 -0.19847696744478666 1157120
1759599978120 -0.19763049743544883 1162240
1759599991679 -0.1969972732503826 1167360
1759600008545 -0.19533359434384118 1172480
1759600021504 -0.19547682231038055 1177600
1759600036100 -0.193711281152745 1182720
1759600054091 -0.19189242807366952 1187840
1759600068842 -0.19189006190357244 1192960
1759600082998 -0.19111920624691434 1198080
1759600097245 -0.18881885178235108 1203200
1759600118491 -0.1881299231236108 1208320
1759600132031 -0.1873266551386044 1213440
1759600145789 -0.1866813762161934 1218560
1759600174237 -0.18583117105490388 1223680
1759600204449 -0.18456972203187205 1228800
1759600230913 -0.18363948113487333 1233920
1759600249109 -0.18249301548145905 1239040
1759600289958 -0.181918034741753 1244160
1759600311981 -0.18142632867936515 1249280
1759600408428 -0.1808810637008891 1254400
1759600530561 -0.1806785530815465 1259520
1759600681978 -0.18096852534025618 1264640
1759600917482 -0.18027851679553725 1269760
1759601125628 -0.1805634096001737 1274880
1759601389120 -0.18079157706549606 1280000
1759601534525 -0.1797417027175806 1285120
1759601671680 -0.179856160138922 1290240
1759601860090 -0.17923344345454356 1295360
1759601955017 -0.17856058410356404 1300480
1759602109952 -0.17940745906770042 1305600
1759602272676 -0.17839086861651357 1310720
1759602493386 -0.1776951390884898 1315840
1759602747555 -0.1771411393429308 1320960
1759602963549 -0.1766522416362056 1326080
1759603115916 -0.17616983042782222 1331200
1759603361690 -0.17614188026323072 1336320
1759603572955 -0.17601914831375368 1341440
1759603686021 -0.17476652922238986 1346560
