1759596493876 12.18891079454537 5120
1759596505219 9.897051884577824 10240
1759596522910 8.374768707748865 15360
1759596535255 7.759119685692124 20480
1759596548549 7.35300100858933 25600
1759596564566 7.024337331980821 30720
1759596578806 6.881665057391376 35840
1759596592077 6.687168400266307 40960
1759596606487 6.479808115404706 46080
1759596626113 6.386636775542344 51200
1759596638358 6.401259536364172 56320
1759596651063 6.458012282028978 61440
1759596665097 6.4011739293928445 66560
1759596683587 6.333512275635799 71680
1759596695633 6.340093631041961 76800
1759596711172 6.270084369964235 81920
1759596726187 6.217648815817587 87040
1759596741796 6.198905612016393 92160
1759596755510 6.130242696788446 97280
1759596770292 6.124292852310523 102400
1759596790191 6.112585422756643 107520
1759596803642 6.135864296025611 112640
1759596820329 6.150738920019333 117760
1759596835972 6.135203126381765 122880
1759596850295 6.110543348397588 128000
1759596863244 6.064776430084881 133120
1759596881926 6.047723746490599 138240
1759596900627 6.019737661353617 143360
1759596912087 5.9982308755560405 148480
1759596929304 6.014197794739993 153600
1759596943470 6.018694200899095 158720
1759596959994 6.0012663765422944 163840
1759596973082 6.007141555905602 168960
1759596991847 5.9772956523793015 174080
1759597005773 5.972136406555879 179200
1759597023745 5.98446195407212 184320
1759597039484 5.986259806842274 189440
1759597055539 5.974815268243181 194560
1759597070011 5.951959882937088 199680
1759597088373 5.943522418495108 204800
1759597104447 5.920908350672828 209920
1759597116828 5.9095184510754 215040
1759597130128 5.910274048212077 220160
1759597146958 5.914252655666487 225280
1759597161973 5.913408875465393 230400
1759597175610 5.916025655616493 235520
1759597188536 5.900527713535069 240640
1759597205408 6.1041690343014565 245760
1759597222580 6.345158694412908 250880
1759597238477 6.568853569838276 256000
1759597251563 6.787586321692249 261120
1759597266979 6.986306641986084 266240
1759597287713 7.174980977855411 271360
1759597300332 7.371396056535682 276480
1759597315273 7.559208126980849 281600
1759597332021 7.748806282817119 286720
1759597347875 7.934730157688637 291840
1759597360808 8.106743146116223 296960
1759597377858 8.264931800476896 302080
1759597396728 8.427235852035295 307200
1759597410301 8.563737675552765 312320
1759597427091 8.703591889597485 317440
1759597445013 8.84090819267588 322560
1759597458057 8.982134882113296 327680
1759597474987 9.128354488414995 332800
1759597492512 9.257735601920428 337920
1759597506074 9.374822078341678 343040
1759597523303 9.504795835980277 348160
1759597537213 9.61577789424397 353280
1759597552551 9.716491652237451 358400
1759597567320 9.837269923800514 363520
1759597587134 9.94583694037959 368640
1759597601549 10.03870568513401 373760
1759597616929 10.155022671749466 378880
1759597637611 10.249417652975259 384000
1759597650508 10.331954067712152 389120
1759597666327 10.415628702535997 394240
1759597683774 10.499147290759845 399360
1759597698730 10.594916893367742 404480
1759597714019 10.683638504548094 409600
1759597729455 10.775933519962702 414720
1759597744719 10.85299298985157 419840
1759597759465 10.93219273600219 424960
1759597775155 11.005668350714124 430080
1759597792520 11.080438075979835 435200
1759597807565 11.15278621289096 440320
1759597824370 11.220272684120449 445440
1759597840732 11.274234465666234 450560
1759597855733 11.349121665248365 455680
1759597874232 11.42504027572452 460800
1759597888995 11.489552039848547 465920
1759597903694 11.58175100972455 471040
1759597920752 11.6808386657567 476160
1759597934338 11.75589936357451 481280
1759597950101 11.820446600328593 486400
1759597963993 11.889995934841158 491520
1759597982983 11.960691473655482 496640
1759597996168 12.042184251324151 501760
1759598011492 12.109824685883398 506880
1759598025142 12.194976938967248 512000
1759598042978 12.267215162285975 517120
1759598060937 12.342688454722595 522240
1759598074362 12.41670810820497 527360
1759598087705 12.479572010141673 532480
1759598104735 12.543949939483468 537600
1759598122788 12.619798033315737 542720
1759598137056 12.673992379574244 547840
1759598150327 12.739402864285147 552960
1759598165518 12.799834566664131 558080
1759598186444 12.86484055450452 563200
1759598198905 12.92691429950525 568320
1759598213103 12.979945210631483 573440
1759598232539 13.042084384693455 578560
1759598246339 13.093213276383322 583680
1759598260190 13.14584682144452 588800
1759598279319 13.204751361877214 593920
1759598293776 13.262817642760895 599040
1759598307658 13.312547893883876 604160
1759598324554 13.36497772584218 609280
1759598340680 13.413387918233274 614400
1759598354367 13.45797208653303 619520
1759598369978 13.508297709117917 624640
1759598387788 13.556296346064824 629760
1759598400207 13.609785817573862 634880
1759598415188 13.66266753264687 640000
1759598435715 13.710803193877075 645120
1759598447737 13.768133375927494 650240
1759598460476 13.819905281536098 655360
1759598482321 13.868162731022553 660480
1759598494669 13.915466183136669 665600
1759598508057 13.96036940885737 670720
1759598528680 14.00470709484534 675840
1759598542753 14.04659041956643 680960
1759598557148 14.093355732797558 686080
1759598574929 14.140917010267831 691200
1759598590376 14.182990055872285 696320
1759598605889 14.233129570014567 701440
1759598620975 14.272824327237704 706560
1759598636687 14.317641239066074 711680
1759598653852 14.353434100743883 716800
1759598667577 14.393642147790517 721920
1759598684428 14.439547960656181 727040
1759598700745 14.479720817007696 732160
1759598713957 14.525900367679942 737280
1759598730664 14.565257526255001 742400
1759598744818 14.604656383656545 747520
1759598760166 14.643234606876192 752640
1759598774792 14.68474172578825 757760
1759598790264 14.723603270561371 762880
1759598804724 14.766344714602464 768000
1759598819488 14.802419251275465 773120
1759598837193 14.84414558863915 778240
1759598850504 14.881087374013854 783360
1759598866748 14.916875330624494 788480
1759598883959 14.96010932527058 793600
1759598896565 14.99387754487865 798720
1759598914566 15.031306651076127 803840
1759598928539 15.066123461979139 808960
1759598942445 15.106747155984591 814080
1759598962063 15.142925941423563 819200
1759598974362 15.178187887575994 824320
1759598988546 15.208289311357827 829440
1759599008352 15.238382351374737 834560
1759599022072 15.27165489650908 839680
1759599034715 15.311393023047899 844800
1759599051396 15.355157779507179 849920
1759599066167 15.388921981155569 855040
1759599081295 15.423735635859563 860160
1759599094990 15.454344832370795 865280
1759599111149 15.485094692044076 870400
1759599127726 15.517975140859338 875520
1759599140932 15.551723892780329 880640
1759599156877 15.581514518159956 885760
1759599175134 15.613883313687277 890880
1759599187185 15.648703561297927 896000
1759599202721 15.679187478496972 901120
1759599221425 15.709149982132336 906240
1759599233400 15.742810000500814 911360
1759599248443 15.772081796223457 916480
1759599267647 15.7973454750239 921600
1759599280048 15.822531301468123 926720
1759599293313 15.849315317314788 931840
1759599311039 15.881004544705991 936960
1759599325951 15.912727058701757 942080
1759599338877 15.939732956783965 947200
1759599354804 15.969409069880953 952320
1759599372469 16.001295880859164 957440
1759599384288 16.028172997424246 962560
1759599398155 16.05667484779153 967680
1759599418663 16.085658203411096 972800
1759599431226 16.11442924046583 977920
1759599445068 16.144266652115753 983040
1759599461810 16.172321684490182 988160
1759599476737 16.20219242395299 993280
1759599492429 16.23030050433791 998400
1759599505064 16.26011274420558 1003520
1759599520108 16.288816417008285 1008640
1759599534978 16.313873920716084 1013760
1759599552826 16.335784854714927 1018880
1759599566955 16.36220004235341 1024000
1759599582580 16.384784548934388 1029120
1759599598333 16.411383951234104 1034240
1759599616207 16.436186512735848 1039360
1759599630903 16.46464249794533 1044480
1759599644673 16.487222136567468 1049600
1759599659729 16.51462433136756 1054720
1759599675773 16.538231681361957 1059840
1759599689938 16.56264250619071 1064960
1759599705083 16.58421152097692 1070080
1759599721019 16.60671066505753 1075200
1759599734213 16.63596243657949 1080320
1759599748601 16.660883364299636 1085440
1759599765478 16.68235374066063 1090560
1759599781116 16.710240572459874 1095680
1759599795425 16.728222525977813 1100800
1759599808112 16.75422098730637 1105920
1759599826967 16.778018703780987 1111040
1759599840399 16.803260645009406 1116160
1759599856039 16.831792797592996 1121280
1759599869692 16.85181019864989 1126400
1759599887847 16.869881942520266 1131520
1759599901896 16.89503570844118 1136640
1759599917193 16.914553139522596 1141760
1759599933067 16.93719667347501 1146880
1759599952305 16.959084018955643 1152000
1759599963754 16.982209306611505 1157120
1759599978135 17.00621214306353 1162240
1759599991697 17.026424198777345 1167360
1759600008566 17.046959165839954 1172480
1759600021526 17.071776298985398 1177600
1759600036123 17.092358251292087 1182720
1759600054109 17.115750228165325 1187840
1759600068863 17.13847090495103 1192960
1759600083019 17.15991494878239 1198080
1759600097261 17.174708806620277 1203200
1759600118515 17.195755655443428 1208320
1759600132052 17.216091878002334 1213440
1759600145805 17.23493971684116 1218560
1759600174264 17.2548886836002 1223680
1759600204476 17.2784588043913 1228800
1759600230950 17.301303329842217 1233920
1759600249137 17.325889305114746 1239040
1759600289989 17.340047604650245 1244160
1759600312006 17.35818479247906 1249280
1759600408471 17.376537249286017 1254400
1759600530606 17.398210355657152 1259520
1759600682032 17.412146339211418 1264640
1759600917515 17.42943601076495 1269760
1759601125664 17.447838338137302 1274880
1759601389164 17.463321155297542 1280000
1759601534579 17.48669006876201 1285120
1759601671727 17.506395763576634 1290240
1759601860137 17.529830548436745 1295360
1759601955085 17.53988950824548 1300480
1759602110013 17.55582193811285 1305600
1759602272716 17.574007302081277 1310720
1759602493472 17.58921630755941 1315840
1759602747599 17.607608104779267 1320960
1759602963610 17.628377166847166 1326080
1759603115973 17.649299337762653 1331200
1759603361745 17.666750033744282 1336320
1759603573003 17.68313616441661 1341440
1759603686078 17.70314212138926 1346560
