1759596493876 3.534136546184739 5120
1759596505219 2.799145299145299 10240
1759596522910 2.330042313117066 15360
1759596535255 2.132911392405063 20480
1759596548549 2.0067057837384743 25600
1759596564566 1.9190509420795534 30720
1759596578806 1.8696696696696697 35840
1759596592077 1.828511309836928 40960
1759596606487 1.756279069767442 46080
1759596626113 1.7407872696817421 51200
1759596638358 1.7401604891096676 56320
1759596651063 1.74233345082834 61440
1759596665097 1.7253176930596286 66560
1759596683587 1.7114337568058076 71680
1759596695633 1.7155807365439093 76800
1759596711172 1.70560127422352 81920
1759596726187 1.6875155743832544 87040
1759596741796 1.68497995755718 92160
1759596755510 1.6720909496210432 97280
1759596770292 1.6631400761743547 102400
1759596790191 1.65618068158903 107520
1759596803642 1.6588325948757465 112640
1759596820329 1.6559675336653754 117760
1759596835972 1.6522815705695084 122880
1759596850295 1.6478681841345337 128000
1759596863244 1.6369717735356502 133120
1759596881926 1.631298069376864 138240
1759596900627 1.6255293405928615 143360
1759596912087 1.619874507514957 148480
1759596929304 1.6205874046879412 153600
1759596943470 1.6185397867104183 158720
1759596959994 1.6146315650218284 163840
1759596973082 1.6155820818893596 168960
1759596991847 1.6116444333624236 174080
1759597005773 1.6108081909608627 179200
1759597023745 1.6121775998115653 184320
1759597039484 1.612818160972254 189440
1759597055539 1.6080749498103948 194560
1759597070011 1.60271444082519 199680
1759597088373 1.599301661199873 204800
1759597104447 1.5948596201486376 209920
1759597116828 1.5944556451612903 215040
1759597130128 1.591651899980311 220160
1759597146958 1.5904936014625228 225280
1759597161973 1.5931852409638554 230400
1759597175610 1.5928176795580111 235520
1759597188536 1.5888288288288288 240640
1759597205408 1.6342216731380161 245760
1759597222580 1.685679716532711 250880
1759597238477 1.7336155800169348 256000
1759597251563 1.783734439834025 261120
1759597266979 1.8307153902498576 266240
1759597287713 1.8719565738005908 271360
1759597300332 1.9173067878977896 276480
1759597315273 1.956916448684413 281600
1759597332021 1.9987909928970833 286720
1759597347875 2.038972607824215 291840
1759597360808 2.0769735882095435 296960
1759597377858 2.111198738170347 302080
1759597396728 2.146109388215393 307200
1759597410301 2.1794107452339686 312320
1759597427091 2.2087027690628838 317440
1759597445013 2.2405505203088283 322560
1759597458057 2.270402431771625 327680
1759597474987 2.3018217306441118 332800
1759597492512 2.3308988404125826 337920
1759597506074 2.3570121758879568 343040
1759597523303 2.3842808325566947 348160
1759597537213 2.408525754884547 353280
1759597552551 2.430994928761169 358400
1759597567320 2.457797619047619 363520
1759597587134 2.4828901801960437 368640
1759597601549 2.5035313187449346 373760
1759597616929 2.527839643652561 378880
1759597637611 2.550709939148073 384000
1759597650508 2.5706183274021353 389120
1759597666327 2.589749218021182 394240
1759597683774 2.6098049837486457 399360
1759597698730 2.6307231493367564 404480
1759597714019 2.6502772643253234 409600
1759597729455 2.6712400229537274 414720
1759597744719 2.6867463671029577 419840
1759597759465 2.705346232179226 424960
1759597775155 2.7231334272489436 430080
1759597792520 2.7394590294351633 435200
1759597807565 2.7560568086883874 440320
1759597824370 2.7720738222438075 445440
1759597840732 2.78364622845345 450560
1759597855733 2.7988227475553025 455680
1759597874232 2.816393596544763 460800
1759597888995 2.833797715241014 465920
1759597903694 2.870548670935643 471040
1759597920752 2.9111019699254994 476160
1759597934338 2.945346516690856 481280
1759597950101 2.986073553272039 486400
1759597963993 3.023182957393484 491520
1759597982983 3.0653266331658293 496640
1759597996168 3.109177634484586 501760
1759598011492 3.1489707237852786 506880
1759598025142 3.1848171874319084 512000
1759598042978 3.221274569226773 517120
1759598060937 3.2578077948894433 522240
1759598074362 3.2921833575643547 527360
1759598087705 3.331405485860089 532480
1759598104735 3.3682096808285773 537600
1759598122788 3.4088367595745575 542720
1759598137056 3.448236918057473 547840
1759598150327 3.4870653801364164 552960
1759598165518 3.532113888429068 558080
1759598186444 3.5686960098724803 563200
1759598198905 3.6065365893565673 568320
1759598213103 3.6444706744271236 573440
1759598232539 3.685644867382061 578560
1759598246339 3.725228673892896 583680
1759598260190 3.7671117526765308 588800
1759598279319 3.808507242328718 593920
1759598293776 3.850488444126757 599040
1759598307658 3.8932115605108133 604160
1759598324554 3.9324441296820902 609280
1759598340680 3.971843671679198 614400
1759598354367 4.011420775677256 619520
1759598369978 4.05247836043939 624640
1759598387788 4.095562084428638 629760
1759598400207 4.138456799630371 634880
1759598415188 4.1798872829045735 640000
1759598435715 4.217929138668295 645120
1759598447737 4.258979134202425 650240
1759598460476 4.302880066608636 655360
1759598482321 4.341575574820958 660480
1759598494669 4.381213395404715 665600
1759598508057 4.420113695863565 670720
1759598528680 4.4586127253762475 675840
1759598542753 4.4954757843209965 680960
1759598557148 4.536918701289107 686080
1759598574929 4.577552897884084 691200
1759598590376 4.6178465373758115 696320
1759598605889 4.6581464982107645 701440
1759598620975 4.695074930888986 706560
1759598636687 4.73200507154501 711680
1759598653852 4.766325131683383 716800
1759598667577 4.802702508445339 721920
1759598684428 4.839165593244597 727040
1759598700745 4.870594105278164 732160
1759598713957 4.909549165779198 737280
1759598730664 4.942755109256771 742400
1759598744818 4.9777065577234625 747520
1759598760166 5.011966591802358 752640
1759598774792 5.049755244755245 757760
1759598790264 5.0872504268441405 762880
1759598804724 5.120535869225697 768000
1759598819488 5.154524394038933 773120
1759598837193 5.187911141725504 778240
1759598850504 5.220994475138122 783360
1759598866748 5.257011903133123 788480
1759598883959 5.294007362967003 793600
1759598896565 5.330151504857667 798720
1759598914566 5.3658214563797015 803840
1759598928539 5.4007355422093255 808960
1759598942445 5.434013651188595 814080
1759598962063 5.4676765307148365 819200
1759598974362 5.501619960586526 824320
1759598988546 5.5367461057116225 829440
1759599008352 5.568015925680159 834560
1759599022072 5.595965608465608 839680
1759599034715 5.628694763897585 844800
1759599051396 5.6638202837624805 849920
1759599066167 5.694659987558524 855040
1759599081295 5.727284591041076 860160
1759599094990 5.754893672367822 865280
1759599111149 5.7841034281640855 870400
1759599127726 5.818824897445008 875520
1759599140932 5.849029266879166 880640
1759599156877 5.876732991014121 885760
1759599175134 5.904766474728087 890880
1759599187185 5.934695959950257 896000
1759599202721 5.964089363460133 901120
1759599221425 5.991163335761568 906240
1759599233400 6.018436089276131 911360
1759599248443 6.047163578013404 916480
1759599267647 6.070228241785804 921600
1759599280048 6.095223208703263 926720
1759599293313 6.120364021691704 931840
1759599311039 6.147832841385739 936960
1759599325951 6.175576065411298 942080
1759599338877 6.200327291814617 947200
1759599354804 6.229646957431746 952320
1759599372469 6.260375736738704 957440
1759599384288 6.290297890579555 962560
1759599398155 6.3196751343429405 967680
1759599418663 6.349120350642235 972800
1759599431226 6.376016753672453 977920
1759599445068 6.4036919352398245 983040
1759599461810 6.4280672116805935 988160
1759599476737 6.455559900141366 993280
1759599492429 6.48040421002129 998400
1759599505064 6.506845629558771 1003520
1759599520108 6.532904148783977 1008640
1759599534978 6.55463782755957 1013760
1759599552826 6.5747245587015755 1018880
1759599566955 6.597809400094473 1024000
1759599582580 6.619319519660937 1029120
1759599598333 6.644603598579353 1034240
1759599616207 6.6715159675672515 1039360
1759599630903 6.696025214498337 1044480
1759599644673 6.720817205552807 1049600
1759599659729 6.748077425346064 1054720
1759599675773 6.768227057053582 1059840
1759599689938 6.792407108239095 1064960
1759599705083 6.816209684380125 1070080
1759599721019 6.843482752683235 1075200
1759599734213 6.871979846559029 1080320
1759599748601 6.897530335474661 1085440
1759599765478 6.921105098262603 1090560
1759599781116 6.946601528105206 1095680
1759599795425 6.96799138883381 1100800
1759599808112 6.994209693819907 1105920
1759599826967 7.018201284796574 1111040
1759599840399 7.041699449252557 1116160
1759599856039 7.061135860581099 1121280
1759599869692 7.082262210796915 1126400
1759599887847 7.10235189210277 1131520
1759599901896 7.124350459888293 1136640
1759599917193 7.145018705833449 1141760
1759599933067 7.169808191918634 1146880
1759599952305 7.1911902530459235 1152000
1759599963754 7.210267403193448 1157120
1759599978135 7.234589557352336 1162240
1759599991697 7.253977365917664 1167360
1759600008566 7.273552502453386 1172480
1759600021526 7.294645284044577 1177600
1759600036123 7.3125 1182720
1759600054109 7.334432699845909 1187840
1759600068863 7.35370390338581 1192960
1759600083019 7.3728658618557255 1198080
1759600097261 7.3906782160959 1203200
1759600118515 7.411854387888838 1208320
1759600132052 7.428251360290195 1213440
1759600145805 7.44752101287371 1218560
1759600174264 7.462995384370523 1223680
1759600204476 7.483475775937343 1228800
1759600230950 7.502717821520925 1233920
1759600249137 7.522868421052632 1239040
1759600289989 7.540961230543087 1244160
1759600312006 7.56009111855886 1249280
1759600408471 7.578284938374765 1254400
1759600530606 7.5957973127799185 1259520
1759600682032 7.6128613354803525 1264640
1759600917515 7.626893890342131 1269760
1759601125664 7.6456104996641345 1274880
1759601389164 7.662423664613878 1280000
1759601534579 7.6795919416178435 1285120
1759601671727 7.698039215686275 1290240
1759601860137 7.713690506620316 1295360
1759601955085 7.724348845506906 1300480
1759602110013 7.739773738400915 1305600
1759602272716 7.759586122945831 1310720
1759602493472 7.7748128288142455 1315840
1759602747599 7.79423567120107 1320960
1759602963610 7.813329304831684 1326080
1759603115973 7.832357891035141 1331200
1759603361745 7.848191020244538 1336320
1759603573003 7.8649938769899785 1341440
1759603686078 7.8833927547433245 1346560
