1759596493871 154.20235294117646 5120
1759596505215 61.66733808718665 10240
1759596522907 212.57432466676804 15360
1759596535250 89.03591746624777 20480
1759596548543 110.81677190942958 25600
1759596564561 140.73428849444687 30720
1759596578801 48.25698375442956 35840
1759596592071 142.89183388410044 40960
1759596606483 104.55439226243892 46080
1759596626107 112.76526414840704 51200
1759596638353 79.59284209727309 56320
1759596651059 65.2860767374893 61440
1759596665090 162.12376792547641 66560
1759596683582 157.28443394457568 71680
1759596695626 66.08325193004569 76800
1759596711165 55.784220886311644 81920
1759596726183 97.446772919474 87040
1759596741790 67.2476631767969 92160
1759596755502 41.349672203874405 97280
1759596770283 111.12799724452216 102400
1759596790185 97.36985792552697 107520
1759596803634 77.30438468769007 112640
1759596820321 97.20062107483025 117760
1759596835966 160.71361790175493 122880
1759596850280 71.83749528996677 128000
1759596863235 117.39543215405284 133120
1759596881917 117.00245480919438 138240
1759596900622 140.9092252906 143360
1759596912082 131.54061343536347 148480
1759596929299 187.07867975022302 153600
1759596943464 71.60447965036875 158720
1759596959987 119.66289121565718 163840
1759596973073 65.47972835844196 168960
1759596991841 132.25402030648925 174080
1759597005767 114.03452869688154 179200
1759597023737 147.83772161714427 184320
1759597039477 147.4634883802693 189440
1759597055531 60.9167937490015 194560
1759597070001 94.82510399710617 199680
1759597088364 57.87082798680961 204800
1759597104441 83.64518187619656 209920
1759597116821 48.63525046382189 215040
1759597130121 137.27062673866797 220160
1759597146951 62.38274708113334 225280
1759597161951 134.10186398951305 230400
1759597175602 61.03824436812387 235520
1759597188527 110.90467754303393 240640
1759597205398 102.4350119669809 245760
1759597222574 94.19686931524693 250880
1759597238471 62.81531180734439 256000
1759597251555 45.31394431780124 261120
1759597266973 86.56974200206399 266240
1759597287706 38.245468140204984 271360
1759597300325 108.90053226015839 276480
1759597315266 138.1341061783691 281600
1759597332010 51.78664559462663 286720
1759597347867 97.13309094277575 291840
1759597360800 63.77520641050983 296960
1759597377851 66.4854959896015 302080
1759597396722 76.76532815988872 307200
1759597410293 37.82230037422787 312320
1759597427081 43.277278496032686 317440
1759597445006 53.63285765433993 322560
1759597458050 58.14278189026588 327680
1759597474979 140.0061419320382 332800
1759597492503 43.5953019436649 337920
1759597506066 41.03453538654196 343040
1759597523295 74.67692198126981 348160
1759597537203 60.34882951324441 353280
1759597552540 86.69499793303018 358400
1759597567312 39.02513095825153 363520
1759597587124 46.52944765539199 368640
1759597601542 120.75151864114007 373760
1759597616922 71.2480932239379 378880
1759597637597 135.7423864849995 384000
1759597650499 52.03141010532062 389120
1759597666320 106.60864702742546 394240
1759597683762 72.35301017767812 399360
1759597698718 118.97722179672652 404480
1759597714009 29.080864458604026 409600
1759597729444 59.234052168509656 414720
1759597744710 40.1011922403985 419840
1759597759451 107.79224383850325 424960
1759597775147 73.98796944733546 430080
1759597792510 87.21417283539881 435200
1759597807549 102.61294189602447 440320
1759597824361 87.13807287987701 445440
1759597840721 32.958541568442556 450560
1759597855722 102.74616628288668 455680
1759597874218 123.55084246494638 460800
1759597888980 135.81271249554771 465920
1759597903685 96.90866662045701 471040
1759597920743 49.83311749260399 476160
1759597934326 94.05534376821994 481280
1759597950093 33.13010165796479 486400
1759597963975 132.7647505697645 491520
1759597982973 179.89723354063906 496640
1759597996158 98.73132150087096 501760
1759598011479 94.87229133680162 506880
1759598025131 143.6700691922998 512000
1759598042969 58.52081705547494 517120
1759598060925 50.2396090362456 522240
1759598074352 67.7254363727374 527360
1759598087695 39.748900682335105 532480
1759598104727 30.27809941815977 537600
1759598122780 155.07464783524975 542720
1759598137048 148.2295730845349 547840
1759598150319 88.3792827342071 552960
1759598165509 106.66829429566899 558080
1759598186435 62.93879143470236 563200
1759598198890 127.81277425646026 568320
1759598213090 29.047432390318225 573440
1759598232527 104.19854420788512 578560
1759598246329 47.00079561626643 583680
1759598260177 35.309750307275266 588800
1759598279310 78.96349567934936 593920
1759598293761 131.9585968224005 599040
1759598307632 95.8785717551319 604160
1759598324541 133.0553564064334 609280
1759598340670 64.45140372174501 614400
1759598354357 77.0190605604319 619520
1759598369967 39.39423311731004 624640
1759598387765 52.13100165305691 629760
1759598400196 57.8860029258329 634880
1759598415177 42.85937340336392 640000
1759598435706 256.0781488491361 645120
1759598447728 74.41591114738392 650240
1759598460467 62.75610084536545 655360
1759598482312 50.81171710319095 660480
1759598494657 48.56317154501667 665600
1759598508046 47.86215238551687 670720
1759598528667 60.4767425094443 675840
1759598542742 34.236980442093575 680960
1759598557136 71.50072450179847 686080
1759598574914 90.50957035886148 691200
1759598590360 40.64878275701659 696320
1759598605876 44.713011033526996 701440
1759598620964 68.38353305616695 706560
1759598636676 43.33540661452468 711680
1759598653838 137.4866096305766 716800
1759598667566 45.82636627843454 721920
1759598684412 29.568169641598285 727040
1759598700733 34.95078579404363 732160
1759598713947 65.98448831904349 737280
1759598730648 29.61995423858083 742400
1759598744802 42.28768462973232 747520
1759598760150 76.7372388305463 752640
1759598774780 60.560570620000576 757760
1759598790246 46.583709100601965 762880
1759598804712 98.75689293871112 768000
1759598819472 76.84549568531173 773120
1759598837183 62.10011696599103 778240
1759598850487 72.35425831047628 783360
1759598866737 80.12960415711447 788480
1759598883941 92.76355191861109 793600
1759598896554 103.47874571336935 798720
1759598914552 84.75396055609441 803840
1759598928523 194.99321245932126 808960
1759598942429 87.8443462416487 814080
1759598962048 32.0788068833652 819200
1759598974351 57.59191519745153 824320
1759598988522 129.40589904973467 829440
1759599008338 213.49404458922936 834560
1759599022060 111.33152837500664 839680
1759599034700 45.44946632713876 844800
1759599051383 103.44811937353558 849920
1759599066152 73.33212112735157 855040
1759599081282 75.03764133390582 860160
1759599094978 54.707361611102414 865280
1759599111136 47.617633368527414 870400
1759599127713 82.55528874542377 875520
1759599140913 91.85143658023826 880640
1759599156852 32.239077632590316 885760
1759599175122 67.42712000643036 890880
1759599187172 47.040330178098785 896000
1759599202704 49.10385520446749 901120
1759599221412 36.978655499228566 906240
1759599233387 130.95332355053233 911360
1759599248429 104.94155324259407 916480
1759599267633 46.42849710534764 921600
1759599280033 39.66845101859383 926720
1759599293301 104.80519740129935 931840
1759599311026 60.43404463783986 936960
1759599325938 64.92027179717368 942080
1759599338862 145.04630494172977 947200
1759599354789 179.4277891854894 952320
1759599372457 64.28741780727434 957440
1759599384270 56.23748357512537 962560
1759599398140 38.627986222394135 967680
1759599418646 98.81273117063633 972800
1759599431212 65.3572886638099 977920
1759599445052 84.28559371420533 983040
1759599461797 31.978042420823105 988160
1759599476717 127.8673251630998 993280
1759599492413 71.00204831310413 998400
1759599505048 57.47196492189641 1003520
1759599520094 49.037260472566146 1008640
1759599534962 133.34723723532778 1013760
1759599552812 56.62774747529297 1018880
1759599566923 151.1351974632459 1024000
1759599582559 76.35447462317046 1029120
1759599598316 114.28621253405994 1034240
1759599616188 33.973529459411296 1039360
1759599630888 46.07302605562634 1044480
1759599644653 40.117301604001874 1049600
1759599659711 57.56425071709921 1054720
1759599675760 126.04213120173092 1059840
1759599689924 88.11192807024915 1064960
1759599705068 101.56683456024797 1070080
1759599721003 25.960313432281545 1075200
1759599734196 56.042864205448886 1080320
1759599748583 42.91726184385552 1085440
1759599765462 209.1296370163542 1090560
1759599781103 83.324473051632 1095680
1759599795406 152.5978316233719 1100800
1759599808093 93.22125663992176 1105920
1759599826949 149.03013075611142 1111040
1759599840386 95.05504815864023 1116160
1759599856020 55.32944621797747 1121280
1759599869679 75.08465655824278 1126400
1759599887830 72.0633644313867 1131520
1759599901883 87.40864853600084 1136640
1759599917167 83.26988286678578 1141760
1759599933039 107.71749961477221 1146880
1759599952286 43.69521825190124 1152000
1759599963735 98.5573231195808 1157120
1759599978120 67.05307584090038 1162240
1759599991679 90.61124673248504 1167360
1759600008545 81.06345064842195 1172480
1759600021504 144.94104637500863 1177600
1759600036100 102.20786119843068 1182720
1759600054091 89.91583595944005 1187840
1759600068842 133.96052379431492 1192960
1759600082998 218.73814863103 1198080
1759600097245 71.15985205795528 1203200
1759600118491 133.0173791703666 1208320
1759600132031 114.48586090184519 1213440
1759600145789 159.97192875395706 1218560
1759600174237 195.8582302124679 1223680
1759600204449 23.496053464492384 1228800
1759600230913 59.42371392544947 1233920
1759600249109 20.59878498568405 1239040
1759600289958 31.44344488425093 1244160
1759600311981 52.436665499824976 1249280
1759600408428 2.5082864932522178 1254400
1759600530561 8.83718343095529 1259520
1759600681978 2.9483492830702223 1264640
1759600917482 0.8393503091002673 1269760
1759601125628 1.2159982929711464 1274880
1759601389120 4.821826091155108 1280000
1759601534525 11.275586656307715 1285120
1759601671680 11.06910165734192 1290240
1759601860090 1.4469648541358842 1295360
1759601955017 15.618451822393018 1300480
1759602109952 16.96917126535368 1305600
1759602272676 13.138568331892394 1310720
1759602493386 3.3903529866327604 1315840
1759602747555 181.3753081081081 1320960
1759602963549 7.492477697471606 1326080
1759603115916 7.479450833397233 1331200
1759603361690 4.193842677305496 1336320
1759603572955 10.062602412066571 1341440
1759603686021 45.59422558483347 1346560
