1759596493876 11.291923676149912 5120
1759596505219 3.1335296956901875 10240
1759596522910 -1.3199792816205151 15360
1759596535255 -3.309241298884782 20480
1759596548549 -4.5371525933136985 25600
1759596564566 -5.421919647664019 30720
1759596578806 -5.950253039294177 35840
1759596592077 -6.3514976360997295 40960
1759596606487 -6.897649117403252 46080
1759596626113 -7.124519341754754 51200
1759596638358 -7.192251932088045 56320
1759596651063 -7.249990851180756 61440
1759596665097 -7.402213162807192 66560
1759596683587 -7.539894879405165 71680
1759596695633 -7.589635491303614 76800
1759596711172 -7.70494987745009 81920
1759596726187 -7.8547362102524705 87040
1759596741796 -7.906382925244498 92160
1759596755510 -7.974384612288796 97280
1759596770292 -8.06326978750467 102400
1759596790191 -8.129335609985278 107520
1759596803642 -8.120685542853805 112640
1759596820329 -8.162713308920171 117760
1759596835972 -8.211116168707303 122880
1759596850295 -8.286302870110054 128000
1759596863244 -8.351336000716051 133120
1759596881926 -8.38958482528253 138240
1759596900627 -8.426641539235009 143360
1759596912087 -8.47405063568476 148480
1759596929304 -8.46789825706622 153600
1759596943470 -8.493289900569275 158720
1759596959994 -8.522080398359726 163840
1759596973082 -8.522678125043871 168960
1759596991847 -8.559965443037466 174080
1759597005773 -8.577747714284058 179200
1759597023745 -8.554974270349902 184320
1759597039484 -8.560663836889654 189440
1759597055539 -8.597090088680284 194560
1759597070011 -8.638187000055137 199680
1759597088373 -8.673247373970636 204800
1759597104447 -8.711417124942745 209920
1759597116828 -8.7298265980136 215040
1759597130128 -8.753009658696309 220160
1759597146958 -8.768713159853876 225280
1759597161973 -8.758070802114096 230400
1759597175610 -8.764360428558968 235520
1759597188536 -8.791361526626725 240640
1759597205408 -8.290125237224887 245760
1759597222580 -7.692642806652103 250880
1759597238477 -7.1408639027646394 256000
1759597251563 -6.570395940883525 261120
1759597266979 -6.0386697106785565 266240
1759597287713 -5.562933928437232 271360
1759597300332 -5.058102863824261 276480
1759597315273 -4.589084240780883 281600
1759597332021 -4.112200786146095 286720
1759597347875 -3.650930628232494 291840
1759597360808 -3.2256850361319573 296960
1759597377858 -2.8358654178655485 302080
1759597396728 -2.434789315055114 307200
1759597410301 -2.0523701929260993 312320
1759597427091 -1.7110954724885385 317440
1759597445013 -1.362047657577653 322560
1759597458057 -1.0188565298009988 327680
1759597474987 -0.670682600588479 332800
1759597492512 -0.34082443977320276 337920
1759597506074 -0.044188815858054106 343040
1759597523303 0.27021426544236854 348160
1759597537213 0.5368567166679188 353280
1759597552551 0.798802473210563 358400
1759597567320 1.1023633193969726 363520
1759597587134 1.3871945085999635 368640
1759597601549 1.6288184443874962 373760
1759597616929 1.9096142863241543 378880
1759597637611 2.168680508716541 384000
1759597650508 2.3978047099401945 389120
1759597666327 2.6182992136884664 394240
1759597683774 2.8467899359706164 399360
1759597698730 3.080933219508121 404480
1759597714019 3.3100453052666814 409600
1759597729455 3.541544807032493 414720
1759597744719 3.7229947221164887 419840
1759597759465 3.9288679740579453 424960
1759597775155 4.129345943568386 430080
1759597792520 4.312305336635835 435200
1759597807565 4.493487101314964 440320
1759597824370 4.6769304969346654 445440
1759597840732 4.814611075849089 450560
1759597855733 4.98583848635084 455680
1759597874232 5.182854607409588 460800
1759597888995 5.3717464426826655 465920
1759597903694 5.751169226591022 471040
1759597920752 6.159804423987917 476160
1759597934338 6.509720005040937 481280
1759597950101 6.903800232637804 486400
1759597963993 7.26983464067229 491520
1759597982983 7.6832099521325 496640
1759597996168 8.123373040545587 501760
1759598011492 8.512689784428854 506880
1759598025142 8.87269824155978 512000
1759598042978 9.23909186309463 517120
1759598060937 9.595012451791522 522240
1759598074362 9.925792040637711 527360
1759598087705 10.301518469811905 532480
1759598104735 10.658637842127144 537600
1759598122788 11.054791574345444 542720
1759598137056 11.42868619486325 547840
1759598150327 11.803463833202361 552960
1759598165518 12.247825822102433 558080
1759598186444 12.607124875318558 563200
1759598198905 12.982339946780998 568320
1759598213103 13.351274951104303 573440
1759598232539 13.754974276258242 578560
1759598246339 14.140245755423843 583680
1759598260190 14.555484303820462 588800
1759598279319 14.961494740187458 593920
1759598293776 15.378331533787541 599040
1759598307658 15.799253381472656 604160
1759598324554 16.183031481393748 609280
1759598340680 16.57066139302457 614400
1759598354367 16.964643523521623 619520
1759598369978 17.364583522466585 624640
1759598387788 17.787513692798914 629760
1759598400207 18.209426404000357 634880
1759598415188 18.618865451988977 640000
1759598435715 18.992691167040284 645120
1759598447737 19.403620049608307 650240
1759598460476 19.84291102242579 655360
1759598482321 20.22522115869159 660480
1759598494669 20.613862221691054 665600
1759598508057 20.991777064939544 670720
1759598528680 21.37340980840145 675840
1759598542753 21.741100221591612 680960
1759598557148 22.151285288388756 686080
1759598574929 22.55031386669338 691200
1759598590376 22.947465193648796 696320
1759598605889 23.345316428973817 701440
1759598620975 23.706891038090696 706560
1759598636687 24.07101098827382 711680
1759598653852 24.407825693749395 716800
1759598667577 24.767071542634994 721920
1759598684428 25.13547952864087 727040
1759598700745 25.438525319494538 732160
1759598713957 25.823323174457325 737280
1759598730664 26.155553740192595 742400
1759598744818 26.503335615140482 747520
1759598760166 26.840971504952517 752640
1759598774792 27.216809467235645 757760
1759598790264 27.585491686449835 762880
1759598804724 27.920504092094458 768000
1759598819488 28.25604643432115 773120
1759598837193 28.587502927206994 778240
1759598850504 28.90907719321742 783360
1759598866748 29.257588209996946 788480
1759598883959 29.62791673084485 793600
1759598896565 29.980209300825635 798720
1759598914566 30.337933587642144 803840
1759598928539 30.68550071353347 808960
1759598942445 31.01405826031306 814080
1759598962063 31.341226530009553 819200
1759598974362 31.677781615627882 824320
1759598988546 32.02844292827714 829440
1759599008352 32.33667381909326 834560
1759599022072 32.60832840954816 839680
1759599034715 32.935601066905875 844800
1759599051396 33.28655908938401 849920
1759599066167 33.59229985700392 855040
1759599081295 33.91610381642989 860160
1759599094990 34.18483006914656 865280
1759599111149 34.4706987671824 870400
1759599127726 34.81336927535618 875520
1759599140932 35.10779371899959 880640
1759599156877 35.37968733644302 885760
1759599175134 35.64546364011173 890880
1759599187185 35.93609942114516 896000
1759599202721 36.22863387515995 901120
1759599221425 36.49755458924216 906240
1759599233400 36.761738280980246 911360
1759599248443 37.0444782241357 916480
1759599267647 37.269539257324155 921600
1759599280048 37.51118594311887 926720
1759599293313 37.75068733982409 931840
1759599311039 38.021747404569346 936960
1759599325951 38.29851737745453 942080
1759599338877 38.54086598078783 947200
1759599354804 38.83015175738117 952320
1759599372469 39.13338169274021 957440
1759599384288 39.42947348267158 962560
1759599398155 39.719053998946215 967680
1759599418663 40.015677516354614 972800
1759599431226 40.27883907890991 977920
1759599445068 40.55260525364471 983040
1759599461810 40.788440641628576 988160
1759599476737 41.05866529608316 993280
1759599492429 41.30304808589328 998400
1759599505064 41.566857427925235 1003520
1759599520108 41.825751011293164 1008640
1759599534978 42.03411014844081 1013760
1759599552826 42.22787193675245 1018880
1759599566955 42.45524741052511 1024000
1759599582580 42.66922140514427 1029120
1759599598333 42.91809507785011 1034240
1759599616207 43.18022083628287 1039360
1759599630903 43.42461410181358 1044480
1759599644673 43.674408308913826 1049600
1759599659729 43.94430099182209 1054720
1759599675773 44.14022453580931 1059840
1759599689938 44.37522067050859 1064960
1759599705083 44.60771103118195 1070080
1759599721019 44.877928886157406 1075200
1759599734213 45.15813061124364 1080320
1759599748601 45.41026214272869 1085440
1759599765478 45.64118198013414 1090560
1759599781116 45.89379009507193 1095680
1759599795425 46.09985010365205 1100800
1759599808112 46.35852618740583 1105920
1759599826967 46.59279411244551 1111040
1759599840399 46.826568254503194 1116160
1759599856039 47.01577725442125 1121280
1759599869692 47.2165695511057 1126400
1759599887847 47.4108697767608 1131520
1759599901896 47.621767540846186 1136640
1759599917193 47.82243902421285 1141760
1759599933067 48.069270945736626 1146880
1759599952305 48.27943694141341 1152000
1759599963754 48.46546052680135 1157120
1759599978135 48.70533346139815 1162240
1759599991697 48.890520315747466 1167360
1759600008566 49.0792851013909 1172480
1759600021526 49.29088715835575 1177600
1759600036123 49.46371794863566 1182720
1759600054109 49.6788027641344 1187840
1759600068863 49.87399503992939 1192960
1759600083019 50.0599023742405 1198080
1759600097261 50.23110273142743 1203200
1759600118515 50.44163320749886 1208320
1759600132052 50.6008730601135 1213440
1759600145805 50.790319325657826 1218560
1759600174264 50.93885255010446 1223680
1759600204476 51.13636608637042 1228800
1759600230950 51.32494579679362 1233920
1759600249137 51.52238713394968 1239040
1759600289989 51.6979945166504 1244160
1759600312006 51.884970094850985 1249280
1759600408471 52.062527448766936 1254400
1759600530606 52.235038412447935 1259520
1759600682032 52.400155631801674 1264640
1759600917515 52.534520075749796 1269760
1759601125664 52.71565413732513 1274880
1759601389164 52.87832808937506 1280000
1759601534579 53.0499115107863 1285120
1759601671727 53.225987273180436 1290240
1759601860137 53.377615729002834 1295360
1759601955085 53.47742315590141 1300480
1759602110013 53.62591367386735 1305600
1759602272716 53.82323164735757 1310720
1759602493472 53.97082608839318 1315840
1759602747599 54.158779844301336 1320960
1759602963610 54.34452089060498 1326080
1759603115973 54.53147655953801 1331200
1759603361745 54.68579942722745 1336320
1759603573003 54.851856036345076 1341440
1759603686078 55.030480981226795 1346560
