1770641520662 18.54448699951172 5120
1770641538512 20.53108024597168 10240
1770641556463 20.768375396728516 15360
1770641574277 21.011241912841797 20480
1770641592132 21.110946655273438 25600
1770641609962 20.813663482666016 30720
1770641627758 20.453855514526367 35840
1770641645494 20.30219841003418 40960
1770641663263 19.892101287841797 46080
1770641681466 19.553918838500977 51200
1770641699502 19.020660400390625 56320
1770641717345 18.79977035522461 61440
1770641735346 18.546310424804688 66560
1770641753166 18.349014282226562 71680
1770641771743 18.08818244934082 76800
1770641790148 17.811174392700195 81920
1770641808320 17.41049575805664 87040
1770641826599 16.98956871032715 92160
1770641844312 16.555988311767578 97280
1770641862107 16.179967880249023 102400
1770641879932 15.819182395935059 107520
1770641898658 15.470602989196777 112640
1770641916732 15.113178253173828 117760
1770641934437 14.8036527633667 122880
1770641952173 14.522475242614746 128000
1770641969903 14.1873197555542 133120
1770641987612 13.894277572631836 138240
1770642005862 13.633606910705566 143360
1770642024467 13.42663288116455 148480
1770642042959 13.262380599975586 153600
1770642060995 13.093469619750977 158720
1770642079698 12.950711250305176 163840
1770642098332 12.815675735473633 168960
1770642116725 12.678271293640137 174080
1770642134808 12.518133163452148 179200
1770642152804 12.36920166015625 184320
1770642170851 12.210532188415527 189440
1770642188937 12.066398620605469 194560
1770642207064 11.909375190734863 199680
1770642224963 11.743289947509766 204800
1770642243078 11.586118698120117 209920
1770642261106 11.426814079284668 215040
1770642279108 11.267321586608887 220160
1770642296954 11.107925415039062 225280
1770642314641 10.973186492919922 230400
1770642332351 10.85407829284668 235520
1770642350202 10.729654312133789 240640
1770642367918 10.597931861877441 245760
1770642385655 10.477563858032227 250880
1770642403394 10.364134788513184 256000
1770642421258 10.248872756958008 261120
1770642439054 10.134783744812012 266240
1770642456920 10.029257774353027 271360
1770642474688 9.927949905395508 276480
1770642492463 9.827980995178223 281600
1770642510227 9.74943733215332 286720
1770642528066 9.68254566192627 291840
1770642545773 9.60986328125 296960
1770642563504 9.535774230957031 302080
1770642581265 9.462968826293945 307200
1770642599302 9.37712574005127 312320
1770642617687 9.309818267822266 317440
1770642636041 9.236721992492676 322560
1770642654443 9.162620544433594 327680
1770642672254 9.089241981506348 332800
1770642690167 9.021815299987793 337920
1770642708046 8.943718910217285 343040
1770642725904 8.870498657226562 348160
1770642743840 8.804550170898438 353280
1770642761709 8.73984146118164 358400
1770642779607 8.680309295654297 363520
1770642797687 8.623016357421875 368640
1770642815556 8.569437026977539 373760
1770642833491 8.511240005493164 378880
1770642851573 8.461501121520996 384000
1770642869615 8.414104461669922 389120
1770642887891 8.369231224060059 394240
1770642905891 8.328254699707031 399360
1770642924056 8.2805757522583 404480
1770642942112 8.227435111999512 409600
1770642960241 8.179596900939941 414720
1770642978443 8.127569198608398 419840
1770642996729 8.09281063079834 424960
1770643014546 8.054712295532227 430080
1770643032388 8.01773738861084 435200
1770643050512 7.976798057556152 440320
1770643068868 7.934880256652832 445440
1770643086715 7.889781475067139 450560
1770643104692 7.847414970397949 455680
1770643122521 7.8138651847839355 460800
1770643140386 7.775468826293945 465920
1770643158296 7.737687587738037 471040
1770643176150 7.713961124420166 476160
1770643194004 7.675893306732178 481280
1770643211808 7.640078067779541 486400
1770643229838 7.602567195892334 491520
1770643247635 7.569180011749268 496640
1770643265444 7.530374050140381 501760
1770643283181 7.48714542388916 506880
1770643301031 7.453772068023682 512000
1770643318962 7.421596527099609 517120
1770643336974 7.3824920654296875 522240
1770643355085 7.348001480102539 527360
1770643373258 7.333797454833984 532480
1770643391371 7.313290596008301 537600
1770643409218 7.277312278747559 542720
1770643427076 7.241133689880371 547840
1770643444821 7.20437479019165 552960
1770643462684 7.165606498718262 558080
1770643480479 7.135792255401611 563200
1770643498201 7.103527069091797 568320
1770643516088 7.074581623077393 573440
1770643534220 7.04757833480835 578560
1770643552284 7.017491340637207 583680
1770643570172 6.99027156829834 588800
1770643588210 6.961881160736084 593920
1770643606007 6.931722164154053 599040
1770643623844 6.905999183654785 604160
1770643641785 6.875960826873779 609280
1770643659897 6.8483734130859375 614400
1770643678292 6.826188564300537 619520
1770643696437 6.804175853729248 624640
1770643714601 6.77351188659668 629760
1770643732562 6.748165607452393 634880
1770643750592 6.7244553565979 640000
1770643768726 6.698973178863525 645120
1770643786714 6.674614429473877 650240
1770643805137 6.657626152038574 655360
1770643823369 6.632914066314697 660480
1770643841260 6.610361099243164 665600
1770643859047 6.588385581970215 670720
1770643876936 6.567869663238525 675840
1770643894693 6.55161714553833 680960
1770643912500 6.528775215148926 686080
1770643930378 6.504708766937256 691200
1770643948339 6.4894304275512695 696320
1770643966166 6.465967178344727 701440
1770643984306 6.443846702575684 706560
1770644002310 6.425840377807617 711680
1770644020113 6.402357578277588 716800
1770644038027 6.382737636566162 721920
1770644056006 6.360262870788574 727040
1770644074990 6.341562271118164 732160
1770644094793 6.3281025886535645 737280
1770644113678 6.315990447998047 742400
1770644132217 6.3011555671691895 747520
1770644150452 6.285346508026123 752640
1770644168871 6.273517608642578 757760
1770644186823 6.260303974151611 762880
1770644204814 6.241497039794922 768000
1770644223404 6.2315673828125 773120
1770644242129 6.216933250427246 778240
1770644260602 6.205413818359375 783360
1770644279064 6.186452388763428 788480
1770644297541 6.171676158905029 793600
1770644316366 6.153250217437744 798720
1770644334563 6.135197162628174 803840
1770644353063 6.11761474609375 808960
1770644371410 6.099619388580322 814080
1770644389524 6.079384803771973 819200
1770644407559 6.062271595001221 824320
1770644425475 6.042699337005615 829440
1770644443310 6.02207088470459 834560
1770644461183 6.001150131225586 839680
1770644479238 5.982791900634766 844800
1770644497297 5.968562126159668 849920
1770644515218 5.9501848220825195 855040
1770644533616 5.936442852020264 860160
1770644551545 5.922332286834717 865280
1770644570304 5.904416561126709 870400
1770644588364 5.889227390289307 875520
1770644606114 5.875974655151367 880640
1770644623915 5.863791465759277 885760
1770644641758 5.84428071975708 890880
1770644659584 5.829801559448242 896000
1770644677338 5.817066192626953 901120
1770644695376 5.804973602294922 906240
1770644713163 5.7894182205200195 911360
1770644731056 5.776382923126221 916480
1770644748995 5.764715194702148 921600
1770644766888 5.750988006591797 926720
1770644784786 5.737114429473877 931840
1770644802590 5.723940849304199 936960
1770644820408 5.71499490737915 942080
1770644838141 5.703138828277588 947200
1770644855912 5.688319206237793 952320
1770644873756 5.675236701965332 957440
1770644891567 5.661280632019043 962560
1770644909545 5.650152683258057 967680
1770644927440 5.63944149017334 972800
1770644945764 5.62952184677124 977920
1770644963621 5.619831562042236 983040
1770644981444 5.609133720397949 988160
1770644999532 5.599143981933594 993280
1770645017707 5.58915376663208 998400
1770645021345 5.5865349769592285 1000448
