1770641520662 24.416711807250977 5120
1770641538512 26.275588989257812 10240
1770641556463 26.35416603088379 15360
1770641574277 26.535354614257812 20480
1770641592132 26.586694717407227 25600
1770641609962 26.204294204711914 30720
1770641627758 25.528196334838867 35840
1770641645494 25.565174102783203 40960
1770641663263 25.387615203857422 46080
1770641681466 25.299528121948242 51200
1770641699502 24.990110397338867 56320
1770641717345 24.893585205078125 61440
1770641735346 24.770610809326172 66560
1770641753166 24.72549057006836 71680
1770641771743 24.689002990722656 76800
1770641790148 24.680957794189453 81920
1770641808320 24.52326774597168 87040
1770641826599 24.345308303833008 92160
1770641844312 24.014331817626953 97280
1770641862107 23.781503677368164 102400
1770641879932 23.554365158081055 107520
1770641898658 23.324954986572266 112640
1770641916732 22.993553161621094 117760
1770641934437 22.645973205566406 122880
1770641952173 22.316242218017578 128000
1770641969903 22.010671615600586 133120
1770641987612 21.81402587890625 138240
1770642005862 21.631162643432617 143360
1770642024467 21.52325439453125 148480
1770642042959 21.47056770324707 153600
1770642060995 21.410207748413086 158720
1770642079698 21.358959197998047 163840
1770642098332 21.3090877532959 168960
1770642116725 21.232128143310547 174080
1770642134808 21.1121768951416 179200
1770642152804 21.01601791381836 184320
1770642170851 20.856544494628906 189440
1770642188937 20.729103088378906 194560
1770642207064 20.607032775878906 199680
1770642224963 20.486459732055664 204800
1770642243078 20.355297088623047 209920
1770642261106 20.236839294433594 215040
1770642279108 20.103994369506836 220160
1770642296954 19.96097755432129 225280
1770642314641 19.837108612060547 230400
1770642332351 19.744232177734375 235520
1770642350202 19.63821029663086 240640
1770642367918 19.53290367126465 245760
1770642385655 19.431007385253906 250880
1770642403394 19.329362869262695 256000
1770642421258 19.224374771118164 261120
1770642439054 19.11823272705078 266240
1770642456920 19.017053604125977 271360
1770642474688 18.907094955444336 276480
1770642492463 18.79709815979004 281600
1770642510227 18.71562957763672 286720
1770642528066 18.643749237060547 291840
1770642545773 18.569190979003906 296960
1770642563504 18.486541748046875 302080
1770642581265 18.412494659423828 307200
1770642599302 18.306459426879883 312320
1770642617687 18.236671447753906 317440
1770642636041 18.141212463378906 322560
1770642654443 18.05693244934082 327680
1770642672254 17.971637725830078 332800
1770642690167 17.909887313842773 337920
1770642708046 17.83296775817871 343040
1770642725904 17.75430679321289 348160
1770642743840 17.69441795349121 353280
1770642761709 17.632169723510742 358400
1770642779607 17.57140350341797 363520
1770642797687 17.51804542541504 368640
1770642815556 17.464366912841797 373760
1770642833491 17.402070999145508 378880
1770642851573 17.34769630432129 384000
1770642869615 17.309158325195312 389120
1770642887891 17.26424789428711 394240
1770642905891 17.229103088378906 399360
1770642924056 17.172481536865234 404480
1770642942112 17.11797332763672 409600
1770642960241 17.076717376708984 414720
1770642978443 17.024585723876953 419840
1770642996729 17.00482940673828 424960
1770643014546 16.98982810974121 430080
1770643032388 16.9748592376709 435200
1770643050512 16.941679000854492 440320
1770643068868 16.902162551879883 445440
1770643086715 16.86542320251465 450560
1770643104692 16.817668914794922 455680
1770643122521 16.79920196533203 460800
1770643140386 16.76357650756836 465920
1770643158296 16.729249954223633 471040
1770643176150 16.72191047668457 476160
1770643194004 16.688621520996094 481280
1770643211808 16.64984703063965 486400
1770643229838 16.61885643005371 491520
1770643247635 16.596290588378906 496640
1770643265444 16.563634872436523 501760
1770643283181 16.510543823242188 506880
1770643301031 16.48639488220215 512000
1770643318962 16.460655212402344 517120
1770643336974 16.416316986083984 522240
1770643355085 16.374021530151367 527360
1770643373258 16.374046325683594 532480
1770643391371 16.355791091918945 537600
1770643409218 16.30790138244629 542720
1770643427076 16.268280029296875 547840
1770643444821 16.226171493530273 552960
1770643462684 16.175487518310547 558080
1770643480479 16.146596908569336 563200
1770643498201 16.112884521484375 568320
1770643516088 16.08757972717285 573440
1770643534220 16.06554412841797 578560
1770643552284 16.03254508972168 583680
1770643570172 16.013572692871094 588800
1770643588210 15.985100746154785 593920
1770643606007 15.960416793823242 599040
1770643623844 15.931303024291992 604160
1770643641785 15.894639015197754 609280
1770643659897 15.864824295043945 614400
1770643678292 15.84390926361084 619520
1770643696437 15.827823638916016 624640
1770643714601 15.798929214477539 629760
1770643732562 15.761248588562012 634880
1770643750592 15.73507022857666 640000
1770643768726 15.705426216125488 645120
1770643786714 15.67208194732666 650240
1770643805137 15.664286613464355 655360
1770643823369 15.631288528442383 660480
1770643841260 15.606900215148926 665600
1770643859047 15.589198112487793 670720
1770643876936 15.5714750289917 675840
1770643894693 15.545638084411621 680960
1770643912500 15.524148941040039 686080
1770643930378 15.497032165527344 691200
1770643948339 15.481735229492188 696320
1770643966166 15.455636024475098 701440
1770643984306 15.430384635925293 706560
1770644002310 15.416958808898926 711680
1770644020113 15.38591194152832 716800
1770644038027 15.360846519470215 721920
1770644056006 15.332883834838867 727040
1770644074990 15.30799674987793 732160
1770644094793 15.292457580566406 737280
1770644113678 15.28427505493164 742400
1770644132217 15.27440071105957 747520
1770644150452 15.2544527053833 752640
1770644168871 15.23979377746582 757760
1770644186823 15.228797912597656 762880
1770644204814 15.206628799438477 768000
1770644223404 15.202300071716309 773120
1770644242129 15.187620162963867 778240
1770644260602 15.179152488708496 783360
1770644279064 15.158056259155273 788480
1770644297541 15.145928382873535 793600
1770644316366 15.119490623474121 798720
1770644334563 15.09506607055664 803840
1770644353063 15.073404312133789 808960
1770644371410 15.049886703491211 814080
1770644389524 15.027073860168457 819200
1770644407559 15.007927894592285 824320
1770644425475 14.980108261108398 829440
1770644443310 14.954426765441895 834560
1770644461183 14.927413940429688 839680
1770644479238 14.897758483886719 844800
1770644497297 14.88243293762207 849920
1770644515218 14.856756210327148 855040
1770644533616 14.838586807250977 860160
1770644551545 14.820077896118164 865280
1770644570304 14.799674987792969 870400
1770644588364 14.780738830566406 875520
1770644606114 14.766467094421387 880640
1770644623915 14.754230499267578 885760
1770644641758 14.727481842041016 890880
1770644659584 14.704669952392578 896000
1770644677338 14.687169075012207 901120
1770644695376 14.672329902648926 906240
1770644713163 14.65062141418457 911360
1770644731056 14.636137008666992 916480
1770644748995 14.623995780944824 921600
1770644766888 14.605547904968262 926720
1770644784786 14.593578338623047 931840
1770644802590 14.580419540405273 936960
1770644820408 14.573325157165527 942080
1770644838141 14.560319900512695 947200
1770644855912 14.544147491455078 952320
1770644873756 14.52879524230957 957440
1770644891567 14.512273788452148 962560
1770644909545 14.497420310974121 967680
1770644927440 14.486517906188965 972800
1770644945764 14.475889205932617 977920
1770644963621 14.470266342163086 983040
1770644981444 14.456504821777344 988160
1770644999532 14.442070007324219 993280
1770645017707 14.433655738830566 998400
1770645021345 14.431413650512695 1000448
