1770641520662 0.0 5120
1770641538512 0.0 10240
1770641556463 0.0 15360
1770641574277 0.0 20480
1770641592132 0.0 25600
1770641609962 0.0 30720
1770641627758 0.0 35840
1770641645494 0.0 40960
1770641663263 0.0 46080
1770641681466 0.0 51200
1770641699502 0.0 56320
1770641717345 0.0 61440
1770641735346 0.0 66560
1770641753166 0.0 71680
1770641771743 0.0 76800
1770641790148 0.0 81920
1770641808320 0.0 87040
1770641826599 0.0 92160
1770641844312 0.0 97280
1770641862107 0.0 102400
1770641879932 0.0 107520
1770641898658 0.0 112640
1770641916732 0.0 117760
1770641934437 0.0 122880
1770641952173 0.0 128000
1770641969903 0.0 133120
1770641987612 0.0 138240
1770642005862 0.0 143360
1770642024467 0.0 148480
1770642042959 0.0 153600
1770642060995 0.0 158720
1770642079698 0.0 163840
1770642098332 0.0 168960
1770642116725 0.0 174080
1770642134808 0.0 179200
1770642152804 0.0 184320
1770642170851 0.0 189440
1770642188937 0.0 194560
1770642207064 0.0 199680
1770642224963 0.0 204800
1770642243078 0.0 209920
1770642261106 0.0 215040
1770642279108 0.0 220160
1770642296954 0.0 225280
1770642314641 0.0 230400
1770642332351 0.0 235520
1770642350202 0.0 240640
1770642367918 0.0 245760
1770642385655 0.0 250880
1770642403394 0.0 256000
1770642421258 0.0 261120
1770642439054 0.0 266240
1770642456920 0.0 271360
1770642474688 0.0 276480
1770642492463 0.0 281600
1770642510227 0.0 286720
1770642528066 0.0 291840
1770642545773 0.0 296960
1770642563504 0.0 302080
1770642581265 0.0 307200
1770642599302 0.0 312320
1770642617687 0.0 317440
1770642636041 0.0 322560
1770642654443 0.0 327680
1770642672254 0.0 332800
1770642690167 0.0 337920
1770642708046 0.0 343040
1770642725904 0.0 348160
1770642743840 0.0 353280
1770642761709 0.0 358400
1770642779607 0.0 363520
1770642797687 0.0 368640
1770642815556 0.0 373760
1770642833491 0.0 378880
1770642851573 0.0 384000
1770642869615 0.0 389120
1770642887891 0.0 394240
1770642905891 0.0 399360
1770642924056 0.0 404480
1770642942112 0.0 409600
1770642960241 0.0 414720
1770642978443 0.0 419840
1770642996729 0.0 424960
1770643014546 0.0 430080
1770643032388 0.0 435200
1770643050512 0.0 440320
1770643068868 0.0 445440
1770643086715 0.0 450560
1770643104692 0.0 455680
1770643122521 0.0 460800
1770643140386 0.0 465920
1770643158296 0.0 471040
1770643176150 0.0 476160
1770643194004 0.0 481280
1770643211808 0.0 486400
1770643229838 0.0 491520
1770643247635 0.0 496640
1770643265444 0.0 501760
1770643283181 0.0 506880
1770643301031 0.0 512000
1770643318962 0.0 517120
1770643336974 0.0 522240
1770643355085 0.0 527360
1770643373258 0.0 532480
1770643391371 0.0 537600
1770643409218 0.0 542720
1770643427076 0.0 547840
1770643444821 0.0 552960
1770643462684 0.0 558080
1770643480479 0.0 563200
1770643498201 0.0 568320
1770643516088 0.0 573440
1770643534220 0.0 578560
1770643552284 0.0 583680
1770643570172 0.0 588800
1770643588210 0.0 593920
1770643606007 0.0 599040
1770643623844 0.0 604160
1770643641785 0.0 609280
1770643659897 0.0 614400
1770643678292 0.0 619520
1770643696437 0.0 624640
1770643714601 0.0 629760
1770643732562 0.0 634880
1770643750592 0.0 640000
1770643768726 0.0 645120
1770643786714 0.0 650240
1770643805137 0.0 655360
1770643823369 0.0 660480
1770643841260 0.0 665600
1770643859047 0.0 670720
1770643876936 0.0 675840
1770643894693 0.0 680960
1770643912500 0.0 686080
1770643930378 0.0 691200
1770643948339 0.0 696320
1770643966166 0.0 701440
1770643984306 0.0 706560
1770644002310 0.0 711680
1770644020113 0.0 716800
1770644038027 0.0 721920
1770644056006 0.0 727040
1770644074990 0.0 732160
1770644094793 0.0 737280
1770644113678 0.0 742400
1770644132217 0.0 747520
1770644150452 0.0 752640
1770644168871 0.0 757760
1770644186823 0.0 762880
1770644204814 0.0 768000
1770644223404 0.0 773120
1770644242129 0.0 778240
1770644260602 0.0 783360
1770644279064 0.0 788480
1770644297541 0.0 793600
1770644316366 0.0 798720
1770644334563 0.0 803840
1770644353063 0.0 808960
1770644371410 0.0 814080
1770644389524 0.0 819200
1770644407559 0.0 824320
1770644425475 0.0 829440
1770644443310 0.0 834560
1770644461183 0.0 839680
1770644479238 0.0 844800
1770644497297 0.0 849920
1770644515218 0.0 855040
1770644533616 0.0 860160
1770644551545 0.0 865280
1770644570304 0.0 870400
1770644588364 0.0 875520
1770644606114 0.0 880640
1770644623915 0.0 885760
1770644641758 0.0 890880
1770644659584 0.0 896000
1770644677338 0.0 901120
1770644695376 0.0 906240
1770644713163 0.0 911360
1770644731056 0.0 916480
1770644748995 0.0 921600
1770644766888 0.0 926720
1770644784786 0.0 931840
1770644802590 0.0 936960
1770644820408 0.0 942080
1770644838141 0.0 947200
1770644855912 0.0 952320
1770644873756 0.0 957440
1770644891567 0.0 962560
1770644909545 0.0 967680
1770644927440 0.0 972800
1770644945764 0.0 977920
1770644963621 0.0 983040
1770644981444 0.0 988160
1770644999532 0.0 993280
1770645017707 0.0 998400
1770645021345 0.0 1000448
