1770641520662 1.1056249141693115 5120
1770641538512 1.1404420137405396 10240
1770641556463 1.1315972805023193 15360
1770641574277 1.1304852962493896 20480
1770641592132 1.1285094022750854 25600
1770641609962 1.127603530883789 30720
1770641627758 1.1274722814559937 35840
1770641645494 1.1362932920455933 40960
1770641663263 1.1319818496704102 46080
1770641681466 1.1332927942276 51200
1770641699502 1.1331290006637573 56320
1770641717345 1.1349910497665405 61440
1770641735346 1.1339528560638428 66560
1770641753166 1.137466549873352 71680
1770641771743 1.1407111883163452 76800
1770641790148 1.144964337348938 81920
1770641808320 1.145043969154358 87040
1770641826599 1.1467989683151245 92160
1770641844312 1.14566171169281 97280
1770641862107 1.1466525793075562 102400
1770641879932 1.1465840339660645 107520
1770641898658 1.1458048820495605 112640
1770641916732 1.1442923545837402 117760
1770641934437 1.1434091329574585 122880
1770641952173 1.1422260999679565 128000
1770641969903 1.1427875757217407 133120
1770641987612 1.1420748233795166 138240
1770642005862 1.1423777341842651 143360
1770642024467 1.1450064182281494 148480
1770642042959 1.1463209390640259 153600
1770642060995 1.1474733352661133 158720
1770642079698 1.1476173400878906 163840
1770642098332 1.1478124856948853 168960
1770642116725 1.1491284370422363 174080
1770642134808 1.1485522985458374 179200
1770642152804 1.1504907608032227 184320
1770642170851 1.1495288610458374 189440
1770642188937 1.150192379951477 194560
1770642207064 1.149867296218872 199680
1770642224963 1.1481482982635498 204800
1770642243078 1.1479109525680542 209920
1770642261106 1.1483039855957031 215040
1770642279108 1.1478040218353271 220160
1770642296954 1.146111249923706 225280
1770642314641 1.1454191207885742 230400
1770642332351 1.145287036895752 235520
1770642350202 1.144835114479065 240640
1770642367918 1.1435251235961914 245760
1770642385655 1.142348289489746 250880
1770642403394 1.1415300369262695 256000
1770642421258 1.141566514968872 261120
1770642439054 1.140474796295166 266240
1770642456920 1.140350103378296 271360
1770642474688 1.139890193939209 276480
1770642492463 1.138710618019104 281600
1770642510227 1.1392203569412231 286720
1770642528066 1.1396206617355347 291840
1770642545773 1.1394978761672974 296960
1770642563504 1.139815330505371 302080
1770642581265 1.140095829963684 307200
1770642599302 1.1387760639190674 312320
1770642617687 1.138929009437561 317440
1770642636041 1.13762629032135 322560
1770642654443 1.1368988752365112 327680
1770642672254 1.1367460489273071 332800
1770642690167 1.1370195150375366 337920
1770642708046 1.1357512474060059 343040
1770642725904 1.134574055671692 348160
1770642743840 1.1340348720550537 353280
1770642761709 1.1332852840423584 358400
1770642779607 1.1331409215927124 363520
1770642797687 1.1323224306106567 368640
1770642815556 1.1315724849700928 373760
1770642833491 1.1308454275131226 378880
1770642851573 1.1304665803909302 384000
1770642869615 1.1308162212371826 389120
1770642887891 1.130859613418579 394240
1770642905891 1.1311848163604736 399360
1770642924056 1.1305108070373535 404480
1770642942112 1.1302096843719482 409600
1770642960241 1.1303597688674927 414720
1770642978443 1.129462480545044 419840
1770642996729 1.1295493841171265 424960
1770643014546 1.1300066709518433 430080
1770643032388 1.1302385330200195 435200
1770643050512 1.1302648782730103 440320
1770643068868 1.1297237873077393 445440
1770643086715 1.1297527551651 450560
1770643104692 1.1287200450897217 455680
1770643122521 1.129567265510559 460800
1770643140386 1.1291446685791016 465920
1770643158296 1.1288959980010986 471040
1770643176150 1.1297214031219482 476160
1770643194004 1.1292985677719116 481280
1770643211808 1.1281788349151611 486400
1770643229838 1.1275616884231567 491520
1770643247635 1.1278424263000488 496640
1770643265444 1.127377986907959 501760
1770643283181 1.1262091398239136 506880
1770643301031 1.1266846656799316 512000
1770643318962 1.1263002157211304 517120
1770643336974 1.1255003213882446 522240
1770643355085 1.1244221925735474 527360
1770643373258 1.1255886554718018 532480
1770643391371 1.125685691833496 537600
1770643409218 1.1249066591262817 542720
1770643427076 1.1242157220840454 547840
1770643444821 1.1234937906265259 552960
1770643462684 1.1225587129592896 558080
1770643480479 1.122490644454956 563200
1770643498201 1.1224507093429565 568320
1770643516088 1.1228464841842651 573440
1770643534220 1.1231800317764282 578560
1770643552284 1.1233084201812744 583680
1770643570172 1.1237517595291138 588800
1770643588210 1.123477578163147 593920
1770643606007 1.1234033107757568 599040
1770643623844 1.122937798500061 604160
1770643641785 1.1223710775375366 609280
1770643659897 1.1220993995666504 614400
1770643678292 1.1222255229949951 619520
1770643696437 1.122873306274414 624640
1770643714601 1.1228199005126953 629760
1770643732562 1.1219402551651 634880
1770643750592 1.1221282482147217 640000
1770643768726 1.1215273141860962 645120
1770643786714 1.120649814605713 650240
1770643805137 1.1211196184158325 655360
1770643823369 1.1205819845199585 660480
1770643841260 1.120430588722229 665600
1770643859047 1.1208012104034424 670720
1770643876936 1.1208051443099976 675840
1770643894693 1.1202391386032104 680960
1770643912500 1.1200703382492065 686080
1770643930378 1.1194711923599243 691200
1770643948339 1.1195814609527588 696320
1770643966166 1.1191442012786865 701440
1770643984306 1.1186585426330566 706560
1770644002310 1.1186003684997559 711680
1770644020113 1.1177968978881836 716800
1770644038027 1.117414116859436 721920
1770644056006 1.1166167259216309 727040
1770644074990 1.1163102388381958 732160
1770644094793 1.1162551641464233 737280
1770644113678 1.1165493726730347 742400
1770644132217 1.116511344909668 747520
1770644150452 1.1160269975662231 752640
1770644168871 1.1157208681106567 757760
1770644186823 1.1158206462860107 762880
1770644204814 1.1154600381851196 768000
1770644223404 1.1156835556030273 773120
1770644242129 1.1154448986053467 778240
1770644260602 1.1154696941375732 783360
1770644279064 1.1150585412979126 788480
1770644297541 1.1149380207061768 793600
1770644316366 1.1143956184387207 798720
1770644334563 1.1138445138931274 803840
1770644353063 1.113469123840332 808960
1770644371410 1.1128891706466675 814080
1770644389524 1.1124200820922852 819200
1770644407559 1.112162709236145 824320
1770644425475 1.1112287044525146 829440
1770644443310 1.1105494499206543 834560
1770644461183 1.1098999977111816 839680
1770644479238 1.1088180541992188 844800
1770644497297 1.1087968349456787 849920
1770644515218 1.1081267595291138 855040
1770644533616 1.107857584953308 860160
1770644551545 1.1077446937561035 865280
1770644570304 1.107473373413086 870400
1770644588364 1.1069697141647339 875520
1770644606114 1.1069989204406738 880640
1770644623915 1.1070500612258911 885760
1770644641758 1.1060606241226196 890880
1770644659584 1.105099081993103 896000
1770644677338 1.1046136617660522 901120
1770644695376 1.1043927669525146 906240
1770644713163 1.1038776636123657 911360
1770644731056 1.1035133600234985 916480
1770644748995 1.1035085916519165 921600
1770644766888 1.1030442714691162 926720
1770644784786 1.1031436920166016 931840
1770644802590 1.1031494140625 936960
1770644820408 1.1033604145050049 942080
1770644838141 1.1033148765563965 947200
1770644855912 1.1029019355773926 952320
1770644873756 1.1024243831634521 957440
1770644891567 1.1022002696990967 962560
1770644909545 1.1018497943878174 967680
1770644927440 1.101755142211914 972800
1770644945764 1.1017353534698486 977920
1770644963621 1.1018716096878052 983040
1770644981444 1.1016379594802856 988160
1770644999532 1.1012799739837646 993280
1770645017707 1.1010316610336304 998400
1770645021345 1.1010290384292603 1000448
