1770641520662 1.1170471906661987 5120
1770641538512 1.1252095699310303 10240
1770641556463 1.1237930059432983 15360
1770641574277 1.1066081523895264 20480
1770641592132 1.1014536619186401 25600
1770641609962 1.0780123472213745 30720
1770641627758 0.9938302040100098 35840
1770641645494 1.0156327486038208 40960
1770641663263 1.0381380319595337 46080
1770641681466 1.0698014497756958 51200
1770641699502 1.086809754371643 56320
1770641717345 1.0986666679382324 61440
1770641735346 1.1130659580230713 66560
1770641753166 1.127381682395935 71680
1770641771743 1.1521999835968018 76800
1770641790148 1.1883621215820312 81920
1770641808320 1.2164292335510254 87040
1770641826599 1.2367018461227417 92160
1770641844312 1.2335975170135498 97280
1770641862107 1.239837646484375 102400
1770641879932 1.2462409734725952 107520
1770641898658 1.251422643661499 112640
1770641916732 1.2398390769958496 117760
1770641934437 1.2190676927566528 122880
1770641952173 1.2018438577651978 128000
1770641969903 1.1912869215011597 133120
1770641987612 1.1951215267181396 138240
1770642005862 1.1958386898040771 143360
1770642024467 1.1990007162094116 148480
1770642042959 1.2073578834533691 153600
1770642060995 1.2159779071807861 158720
1770642079698 1.2247000932693481 163840
1770642098332 1.2305192947387695 168960
1770642116725 1.2314600944519043 174080
1770642134808 1.229520559310913 179200
1770642152804 1.2295007705688477 184320
1770642170851 1.2219504117965698 189440
1770642188937 1.2174774408340454 194560
1770642207064 1.2142750024795532 199680
1770642224963 1.2139402627944946 204800
1770642243078 1.212613582611084 209920
1770642261106 1.2118943929672241 215040
1770642279108 1.2087674140930176 220160
1770642296954 1.2058169841766357 225280
1770642314641 1.2029211521148682 230400
1770642332351 1.2013062238693237 235520
1770642350202 1.1990114450454712 240640
1770642367918 1.195676326751709 245760
1770642385655 1.1922086477279663 250880
1770642403394 1.1874021291732788 256000
1770642421258 1.1838024854660034 261120
1770642439054 1.1790525913238525 266240
1770642456920 1.175362467765808 271360
1770642474688 1.1709632873535156 276480
1770642492463 1.166305661201477 281600
1770642510227 1.1625659465789795 286720
1770642528066 1.1585097312927246 291840
1770642545773 1.1554912328720093 296960
1770642563504 1.1509243249893188 302080
1770642581265 1.1482970714569092 307200
1770642599302 1.1421147584915161 312320
1770642617687 1.1387728452682495 317440
1770642636041 1.133520483970642 322560
1770642654443 1.1292922496795654 327680
1770642672254 1.1249357461929321 332800
1770642690167 1.1211189031600952 337920
1770642708046 1.1182140111923218 343040
1770642725904 1.1149150133132935 348160
1770642743840 1.1137830018997192 353280
1770642761709 1.111217737197876 358400
1770642779607 1.1081116199493408 363520
1770642797687 1.1062101125717163 368640
1770642815556 1.1033003330230713 373760
1770642833491 1.100829839706421 378880
1770642851573 1.0980496406555176 384000
1770642869615 1.0964140892028809 389120
1770642887891 1.0938136577606201 394240
1770642905891 1.0924023389816284 399360
1770642924056 1.0883252620697021 404480
1770642942112 1.0849844217300415 409600
1770642960241 1.0831053256988525 414720
1770642978443 1.0809706449508667 419840
1770642996729 1.0816444158554077 424960
1770643014546 1.0829758644104004 430080
1770643032388 1.0838632583618164 435200
1770643050512 1.0829150676727295 440320
1770643068868 1.0816837549209595 445440
1770643086715 1.0814317464828491 450560
1770643104692 1.079177975654602 455680
1770643122521 1.0797216892242432 460800
1770643140386 1.0786263942718506 465920
1770643158296 1.0773111581802368 471040
1770643176150 1.0777499675750732 476160
1770643194004 1.0766793489456177 481280
1770643211808 1.075340747833252 486400
1770643229838 1.073982834815979 491520
1770643247635 1.0735729932785034 496640
1770643265444 1.0723834037780762 501760
1770643283181 1.0699567794799805 506880
1770643301031 1.0701572895050049 512000
1770643318962 1.0695745944976807 517120
1770643336974 1.0676079988479614 522240
1770643355085 1.0658477544784546 527360
1770643373258 1.0673688650131226 532480
1770643391371 1.0666584968566895 537600
1770643409218 1.0635995864868164 542720
1770643427076 1.062036395072937 547840
1770643444821 1.0600343942642212 552960
1770643462684 1.0572452545166016 558080
1770643480479 1.0560028553009033 563200
1770643498201 1.0542105436325073 568320
1770643516088 1.053297758102417 573440
1770643534220 1.0530325174331665 578560
1770643552284 1.0517253875732422 583680
1770643570172 1.051693081855774 588800
1770643588210 1.0507473945617676 593920
1770643606007 1.04985773563385 599040
1770643623844 1.0482845306396484 604160
1770643641785 1.0462538003921509 609280
1770643659897 1.0451546907424927 614400
1770643678292 1.0444451570510864 619520
1770643696437 1.0435538291931152 624640
1770643714601 1.0424063205718994 629760
1770643732562 1.040004849433899 634880
1770643750592 1.0383002758026123 640000
1770643768726 1.037199854850769 645120
1770643786714 1.0354163646697998 650240
1770643805137 1.0358120203018188 655360
1770643823369 1.0342848300933838 660480
1770643841260 1.033125877380371 665600
1770643859047 1.0327311754226685 670720
1770643876936 1.0327296257019043 675840
1770643894693 1.0306956768035889 680960
1770643912500 1.0300136804580688 686080
1770643930378 1.0289921760559082 691200
1770643948339 1.0280243158340454 696320
1770643966166 1.0269923210144043 701440
1770643984306 1.0260437726974487 706560
1770644002310 1.02566397190094 711680
1770644020113 1.0241992473602295 716800
1770644038027 1.0232657194137573 721920
1770644056006 1.0217677354812622 727040
1770644074990 1.0207082033157349 732160
1770644094793 1.019758701324463 737280
1770644113678 1.020004391670227 742400
1770644132217 1.0203027725219727 747520
1770644150452 1.019270896911621 752640
1770644168871 1.0184526443481445 757760
1770644186823 1.0181797742843628 762880
1770644204814 1.0168296098709106 768000
1770644223404 1.0168501138687134 773120
1770644242129 1.0158377885818481 778240
1770644260602 1.0150970220565796 783360
1770644279064 1.013896107673645 788480
1770644297541 1.0129321813583374 793600
1770644316366 1.0113005638122559 798720
1770644334563 1.01011061668396 803840
1770644353063 1.0089895725250244 808960
1770644371410 1.0076050758361816 814080
1770644389524 1.0063245296478271 819200
1770644407559 1.0054429769515991 824320
1770644425475 1.00391685962677 829440
1770644443310 1.0031522512435913 834560
1770644461183 1.0017098188400269 839680
1770644479238 0.9996463060379028 844800
1770644497297 0.9988618493080139 849920
1770644515218 0.9972671270370483 855040
1770644533616 0.996049702167511 860160
1770644551545 0.9948272705078125 865280
1770644570304 0.993797242641449 870400
1770644588364 0.9929444193840027 875520
1770644606114 0.9921234250068665 880640
1770644623915 0.9914310574531555 885760
1770644641758 0.9899075031280518 890880
1770644659584 0.9884817600250244 896000
1770644677338 0.9874153137207031 901120
1770644695376 0.9863017797470093 906240
1770644713163 0.9848581552505493 911360
1770644731056 0.9846781492233276 916480
1770644748995 0.9844970703125 921600
1770644766888 0.9833279252052307 926720
1770644784786 0.9827361106872559 931840
1770644802590 0.9823036193847656 936960
1770644820408 0.981781542301178 942080
1770644838141 0.9809711575508118 947200
1770644855912 0.9801779985427856 952320
1770644873756 0.9795169234275818 957440
1770644891567 0.9786280989646912 962560
1770644909545 0.977715790271759 967680
1770644927440 0.9772853851318359 972800
1770644945764 0.9767845273017883 977920
1770644963621 0.9767581820487976 983040
1770644981444 0.9760319590568542 988160
1770644999532 0.9752038717269897 993280
1770645017707 0.9750198721885681 998400
1770645021345 0.9750626087188721 1000448
