1770641520662 0.29227709770202637 5120
1770641538512 0.2830227017402649 10240
1770641556463 0.27694445848464966 15360
1770641574277 0.2684691250324249 20480
1770641592132 0.2658669352531433 25600
1770641609962 0.26229217648506165 30720
1770641627758 0.24691055715084076 35840
1770641645494 0.25662875175476074 40960
1770641663263 0.2674788236618042 46080
1770641681466 0.2799364924430847 51200
1770641699502 0.2928599715232849 56320
1770641717345 0.2986684739589691 61440
1770641735346 0.30654051899909973 66560
1770641753166 0.31395184993743896 71680
1770641771743 0.32576867938041687 76800
1770641790148 0.33927685022354126 81920
1770641808320 0.3525414764881134 87040
1770641826599 0.3644710183143616 92160
1770641844312 0.3700716495513916 97280
1770641862107 0.37733983993530273 102400
1770641879932 0.3838626444339752 107520
1770641898658 0.3902803361415863 112640
1770641916732 0.39186999201774597 117760
1770641934437 0.3896031975746155 122880
1770641952173 0.3878023326396942 128000
1770641969903 0.3902924358844757 133120
1770641987612 0.3955385386943817 138240
1770642005862 0.3998333811759949 143360
1770642024467 0.40436071157455444 148480
1770642042959 0.4098919928073883 153600
1770642060995 0.4155726432800293 158720
1770642079698 0.4200862944126129 163840
1770642098332 0.42443451285362244 168960
1770642116725 0.4275059998035431 174080
1770642134808 0.4295046329498291 179200
1770642152804 0.4322654604911804 184320
1770642170851 0.4319354295730591 189440
1770642188937 0.4329482614994049 194560
1770642207064 0.43490004539489746 199680
1770642224963 0.4373093545436859 204800
1770642243078 0.439103364944458 209920
1770642261106 0.44171279668807983 215040
1770642279108 0.443167507648468 220160
1770642296954 0.44407522678375244 225280
1770642314641 0.44490382075309753 230400
1770642332351 0.44633975625038147 235520
1770642350202 0.44749900698661804 240640
1770642367918 0.4486171007156372 245760
1770642385655 0.44973719120025635 250880
1770642403394 0.4499654173851013 256000
1770642421258 0.450757771730423 261120
1770642439054 0.4508850574493408 266240
1770642456920 0.45112183690071106 271360
1770642474688 0.4512072205543518 276480
1770642492463 0.4504905939102173 281600
1770642510227 0.45052504539489746 286720
1770642528066 0.45033422112464905 291840
1770642545773 0.4504866600036621 296960
1770642563504 0.45012950897216797 302080
1770642581265 0.4503481090068817 307200
1770642599302 0.4495794177055359 312320
1770642617687 0.44967198371887207 317440
1770642636041 0.44866108894348145 322560
1770642654443 0.4480989873409271 327680
1770642672254 0.44779372215270996 332800
1770642690167 0.4480232298374176 337920
1770642708046 0.448181688785553 343040
1770642725904 0.447968989610672 348160
1770642743840 0.4482952654361725 353280
1770642761709 0.4484902322292328 358400
1770642779607 0.4483135938644409 363520
1770642797687 0.4485146105289459 368640
1770642815556 0.44817671179771423 373760
1770642833491 0.44821852445602417 378880
1770642851573 0.4481337368488312 384000
1770642869615 0.4485800564289093 389120
1770642887891 0.4483317732810974 394240
1770642905891 0.44843706488609314 399360
1770642924056 0.44769802689552307 404480
1770642942112 0.44756925106048584 409600
1770642960241 0.4479326605796814 414720
1770642978443 0.4478510022163391 419840
1770642996729 0.44887271523475647 424960
1770643014546 0.4499516785144806 430080
1770643032388 0.4511260986328125 435200
1770643050512 0.45154720544815063 440320
1770643068868 0.45172494649887085 445440
1770643086715 0.45247191190719604 450560
1770643104692 0.45211824774742126 455680
1770643122521 0.45309510827064514 460800
1770643140386 0.4534439146518707 465920
1770643158296 0.45363155007362366 471040
1770643176150 0.45453977584838867 476160
1770643194004 0.45465484261512756 481280
1770643211808 0.45449191331863403 486400
1770643229838 0.4545009434223175 491520
1770643247635 0.4551091492176056 496640
1770643265444 0.45555055141448975 501760
1770643283181 0.4551689624786377 506880
1770643301031 0.4558085799217224 512000
1770643318962 0.4562457501888275 517120
1770643336974 0.4560801386833191 522240
1770643355085 0.455930233001709 527360
1770643373258 0.45676279067993164 532480
1770643391371 0.45669639110565186 537600
1770643409218 0.4561313986778259 542720
1770643427076 0.456067830324173 547840
1770643444821 0.4557209312915802 552960
1770643462684 0.45515456795692444 558080
1770643480479 0.45522817969322205 563200
1770643498201 0.45526573061943054 568320
1770643516088 0.4555266797542572 573440
1770643534220 0.45574751496315 578560
1770643552284 0.4555600881576538 583680
1770643570172 0.4561803340911865 588800
1770643588210 0.4562970697879791 593920
1770643606007 0.4565492868423462 599040
1770643623844 0.45646941661834717 604160
1770643641785 0.45611631870269775 609280
1770643659897 0.456032931804657 614400
1770643678292 0.45605555176734924 619520
1770643696437 0.4563169479370117 624640
1770643714601 0.4565472900867462 629760
1770643732562 0.4559008479118347 634880
1770643750592 0.45577487349510193 640000
1770643768726 0.4559473395347595 645120
1770643786714 0.4555085003376007 650240
1770643805137 0.45600035786628723 655360
1770643823369 0.45579108595848083 660480
1770643841260 0.4556529223918915 665600
1770643859047 0.45594897866249084 670720
1770643876936 0.45610424876213074 675840
1770643894693 0.4554821848869324 680960
1770643912500 0.4554848074913025 686080
1770643930378 0.4552721381187439 691200
1770643948339 0.4552830755710602 696320
1770643966166 0.45510467886924744 701440
1770643984306 0.45502445101737976 706560
1770644002310 0.455232709646225 711680
1770644020113 0.4549270570278168 716800
1770644038027 0.4547385275363922 721920
1770644056006 0.4543415307998657 727040
1770644074990 0.4541693925857544 732160
1770644094793 0.4540662169456482 737280
1770644113678 0.45430296659469604 742400
1770644132217 0.4547857344150543 747520
1770644150452 0.454678475856781 752640
1770644168871 0.4544563889503479 757760
1770644186823 0.45458006858825684 762880
1770644204814 0.45430895686149597 768000
1770644223404 0.4545801281929016 773120
1770644242129 0.4544539749622345 778240
1770644260602 0.45447781682014465 783360
1770644279064 0.4543763995170593 788480
1770644297541 0.45434343814849854 793600
1770644316366 0.4539823532104492 798720
1770644334563 0.45371437072753906 803840
1770644353063 0.45350080728530884 808960
1770644371410 0.45323848724365234 814080
1770644389524 0.4530758857727051 819200
1770644407559 0.453031063079834 824320
1770644425475 0.4526413679122925 829440
1770644443310 0.45255598425865173 834560
1770644461183 0.45232757925987244 839680
1770644479238 0.451748251914978 844800
1770644497297 0.4516451358795166 849920
1770644515218 0.4512072503566742 855040
1770644533616 0.45103174448013306 860160
1770644551545 0.4509519040584564 865280
1770644570304 0.4509112536907196 870400
1770644588364 0.45084401965141296 875520
1770644606114 0.4508126676082611 880640
1770644623915 0.4508340060710907 885760
1770644641758 0.4504496455192566 890880
1770644659584 0.45006588101387024 896000
1770644677338 0.4498402774333954 901120
1770644695376 0.4495483934879303 906240
1770644713163 0.4491855204105377 911360
1770644731056 0.44920575618743896 916480
1770644748995 0.44922348856925964 921600
1770644766888 0.44900602102279663 926720
1770644784786 0.4490481913089752 931840
1770644802590 0.4491330087184906 936960
1770644820408 0.4491385817527771 942080
1770644838141 0.44907280802726746 947200
1770644855912 0.44902440905570984 952320
1770644873756 0.44898438453674316 957440
1770644891567 0.4488750398159027 962560
1770644909545 0.44855743646621704 967680
1770644927440 0.4485536217689514 972800
1770644945764 0.4485473036766052 977920
1770644963621 0.4486280083656311 983040
1770644981444 0.44845831394195557 988160
1770644999532 0.44829025864601135 993280
1770645017707 0.44831398129463196 998400
1770645021345 0.44834545254707336 1000448
