1770641520658 218.76096594168882 5120
1770641538508 218.2033087087712 10240
1770641556459 201.8335979981714 15360
1770641574272 142.09790967916794 20480
1770641592123 194.7758892913532 25600
1770641609954 106.69000076310635 30720
1770641627753 196.79557077839817 35840
1770641645489 201.49423520368947 40960
1770641663252 102.90245338567223 46080
1770641681455 125.00533484338212 51200
1770641699494 133.2709710218607 56320
1770641717339 164.05147260140023 61440
1770641735340 202.74091260634185 66560
1770641753161 184.93403880070548 71680
1770641771738 63.9326880573127 76800
1770641790143 186.67901014776572 81920
1770641808314 133.8750079795723 87040
1770641826593 187.10371592987465 92160
1770641844303 107.92815603931861 97280
1770641862102 184.07372948301588 102400
1770641879926 140.8619022031166 107520
1770641898652 107.11778526917969 112640
1770641916726 173.8859914597239 117760
1770641934431 190.20924221123758 122880
1770641952167 180.75780037924497 128000
1770641969896 161.75487851908986 133120
1770641987605 195.73940638417025 138240
1770642005853 189.52166644073924 143360
1770642024461 212.6282064280645 148480
1770642042953 201.43617327826337 153600
1770642060987 187.24571428571429 158720
1770642079691 194.82112499419387 163840
1770642098326 182.93370551290997 168960
1770642116718 184.30020212672466 174080
1770642134801 173.43301356268609 179200
1770642152797 110.39094617712857 184320
1770642170841 141.90560611699428 189440
1770642188931 139.7588884075839 194560
1770642207056 99.28051695978412 199680
1770642224955 187.17886469118173 204800
1770642243072 139.80081327911472 209920
1770642261098 197.07296903632007 215040
1770642279100 137.44155716485892 220160
1770642296868 195.1837684396668 225280
1770642314635 191.42458126055405 230400
1770642332344 158.2218869063337 235520
1770642350194 165.17559957468595 240640
1770642367911 157.07827129054004 245760
1770642385647 139.77286057051452 250880
1770642403387 182.6548795889039 256000
1770642421250 178.2080217539089 261120
1770642439047 186.32242015014882 266240
1770642456908 143.22362984463035 271360
1770642474680 179.0371793230034 276480
1770642492456 88.80592843531653 281600
1770642510219 141.5703243662875 286720
1770642528059 121.26822216439703 291840
1770642545762 185.2525948500508 296960
1770642563496 136.08591544726 302080
1770642581257 161.57417466004082 307200
1770642599293 173.203832177073 312320
1770642617679 122.84520985267844 317440
1770642636033 126.6625596424473 322560
1770642654434 176.21645239895807 327680
1770642672245 157.95970323503934 332800
1770642690159 174.13866976666944 337920
1770642708038 108.81295076013075 343040
1770642725895 131.3675770483588 348160
1770642743832 83.81567483314016 353280
1770642761701 202.7605143575365 358400
1770642779599 196.50974512743628 363520
1770642797678 107.07676597482832 368640
1770642815547 160.36337220416746 373760
1770642833482 174.93030821203652 378880
1770642851559 106.41390333629329 384000
1770642869604 130.12856788284935 389120
1770642887884 140.64462477365703 394240
1770642905883 194.27967946639492 399360
1770642924047 133.0722421396618 404480
1770642942103 174.73354440926514 409600
1770642960226 122.94963944421644 414720
1770642978434 104.78686886351713 419840
1770642996721 131.4952503370223 424960
1770643014538 198.7350864723999 430080
1770643032378 193.8307685198022 435200
1770643050496 119.36661164551198 440320
1770643068859 171.6585086355079 445440
1770643086707 200.77085826432435 450560
1770643104684 122.85960338615659 455680
1770643122511 143.16985253959584 460800
1770643140371 186.8952856251671 465920
1770643158287 115.64113592500689 471040
1770643176141 183.67873877819136 476160
1770643193995 116.55700986522162 481280
1770643211798 176.49823262077092 486400
1770643229828 180.83573337932225 491520
1770643247625 183.96070175438595 496640
1770643265434 174.34134175741957 501760
1770643283172 136.4356255285928 506880
1770643301013 129.70202238852124 512000
1770643318952 103.03136898474538 517120
1770643336964 167.0505018320854 522240
1770643355072 145.31263858093126 527360
1770643373248 120.07741196679072 532480
1770643391361 180.4777969018933 537600
1770643409209 130.10838477525823 542720
1770643427066 162.86029354663353 547840
1770643444810 118.81881019830028 552960
1770643462674 187.96737474231423 558080
1770643480469 190.04549161758044 563200
1770643498191 195.57511890329198 568320
1770643516077 155.91048992639952 573440
1770643534210 174.9376042709376 578560
1770643552274 178.82344915796205 583680
1770643570161 191.03224631080343 588800
1770643588200 193.74123516097742 593920
1770643605996 133.6404014656683 599040
1770643623832 180.85132804415315 604160
1770643641774 80.72178598922248 609280
1770643659886 197.5742616232512 614400
1770643678275 163.1326669518883 619520
1770643696420 143.7734891852055 624640
1770643714588 175.266558020977 629760
1770643732551 195.3110128055879 634880
1770643750579 126.90783661119517 640000
1770643768714 178.84632440730002 645120
1770643786695 192.77951923518867 650240
1770643805125 175.74390346099054 655360
1770643823357 163.31687563273888 660480
1770643841249 185.75305580159434 665600
1770643859038 199.56720749869154 670720
1770643876925 212.6497667815859 675840
1770643894677 166.9906437870765 680960
1770643912488 188.8305420493427 686080
1770643930366 170.41010847925892 691200
1770643948327 152.96513493800146 696320
1770643966151 125.87947178871549 701440
1770643984296 119.7927626881444 706560
1770644002296 183.7994741454864 711680
1770644020102 195.34739881700898 716800
1770644038016 127.4399611084103 721920
1770644055983 148.77639046538025 727040
1770644074973 103.18344854731974 732160
1770644094779 171.30095977128855 737280
1770644113666 146.21432057449627 742400
1770644132202 119.4379929948458 747520
1770644150439 187.19557261447827 752640
1770644168857 170.50016260162602 757760
1770644186811 189.62448573624485 762880
1770644204802 184.13029544756134 768000
1770644223391 173.9725413745904 773120
1770644242110 102.59537204637738 778240
1770644260588 171.37795211244585 783360
1770644279051 197.81653539593455 788480
1770644297521 184.59220139072264 793600
1770644316353 189.38474736984693 798720
1770644334545 178.21559379647334 803840
1770644353049 161.18299900084543 808960
1770644371398 177.56674145887135 814080
1770644389512 121.08267898383372 819200
1770644407541 99.7788562184794 824320
1770644425463 171.56020942408378 829440
1770644443296 185.3917963224894 834560
1770644461171 209.23396188765838 839680
1770644479224 172.5128120758442 844800
1770644497284 186.87863126002495 849920
1770644515204 108.25686557918645 855040
1770644533602 137.36053708858688 860160
1770644551532 195.8125116713352 865280
1770644570289 151.38612574893526 870400
1770644588350 90.4627197239297 875520
1770644606101 196.70327815035407 880640
1770644623893 106.08822339133954 885760
1770644641744 74.78744004422018 890880
1770644659569 182.1234910985671 896000
1770644677325 170.52789071393724 901120
1770644695356 162.49434371610104 906240
1770644713148 185.70371026299478 911360
1770644731040 115.71770678143795 916480
1770644748980 173.7347361444785 921600
1770644766875 197.90987590242062 926720
1770644784774 181.69745278114712 931840
1770644802575 202.33991027063533 936960
1770644820387 135.07790409326591 942080
1770644838114 124.30882309356569 947200
1770644855891 200.69400449782287 952320
1770644873740 112.07524583155194 957440
1770644891554 127.48256891887785 962560
1770644909533 227.70380021715528 967680
1770644927426 135.4968179615571 972800
1770644945751 169.1115232642529 977920
1770644963605 128.70700871486437 983040
1770644981429 120.28402638371092 988160
1770644999502 112.70466209861615 993280
1770645017691 189.77033752601574 998400
1770645021320 173.58374374042958 1000448
