1770959348908 19.09164810180664 5120
1770959435181 20.635711669921875 10240
1770959521136 21.36621856689453 15360
1770959607061 21.756744384765625 20480
1770959692984 21.862926483154297 25600
1770959778800 21.995037078857422 30720
1770959864660 22.105026245117188 35840
1770959950547 22.231887817382812 40960
1770960036443 22.312633514404297 46080
1770960122514 22.446298599243164 51200
1770960208427 22.583648681640625 56320
1770960294338 22.7995662689209 61440
1770960380167 22.838417053222656 66560
1770960466022 22.909900665283203 71680
1770960552234 22.890460968017578 76800
1770960638094 22.96491813659668 81920
1770960724039 22.977306365966797 87040
1770960809960 22.89229393005371 92160
1770960895852 22.91011619567871 97280
1770960981775 23.004426956176758 102400
1770961067624 23.135692596435547 107520
1770961153473 23.075719833374023 112640
1770961239453 23.079349517822266 117760
1770961325407 23.062515258789062 122880
1770961411189 23.05082130432129 128000
1770961497124 23.05375099182129 133120
1770961583019 23.073190689086914 138240
1770961668963 23.04954719543457 143360
1770961754954 23.101451873779297 148480
1770961840901 23.054039001464844 153600
1770961926886 23.092098236083984 158720
1770962012746 23.16765594482422 163840
1770962098660 23.176362991333008 168960
1770962184630 23.208826065063477 174080
1770962270401 23.263437271118164 179200
1770962356355 23.227819442749023 184320
1770962442769 23.223520278930664 189440
1770962528650 23.238832473754883 194560
1770962614573 23.19886016845703 199680
1770962700549 23.215627670288086 204800
1770962786533 23.227981567382812 209920
1770962872542 23.258089065551758 215040
1770962958586 23.256999969482422 220160
1770963044573 23.276538848876953 225280
1770963130561 23.295618057250977 230400
1770963216482 23.311798095703125 235520
1770963302444 23.340198516845703 240640
1770963388250 23.325092315673828 245760
1770963474235 23.300508499145508 250880
1770963560185 23.325855255126953 256000
1770963646163 23.310077667236328 261120
1770963732146 23.338687896728516 266240
1770963818155 23.328845977783203 271360
1770963904148 23.32599449157715 276480
1770963990144 23.31321144104004 281600
1770964076099 23.317304611206055 286720
1770964162113 23.3405818939209 291840
1770964248111 23.34994888305664 296960
1770964282527 23.348203659057617 300032
