1770959348908 22.654010772705078 5120
1770959435181 23.4014835357666 10240
1770959521136 23.868825912475586 15360
1770959607061 24.11472511291504 20480
1770959692984 24.110689163208008 25600
1770959778800 24.176301956176758 30720
1770959864660 24.25699234008789 35840
1770959950547 24.347755432128906 40960
1770960036443 24.378957748413086 46080
1770960122514 24.48876190185547 51200
1770960208427 24.613744735717773 56320
1770960294338 24.823747634887695 61440
1770960380167 24.84754753112793 66560
1770960466022 24.905256271362305 71680
1770960552234 24.869091033935547 76800
1770960638094 24.926584243774414 81920
1770960724039 24.92842674255371 87040
1770960809960 24.83988380432129 92160
1770960895852 24.846187591552734 97280
1770960981775 24.94232749938965 102400
1770961067624 25.072587966918945 107520
1770961153473 25.00487518310547 112640
1770961239453 24.99583625793457 117760
1770961325407 24.97298240661621 122880
1770961411189 24.95023536682129 128000
1770961497124 24.945911407470703 133120
1770961583019 24.960620880126953 138240
1770961668963 24.93943214416504 143360
1770961754954 24.989303588867188 148480
1770961840901 24.93895721435547 153600
1770961926886 24.9740047454834 158720
1770962012746 25.049047470092773 163840
1770962098660 25.05594253540039 168960
1770962184630 25.091657638549805 174080
1770962270401 25.146032333374023 179200
1770962356355 25.107975006103516 184320
1770962442769 25.103858947753906 189440
1770962528650 25.11550521850586 194560
1770962614573 25.076509475708008 199680
1770962700549 25.091018676757812 204800
1770962786533 25.10291290283203 209920
1770962872542 25.135047912597656 215040
1770962958586 25.13446044921875 220160
1770963044573 25.15238380432129 225280
1770963130561 25.172910690307617 230400
1770963216482 25.188512802124023 235520
1770963302444 25.213796615600586 240640
1770963388250 25.195655822753906 245760
1770963474235 25.17053985595703 250880
1770963560185 25.193500518798828 256000
1770963646163 25.175941467285156 261120
1770963732146 25.20158576965332 266240
1770963818155 25.19004249572754 271360
1770963904148 25.185834884643555 276480
1770963990144 25.17395782470703 281600
1770964076099 25.176815032958984 286720
1770964162113 25.2001895904541 291840
1770964248111 25.20801544189453 296960
1770964282527 25.205568313598633 300032
