1770959348908 1.0947349071502686 5120
1770959435181 1.1192623376846313 10240
1770959521136 1.1288224458694458 15360
1770959607061 1.1425518989562988 20480
1770959692984 1.1437575817108154 25600
1770959778800 1.1441154479980469 30720
1770959864660 1.1453546285629272 35840
1770959950547 1.1462236642837524 40960
1770960036443 1.1425962448120117 46080
1770960122514 1.1461400985717773 51200
1770960208427 1.1520479917526245 56320
1770960294338 1.156827449798584 61440
1770960380167 1.159941554069519 66560
1770960466022 1.160385012626648 71680
1770960552234 1.1592844724655151 76800
1770960638094 1.1578660011291504 81920
1770960724039 1.1600062847137451 87040
1770960809960 1.1593440771102905 92160
1770960895852 1.1592801809310913 97280
1770960981775 1.161627173423767 102400
1770961067624 1.166028618812561 107520
1770961153473 1.1649510860443115 112640
1770961239453 1.1624263525009155 117760
1770961325407 1.1631630659103394 122880
1770961411189 1.1604111194610596 128000
1770961497124 1.1591951847076416 133120
1770961583019 1.1590145826339722 138240
1770961668963 1.1607762575149536 143360
1770961754954 1.1619073152542114 148480
1770961840901 1.1608428955078125 153600
1770961926886 1.1606568098068237 158720
1770962012746 1.1626229286193848 163840
1770962098660 1.1622836589813232 168960
1770962184630 1.16448974609375 174080
1770962270401 1.1661982536315918 179200
1770962356355 1.165871262550354 184320
1770962442769 1.1661560535430908 189440
1770962528650 1.1664875745773315 194560
1770962614573 1.1667733192443848 199680
1770962700549 1.165999412536621 204800
1770962786533 1.1660875082015991 209920
1770962872542 1.1661571264266968 215040
1770962958586 1.1664247512817383 220160
1770963044573 1.1660237312316895 225280
1770963130561 1.1657273769378662 230400
1770963216482 1.1655069589614868 235520
1770963302444 1.1656485795974731 240640
1770963388250 1.1642146110534668 245760
1770963474235 1.1636582612991333 250880
1770963560185 1.1635050773620605 256000
1770963646163 1.1631848812103271 261120
1770963732146 1.1634703874588013 266240
1770963818155 1.1637855768203735 271360
1770963904148 1.1634005308151245 276480
1770963990144 1.1630405187606812 281600
1770964076099 1.162879467010498 286720
1770964162113 1.163843035697937 291840
1770964248111 1.1637465953826904 296960
1770964282527 1.1634684801101685 300032
