1770959348899 -0.8640522360801697 5120
1770959435172 -0.5728231072425842 10240
1770959521126 -0.5814836621284485 15360
1770959607047 -0.5420020222663879 20480
1770959692973 -0.47331637144088745 25600
1770959778789 -0.38375696539878845 30720
1770959864649 -0.278122216463089 35840
1770959950536 -0.18439079821109772 40960
1770960036433 -0.07801394164562225 46080
1770960122503 0.017540421336889267 51200
1770960208417 0.1274334043264389 56320
1770960294328 0.25799381732940674 61440
1770960380156 0.3666056990623474 66560
1770960466014 0.4610995650291443 71680
1770960552224 0.5561249852180481 76800
1770960638084 0.6659374833106995 81920
1770960724026 0.7426093816757202 87040
1770960809949 0.8343359231948853 92160
1770960895841 0.92249995470047 97280
1770960981763 0.9864374399185181 102400
1770961067613 1.0743436813354492 107520
1770961153458 1.169874906539917 112640
1770961239442 1.2183125019073486 117760
1770961325395 1.3023905754089355 122880
1770961411177 1.336281180381775 128000
1770961497112 1.420421838760376 133120
1770961583010 1.4937187433242798 138240
1770961668951 1.5407499074935913 143360
1770961754942 1.5934686660766602 148480
1770961840889 1.676281213760376 153600
1770961926876 1.7286875247955322 158720
1770962012735 1.7862812280654907 163840
1770962098649 1.826812505722046 168960
1770962184621 1.8633750677108765 174080
1770962270388 1.9108436107635498 179200
1770962356343 1.9689061641693115 184320
1770962442757 1.9967186450958252 189440
1770962528635 2.043781280517578 194560
1770962614560 2.081624984741211 199680
1770962700536 2.0877811908721924 204800
1770962786520 2.106750011444092 209920
1770962872529 2.148624897003174 215040
1770962958573 2.1589062213897705 220160
1770963044560 2.2058749198913574 225280
1770963130548 2.2154998779296875 230400
1770963216469 2.2818124294281006 235520
1770963302430 2.2874374389648438 240640
1770963388237 2.290968656539917 245760
1770963474221 2.309875011444092 250880
1770963560172 2.322906017303467 256000
1770963646149 2.3736562728881836 261120
1770963732133 2.368812322616577 266240
1770963818141 2.390124797821045 271360
1770963904137 2.383906126022339 276480
1770963990130 2.4237499237060547 281600
1770964076085 2.446124792098999 286720
1770964162099 2.453937292098999 291840
1770964248097 2.454624891281128 296960
1770964282512 2.4527344703674316 300032
