1770959348899 19.54908561706543 5120
1770959435172 11.215253829956055 10240
1770959521126 8.540156364440918 15360
1770959607047 7.25998592376709 20480
1770959692973 6.40637731552124 25600
1770959778789 6.087820529937744 30720
1770959864649 5.659276962280273 35840
1770959950536 5.478547096252441 40960
1770960036433 5.314971446990967 46080
1770960122503 5.2744550704956055 51200
1770960208417 4.9656219482421875 56320
1770960294328 4.977112770080566 61440
1770960380156 4.855079174041748 66560
1770960466014 4.797301292419434 71680
1770960552224 4.790058135986328 76800
1770960638084 4.693436145782471 81920
1770960724026 4.654759407043457 87040
1770960809949 4.659777641296387 92160
1770960895841 4.640555381774902 97280
1770960981763 4.589123725891113 102400
1770961067613 4.509713172912598 107520
1770961153458 4.5413079261779785 112640
1770961239442 4.423893451690674 117760
1770961325395 4.435068607330322 122880
1770961411177 4.42913818359375 128000
1770961497112 4.469691276550293 133120
1770961583010 4.468029975891113 138240
1770961668951 4.489809036254883 143360
1770961754942 4.555218696594238 148480
1770961840889 4.403066158294678 153600
1770961926876 4.512481212615967 158720
1770962012735 4.513479709625244 163840
1770962098649 4.423146724700928 168960
1770962184621 4.470589637756348 174080
1770962270388 4.475335597991943 179200
1770962356343 4.507061004638672 184320
1770962442757 4.43784236907959 189440
1770962528635 4.39750862121582 194560
1770962614560 4.364027500152588 199680
1770962700536 4.450871467590332 204800
1770962786520 4.495870113372803 209920
1770962872529 4.354517459869385 215040
1770962958573 4.4872002601623535 220160
1770963044560 4.434678554534912 225280
1770963130548 4.432973384857178 230400
1770963216469 4.495851993560791 235520
1770963302430 4.516998767852783 240640
1770963388237 4.454128265380859 245760
1770963474221 4.504861354827881 250880
1770963560172 4.453792095184326 256000
1770963646149 4.453771114349365 261120
1770963732133 4.446164608001709 266240
1770963818141 4.4647064208984375 271360
1770963904137 4.460812568664551 276480
1770963990130 4.446321487426758 281600
1770964076085 4.474297523498535 286720
1770964162099 4.58108377456665 291840
1770964248097 4.472262859344482 296960
1770964282512 4.543060779571533 300032
