1770959348908 0.6332575082778931 5120
1770959435181 0.5032200813293457 10240
1770959521136 0.4482583999633789 15360
1770959607061 0.42449524998664856 20480
1770959692984 0.4065442979335785 25600
1770959778800 0.3965313136577606 30720
1770959864660 0.3894844651222229 35840
1770959950547 0.3869565427303314 40960
1770960036443 0.37958455085754395 46080
1770960122514 0.3770119249820709 51200
1770960208427 0.3743477165699005 56320
1770960294338 0.37378421425819397 61440
1770960380167 0.3704334795475006 66560
1770960466022 0.3697098195552826 71680
1770960552234 0.36670178174972534 76800
1770960638094 0.3641226291656494 81920
1770960724039 0.3629835546016693 87040
1770960809960 0.36202049255371094 92160
1770960895852 0.3600834906101227 97280
1770960981775 0.3608419895172119 102400
1770961067624 0.3608227074146271 107520
1770961153473 0.3580893576145172 112640
1770961239453 0.3564893901348114 117760
1770961325407 0.35592612624168396 122880
1770961411189 0.35412776470184326 128000
1770961497124 0.35247692465782166 133120
1770961583019 0.35186144709587097 138240
1770961668963 0.3534587025642395 143360
1770961754954 0.3538557291030884 148480
1770961840901 0.35292762517929077 153600
1770961926886 0.3536672294139862 158720
1770962012746 0.3532620966434479 163840
1770962098660 0.3526570200920105 168960
1770962184630 0.3529827892780304 174080
1770962270401 0.35237857699394226 179200
1770962356355 0.35160088539123535 184320
1770962442769 0.3515021800994873 189440
1770962528650 0.3508414924144745 194560
1770962614573 0.35151681303977966 199680
1770962700549 0.3512498438358307 204800
1770962786533 0.35142582654953003 209920
1770962872542 0.3514135181903839 215040
1770962958586 0.351590096950531 220160
1770963044573 0.35097771883010864 225280
1770963130561 0.35131868720054626 230400
1770963216482 0.35160982608795166 235520
1770963302444 0.35065528750419617 240640
1770963388250 0.3508192002773285 245760
1770963474235 0.3504645526409149 250880
1770963560185 0.34945765137672424 256000
1770963646163 0.3494143784046173 261120
1770963732146 0.3490028381347656 266240
1770963818155 0.34800589084625244 271360
1770963904148 0.34763458371162415 276480
1770963990144 0.3469277024269104 281600
1770964076099 0.34689396619796753 286720
1770964162113 0.34727051854133606 291840
1770964248111 0.34671831130981445 296960
1770964282527 0.34684282541275024 300032
