1770959348908 0.7149718403816223 5120
1770959435181 0.23423132300376892 10240
1770959521136 0.05585359409451485 15360
1770959607061 -0.04419335350394249 20480
1770959692984 -0.10472280532121658 25600
1770959778800 -0.14127103984355927 30720
1770959864660 -0.16623751819133759 35840
1770959950547 -0.18923647701740265 40960
1770960036443 -0.2131652534008026 46080
1770960122514 -0.22866477072238922 51200
1770960208427 -0.2403077930212021 56320
1770960294338 -0.25229963660240173 61440
1770960380167 -0.25995466113090515 66560
1770960466022 -0.26848846673965454 71680
1770960552234 -0.2743591070175171 76800
1770960638094 -0.286000519990921 81920
1770960724039 -0.29215484857559204 87040
1770960809960 -0.2908763289451599 92160
1770960895852 -0.29710233211517334 97280
1770960981775 -0.3021554946899414 102400
1770961067624 -0.3091633915901184 107520
1770961153473 -0.31223928928375244 112640
1770961239453 -0.3179527819156647 117760
1770961325407 -0.3193172216415405 122880
1770961411189 -0.3224097490310669 128000
1770961497124 -0.3244112730026245 133120
1770961583019 -0.32603761553764343 138240
1770961668963 -0.32528606057167053 143360
1770961754954 -0.3272115886211395 148480
1770961840901 -0.3270825147628784 153600
1770961926886 -0.3284696638584137 158720
1770962012746 -0.33244621753692627 163840
1770962098660 -0.3330360949039459 168960
1770962184630 -0.3342122733592987 174080
1770962270401 -0.3369769752025604 179200
1770962356355 -0.33785662055015564 184320
1770962442769 -0.3377354145050049 189440
1770962528650 -0.3403698205947876 194560
1770962614573 -0.3391856253147125 199680
1770962700549 -0.34078294038772583 204800
1770962786533 -0.3417573571205139 209920
1770962872542 -0.34333109855651855 215040
1770962958586 -0.3433336317539215 220160
1770963044573 -0.3451794385910034 225280
1770963130561 -0.3454110622406006 230400
1770963216482 -0.3459876775741577 235520
1770963302444 -0.3480949401855469 240640
1770963388250 -0.3489713966846466 245760
1770963474235 -0.3490758538246155 250880
1770963560185 -0.3506205677986145 256000
1770963646163 -0.3504088521003723 261120
1770963732146 -0.3518487811088562 266240
1770963818155 -0.35280323028564453 271360
1770963904148 -0.35362157225608826 276480
1770963990144 -0.3537662625312805 281600
1770964076099 -0.35442519187927246 286720
1770964162113 -0.3553595542907715 291840
1770964248111 -0.3562767207622528 296960
1770964282527 -0.3562012314796448 300032
