1770909751194 21.113239288330078 5120
1770909779939 21.339677810668945 10240
1770909808678 21.518484115600586 15360
1770909837797 21.722915649414062 20480
1770909866672 21.763566970825195 25600
1770909895188 21.887081146240234 30720
1770909924588 21.910539627075195 35840
1770909953648 21.86543846130371 40960
1770909983770 21.94371223449707 46080
1770910012766 22.017484664916992 51200
1770910042414 21.964969635009766 56320
1770910072125 21.827350616455078 61440
1770910101352 21.78439712524414 66560
1770910130146 21.781354904174805 71680
1770910158849 21.83128547668457 76800
1770910187673 21.88026237487793 81920
1770910216322 21.92977523803711 87040
1770910245340 21.96059799194336 92160
1770910273990 21.980144500732422 97280
1770910303438 21.96064567565918 102400
1770910332895 21.650833129882812 107520
1770910362271 21.45157814025879 112640
1770910390967 21.405258178710938 117760
1770910419462 21.36350440979004 122880
1770910448972 21.278955459594727 128000
1770910478168 21.21579933166504 133120
1770910506867 21.155498504638672 138240
1770910535694 21.07738494873047 143360
1770910564059 20.97968864440918 148480
1770910592489 20.76616859436035 153600
1770910621038 20.47026824951172 158720
1770910649500 20.149003982543945 163840
1770910677894 19.850223541259766 168960
1770910706447 19.569969177246094 174080
1770910734704 19.27870750427246 179200
1770910763080 19.00973129272461 184320
1770910791701 18.736835479736328 189440
1770910820214 18.508060455322266 194560
1770910849276 18.271873474121094 199680
1770910877587 18.071308135986328 204800
1770910906177 17.86890983581543 209920
1770910934901 17.701841354370117 215040
1770910963409 17.518749237060547 220160
1770910991790 17.340730667114258 225280
1770911020425 17.169681549072266 230400
1770911049079 16.986486434936523 235520
1770911077804 16.815879821777344 240640
1770911106610 16.63239860534668 245760
1770911135423 16.468326568603516 250880
1770911164346 16.315357208251953 256000
1770911193126 16.148387908935547 261120
1770911221854 15.968900680541992 266240
1770911250447 15.78883171081543 271360
1770911278992 15.59231948852539 276480
1770911307468 15.46198844909668 281600
1770911335898 15.348870277404785 286720
1770911364188 15.29032039642334 291840
1770911392653 15.210951805114746 296960
1770911404070 15.157620429992676 300032
