1770909751194 0.08610258996486664 5120
1770909779939 0.07594673335552216 10240
1770909808678 0.07363568246364594 15360
1770909837797 0.07387454062700272 20480
1770909866672 0.07285614311695099 25600
1770909895188 0.07128534466028214 30720
1770909924588 0.07221328467130661 35840
1770909953648 0.07231961935758591 40960
1770909983770 0.07273042947053909 46080
1770910012766 0.07317550480365753 51200
1770910042414 0.07314379513263702 56320
1770910072125 0.07224685698747635 61440
1770910101352 0.06619638949632645 66560
1770910130146 0.06512947380542755 71680
1770910158849 0.06528758257627487 76800
1770910187673 0.06528645008802414 81920
1770910216322 0.06581084430217743 87040
1770910245340 0.06594619899988174 92160
1770910273990 0.06579184532165527 97280
1770910303438 0.06659521907567978 102400
1770910332895 0.07030611485242844 107520
1770910362271 0.07239697873592377 112640
1770910390967 0.07442547380924225 117760
1770910419462 0.0761680006980896 122880
1770910448972 0.07797989994287491 128000
1770910478168 0.07934781163930893 133120
1770910506867 0.08081027120351791 138240
1770910535694 0.08276110142469406 143360
1770910564059 0.08475799113512039 148480
1770910592489 0.08606529235839844 153600
1770910621038 0.08722332864999771 158720
1770910649500 0.08853017538785934 163840
1770910677894 0.08994045108556747 168960
1770910706447 0.09104141592979431 174080
1770910734704 0.09243138879537582 179200
1770910763080 0.09382592141628265 184320
1770910791701 0.095465749502182 189440
1770910820214 0.09744127094745636 194560
1770910849276 0.09953077882528305 199680
1770910877587 0.1015520989894867 204800
1770910906177 0.10301502794027328 209920
1770910934901 0.10508362948894501 215040
1770910963409 0.10689495503902435 220160
1770910991790 0.10886091738939285 225280
1770911020425 0.11057592928409576 230400
1770911049079 0.11178817600011826 235520
1770911077804 0.11335290223360062 240640
1770911106610 0.11439521610736847 245760
1770911135423 0.11528779566287994 250880
1770911164346 0.1160283237695694 256000
1770911193126 0.11618086695671082 261120
1770911221854 0.11592826247215271 266240
1770911250447 0.11549658328294754 271360
1770911278992 0.11497755348682404 276480
1770911307468 0.11504793912172318 281600
1770911335898 0.11509402841329575 286720
1770911364188 0.11546043306589127 291840
1770911392653 0.11584564298391342 296960
1770911404070 0.1157352477312088 300032
