1770909751194 0.0 5120
1770909779939 0.0 10240
1770909808678 0.0 15360
1770909837797 0.0 20480
1770909866672 0.0 25600
1770909895188 0.0 30720
1770909924588 0.0 35840
1770909953648 0.0 40960
1770909983770 0.0 46080
1770910012766 0.0 51200
1770910042414 0.0 56320
1770910072125 0.0 61440
1770910101352 0.0 66560
1770910130146 0.0 71680
1770910158849 0.0 76800
1770910187673 0.0 81920
1770910216322 0.0 87040
1770910245340 0.0 92160
1770910273990 0.0 97280
1770910303438 0.0 102400
1770910332895 0.0 107520
1770910362271 0.0 112640
1770910390967 0.0 117760
1770910419462 0.0 122880
1770910448972 0.0 128000
1770910478168 0.0 133120
1770910506867 0.0 138240
1770910535694 0.0 143360
1770910564059 0.0 148480
1770910592489 0.0 153600
1770910621038 0.0 158720
1770910649500 0.0 163840
1770910677894 0.0 168960
1770910706447 0.0 174080
1770910734704 0.0 179200
1770910763080 0.0 184320
1770910791701 0.0 189440
1770910820214 0.0 194560
1770910849276 0.0 199680
1770910877587 0.0 204800
1770910906177 0.0 209920
1770910934901 0.0 215040
1770910963409 0.0 220160
1770910991790 0.0 225280
1770911020425 0.0 230400
1770911049079 0.0 235520
1770911077804 0.0 240640
1770911106610 0.0 245760
1770911135423 0.0 250880
1770911164346 0.0 256000
1770911193126 0.0 261120
1770911221854 0.0 266240
1770911250447 0.0 271360
1770911278992 0.0 276480
1770911307468 0.0 281600
1770911335898 0.0 286720
1770911364188 0.0 291840
1770911392653 0.0 296960
1770911404070 0.0 300032
