1770909751190 -1.2995346784591675 5120
1770909779934 -2.436052083969116 10240
1770909808673 -2.9685871601104736 15360
1770909837791 -3.1462719440460205 20480
1770909866664 -3.2627251148223877 25600
1770909895183 -3.314865827560425 30720
1770909924583 -3.288029432296753 35840
1770909953640 -3.2892308235168457 40960
1770909983765 -3.2797350883483887 46080
1770910012760 -3.1675310134887695 51200
1770910042409 -3.165850877761841 56320
1770910072120 -3.1287360191345215 61440
1770910101346 -3.7622275352478027 66560
1770910130140 -4.861427307128906 71680
1770910158843 -5.285389423370361 76800
1770910187667 -5.479344367980957 81920
1770910216316 -5.602787494659424 87040
1770910245334 -5.615484237670898 92160
1770910273984 -5.6204118728637695 97280
1770910303428 -5.766127586364746 102400
1770910332888 -6.670284271240234 107520
1770910362265 -8.104753494262695 112640
1770910390961 -9.204732894897461 117760
1770910419455 -10.472610473632812 122880
1770910448965 -11.748856544494629 128000
1770910478160 -13.03059196472168 133120
1770910506862 -14.37444019317627 138240
1770910535688 -15.308276176452637 143360
1770910564052 -16.33020782470703 148480
1770910592482 -17.2640438079834 153600
1770910621031 -18.30299186706543 158720
1770910649493 -18.997819900512695 163840
1770910677888 -19.538890838623047 168960
1770910706440 -20.447465896606445 174080
1770910734697 -21.562658309936523 179200
1770910763073 -22.441421508789062 184320
1770910791694 -23.31476402282715 189440
1770910820208 -24.162107467651367 194560
1770910849264 -25.431943893432617 199680
1770910877580 -26.364299774169922 204800
1770910906170 -27.1722469329834 209920
1770910934895 -28.05849266052246 215040
1770910963402 -28.724624633789062 220160
1770910991782 -29.635873794555664 225280
1770911020418 -30.56491470336914 230400
1770911049068 -31.13747215270996 235520
1770911077797 -31.373580932617188 240640
1770911106603 -31.977436065673828 245760
1770911135415 -32.66999816894531 250880
1770911164336 -33.041873931884766 256000
1770911193118 -33.77566146850586 261120
1770911221844 -33.946189880371094 266240
1770911250439 -34.451133728027344 271360
1770911278984 -34.882789611816406 276480
1770911307455 -35.58013916015625 281600
1770911335890 -36.02341842651367 286720
1770911364180 -36.30677032470703 291840
1770911392646 -37.15044021606445 296960
1770911404062 -37.29261779785156 300032
