1770909751190 21.750701904296875 5120
1770909779934 15.578600883483887 10240
1770909808673 13.955331802368164 15360
1770909837791 12.897758483886719 20480
1770909866664 12.360102653503418 25600
1770909895183 11.730819702148438 30720
1770909924583 10.665277481079102 35840
1770909953640 10.423341751098633 40960
1770909983765 9.849563598632812 46080
1770910012760 9.12889575958252 51200
1770910042409 9.044600486755371 56320
1770910072120 8.567317008972168 61440
1770910101346 9.252937316894531 66560
1770910130140 10.643787384033203 71680
1770910158843 11.478876113891602 76800
1770910187667 11.70683479309082 81920
1770910216316 11.241347312927246 87040
1770910245334 10.891364097595215 92160
1770910273984 10.742307662963867 97280
1770910303428 10.740485191345215 102400
1770910332888 12.230682373046875 107520
1770910362265 16.385812759399414 112640
1770910390961 21.284603118896484 117760
1770910419455 26.2313232421875 122880
1770910448965 30.559473037719727 128000
1770910478160 34.70563507080078 133120
1770910506862 36.37482452392578 138240
1770910535688 39.79046630859375 143360
1770910564052 40.156959533691406 148480
1770910592482 42.58338928222656 153600
1770910621031 41.54724884033203 158720
1770910649493 42.95331573486328 163840
1770910677888 41.90987777709961 168960
1770910706440 41.312957763671875 174080
1770910734697 43.10799026489258 179200
1770910763073 43.99930953979492 184320
1770910791694 46.92757034301758 189440
1770910820208 50.29262161254883 194560
1770910849264 51.1005859375 199680
1770910877580 54.09745407104492 204800
1770910906170 58.187217712402344 209920
1770910934895 63.378013610839844 215040
1770910963402 64.99552917480469 220160
1770910991782 68.68465423583984 225280
1770911020418 71.57394409179688 230400
1770911049068 74.76673126220703 235520
1770911077797 77.8929214477539 240640
1770911106603 81.3606948852539 245760
1770911135415 82.48561096191406 250880
1770911164336 85.5494384765625 256000
1770911193118 85.76451110839844 261120
1770911221844 87.37620544433594 266240
1770911250439 92.81582641601562 271360
1770911278984 95.7810287475586 276480
1770911307455 100.03394317626953 281600
1770911335890 94.77792358398438 286720
1770911364180 100.2315902709961 291840
1770911392646 107.05550384521484 296960
1770911404062 108.01182556152344 300032
