1770909751194 0.29409539699554443 5120
1770909779939 0.27174243330955505 10240
1770909808678 0.2673521935939789 15360
1770909837797 0.2680889666080475 20480
1770909866672 0.266096830368042 25600
1770909895188 0.26238447427749634 30720
1770909924588 0.2645191550254822 35840
1770909953648 0.26400282979011536 40960
1770909983770 0.26515889167785645 46080
1770910012766 0.26687386631965637 51200
1770910042414 0.2666332423686981 56320
1770910072125 0.26527151465415955 61440
1770910101352 0.25446459650993347 66560
1770910130146 0.25298744440078735 71680
1770910158849 0.25312700867652893 76800
1770910187673 0.253131628036499 81920
1770910216322 0.254196435213089 87040
1770910245340 0.25438618659973145 92160
1770910273990 0.25386103987693787 97280
1770910303438 0.2555431127548218 102400
1770910332895 0.26406511664390564 107520
1770910362271 0.26838159561157227 112640
1770910390967 0.27209538221359253 117760
1770910419462 0.27543699741363525 122880
1770910448972 0.2792317569255829 128000
1770910478168 0.2821231484413147 133120
1770910506867 0.28495025634765625 138240
1770910535694 0.2888122797012329 143360
1770910564059 0.29280123114585876 148480
1770910592489 0.29652139544487 153600
1770910621038 0.3008606731891632 158720
1770910649500 0.3060626685619354 163840
1770910677894 0.3111723065376282 168960
1770910706447 0.315477192401886 174080
1770910734704 0.3206540644168854 179200
1770910763080 0.32503917813301086 184320
1770910791701 0.3302958905696869 189440
1770910820214 0.33625656366348267 194560
1770910849276 0.34223291277885437 199680
1770910877587 0.3480790853500366 204800
1770910906177 0.35184869170188904 209920
1770910934901 0.3574311137199402 215040
1770910963409 0.3622783422470093 220160
1770910991790 0.3677329123020172 225280
1770911020425 0.37221968173980713 230400
1770911049079 0.37602269649505615 235520
1770911077804 0.38060691952705383 240640
1770911106610 0.38382604718208313 245760
1770911135423 0.38689178228378296 250880
1770911164346 0.3899865746498108 256000
1770911193126 0.3915300965309143 261120
1770911221854 0.3920532166957855 266240
1770911250447 0.39248397946357727 271360
1770911278992 0.392621248960495 276480
1770911307468 0.39402085542678833 281600
1770911335898 0.3947204351425171 286720
1770911364188 0.3958043158054352 291840
1770911392653 0.3968815505504608 296960
1770911404070 0.39697423577308655 300032
