1770664506441 26.532907485961914 5120
1770664515233 25.833078384399414 10240
1770664521578 25.306640625 15360
1770664527120 25.39366912841797 20480
1770664532878 25.769145965576172 25600
1770664542202 26.15598487854004 30720
1770664547410 26.277029037475586 35840
1770664553900 26.558191299438477 40960
1770664559385 26.61122703552246 46080
1770664567827 26.60053062438965 51200
1770664573338 26.76908302307129 56320
1770664579720 26.935903549194336 61440
1770664585361 26.960575103759766 66560
1770664593585 26.9813175201416 71680
1770664599021 26.92579460144043 76800
1770664605227 26.890907287597656 81920
1770664611233 26.9752140045166 87040
1770664619168 27.008258819580078 92160
1770664625122 27.02686882019043 97280
1770664630762 26.99802017211914 102400
1770664637661 27.016490936279297 107520
1770664645782 27.077939987182617 112640
1770664651935 27.146982192993164 117760
1770664657322 27.17763900756836 122880
1770664663847 27.165796279907227 128000
1770664672144 27.215368270874023 133120
1770664678180 27.207548141479492 138240
1770664683621 27.231225967407227 143360
1770664690363 27.243528366088867 148480
1770664698171 27.24989891052246 153600
1770664704517 27.291900634765625 158720
1770664709889 27.298219680786133 163840
1770664716352 27.28465461730957 168960
1770664725139 27.316265106201172 174080
1770664730583 27.324026107788086 179200
1770664736189 27.34833526611328 184320
1770664742561 27.364042282104492 189440
1770664750749 27.38140106201172 194560
1770664756597 27.403594970703125 199680
1770664761850 27.395917892456055 204800
1770664768219 27.37093734741211 209920
1770664776734 27.36956024169922 215040
1770664782129 27.389413833618164 220160
1770664787531 27.376216888427734 225280
1770664794515 27.36351776123047 230400
1770664802577 27.357463836669922 235520
1770664808072 27.37212371826172 240640
1770664813685 27.361862182617188 245760
1770664820301 27.36817169189453 250880
1770664829147 27.35811996459961 256000
1770664834616 27.36720085144043 261120
1770664840008 27.353008270263672 266240
1770664846577 27.352718353271484 271360
1770664855354 27.343765258789062 276480
1770664861266 27.362960815429688 281600
1770664867397 27.3891544342041 286720
1770664873236 27.40943145751953 291840
1770664882270 27.4030818939209 296960
1770664887731 27.42352294921875 302080
1770664893182 27.435821533203125 307200
1770664898607 27.447669982910156 312320
1770664906913 27.438251495361328 317440
1770664912334 27.433835983276367 322560
1770664918360 27.427616119384766 327680
1770664923349 27.426233291625977 332800
1770664931655 27.427091598510742 337920
1770664937060 27.42616081237793 343040
1770664942741 27.44645881652832 348160
1770664948049 27.455331802368164 353280
1770664956426 27.468067169189453 358400
1770664961606 27.46366310119629 363520
1770664967455 27.449262619018555 368640
1770664972707 27.461488723754883 373760
1770664981231 27.459287643432617 378880
1770664986354 27.46940040588379 384000
1770664991934 27.458240509033203 389120
1770664997168 27.454547882080078 394240
1770665005253 27.459318161010742 399360
1770665010582 27.465904235839844 404480
1770665016925 27.472049713134766 409600
1770665022067 27.488433837890625 414720
1770665030050 27.50491714477539 419840
1770665035684 27.50746726989746 424960
1770665042428 27.517061233520508 430080
1770665047674 27.51944923400879 435200
1770665056040 27.52376365661621 440320
1770665061594 27.53024673461914 445440
1770665067218 27.523193359375 450560
1770665072820 27.526277542114258 455680
1770665080615 27.523406982421875 460800
1770665085529 27.526796340942383 465920
1770665090739 27.53180694580078 471040
1770665096207 27.532155990600586 476160
1770665104190 27.528804779052734 481280
1770665109728 27.530113220214844 486400
1770665114908 27.54034423828125 491520
1770665120476 27.543909072875977 496640
1770665128345 27.547908782958984 501760
1770665133906 27.5511474609375 506880
1770665139027 27.55764389038086 512000
1770665144814 27.565338134765625 517120
1770665152428 27.569429397583008 522240
1770665157453 27.57094955444336 527360
1770665163099 27.57179069519043 532480
1770665168521 27.584806442260742 537600
1770665176195 27.59785270690918 542720
1770665181155 27.597410202026367 547840
1770665187363 27.599193572998047 552960
1770665193038 27.593402862548828 558080
1770665200356 27.59280776977539 563200
1770665205300 27.589143753051758 568320
1770665211045 27.588638305664062 573440
1770665216639 27.594154357910156 578560
1770665224143 27.58880043029785 583680
1770665229453 27.593135833740234 588800
1770665235614 27.603803634643555 593920
1770665240839 27.60662269592285 599040
1770665247943 27.613609313964844 604160
1770665253573 27.613510131835938 609280
1770665259431 27.603736877441406 614400
1770665264600 27.600488662719727 619520
1770665271543 27.597270965576172 624640
1770665277124 27.59355926513672 629760
1770665283511 27.58945083618164 634880
1770665288520 27.58025550842285 640000
1770665295639 27.581390380859375 645120
1770665301467 27.577035903930664 650240
1770665307355 27.566421508789062 655360
1770665312522 27.55097198486328 660480
1770665319081 27.55303382873535 665600
1770665325750 27.549848556518555 670720
1770665331395 27.559471130371094 675840
1770665336508 27.550800323486328 680960
1770665343100 27.55507469177246 686080
1770665349873 27.559982299804688 691200
1770665355286 27.56987762451172 696320
1770665360276 27.572629928588867 701440
1770665366634 27.56766128540039 706560
1770665374331 27.56526756286621 711680
1770665379520 27.575336456298828 716800
1770665384705 27.58194923400879 721920
1770665389984 27.58426284790039 727040
1770665398503 27.596656799316406 732160
1770665403704 27.596372604370117 737280
1770665409054 27.607452392578125 742400
1770665414092 27.614593505859375 747520
1770665423128 27.62285804748535 752640
1770665427991 27.620119094848633 757760
1770665433209 27.619800567626953 762880
1770665438391 27.605205535888672 768000
1770665447290 27.616315841674805 773120
1770665452670 27.62385368347168 778240
1770665457532 27.61819839477539 783360
1770665462629 27.61741828918457 788480
1770665471482 27.613868713378906 793600
1770665478443 27.611156463623047 798720
1770665485047 27.611774444580078 803840
1770665491534 27.60200309753418 808960
1770665501942 27.59410858154297 814080
1770665508319 27.583343505859375 819200
1770665514572 27.569732666015625 824320
1770665520621 27.55741310119629 829440
1770665529508 27.546268463134766 834560
1770665536201 27.539554595947266 839680
1770665542360 27.532283782958984 844800
1770665548482 27.511211395263672 849920
1770665555907 27.490076065063477 855040
1770665563091 27.475683212280273 860160
1770665569369 27.461469650268555 865280
1770665575432 27.44227409362793 870400
1770665582149 27.43195343017578 875520
1770665590315 27.41766929626465 880640
1770665595856 27.40408706665039 885760
1770665601971 27.391103744506836 890880
1770665608888 27.374666213989258 896000
1770665617474 27.35877799987793 901120
1770665623520 27.348785400390625 906240
1770665629272 27.34009552001953 911360
1770665635523 27.330928802490234 916480
1770665644684 27.314865112304688 921600
1770665650239 27.295944213867188 926720
1770665656002 27.284578323364258 931840
1770665661430 27.26938247680664 936960
1770665670450 27.256505966186523 942080
1770665676848 27.235538482666016 947200
1770665682083 27.227495193481445 952320
1770665687631 27.21727180480957 957440
1770665696301 27.200681686401367 962560
1770665703045 27.190542221069336 967680
1770665708902 27.175148010253906 972800
1770665714297 27.15282440185547 977920
1770665722438 27.140989303588867 983040
1770665729437 27.132431030273438 988160
1770665735586 27.112001419067383 993280
1770665741183 27.10425567626953 998400
1770665743322 27.101045608520508 1000448
