1770664506434 29.072866439819336 5120
1770664515227 30.834341049194336 10240
1770664521571 28.204126358032227 15360
1770664527114 26.576223373413086 20480
1770664532873 29.560461044311523 25600
1770664542197 28.925579071044922 30720
1770664547398 27.97247886657715 35840
1770664553894 30.689517974853516 40960
1770664559380 25.545597076416016 46080
1770664567821 24.21902847290039 51200
1770664573333 27.00432777404785 56320
1770664579711 27.154972076416016 61440
1770664585356 27.11480140686035 66560
1770664593580 24.764612197875977 71680
1770664599015 27.568355560302734 76800
1770664605222 25.8691463470459 81920
1770664611223 24.633024215698242 87040
1770664619163 25.917190551757812 92160
1770664625116 22.95482635498047 97280
1770664630753 24.503524780273438 102400
1770664637653 26.890262603759766 107520
1770664645777 21.361581802368164 112640
1770664651925 24.127687454223633 117760
1770664657316 20.3168888092041 122880
1770664663837 21.359188079833984 128000
1770664672135 22.337867736816406 133120
1770664678174 19.207202911376953 138240
1770664683615 19.540218353271484 143360
1770664690357 21.84625816345215 148480
1770664698164 19.23417854309082 153600
1770664704511 19.48887825012207 158720
1770664709883 17.266658782958984 163840
1770664716346 19.237462997436523 168960
1770664725133 21.374399185180664 174080
1770664730572 17.69485092163086 179200
1770664736181 17.128158569335938 184320
1770664742555 17.014352798461914 189440
1770664750742 18.290546417236328 194560
1770664756590 17.441089630126953 199680
1770664761842 15.9746732711792 204800
1770664768209 19.744722366333008 209920
1770664776724 16.86443328857422 215040
1770664782121 16.71864891052246 220160
1770664787525 18.079418182373047 225280
1770664794507 16.034343719482422 230400
1770664802567 17.336790084838867 235520
1770664808065 16.19032859802246 240640
1770664813675 15.002298355102539 245760
1770664820295 16.719377517700195 250880
1770664829137 14.488138198852539 256000
1770664834605 15.364392280578613 261120
1770664839995 14.762655258178711 266240
1770664846570 15.666145324707031 271360
1770664855346 15.814546585083008 276480
1770664861258 14.806257247924805 281600
1770664867390 14.027422904968262 286720
1770664873223 15.93812084197998 291840
1770664882263 15.471478462219238 296960
1770664887724 15.321739196777344 302080
1770664893175 14.7507963180542 307200
1770664898595 16.049734115600586 312320
1770664906898 14.265447616577148 317440
1770664912326 13.420255661010742 322560
1770664918353 17.73725700378418 327680
1770664923341 15.795267105102539 332800
1770664931648 16.181041717529297 337920
1770664937052 16.987224578857422 343040
1770664942734 14.35326862335205 348160
1770664948041 17.973926544189453 353280
1770664956418 15.255337715148926 358400
1770664961594 15.590570449829102 363520
1770664967448 13.969433784484863 368640
1770664972698 14.97711181640625 373760
1770664981222 14.990328788757324 378880
1770664986347 15.223118782043457 384000
1770664991926 15.719833374023438 389120
1770664997156 15.032801628112793 394240
1770665005245 16.638277053833008 399360
1770665010567 15.415095329284668 404480
1770665016912 14.949627876281738 409600
1770665022059 15.46295166015625 414720
1770665030036 15.8355131149292 419840
1770665035676 15.413925170898438 424960
1770665042415 14.88182544708252 430080
1770665047665 16.36443328857422 435200
1770665056032 13.778314590454102 440320
1770665061581 13.960293769836426 445440
1770665067210 14.581588745117188 450560
1770665072811 14.565302848815918 455680
1770665080606 14.947039604187012 460800
1770665085517 14.098544120788574 465920
1770665090730 14.209770202636719 471040
1770665096199 12.936688423156738 476160
1770665104182 12.400793075561523 481280
1770665109719 13.157658576965332 486400
1770665114898 11.950678825378418 491520
1770665120466 15.240121841430664 496640
1770665128336 13.166895866394043 501760
1770665133893 13.980758666992188 506880
1770665139019 13.385465621948242 512000
1770665144806 14.435003280639648 517120
1770665152419 12.608929634094238 522240
1770665157438 11.838600158691406 527360
1770665163090 14.465312004089355 532480
1770665168505 12.418882369995117 537600
1770665176187 13.999791145324707 542720
1770665181140 14.665722846984863 547840
1770665187354 12.077564239501953 552960
1770665193029 11.795963287353516 558080
1770665200346 12.985124588012695 563200
1770665205288 12.89271354675293 568320
1770665211028 13.893524169921875 573440
1770665216628 14.441515922546387 578560
1770665224134 15.423233032226562 583680
1770665229443 11.254416465759277 588800
1770665235599 12.8209810256958 593920
1770665240830 13.203262329101562 599040
1770665247932 11.023747444152832 604160
1770665253563 11.764323234558105 609280
1770665259421 14.163106918334961 614400
1770665264586 12.933626174926758 619520
1770665271534 10.853673934936523 624640
1770665277114 12.452432632446289 629760
1770665283498 12.324090003967285 634880
1770665288508 13.132698059082031 640000
1770665295628 14.58704662322998 645120
1770665301457 12.60852336883545 650240
1770665307345 13.026270866394043 655360
1770665312512 13.371943473815918 660480
1770665319071 13.601112365722656 665600
1770665325739 13.9009370803833 670720
1770665331383 13.215871810913086 675840
1770665336498 11.625786781311035 680960
1770665343090 14.168403625488281 686080
1770665349863 13.574563980102539 691200
1770665355276 13.087045669555664 696320
1770665360263 11.977388381958008 701440
1770665366623 11.51309585571289 706560
1770665374321 13.235626220703125 711680
1770665379507 11.562633514404297 716800
1770665384695 12.619112968444824 721920
1770665389974 12.16899299621582 727040
1770665398492 12.914987564086914 732160
1770665403694 13.233288764953613 737280
1770665409044 12.360213279724121 742400
1770665414080 12.026069641113281 747520
1770665423117 12.208810806274414 752640
1770665427981 12.725654602050781 757760
1770665433197 12.656427383422852 762880
1770665438379 12.270051956176758 768000
1770665447280 14.275102615356445 773120
1770665452659 11.487475395202637 778240
1770665457520 11.629630088806152 783360
1770665462611 13.109105110168457 788480
1770665471470 13.13537883758545 793600
1770665478431 11.849203109741211 798720
1770665485035 12.8699951171875 803840
1770665491517 14.298112869262695 808960
1770665501924 13.030458450317383 814080
1770665508306 14.233952522277832 819200
1770665514553 12.750328063964844 824320
1770665520607 10.74119758605957 829440
1770665529495 12.932855606079102 834560
1770665536186 12.64270305633545 839680
1770665542344 11.942752838134766 844800
1770665548470 13.9371976852417 849920
1770665555889 13.076112747192383 855040
1770665563079 13.006382942199707 860160
1770665569357 13.300817489624023 865280
1770665575411 12.53325080871582 870400
1770665582129 14.57305908203125 875520
1770665590301 13.6036376953125 880640
1770665595844 13.373270034790039 885760
1770665601958 13.917922973632812 890880
1770665608875 12.378761291503906 896000
1770665617460 14.955093383789062 901120
1770665623508 14.415374755859375 906240
1770665629260 15.460124015808105 911360
1770665635508 12.126145362854004 916480
1770665644665 14.689399719238281 921600
1770665650225 13.528343200683594 926720
1770665655988 13.011621475219727 931840
1770665661411 13.950780868530273 936960
1770665670437 12.645172119140625 942080
1770665676835 13.84716510772705 947200
1770665682072 14.122838973999023 952320
1770665687618 13.542141914367676 957440
1770665696277 12.276986122131348 962560
1770665703032 12.95587158203125 967680
1770665708884 15.992877006530762 972800
1770665714281 11.942632675170898 977920
1770665722426 16.11238670349121 983040
1770665729423 14.613052368164062 988160
1770665735572 14.136075019836426 993280
1770665741169 13.841781616210938 998400
1770665743309 13.315407752990723 1000448
