1770664506434 -0.22428297996520996 5120
1770664515227 -0.8696052432060242 10240
1770664521571 -1.2565042972564697 15360
1770664527114 -1.288121223449707 20480
1770664532873 -1.1336452960968018 25600
1770664542197 -1.0909960269927979 30720
1770664547398 -1.2235380411148071 35840
1770664553894 -1.334089994430542 40960
1770664559380 -1.3178727626800537 46080
1770664567821 -1.1531378030776978 51200
1770664573333 -1.1462664604187012 56320
1770664579711 -1.3187415599822998 61440
1770664585356 -1.4267669916152954 66560
1770664593580 -1.3652796745300293 71680
1770664599015 -1.195183515548706 76800
1770664605222 -1.2077785730361938 81920
1770664611223 -1.3835504055023193 87040
1770664619163 -1.424039602279663 92160
1770664625116 -1.2608404159545898 97280
1770664630753 -1.2349578142166138 102400
1770664637653 -1.4176841974258423 107520
1770664645777 -1.317580223083496 112640
1770664651925 -1.3140414953231812 117760
1770664657316 -1.3493735790252686 122880
1770664663837 -1.3533858060836792 128000
1770664672135 -1.4105509519577026 133120
1770664678174 -1.4070141315460205 138240
1770664683615 -1.4046363830566406 143360
1770664690357 -1.5332916975021362 148480
1770664698164 -1.546771764755249 153600
1770664704511 -1.777809500694275 158720
1770664709883 -1.5018690824508667 163840
1770664716346 -1.8167823553085327 168960
1770664725133 -1.6414258480072021 174080
1770664730572 -1.7841838598251343 179200
1770664736181 -1.7553536891937256 184320
1770664742555 -1.8978945016860962 189440
1770664750742 -1.8216018676757812 194560
1770664756590 -1.977713942527771 199680
1770664761842 -2.038433790206909 204800
1770664768209 -2.1514194011688232 209920
1770664776724 -2.108630657196045 215040
1770664782121 -2.2500104904174805 220160
1770664787525 -2.290597438812256 225280
1770664794507 -2.3508152961730957 230400
1770664802567 -2.359013795852661 235520
1770664808065 -2.514188528060913 240640
1770664813675 -2.3201560974121094 245760
1770664820295 -2.5034890174865723 250880
1770664829137 -2.4739387035369873 256000
1770664834605 -2.6315739154815674 261120
1770664839995 -2.6264376640319824 266240
1770664846570 -2.7333226203918457 271360
1770664855346 -2.608041763305664 276480
1770664861258 -2.7007148265838623 281600
1770664867390 -2.7986786365509033 286720
1770664873223 -2.8585383892059326 291840
1770664882263 -2.8572778701782227 296960
1770664887724 -2.901820421218872 302080
1770664893175 -2.950173854827881 307200
1770664898595 -3.121572494506836 312320
1770664906898 -2.9475462436676025 317440
1770664912326 -3.0572781562805176 322560
1770664918353 -3.020467758178711 327680
1770664923341 -3.3094077110290527 332800
1770664931648 -3.1274502277374268 337920
1770664937052 -3.256788969039917 343040
1770664942734 -3.154982089996338 348160
1770664948041 -3.2108936309814453 353280
1770664956418 -3.257603406906128 358400
1770664961594 -3.107116937637329 363520
1770664967448 -3.348818302154541 368640
1770664972698 -3.280188798904419 373760
1770664981222 -3.327057361602783 378880
1770664986347 -3.2926888465881348 384000
1770664991926 -3.3089280128479004 389120
1770664997156 -3.438560962677002 394240
1770665005245 -3.362551212310791 399360
1770665010567 -3.5180656909942627 404480
1770665016912 -3.398829936981201 409600
1770665022059 -3.5634636878967285 414720
1770665030036 -3.3937244415283203 419840
1770665035676 -3.5735809803009033 424960
1770665042415 -3.5346226692199707 430080
1770665047665 -3.468076705932617 435200
1770665056032 -3.6598715782165527 440320
1770665061581 -3.512821912765503 445440
1770665067210 -3.5358448028564453 450560
1770665072811 -3.678941011428833 455680
1770665080606 -3.667691707611084 460800
1770665085517 -3.5464026927948 465920
1770665090730 -3.658855438232422 471040
1770665096199 -3.635939121246338 476160
1770665104182 -3.6062979698181152 481280
1770665109719 -3.720038652420044 486400
1770665114898 -3.7189552783966064 491520
1770665120466 -3.7630608081817627 496640
1770665128336 -3.715071439743042 501760
1770665133893 -3.6195590496063232 506880
1770665139019 -3.652690887451172 512000
1770665144806 -3.705526828765869 517120
1770665152419 -3.6199333667755127 522240
1770665157438 -3.8558056354522705 527360
1770665163090 -3.7303833961486816 532480
1770665168505 -3.7059855461120605 537600
1770665176187 -3.766451358795166 542720
1770665181140 -3.7362358570098877 547840
1770665187354 -3.7023863792419434 552960
1770665193029 -3.7297725677490234 558080
1770665200346 -3.8037731647491455 563200
1770665205288 -3.8152928352355957 568320
1770665211028 -3.8596348762512207 573440
1770665216628 -3.8607287406921387 578560
1770665224134 -3.820237636566162 583680
1770665229443 -3.824583053588867 588800
1770665235599 -3.805194139480591 593920
1770665240830 -3.8785922527313232 599040
1770665247932 -3.83823823928833 604160
1770665253563 -3.8676886558532715 609280
1770665259421 -3.8185667991638184 614400
1770665264586 -3.9359307289123535 619520
1770665271534 -3.5572752952575684 624640
1770665277114 -4.00254487991333 629760
1770665283498 -3.7834725379943848 634880
1770665288508 -3.8697776794433594 640000
1770665295628 -3.983532667160034 645120
1770665301457 -3.8461761474609375 650240
1770665307345 -3.821540355682373 655360
1770665312512 -4.041295051574707 660480
1770665319071 -3.7487235069274902 665600
1770665325739 -3.8403384685516357 670720
1770665331383 -3.792095184326172 675840
1770665336498 -3.797574281692505 680960
1770665343090 -3.815869092941284 686080
1770665349863 -3.8585739135742188 691200
1770665355276 -3.8875346183776855 696320
1770665360263 -3.9076740741729736 701440
1770665366623 -3.9121322631835938 706560
1770665374321 -3.8100903034210205 711680
1770665379507 -3.8744266033172607 716800
1770665384695 -3.9884986877441406 721920
1770665389974 -3.7791831493377686 727040
1770665398492 -3.928603410720825 732160
1770665403694 -3.822453260421753 737280
1770665409044 -3.8951847553253174 742400
1770665414080 -3.953953266143799 747520
1770665423117 -3.9060490131378174 752640
1770665427981 -4.011337757110596 757760
1770665433197 -3.8149895668029785 762880
1770665438379 -3.7925305366516113 768000
1770665447280 -3.9201629161834717 773120
1770665452659 -3.844778537750244 778240
1770665457520 -3.7825400829315186 783360
1770665462611 -3.935974597930908 788480
1770665471470 -3.9291625022888184 793600
1770665478431 -3.618360996246338 798720
1770665485035 -3.9589297771453857 803840
1770665491517 -3.9456989765167236 808960
1770665501924 -3.887927293777466 814080
1770665508306 -3.9788436889648438 819200
1770665514553 -3.8027687072753906 824320
1770665520607 -3.6704559326171875 829440
1770665529495 -3.8795578479766846 834560
1770665536186 -3.7525901794433594 839680
1770665542344 -3.876183271408081 844800
1770665548470 -3.8640999794006348 849920
1770665555889 -3.768109083175659 855040
1770665563079 -3.838576078414917 860160
1770665569357 -3.8823752403259277 865280
1770665575411 -3.7770912647247314 870400
1770665582129 -4.039048671722412 875520
1770665590301 -3.865891933441162 880640
1770665595844 -3.9714019298553467 885760
1770665601958 -3.8826816082000732 890880
1770665608875 -4.009273052215576 896000
1770665617460 -3.769986391067505 901120
1770665623508 -4.145788669586182 906240
1770665629260 -3.828151226043701 911360
1770665635508 -4.014309883117676 916480
1770665644665 -3.8331356048583984 921600
1770665650225 -4.0354695320129395 926720
1770665655988 -3.937586545944214 931840
1770665661411 -4.201727867126465 936960
1770665670437 -3.9014830589294434 942080
1770665676835 -3.992142915725708 947200
1770665682072 -3.8772003650665283 952320
1770665687618 -4.039376735687256 957440
1770665696277 -3.9284121990203857 962560
1770665703032 -4.030019760131836 967680
1770665708884 -4.507861137390137 972800
1770665714281 -3.932405948638916 977920
1770665722426 -4.3543500900268555 983040
1770665729423 -3.992814302444458 988160
1770665735572 -4.140995502471924 993280
1770665741169 -4.429642200469971 998400
1770665743309 -4.285115718841553 1000448
