1770664506441 1.2197747230529785 5120
1770664515233 1.165915608406067 10240
1770664521578 1.1418431997299194 15360
1770664527120 1.1648435592651367 20480
1770664532878 1.2128875255584717 25600
1770664542202 1.221809983253479 30720
1770664547410 1.2126463651657104 35840
1770664553900 1.2139461040496826 40960
1770664559385 1.2083380222320557 46080
1770664567827 1.2090946435928345 51200
1770664573338 1.207385778427124 56320
1770664579720 1.2075743675231934 61440
1770664585361 1.1998884677886963 66560
1770664593585 1.1958506107330322 71680
1770664599021 1.1855545043945312 76800
1770664605227 1.1785537004470825 81920
1770664611233 1.1756408214569092 87040
1770664619168 1.1720061302185059 92160
1770664625122 1.1684480905532837 97280
1770664630762 1.1603766679763794 102400
1770664637661 1.1580678224563599 107520
1770664645782 1.1581618785858154 112640
1770664651935 1.1585618257522583 117760
1770664657322 1.1571348905563354 122880
1770664663847 1.1579612493515015 128000
1770664672144 1.1591644287109375 133120
1770664678180 1.1564065217971802 138240
1770664683621 1.1560351848602295 143360
1770664690363 1.1566886901855469 148480
1770664698171 1.1547539234161377 153600
1770664704517 1.1534221172332764 158720
1770664709889 1.1534732580184937 163840
1770664716352 1.1529970169067383 168960
1770664725139 1.153316617012024 174080
1770664730583 1.152437686920166 179200
1770664736189 1.1526525020599365 184320
1770664742561 1.151706576347351 189440
1770664750749 1.1496402025222778 194560
1770664756597 1.1486927270889282 199680
1770664761850 1.1468148231506348 204800
1770664768219 1.1433613300323486 209920
1770664776734 1.142983317375183 215040
1770664782129 1.1428008079528809 220160
1770664787531 1.1407498121261597 225280
1770664794515 1.1400648355484009 230400
1770664802577 1.1389086246490479 235520
1770664808072 1.1399654150009155 240640
1770664813685 1.139975905418396 245760
1770664820301 1.140166163444519 250880
1770664829147 1.1392502784729004 256000
1770664834616 1.1400623321533203 261120
1770664840008 1.1388696432113647 266240
1770664846577 1.1371891498565674 271360
1770664855354 1.1370019912719727 276480
1770664861266 1.137392282485962 281600
1770664867397 1.1370686292648315 286720
1770664873236 1.1367284059524536 291840
1770664882270 1.1362545490264893 296960
1770664887731 1.1375762224197388 302080
1770664893182 1.1379843950271606 307200
1770664898607 1.1395078897476196 312320
1770664906913 1.13890540599823 317440
1770664912334 1.1382124423980713 322560
1770664918360 1.1384930610656738 327680
1770664923349 1.137467622756958 332800
1770664931655 1.1372138261795044 337920
1770664937060 1.1368188858032227 343040
1770664942741 1.1377111673355103 348160
1770664948049 1.1381573677062988 353280
1770664956426 1.138135313987732 358400
1770664961606 1.1375819444656372 363520
1770664967455 1.1366554498672485 368640
1770664972707 1.1376922130584717 373760
1770664981231 1.1359225511550903 378880
1770664986354 1.1358535289764404 384000
1770664991934 1.1342864036560059 389120
1770664997168 1.1342628002166748 394240
1770665005253 1.1338633298873901 399360
1770665010582 1.1341582536697388 404480
1770665016925 1.1338727474212646 409600
1770665022067 1.1346646547317505 414720
1770665030050 1.1347475051879883 419840
1770665035684 1.1355386972427368 424960
1770665042428 1.1357144117355347 430080
1770665047674 1.135119915008545 435200
1770665056040 1.1348484754562378 440320
1770665061594 1.134655475616455 445440
1770665067218 1.1334859132766724 450560
1770665072820 1.133236050605774 455680
1770665080615 1.132553219795227 460800
1770665085529 1.1329160928726196 465920
1770665090739 1.1325860023498535 471040
1770665096207 1.1317609548568726 476160
1770665104190 1.1304140090942383 481280
1770665109728 1.1301153898239136 486400
1770665114908 1.1308650970458984 491520
1770665120476 1.130319356918335 496640
1770665128345 1.1297204494476318 501760
1770665133906 1.1295552253723145 506880
1770665139027 1.129776120185852 512000
1770665144814 1.129730463027954 517120
1770665152428 1.129580020904541 522240
1770665157453 1.1294487714767456 527360
1770665163099 1.1289130449295044 532480
1770665168521 1.1290513277053833 537600
1770665176195 1.129302740097046 542720
1770665181155 1.1292755603790283 547840
1770665187363 1.1288971900939941 552960
1770665193038 1.1283103227615356 558080
1770665200356 1.1281137466430664 563200
1770665205300 1.1278164386749268 568320
1770665211045 1.1279131174087524 573440
1770665216639 1.128031611442566 578560
1770665224143 1.1275547742843628 583680
1770665229453 1.1276179552078247 588800
1770665235614 1.1277360916137695 593920
1770665240839 1.1278879642486572 599040
1770665247943 1.128153920173645 604160
1770665253573 1.1277132034301758 609280
1770665259431 1.127170443534851 614400
1770665264600 1.1272644996643066 619520
1770665271543 1.1276793479919434 624640
1770665277124 1.12738835811615 629760
1770665283511 1.127406120300293 634880
1770665288520 1.1266365051269531 640000
1770665295639 1.1267257928848267 645120
1770665301467 1.1264622211456299 650240
1770665307355 1.1254512071609497 655360
1770665312522 1.1246047019958496 660480
1770665319081 1.1239694356918335 665600
1770665325750 1.1233313083648682 670720
1770665331395 1.1240638494491577 675840
1770665336508 1.1246631145477295 680960
1770665343100 1.1260790824890137 686080
1770665349873 1.12630295753479 691200
1770665355286 1.1272956132888794 696320
1770665360276 1.1284252405166626 701440
1770665366634 1.1297167539596558 706560
1770665374331 1.1316908597946167 711680
1770665379520 1.1338937282562256 716800
1770665384705 1.1354864835739136 721920
1770665389984 1.137506365776062 727040
1770665398503 1.1391676664352417 732160
1770665403704 1.1405950784683228 737280
1770665409054 1.1430838108062744 742400
1770665414092 1.144731044769287 747520
1770665423128 1.1464104652404785 752640
1770665427991 1.1478396654129028 757760
1770665433209 1.1496670246124268 762880
1770665438391 1.1500649452209473 768000
1770665447290 1.1520968675613403 773120
1770665452670 1.1542078256607056 778240
1770665457532 1.1554046869277954 783360
1770665462629 1.1572177410125732 788480
1770665471482 1.1579324007034302 793600
1770665478443 1.159338116645813 798720
1770665485047 1.160491943359375 803840
1770665491534 1.1614943742752075 808960
1770665501942 1.162559151649475 814080
1770665508319 1.1633062362670898 819200
1770665514572 1.164129614830017 824320
1770665520621 1.1651129722595215 829440
1770665529508 1.166115403175354 834560
1770665536201 1.16652250289917 839680
1770665542360 1.167736291885376 844800
1770665548482 1.168022871017456 849920
1770665555907 1.1683000326156616 855040
1770665563091 1.1692290306091309 860160
1770665569369 1.1697007417678833 865280
1770665575432 1.1696515083312988 870400
1770665582149 1.170467734336853 875520
1770665590315 1.1711379289627075 880640
1770665595856 1.1720408201217651 885760
1770665601971 1.172579288482666 890880
1770665608888 1.1734172105789185 896000
1770665617474 1.173493504524231 901120
1770665623520 1.1750946044921875 906240
1770665629272 1.1758365631103516 911360
1770665635523 1.1767770051956177 916480
1770665644684 1.177501916885376 921600
1770665650239 1.177741289138794 926720
1770665656002 1.1787893772125244 931840
1770665661430 1.1792821884155273 936960
1770665670450 1.1801495552062988 942080
1770665676848 1.1803035736083984 947200
1770665682083 1.1811476945877075 952320
1770665687631 1.1822166442871094 957440
1770665696301 1.182595133781433 962560
1770665703045 1.1833727359771729 967680
1770665708902 1.1834849119186401 972800
1770665714297 1.1832807064056396 977920
1770665722438 1.1840410232543945 983040
1770665729437 1.184899926185608 988160
1770665735586 1.1851636171340942 993280
1770665741183 1.1859594583511353 998400
1770665743322 1.1860358715057373 1000448
