1770664506441 0.3225201666355133 5120
1770664515233 0.3192703425884247 10240
1770664521578 0.3144649565219879 15360
1770664527120 0.32009458541870117 20480
1770664532878 0.32803839445114136 25600
1770664542202 0.3248829245567322 30720
1770664547410 0.3181447684764862 35840
1770664553900 0.3162437975406647 40960
1770664559385 0.311018705368042 46080
1770664567827 0.3081667125225067 51200
1770664573338 0.3061269521713257 56320
1770664579720 0.30447518825531006 61440
1770664585361 0.3014752268791199 66560
1770664593585 0.2991338074207306 71680
1770664599021 0.29536691308021545 76800
1770664605227 0.2937261462211609 81920
1770664611233 0.2919119894504547 87040
1770664619168 0.29042327404022217 92160
1770664625122 0.2894212305545807 97280
1770664630762 0.2873186767101288 102400
1770664637661 0.2857699692249298 107520
1770664645782 0.28508394956588745 112640
1770664651935 0.2847897708415985 117760
1770664657322 0.28437620401382446 122880
1770664663847 0.28383833169937134 128000
1770664672144 0.28372812271118164 133120
1770664678180 0.2827557921409607 138240
1770664683621 0.282333105802536 143360
1770664690363 0.28210172057151794 148480
1770664698171 0.2814807593822479 153600
1770664704517 0.280966579914093 158720
1770664709889 0.2806969881057739 163840
1770664716352 0.28052234649658203 168960
1770664725139 0.2802972197532654 174080
1770664730583 0.2796172499656677 179200
1770664736189 0.279458612203598 184320
1770664742561 0.27934300899505615 189440
1770664750749 0.27892205119132996 194560
1770664756597 0.2785682678222656 199680
1770664761850 0.2780356705188751 204800
1770664768219 0.27722489833831787 209920
1770664776734 0.27691930532455444 215040
1770664782129 0.2767007648944855 220160
1770664787531 0.2761325240135193 225280
1770664794515 0.27589207887649536 230400
1770664802577 0.27559247612953186 235520
1770664808072 0.27554431557655334 240640
1770664813685 0.27519840002059937 245760
1770664820301 0.2751978635787964 250880
1770664829147 0.2749997675418854 256000
1770664834616 0.2750588059425354 261120
1770664840008 0.27463555335998535 266240
1770664846577 0.27423617243766785 271360
1770664855354 0.27419134974479675 276480
1770664861266 0.27416250109672546 281600
1770664867397 0.2741634249687195 286720
1770664873236 0.27410611510276794 291840
1770664882270 0.27388402819633484 296960
1770664887731 0.27400723099708557 302080
1770664893182 0.2740703523159027 307200
1770664898607 0.2742081880569458 312320
1770664906913 0.2741400897502899 317440
1770664912334 0.2738257050514221 322560
1770664918360 0.2737821638584137 327680
1770664923349 0.27365508675575256 332800
1770664931655 0.2736559808254242 337920
1770664937060 0.27348196506500244 343040
1770664942741 0.27368590235710144 348160
1770664948049 0.27380502223968506 353280
1770664956426 0.27377909421920776 358400
1770664961606 0.2736940383911133 363520
1770664967455 0.27345743775367737 368640
1770664972707 0.2736457586288452 373760
1770664981231 0.2732180953025818 378880
1770664986354 0.27304044365882874 384000
1770664991934 0.2725701332092285 389120
1770664997168 0.2725565433502197 394240
1770665005253 0.27237915992736816 399360
1770665010582 0.27236464619636536 404480
1770665016925 0.27230244874954224 409600
1770665022067 0.2723614275455475 414720
1770665030050 0.2724871337413788 419840
1770665035684 0.2725890278816223 424960
1770665042428 0.2726922035217285 430080
1770665047674 0.2726391553878784 435200
1770665056040 0.2724267840385437 440320
1770665061594 0.27238643169403076 445440
1770665067218 0.27209338545799255 450560
1770665072820 0.2720929980278015 455680
1770665080615 0.27211153507232666 460800
1770665085529 0.27213984727859497 465920
1770665090739 0.2719690203666687 471040
1770665096207 0.27179285883903503 476160
1770665104190 0.2715193033218384 481280
1770665109728 0.27151522040367126 486400
1770665114908 0.27166005969047546 491520
1770665120476 0.27154770493507385 496640
1770665128345 0.271385133266449 501760
1770665133906 0.2713308334350586 506880
1770665139027 0.27135586738586426 512000
1770665144814 0.2712535560131073 517120
1770665152428 0.27123111486434937 522240
1770665157453 0.27117544412612915 527360
1770665163099 0.27111032605171204 532480
1770665168521 0.27114441990852356 537600
1770665176195 0.27121102809906006 542720
1770665181155 0.2712317705154419 547840
1770665187363 0.27109286189079285 552960
1770665193038 0.2709673047065735 558080
1770665200356 0.2707974314689636 563200
1770665205300 0.2707083821296692 568320
1770665211045 0.27071917057037354 573440
1770665216639 0.2707090973854065 578560
1770665224143 0.2705654203891754 583680
1770665229453 0.2705756425857544 588800
1770665235614 0.2706449627876282 593920
1770665240839 0.27056458592414856 599040
1770665247943 0.27061450481414795 604160
1770665253573 0.27052128314971924 609280
1770665259431 0.2704285681247711 614400
1770665264600 0.2704415023326874 619520
1770665271543 0.27053096890449524 624640
1770665277124 0.27045249938964844 629760
1770665283511 0.2703997492790222 634880
1770665288520 0.2702641189098358 640000
1770665295639 0.2702392339706421 645120
1770665301467 0.2702561914920807 650240
1770665307355 0.2699914872646332 655360
1770665312522 0.26984158158302307 660480
1770665319081 0.2697735130786896 665600
1770665325750 0.2696640193462372 670720
1770665331395 0.26987940073013306 675840
1770665336508 0.27018091082572937 680960
1770665343100 0.27059730887413025 686080
1770665349873 0.27062490582466125 691200
1770665355286 0.2707810401916504 696320
1770665360276 0.27112099528312683 701440
1770665366634 0.27156123518943787 706560
1770665374331 0.27221593260765076 711680
1770665379520 0.27284398674964905 716800
1770665384705 0.2733655571937561 721920
1770665389984 0.27392706274986267 727040
1770665398503 0.27433687448501587 732160
1770665403704 0.2747544050216675 737280
1770665409054 0.2753991186618805 742400
1770665414092 0.2758738398551941 747520
1770665423128 0.2764313220977783 752640
1770665427991 0.2768755555152893 757760
1770665433209 0.27745911478996277 762880
1770665438391 0.2777019143104553 768000
1770665447290 0.2783191502094269 773120
1770665452670 0.27896827459335327 778240
1770665457532 0.27944430708885193 783360
1770665462629 0.2800115644931793 788480
1770665471482 0.2802843749523163 793600
1770665478443 0.2807381749153137 798720
1770665485047 0.28118398785591125 803840
1770665491534 0.2816726267337799 808960
1770665501942 0.2821309268474579 814080
1770665508319 0.28247004747390747 819200
1770665514572 0.28288230299949646 824320
1770665520621 0.28325751423835754 829440
1770665529508 0.28369855880737305 834560
1770665536201 0.28402119874954224 839680
1770665542360 0.284455269575119 844800
1770665548482 0.28470852971076965 849920
1770665555907 0.2849887013435364 855040
1770665563091 0.28533631563186646 860160
1770665569369 0.2856059670448303 865280
1770665575432 0.2857685983181 870400
1770665582149 0.2861705720424652 875520
1770665590315 0.2865033447742462 880640
1770665595856 0.28686413168907166 885760
1770665601971 0.2871948778629303 890880
1770665608888 0.2875356674194336 896000
1770665617474 0.2876872420310974 901120
1770665623520 0.2882716953754425 906240
1770665629272 0.2886713445186615 911360
1770665635523 0.28908026218414307 916480
1770665644684 0.2894167900085449 921600
1770665650239 0.28968629240989685 926720
1770665656002 0.2901502251625061 931840
1770665661430 0.29045769572257996 936960
1770665670450 0.2908690869808197 942080
1770665676848 0.2911421060562134 947200
1770665682083 0.2914911210536957 952320
1770665687631 0.2919207513332367 957440
1770665696301 0.2921212613582611 962560
1770665703045 0.2925305962562561 967680
1770665708902 0.2927730083465576 972800
1770665714297 0.2929290533065796 977920
1770665722438 0.29327070713043213 983040
1770665729437 0.2936905026435852 988160
1770665735586 0.2939468026161194 993280
1770665741183 0.29437974095344543 998400
1770665743322 0.29442596435546875 1000448
