1770664506434 135.33505420753744 5120
1770664515227 109.37477834567643 10240
1770664521571 117.19206482257614 15360
1770664527114 162.72760426770125 20480
1770664532873 179.0830451304385 25600
1770664542197 171.10529107004447 30720
1770664547398 119.29531556642681 35840
1770664553894 194.49589612798516 40960
1770664559380 126.64726130805 46080
1770664567821 181.7053242646103 51200
1770664573333 162.15510709038892 56320
1770664579711 184.2516253733966 61440
1770664585356 157.93591143577964 66560
1770664593580 191.9238583325707 71680
1770664599015 119.31228309722934 76800
1770664605222 109.11868463499661 81920
1770664611223 185.04010235143602 87040
1770664619163 179.5276291572144 92160
1770664625116 86.50368139913792 97280
1770664630753 120.94999711632735 102400
1770664637653 140.258962011771 107520
1770664645777 117.25103432852511 112640
1770664651925 131.96274855273094 117760
1770664657316 181.17943844492441 122880
1770664663837 140.53152851303358 128000
1770664672135 154.73710617575443 133120
1770664678174 206.42275702544416 138240
1770664683615 187.92526546888303 143360
1770664690357 153.6431371112495 148480
1770664698164 188.5504158237806 153600
1770664704511 152.41484065554707 158720
1770664709883 131.97520531134955 163840
1770664716346 141.07036189963677 168960
1770664725133 196.55578986831623 174080
1770664730572 123.8719432959244 179200
1770664736181 154.41239921952655 184320
1770664742555 145.05633754106864 189440
1770664750742 192.5494192719093 194560
1770664756590 116.793940744041 199680
1770664761842 126.64726130805 204800
1770664768209 187.90000895977062 209920
1770664776724 142.8431699758199 215040
1770664782121 134.6313154009116 220160
1770664787525 172.34976988823144 225280
1770664794507 194.1897310060651 230400
1770664802567 133.4023726980694 235520
1770664808065 203.8841143301575 240640
1770664813675 178.08695652173913 245760
1770664820295 144.83594046755758 250880
1770664829137 192.0908632928784 256000
1770664834605 140.78625134264232 261120
1770664839995 130.63518858815834 266240
1770664846570 172.76862874325494 271360
1770664855346 117.03510240526815 276480
1770664861258 142.50344851017564 281600
1770664867390 147.8794203716109 286720
1770664873223 146.97259793958932 291840
1770664882263 205.22086309815052 296960
1770664887724 187.480064366172 302080
1770664893175 171.04249245575403 307200
1770664898595 138.1614072073259 312320
1770664906898 142.98438671848368 317440
1770664912326 203.78505490234184 322560
1770664918353 183.8719915830082 327680
1770664923341 175.02520447337673 332800
1770664931648 116.29846111188132 337920
1770664937052 184.68974020255393 343040
1770664942734 191.98535268000182 348160
1770664948041 90.5427855970987 353280
1770664956418 216.98416968442834 358400
1770664961594 169.1183420023386 363520
1770664967448 179.72764279898874 368640
1770664972698 118.15606513042988 373760
1770664981222 135.8479028340081 378880
1770664986347 165.02612527541706 384000
1770664991926 131.4993729621269 389120
1770664997156 155.81202867862848 394240
1770665005245 111.91674893934947 399360
1770665010567 87.79102478231748 404480
1770665016912 141.6085620716432 409600
1770665022059 177.16921517276336 414720
1770665030036 196.72172975001172 419840
1770665035676 209.36973992911695 424960
1770665042415 138.36650941840134 430080
1770665047665 226.7926895209257 435200
1770665056032 208.9629334396174 440320
1770665061581 148.61297523296602 445440
1770665067210 165.01963252940945 450560
1770665072811 189.4788579689194 455680
1770665080606 161.66759173604686 460800
1770665085517 124.41206656186041 465920
1770665090730 198.70684100814856 471040
1770665096199 184.44608619173263 476160
1770665104182 207.6799366211131 481280
1770665109719 159.55810857077643 486400
1770665114898 141.3127590040767 491520
1770665120466 216.43552298880232 496640
1770665128336 207.49500346294647 501760
1770665133893 145.60016662616724 506880
1770665139019 194.40574739281575 512000
1770665144806 126.45634346357936 517120
1770665152419 196.61107204800075 522240
1770665157438 212.19791561266823 527360
1770665163090 171.88361609704123 532480
1770665168505 147.33398904032597 537600
1770665176187 166.7450107338793 542720
1770665181140 114.40154924583368 547840
1770665187354 208.29876837504966 552960
1770665193029 170.95186468310575 558080
1770665200346 140.71068169618894 563200
1770665205288 149.93043789097408 568320
1770665211028 135.81271249554771 573440
1770665216628 111.23409446521866 578560
1770665224134 154.27041341768427 583680
1770665229443 152.21019015822324 588800
1770665235599 118.46977742627952 593920
1770665240830 162.13003478933126 599040
1770665247932 117.530305153137 604160
1770665253563 127.03467910470364 609280
1770665259421 108.3855496408083 614400
1770665264586 131.51586604791171 619520
1770665271534 147.81167183535382 624640
1770665277114 137.99776271632558 629760
1770665283498 147.1995507826209 634880
1770665288508 148.69727372638 640000
1770665295628 88.44824023112123 645120
1770665301457 213.864164797063 650240
1770665307345 175.41315712433607 655360
1770665312512 155.61547879642342 660480
1770665319071 168.04775832365078 665600
1770665325739 128.86914308538422 670720
1770665331383 172.8611935377514 675840
1770665336498 198.537536684654 680960
1770665343090 96.69419277497292 686080
1770665349863 166.1307878163742 691200
1770665355276 191.6695151487456 696320
1770665360263 183.25340789933588 701440
1770665366623 187.4716846198543 706560
1770665374321 177.22161659694933 711680
1770665379507 163.35503972581398 716800
1770665384695 163.712099921936 721920
1770665389974 209.5056943056943 727040
1770665398492 142.60519515843873 732160
1770665403694 128.15644096797848 737280
1770665409044 205.04028157997652 742400
1770665414080 128.74651605377863 747520
1770665423117 140.6870828162211 752640
1770665427981 192.09966107905103 757760
1770665433197 164.16062622309198 762880
1770665438379 156.19498752467135 768000
1770665447280 203.81476262209048 773120
1770665452659 128.05471087500763 778240
1770665457520 182.85395413723953 783360
1770665462611 202.68213008601526 788480
1770665471470 161.48708273976823 793600
1770665478431 139.9781070618075 798720
1770665485035 176.68410632292853 803840
1770665491517 143.50785232832655 808960
1770665501924 109.74682086974724 814080
1770665508306 154.81706776908314 819200
1770665514553 173.53347124534548 824320
1770665520607 131.46639919759278 829440
1770665529495 173.08946847144273 834560
1770665536186 195.47485669012443 839680
1770665542344 210.95986319283773 844800
1770665548470 192.27578619235354 849920
1770665555889 93.40186166659244 855040
1770665563079 112.81986174247518 860160
1770665569357 90.67393043215081 865280
1770665575411 131.62730268319473 870400
1770665582129 130.74106168760326 875520
1770665590301 173.38999586606036 880640
1770665595844 188.66066930550556 885760
1770665601958 108.32956247740069 890880
1770665608875 155.00587604863446 896000
1770665617460 149.46028578555394 901120
1770665623508 172.3639352346511 906240
1770665629260 101.46855041610219 911360
1770665635508 117.81421870172186 916480
1770665644665 197.6860065042183 921600
1770665650225 186.0414282546019 926720
1770665655988 144.41703680749234 931840
1770665661411 193.05458897173892 936960
1770665670437 159.24309958616502 942080
1770665676835 179.15188792072442 947200
1770665682072 190.27827428208502 952320
1770665687618 122.92801875732708 957440
1770665696277 75.4859981282845 962560
1770665703032 92.63448032156897 967680
1770665708884 83.69358475506336 972800
1770665714281 191.69579524680074 977920
1770665722426 86.12003367349034 983040
1770665729423 168.07469445001 988160
1770665735572 177.90566677977606 993280
1770665741169 182.7981695358466 998400
1770665743309 204.3111695650056 1000448
