1770664506441 2.230496883392334 5120
1770664515233 2.2144036293029785 10240
1770664521578 2.170750141143799 15360
1770664527120 2.2293481826782227 20480
1770664532878 2.29634952545166 25600
1770664542202 2.2523083686828613 30720
1770664547410 2.17645001411438 35840
1770664553900 2.149193525314331 40960
1770664559385 2.0926456451416016 46080
1770664567827 2.06593656539917 51200
1770664573338 2.0418167114257812 56320
1770664579720 2.015958547592163 61440
1770664585361 1.9819681644439697 66560
1770664593585 1.954999327659607 71680
1770664599021 1.9186279773712158 76800
1770664605227 1.900307297706604 81920
1770664611233 1.8768230676651 87040
1770664619168 1.8587902784347534 92160
1770664625122 1.8452011346817017 97280
1770664630762 1.8240481615066528 102400
1770664637661 1.8076021671295166 107520
1770664645782 1.7969802618026733 112640
1770664651935 1.790828824043274 117760
1770664657322 1.7848328351974487 122880
1770664663847 1.7798274755477905 128000
1770664672144 1.7756116390228271 133120
1770664678180 1.7642836570739746 138240
1770664683621 1.7584888935089111 143360
1770664690363 1.7555598020553589 148480
1770664698171 1.7478126287460327 153600
1770664704517 1.740135908126831 158720
1770664709889 1.7365273237228394 163840
1770664716352 1.7343875169754028 168960
1770664725139 1.7309950590133667 174080
1770664730583 1.724351406097412 179200
1770664736189 1.7224228382110596 184320
1770664742561 1.7207696437835693 189440
1770664750749 1.7156598567962646 194560
1770664756597 1.7106568813323975 199680
1770664761850 1.7045018672943115 204800
1770664768219 1.6964186429977417 209920
1770664776734 1.6937882900238037 215040
1770664782129 1.6906557083129883 220160
1770664787531 1.6849294900894165 225280
1770664794515 1.6828030347824097 230400
1770664802577 1.6797362565994263 235520
1770664808072 1.678763508796692 240640
1770664813685 1.675318717956543 245760
1770664820301 1.6744624376296997 250880
1770664829147 1.6731196641921997 256000
1770664834616 1.6728544235229492 261120
1770664840008 1.6697535514831543 266240
1770664846577 1.6656103134155273 271360
1770664855354 1.6654224395751953 276480
1770664861266 1.6642028093338013 281600
1770664867397 1.6630830764770508 286720
1770664873236 1.66140878200531 291840
1770664882270 1.6592514514923096 296960
1770664887731 1.659618616104126 302080
1770664893182 1.6592636108398438 307200
1770664898607 1.6605210304260254 312320
1770664906913 1.6603233814239502 317440
1770664912334 1.6570725440979004 322560
1770664918360 1.6570985317230225 327680
1770664923349 1.6555124521255493 332800
1770664931655 1.6558808088302612 337920
1770664937060 1.653727650642395 343040
1770664942741 1.6548480987548828 348160
1770664948049 1.6555986404418945 353280
1770664956426 1.6544691324234009 358400
1770664961606 1.653650164604187 363520
1770664967455 1.6520832777023315 368640
1770664972707 1.6533976793289185 373760
1770664981231 1.6493295431137085 378880
1770664986354 1.6469955444335938 384000
1770664991934 1.6421887874603271 389120
1770664997168 1.6414135694503784 394240
1770665005253 1.6392587423324585 399360
1770665010582 1.6386842727661133 404480
1770665016925 1.6374642848968506 409600
1770665022067 1.637369990348816 414720
1770665030050 1.6377363204956055 419840
1770665035684 1.6385936737060547 424960
1770665042428 1.6392155885696411 430080
1770665047674 1.6382930278778076 435200
1770665056040 1.6360070705413818 440320
1770665061594 1.635183334350586 445440
1770665067218 1.6322110891342163 450560
1770665072820 1.6318540573120117 455680
1770665080615 1.6318894624710083 460800
1770665085529 1.6318957805633545 465920
1770665090739 1.6300722360610962 471040
1770665096207 1.6282342672348022 476160
1770665104190 1.6256753206253052 481280
1770665109728 1.6255158185958862 486400
1770665114908 1.6265723705291748 491520
1770665120476 1.625564694404602 496640
1770665128345 1.6237921714782715 501760
1770665133906 1.622894048690796 506880
1770665139027 1.6228355169296265 512000
1770665144814 1.6215389966964722 517120
1770665152428 1.6213281154632568 522240
1770665157453 1.6207622289657593 527360
1770665163099 1.620108962059021 532480
1770665168521 1.6202366352081299 537600
1770665176195 1.6201746463775635 542720
1770665181155 1.6202409267425537 547840
1770665187363 1.6186414957046509 552960
1770665193038 1.617691993713379 558080
1770665200356 1.6158844232559204 563200
1770665205300 1.6151471138000488 568320
1770665211045 1.6149646043777466 573440
1770665216639 1.6146944761276245 578560
1770665224143 1.6135330200195312 583680
1770665229453 1.613463282585144 588800
1770665235614 1.6137956380844116 593920
1770665240839 1.6131696701049805 599040
1770665247943 1.6131267547607422 604160
1770665253573 1.6119760274887085 609280
1770665259431 1.6116256713867188 614400
1770665264600 1.6120163202285767 619520
1770665271543 1.6127763986587524 624640
1770665277124 1.6118271350860596 629760
1770665283511 1.6112220287322998 634880
1770665288520 1.6100871562957764 640000
1770665295639 1.6100903749465942 645120
1770665301467 1.6105135679244995 650240
1770665307355 1.6079940795898438 655360
1770665312522 1.6068322658538818 660480
1770665319081 1.6057486534118652 665600
1770665325750 1.6047618389129639 670720
1770665331395 1.6065067052841187 675840
1770665336508 1.6103918552398682 680960
1770665343100 1.614561915397644 686080
1770665349873 1.6148080825805664 691200
1770665355286 1.6164571046829224 696320
1770665360276 1.6203237771987915 701440
1770665366634 1.625414252281189 706560
1770665374331 1.6323802471160889 711680
1770665379520 1.6384435892105103 716800
1770665384705 1.6439144611358643 721920
1770665389984 1.6501133441925049 727040
1770665398503 1.6544761657714844 732160
1770665403704 1.659148931503296 737280
1770665409054 1.6656707525253296 742400
1770665414092 1.670613408088684 747520
1770665423128 1.6759982109069824 752640
1770665427991 1.6809146404266357 757760
1770665433209 1.6870657205581665 762880
1770665438391 1.6903512477874756 768000
1770665447290 1.6964479684829712 773120
1770665452670 1.703015923500061 778240
1770665457532 1.708513855934143 783360
1770665462629 1.7146531343460083 788480
1770665471482 1.7178999185562134 793600
1770665478443 1.7229139804840088 798720
1770665485047 1.7277413606643677 803840
1770665491534 1.7331843376159668 808960
1770665501942 1.7381410598754883 814080
1770665508319 1.7420238256454468 819200
1770665514572 1.7469438314437866 824320
1770665520621 1.7515901327133179 829440
1770665529508 1.756622552871704 834560
1770665536201 1.7601215839385986 839680
1770665542360 1.7647590637207031 844800
1770665548482 1.768195629119873 849920
1770665555907 1.7717435359954834 855040
1770665563091 1.77605402469635 860160
1770665569369 1.7794170379638672 865280
1770665575432 1.7819361686706543 870400
1770665582149 1.7864928245544434 875520
1770665590315 1.7904455661773682 880640
1770665595856 1.7947930097579956 885760
1770665601971 1.7987840175628662 890880
1770665608888 1.8029664754867554 896000
1770665617474 1.8053367137908936 901120
1770665623520 1.8118271827697754 906240
1770665629272 1.8164716958999634 911360
1770665635523 1.8210526704788208 916480
1770665644684 1.8252031803131104 921600
1770665650239 1.8287049531936646 926720
1770665656002 1.8339145183563232 931840
1770665661430 1.8376638889312744 936960
1770665670450 1.842225432395935 942080
1770665676848 1.8457911014556885 947200
1770665682083 1.8497120141983032 952320
1770665687631 1.854554533958435 957440
1770665696301 1.8573269844055176 962560
1770665703045 1.8618324995040894 967680
1770665708902 1.8648170232772827 972800
1770665714297 1.8673787117004395 977920
1770665722438 1.8713124990463257 983040
1770665729437 1.8760806322097778 988160
1770665735586 1.8795335292816162 993280
1770665741183 1.8841438293457031 998400
1770665743322 1.884668231010437 1000448
