1769356776400 17.640583038330078 5120
1769356785962 18.365991592407227 10240
1769356793226 17.97711944580078 15360
1769356799718 17.924036026000977 20480
1769356805805 17.951751708984375 25600
1769356814572 17.936986923217773 30720
1769356821697 17.84183692932129 35840
1769356827817 17.83449935913086 40960
1769356833930 17.837352752685547 46080
1769356842137 17.88677978515625 51200
1769356851775 17.87834358215332 56320
1769356860574 17.784543991088867 61440
1769356867885 17.712810516357422 66560
1769356877559 17.70816993713379 71680
1769356887204 17.72835922241211 76800
1769356895207 17.7244815826416 81920
1769356903529 17.693330764770508 87040
1769356913586 17.71627426147461 92160
1769356924040 17.706138610839844 97280
1769356933291 17.63804817199707 102400
1769356941324 17.633880615234375 107520
1769356950004 17.620067596435547 112640
1769356957453 17.619216918945312 117760
1769356964516 17.591577529907227 122880
1769356972455 17.58175277709961 128000
1769356980969 17.577781677246094 133120
1769356988298 17.556703567504883 138240
1769356996517 17.547643661499023 143360
1769357005888 17.56954574584961 148480
1769357015687 17.573728561401367 153600
1769357024512 17.559921264648438 158720
1769357032827 17.57259750366211 163840
1769357042647 17.599163055419922 168960
1769357052294 17.613079071044922 174080
1769357059955 17.640512466430664 179200
1769357067917 17.6409854888916 184320
1769357077768 17.658754348754883 189440
1769357087068 17.667278289794922 194560
1769357094938 17.65239906311035 199680
1769357101386 17.651044845581055 204800
1769357110379 17.631694793701172 209920
1769357118436 17.635902404785156 215040
1769357125323 17.641584396362305 220160
1769357131744 17.640785217285156 225280
1769357141379 17.623361587524414 230400
1769357148947 17.63408851623535 235520
1769357156990 17.622467041015625 240640
1769357164727 17.633813858032227 245760
1769357174279 17.63572120666504 250880
1769357181847 17.641448974609375 256000
1769357188681 17.646190643310547 261120
1769357195456 17.6643009185791 266240
1769357204982 17.65916633605957 271360
1769357212783 17.648578643798828 276480
1769357219542 17.653345108032227 281600
1769357226323 17.63805389404297 286720
1769357235836 17.635278701782227 291840
1769357245316 17.612916946411133 296960
1769357246437 17.605051040649414 300032
