1769356776400 0.0 5120
1769356785962 0.0 10240
1769356793226 0.0 15360
1769356799718 0.0 20480
1769356805805 0.0 25600
1769356814572 0.0 30720
1769356821697 0.0 35840
1769356827817 0.0 40960
1769356833930 0.0 46080
1769356842137 0.0 51200
1769356851775 0.0 56320
1769356860574 0.0 61440
1769356867885 0.0 66560
1769356877559 0.0 71680
1769356887204 0.0 76800
1769356895207 0.0 81920
1769356903529 0.0 87040
1769356913586 0.0 92160
1769356924040 0.0 97280
1769356933291 0.0 102400
1769356941324 0.0 107520
1769356950004 0.0 112640
1769356957453 0.0 117760
1769356964516 0.0 122880
1769356972455 0.0 128000
1769356980969 0.0 133120
1769356988298 0.0 138240
1769356996517 0.0 143360
1769357005888 0.0 148480
1769357015687 0.0 153600
1769357024512 0.0 158720
1769357032827 0.0 163840
1769357042647 0.0 168960
1769357052294 0.0 174080
1769357059955 0.0 179200
1769357067917 0.0 184320
1769357077768 0.0 189440
1769357087068 0.0 194560
1769357094938 0.0 199680
1769357101386 0.0 204800
1769357110379 0.0 209920
1769357118436 0.0 215040
1769357125323 0.0 220160
1769357131744 0.0 225280
1769357141379 0.0 230400
1769357148947 0.0 235520
1769357156990 0.0 240640
1769357164727 0.0 245760
1769357174279 0.0 250880
1769357181847 0.0 256000
1769357188681 0.0 261120
1769357195456 0.0 266240
1769357204982 0.0 271360
1769357212783 0.0 276480
1769357219542 0.0 281600
1769357226323 0.0 286720
1769357235836 0.0 291840
1769357245316 0.0 296960
1769357246437 0.0 300032
