1769356776400 1.1622798442840576 5120
1769356785962 1.2040401697158813 10240
1769356793226 1.1907808780670166 15360
1769356799718 1.191806674003601 20480
1769356805805 1.1923973560333252 25600
1769356814572 1.187822937965393 30720
1769356821697 1.1812154054641724 35840
1769356827817 1.178774118423462 40960
1769356833930 1.1824299097061157 46080
1769356842137 1.1857243776321411 51200
1769356851775 1.1836233139038086 56320
1769356860574 1.1810823678970337 61440
1769356867885 1.1771931648254395 66560
1769356877559 1.1773158311843872 71680
1769356887204 1.1779597997665405 76800
1769356895207 1.1771007776260376 81920
1769356903529 1.1761184930801392 87040
1769356913586 1.1762648820877075 92160
1769356924040 1.1752400398254395 97280
1769356933291 1.1714580059051514 102400
1769356941324 1.1712380647659302 107520
1769356950004 1.1714293956756592 112640
1769356957453 1.1719181537628174 117760
1769356964516 1.1716395616531372 122880
1769356972455 1.169739007949829 128000
1769356980969 1.1691350936889648 133120
1769356988298 1.1676057577133179 138240
1769356996517 1.1676654815673828 143360
1769357005888 1.169327735900879 148480
1769357015687 1.1692149639129639 153600
1769357024512 1.1680645942687988 158720
1769357032827 1.167406678199768 163840
1769357042647 1.1693081855773926 168960
1769357052294 1.1701273918151855 174080
1769357059955 1.1714049577713013 179200
1769357067917 1.1709054708480835 184320
1769357077768 1.1707978248596191 189440
1769357087068 1.170973539352417 194560
1769357094938 1.1702007055282593 199680
1769357101386 1.1694691181182861 204800
1769357110379 1.168674111366272 209920
1769357118436 1.168678879737854 215040
1769357125323 1.1684699058532715 220160
1769357131744 1.1681913137435913 225280
1769357141379 1.1674983501434326 230400
1769357148947 1.1685612201690674 235520
1769357156990 1.1676725149154663 240640
1769357164727 1.1678394079208374 245760
1769357174279 1.16800057888031 250880
1769357181847 1.1677345037460327 256000
1769357188681 1.1678636074066162 261120
1769357195456 1.168297290802002 266240
1769357204982 1.168232798576355 271360
1769357212783 1.167734146118164 276480
1769357219542 1.1678112745285034 281600
1769357226323 1.1672379970550537 286720
1769357235836 1.1666759252548218 291840
1769357245316 1.1651735305786133 296960
1769357246437 1.1645989418029785 300032
