1769356776395 -0.8442067503929138 5120
1769356785950 -0.8935739398002625 10240
1769356793221 -1.3842732906341553 15360
1769356799714 -1.9538209438323975 20480
1769356805800 -2.4789814949035645 25600
1769356814564 -2.945173740386963 30720
1769356821691 -3.3605079650878906 35840
1769356827811 -3.728236436843872 40960
1769356833921 -3.902792453765869 46080
1769356842131 -4.001223564147949 51200
1769356851765 -4.065392971038818 56320
1769356860567 -4.104484558105469 61440
1769356867874 -4.1193437576293945 66560
1769356877552 -4.177335739135742 71680
1769356887199 -4.113187313079834 76800
1769356895198 -4.204288959503174 81920
1769356903521 -4.274532318115234 87040
1769356913574 -4.277377128601074 92160
1769356924031 -4.405864715576172 97280
1769356933281 -4.429818630218506 102400
1769356941312 -4.399281024932861 107520
1769356949994 -4.479671955108643 112640
1769356957444 -4.43081521987915 117760
1769356964508 -4.514874458312988 122880
1769356972447 -4.512755870819092 128000
1769356980959 -4.4567766189575195 133120
1769356988290 -4.541721820831299 138240
1769356996508 -4.612597942352295 143360
1769357005875 -4.662318229675293 148480
1769357015678 -4.673338890075684 153600
1769357024502 -4.6567559242248535 158720
1769357032818 -4.537330627441406 163840
1769357042635 -4.644331932067871 168960
1769357052287 -4.612179279327393 174080
1769357059941 -4.698407173156738 179200
1769357067905 -4.664584159851074 184320
1769357077761 -4.626555442810059 189440
1769357087055 -4.682563781738281 194560
1769357094927 -4.597533226013184 199680
1769357101374 -4.6689558029174805 204800
1769357110371 -4.6125383377075195 209920
1769357118428 -4.702027797698975 215040
1769357125309 -4.601344585418701 220160
1769357131731 -4.656641483306885 225280
1769357141367 -4.551301002502441 230400
1769357148932 -4.618330955505371 235520
1769357156982 -4.588181495666504 240640
1769357164720 -4.511548042297363 245760
1769357174266 -4.4718217849731445 250880
1769357181837 -4.5218048095703125 256000
1769357188672 -4.476634502410889 261120
1769357195447 -4.498499393463135 266240
1769357204971 -4.4458770751953125 271360
1769357212774 -4.317759037017822 276480
1769357219533 -4.346552848815918 281600
1769357226315 -4.343711853027344 286720
1769357235826 -4.3805108070373535 291840
1769357245305 -4.3297224044799805 296960
1769357246421 -4.354528427124023 300032
