1769356776400 1.120999813079834 5120
1769356785962 1.1477127075195312 10240
1769356793226 1.1180020570755005 15360
1769356799718 1.117966651916504 20480
1769356805805 1.1145814657211304 25600
1769356814572 1.103575348854065 30720
1769356821697 1.095271348953247 35840
1769356827817 1.0932964086532593 40960
1769356833930 1.0931522846221924 46080
1769356842137 1.0907083749771118 51200
1769356851775 1.091218113899231 56320
1769356860574 1.0904701948165894 61440
1769356867885 1.084159016609192 66560
1769356877559 1.0806516408920288 71680
1769356887204 1.0778188705444336 76800
1769356895207 1.0768849849700928 81920
1769356903529 1.0792138576507568 87040
1769356913586 1.0787347555160522 92160
1769356924040 1.0773259401321411 97280
1769356933291 1.074458122253418 102400
1769356941324 1.0725796222686768 107520
1769356950004 1.070529818534851 112640
1769356957453 1.0753158330917358 117760
1769356964516 1.074926733970642 122880
1769356972455 1.0702061653137207 128000
1769356980969 1.0695983171463013 133120
1769356988298 1.067636489868164 138240
1769356996517 1.0666543245315552 143360
1769357005888 1.0671511888504028 148480
1769357015687 1.0688631534576416 153600
1769357024512 1.0685652494430542 158720
1769357032827 1.0679914951324463 163840
1769357042647 1.0698784589767456 168960
1769357052294 1.0693387985229492 174080
1769357059955 1.0707765817642212 179200
1769357067917 1.068984866142273 184320
1769357077768 1.0695303678512573 189440
1769357087068 1.0699635744094849 194560
1769357094938 1.0685240030288696 199680
1769357101386 1.0687202215194702 204800
1769357110379 1.0663825273513794 209920
1769357118436 1.0670701265335083 215040
1769357125323 1.0668959617614746 220160
1769357131744 1.0670385360717773 225280
1769357141379 1.0648348331451416 230400
1769357148947 1.0662219524383545 235520
1769357156990 1.065368413925171 240640
1769357164727 1.0643601417541504 245760
1769357174279 1.0651055574417114 250880
1769357181847 1.0657432079315186 256000
1769357188681 1.0651506185531616 261120
1769357195456 1.0653765201568604 266240
1769357204982 1.065165638923645 271360
1769357212783 1.064162254333496 276480
1769357219542 1.0629483461380005 281600
1769357226323 1.0630484819412231 286720
1769357235836 1.0615425109863281 291840
1769357245316 1.0596725940704346 296960
1769357246437 1.0593023300170898 300032
