1769356776400 0.31755349040031433 5120
1769356785962 0.3301624655723572 10240
1769356793226 0.3248509466648102 15360
1769356799718 0.32468539476394653 20480
1769356805805 0.32535412907600403 25600
1769356814572 0.32221224904060364 30720
1769356821697 0.3184482753276825 35840
1769356827817 0.316590815782547 40960
1769356833930 0.31592556834220886 46080
1769356842137 0.31560420989990234 51200
1769356851775 0.3145911991596222 56320
1769356860574 0.31481412053108215 61440
1769356867885 0.31333738565444946 66560
1769356877559 0.31312575936317444 71680
1769356887204 0.3129779100418091 76800
1769356895207 0.31212928891181946 81920
1769356903529 0.31302687525749207 87040
1769356913586 0.3131271004676819 92160
1769356924040 0.3126920163631439 97280
1769356933291 0.3117099404335022 102400
1769356941324 0.3112712800502777 107520
1769356950004 0.3106224536895752 112640
1769356957453 0.31089693307876587 117760
1769356964516 0.3111056387424469 122880
1769356972455 0.3095650374889374 128000
1769356980969 0.3090321123600006 133120
1769356988298 0.30833080410957336 138240
1769356996517 0.3085377514362335 143360
1769357005888 0.30887356400489807 148480
1769357015687 0.3091738224029541 153600
1769357024512 0.30900582671165466 158720
1769357032827 0.3083731532096863 163840
1769357042647 0.3092358708381653 168960
1769357052294 0.3093116879463196 174080
1769357059955 0.30977824330329895 179200
1769357067917 0.30932798981666565 184320
1769357077768 0.30900126695632935 189440
1769357087068 0.3092503845691681 194560
1769357094938 0.3088601529598236 199680
1769357101386 0.3086504638195038 204800
1769357110379 0.3082830011844635 209920
1769357118436 0.30841881036758423 215040
1769357125323 0.3083270788192749 220160
1769357131744 0.30813828110694885 225280
1769357141379 0.3075452148914337 230400
1769357148947 0.3077724874019623 235520
1769357156990 0.30747300386428833 240640
1769357164727 0.3070400059223175 245760
1769357174279 0.3071872293949127 250880
1769357181847 0.3072473704814911 256000
1769357188681 0.3071477711200714 261120
1769357195456 0.3071650266647339 266240
1769357204982 0.3073696494102478 271360
1769357212783 0.3070504069328308 276480
1769357219542 0.30665260553359985 281600
1769357226323 0.3067368268966675 286720
1769357235836 0.30634739995002747 291840
1769357245316 0.30577051639556885 296960
1769357246437 0.3056122660636902 300032
