1769356776400 2.196653127670288 5120
1769356785962 2.2838778495788574 10240
1769356793226 2.2389228343963623 15360
1769356799718 2.237977981567383 20480
1769356805805 2.243612766265869 25600
1769356814572 2.216200113296509 30720
1769356821697 2.1864781379699707 35840
1769356827817 2.1697869300842285 40960
1769356833930 2.164311647415161 46080
1769356842137 2.1578094959259033 51200
1769356851775 2.147768020629883 56320
1769356860574 2.1535911560058594 61440
1769356867885 2.1409800052642822 66560
1769356877559 2.1365857124328613 71680
1769356887204 2.1323797702789307 76800
1769356895207 2.1256396770477295 81920
1769356903529 2.1357312202453613 87040
1769356913586 2.13683819770813 92160
1769356924040 2.1321914196014404 97280
1769356933291 2.125974655151367 102400
1769356941324 2.121013641357422 107520
1769356950004 2.1143858432769775 112640
1769356957453 2.117770195007324 117760
1769356964516 2.120441198348999 122880
1769356972455 2.106119394302368 128000
1769356980969 2.1013784408569336 133120
1769356988298 2.0958023071289062 138240
1769356996517 2.097808837890625 143360
1769357005888 2.1000783443450928 148480
1769357015687 2.1027071475982666 153600
1769357024512 2.101824998855591 158720
1769357032827 2.0957469940185547 163840
1769357042647 2.102766513824463 168960
1769357052294 2.1032536029815674 174080
1769357059955 2.107085704803467 179200
1769357067917 2.1022534370422363 184320
1769357077768 2.0998892784118652 189440
1769357087068 2.101484775543213 194560
1769357094938 2.098649263381958 199680
1769357101386 2.097184658050537 204800
1769357110379 2.0940515995025635 209920
1769357118436 2.0951013565063477 215040
1769357125323 2.094322443008423 220160
1769357131744 2.0928704738616943 225280
1769357141379 2.0873775482177734 230400
1769357148947 2.0890562534332275 235520
1769357156990 2.0874111652374268 240640
1769357164727 2.0827019214630127 245760
1769357174279 2.0839827060699463 250880
1769357181847 2.0851669311523438 256000
1769357188681 2.083275079727173 261120
1769357195456 2.0827507972717285 266240
1769357204982 2.0843656063079834 271360
1769357212783 2.0822863578796387 276480
1769357219542 2.0783896446228027 281600
1769357226323 2.0797431468963623 286720
1769357235836 2.0771307945251465 291840
1769357245316 2.072584867477417 296960
1769357246437 2.071582794189453 300032
