1770668258191 19.16588592529297 5120
1770668274820 20.347803115844727 10240
1770668284270 20.546749114990234 15360
1770668293860 21.212491989135742 20480
1770668302668 21.722139358520508 25600
1770668317696 22.1829833984375 30720
1770668328239 22.168306350708008 35840
1770668338072 22.324920654296875 40960
1770668347922 22.44540786743164 46080
1770668363401 22.699508666992188 51200
1770668374217 22.66084861755371 56320
1770668383589 22.752548217773438 61440
1770668392385 22.850292205810547 66560
1770668406187 22.89407730102539 71680
1770668413566 23.02956771850586 76800
1770668419568 23.15108299255371 81920
1770668425540 23.12834930419922 87040
1770668435546 23.13018226623535 92160
1770668445080 23.181459426879883 97280
1770668453710 23.189102172851562 102400
1770668463151 23.264102935791016 107520
1770668475344 23.24970817565918 112640
1770668484431 23.291067123413086 117760
1770668494332 23.320350646972656 122880
1770668502784 23.337398529052734 128000
1770668517479 23.304746627807617 133120
1770668533702 23.32240867614746 138240
1770668546046 23.36990737915039 143360
1770668556909 23.373746871948242 148480
1770668571626 23.364654541015625 153600
1770668582540 23.429765701293945 158720
1770668595420 23.439851760864258 163840
1770668605594 23.429346084594727 168960
1770668618697 23.429410934448242 174080
1770668626663 23.473398208618164 179200
1770668637867 23.503488540649414 184320
1770668646371 23.4809513092041 189440
1770668655440 23.478235244750977 194560
1770668663783 23.472726821899414 199680
1770668677003 23.44723892211914 204800
1770668687502 23.449687957763672 209920
1770668699099 23.45701026916504 215040
1770668706979 23.456207275390625 220160
1770668721211 23.415428161621094 225280
1770668730628 23.408912658691406 230400
1770668738776 23.39278793334961 235520
1770668747399 23.3638916015625 240640
1770668759833 23.388439178466797 245760
1770668767644 23.363752365112305 250880
1770668776112 23.401084899902344 256000
1770668783334 23.39670753479004 261120
1770668796034 23.391511917114258 266240
1770668805363 23.397951126098633 271360
1770668814844 23.41126823425293 276480
1770668823896 23.42889404296875 281600
1770668837227 23.44582748413086 286720
1770668845388 23.479541778564453 291840
1770668855194 23.49025535583496 296960
1770668865386 23.49041175842285 302080
1770668876187 23.47789764404297 307200
1770668883542 23.490318298339844 312320
1770668892488 23.496292114257812 317440
1770668901582 23.515344619750977 322560
1770668911392 23.488866806030273 327680
1770668918953 23.484956741333008 332800
1770668927196 23.472522735595703 337920
1770668937166 23.4666805267334 343040
1770668945816 23.442506790161133 348160
1770668953975 23.43792152404785 353280
1770668962030 23.441572189331055 358400
1770668972383 23.437841415405273 363520
1770668980038 23.439607620239258 368640
1770668987621 23.427736282348633 373760
1770668995592 23.435665130615234 378880
1770669006583 23.419891357421875 384000
1770669013954 23.428606033325195 389120
1770669021306 23.435266494750977 394240
1770669028886 23.450950622558594 399360
1770669040799 23.460853576660156 404480
1770669048186 23.446577072143555 409600
1770669055666 23.43756866455078 414720
1770669063240 23.42991065979004 419840
1770669075347 23.442394256591797 424960
1770669082372 23.43580436706543 430080
1770669089553 23.449716567993164 435200
1770669096863 23.434219360351562 440320
1770669109529 23.434471130371094 445440
1770669116694 23.428054809570312 450560
1770669123756 23.439319610595703 455680
1770669130699 23.44773292541504 460800
1770669144095 23.445415496826172 465920
1770669151687 23.449378967285156 471040
1770669158738 23.44843864440918 476160
1770669165645 23.433822631835938 481280
1770669178313 23.450624465942383 486400
1770669186379 23.443836212158203 491520
1770669193660 23.45093536376953 496640
1770669203229 23.45895004272461 501760
1770669213466 23.46474266052246 506880
1770669220459 23.474361419677734 512000
1770669227385 23.470853805541992 517120
1770669238842 23.479549407958984 522240
1770669246856 23.49062156677246 527360
1770669253906 23.48992347717285 532480
1770669261473 23.48311424255371 537600
1770669275858 23.487951278686523 542720
1770669284568 23.495447158813477 547840
1770669293052 23.51483917236328 552960
1770669302927 23.512189865112305 558080
1770669317435 23.522062301635742 563200
1770669326787 23.52050018310547 568320
1770669335524 23.514524459838867 573440
1770669348372 23.512596130371094 578560
1770669361438 23.515838623046875 583680
1770669369129 23.504281997680664 588800
1770669376160 23.50652313232422 593920
1770669385236 23.5119571685791 599040
1770669396444 23.515932083129883 604160
1770669403992 23.500837326049805 609280
1770669410820 23.508281707763672 614400
1770669420272 23.500957489013672 619520
1770669431825 23.510074615478516 624640
1770669439610 23.510356903076172 629760
1770669447459 23.514883041381836 634880
1770669456851 23.509265899658203 640000
1770669467477 23.50897979736328 645120
1770669474687 23.505535125732422 650240
1770669482206 23.506437301635742 655360
1770669490801 23.50648307800293 660480
1770669501407 23.522727966308594 665600
1770669508340 23.529273986816406 670720
1770669516540 23.539424896240234 675840
1770669526577 23.543128967285156 680960
1770669537099 23.54043960571289 686080
1770669544408 23.54425048828125 691200
1770669553156 23.534244537353516 696320
1770669563423 23.538904190063477 701440
1770669573465 23.54045867919922 706560
1770669581601 23.540321350097656 711680
1770669590659 23.54538917541504 716800
1770669600625 23.552459716796875 721920
1770669610910 23.54639434814453 727040
1770669620216 23.548612594604492 732160
1770669629666 23.54842185974121 737280
1770669642184 23.544546127319336 742400
1770669654362 23.54743766784668 747520
1770669665860 23.548032760620117 752640
1770669673014 23.55023765563965 757760
1770669682782 23.5645809173584 762880
1770669692028 23.566020965576172 768000
1770669702048 23.55170440673828 773120
1770669710083 23.555986404418945 778240
1770669721655 23.557937622070312 783360
1770669731268 23.56862449645996 788480
1770669739340 23.563060760498047 793600
1770669748081 23.55251121520996 798720
1770669760858 23.554302215576172 803840
1770669770477 23.551374435424805 808960
1770669781770 23.548667907714844 814080
1770669789255 23.55511474609375 819200
1770669800397 23.552227020263672 824320
1770669807591 23.558155059814453 829440
1770669816520 23.545818328857422 834560
1770669823806 23.54775047302246 839680
1770669835400 23.55927085876465 844800
1770669843012 23.557878494262695 849920
1770669850402 23.562156677246094 855040
1770669857958 23.56379508972168 860160
1770669872012 23.564800262451172 865280
1770669879374 23.569259643554688 870400
1770669886732 23.565183639526367 875520
1770669894195 23.554502487182617 880640
1770669908661 23.54682731628418 885760
1770669916681 23.547937393188477 890880
1770669924170 23.550079345703125 896000
1770669931800 23.541915893554688 901120
1770669945601 23.547395706176758 906240
1770669954255 23.54245948791504 911360
1770669961428 23.54269027709961 916480
1770669970579 23.541208267211914 921600
1770669981943 23.557119369506836 926720
1770669990698 23.55539321899414 931840
1770669998052 23.55521011352539 936960
1770670006502 23.552034378051758 942080
1770670017318 23.558841705322266 947200
1770670026252 23.55020523071289 952320
1770670033960 23.55695915222168 957440
1770670045331 23.55384063720703 962560
1770670056154 23.546335220336914 967680
1770670064744 23.54267692565918 972800
1770670072442 23.545766830444336 977920
1770670083156 23.543914794921875 983040
1770670092417 23.537506103515625 988160
1770670101467 23.53744888305664 993280
1770670109355 23.531564712524414 998400
1770670113162 23.531312942504883 1000448
