1770668258191 0.0 5120
1770668274820 0.0 10240
1770668284270 0.0 15360
1770668293860 0.0 20480
1770668302668 0.0 25600
1770668317696 0.0 30720
1770668328239 0.0 35840
1770668338072 0.0 40960
1770668347922 0.0 46080
1770668363401 0.0 51200
1770668374217 0.0 56320
1770668383589 0.0 61440
1770668392385 0.0 66560
1770668406187 0.0 71680
1770668413566 0.0 76800
1770668419568 0.0 81920
1770668425540 0.0 87040
1770668435546 0.0 92160
1770668445080 0.0 97280
1770668453710 0.0 102400
1770668463151 0.0 107520
1770668475344 0.0 112640
1770668484431 0.0 117760
1770668494332 0.0 122880
1770668502784 0.0 128000
1770668517479 0.0 133120
1770668533702 0.0 138240
1770668546046 0.0 143360
1770668556909 0.0 148480
1770668571626 0.0 153600
1770668582540 0.0 158720
1770668595420 0.0 163840
1770668605594 0.0 168960
1770668618697 0.0 174080
1770668626663 0.0 179200
1770668637867 0.0 184320
1770668646371 0.0 189440
1770668655440 0.0 194560
1770668663783 0.0 199680
1770668677003 0.0 204800
1770668687502 0.0 209920
1770668699099 0.0 215040
1770668706979 0.0 220160
1770668721211 0.0 225280
1770668730628 0.0 230400
1770668738776 0.0 235520
1770668747399 0.0 240640
1770668759833 0.0 245760
1770668767644 0.0 250880
1770668776112 0.0 256000
1770668783334 0.0 261120
1770668796034 0.0 266240
1770668805363 0.0 271360
1770668814844 0.0 276480
1770668823896 0.0 281600
1770668837227 0.0 286720
1770668845388 0.0 291840
1770668855194 0.0 296960
1770668865386 0.0 302080
1770668876187 0.0 307200
1770668883542 0.0 312320
1770668892488 0.0 317440
1770668901582 0.0 322560
1770668911392 0.0 327680
1770668918953 0.0 332800
1770668927196 0.0 337920
1770668937166 0.0 343040
1770668945816 0.0 348160
1770668953975 0.0 353280
1770668962030 0.0 358400
1770668972383 0.0 363520
1770668980038 0.0 368640
1770668987621 0.0 373760
1770668995592 0.0 378880
1770669006583 0.0 384000
1770669013954 0.0 389120
1770669021306 0.0 394240
1770669028886 0.0 399360
1770669040799 0.0 404480
1770669048186 0.0 409600
1770669055666 0.0 414720
1770669063240 0.0 419840
1770669075347 0.0 424960
1770669082372 0.0 430080
1770669089553 0.0 435200
1770669096863 0.0 440320
1770669109529 0.0 445440
1770669116694 0.0 450560
1770669123756 0.0 455680
1770669130699 0.0 460800
1770669144095 0.0 465920
1770669151687 0.0 471040
1770669158738 0.0 476160
1770669165645 0.0 481280
1770669178313 0.0 486400
1770669186379 0.0 491520
1770669193660 0.0 496640
1770669203229 0.0 501760
1770669213466 0.0 506880
1770669220459 0.0 512000
1770669227385 0.0 517120
1770669238842 0.0 522240
1770669246856 0.0 527360
1770669253906 0.0 532480
1770669261473 0.0 537600
1770669275858 0.0 542720
1770669284568 0.0 547840
1770669293052 0.0 552960
1770669302927 0.0 558080
1770669317435 0.0 563200
1770669326787 0.0 568320
1770669335524 0.0 573440
1770669348372 0.0 578560
1770669361438 0.0 583680
1770669369129 0.0 588800
1770669376160 0.0 593920
1770669385236 0.0 599040
1770669396444 0.0 604160
1770669403992 0.0 609280
1770669410820 0.0 614400
1770669420272 0.0 619520
1770669431825 0.0 624640
1770669439610 0.0 629760
1770669447459 0.0 634880
1770669456851 0.0 640000
1770669467477 0.0 645120
1770669474687 0.0 650240
1770669482206 0.0 655360
1770669490801 0.0 660480
1770669501407 0.0 665600
1770669508340 0.0 670720
1770669516540 0.0 675840
1770669526577 0.0 680960
1770669537099 0.0 686080
1770669544408 0.0 691200
1770669553156 0.0 696320
1770669563423 0.0 701440
1770669573465 0.0 706560
1770669581601 0.0 711680
1770669590659 0.0 716800
1770669600625 0.0 721920
1770669610910 0.0 727040
1770669620216 0.0 732160
1770669629666 0.0 737280
1770669642184 0.0 742400
1770669654362 0.0 747520
1770669665860 0.0 752640
1770669673014 0.0 757760
1770669682782 0.0 762880
1770669692028 0.0 768000
1770669702048 0.0 773120
1770669710083 0.0 778240
1770669721655 0.0 783360
1770669731268 0.0 788480
1770669739340 0.0 793600
1770669748081 0.0 798720
1770669760858 0.0 803840
1770669770477 0.0 808960
1770669781770 0.0 814080
1770669789255 0.0 819200
1770669800397 0.0 824320
1770669807591 0.0 829440
1770669816520 0.0 834560
1770669823806 0.0 839680
1770669835400 0.0 844800
1770669843012 0.0 849920
1770669850402 0.0 855040
1770669857958 0.0 860160
1770669872012 0.0 865280
1770669879374 0.0 870400
1770669886732 0.0 875520
1770669894195 0.0 880640
1770669908661 0.0 885760
1770669916681 0.0 890880
1770669924170 0.0 896000
1770669931800 0.0 901120
1770669945601 0.0 906240
1770669954255 0.0 911360
1770669961428 0.0 916480
1770669970579 0.0 921600
1770669981943 0.0 926720
1770669990698 0.0 931840
1770669998052 0.0 936960
1770670006502 0.0 942080
1770670017318 0.0 947200
1770670026252 0.0 952320
1770670033960 0.0 957440
1770670045331 0.0 962560
1770670056154 0.0 967680
1770670064744 0.0 972800
1770670072442 0.0 977920
1770670083156 0.0 983040
1770670092417 0.0 988160
1770670101467 0.0 993280
1770670109355 0.0 998400
1770670113162 0.0 1000448
