1770668258179 -1.3386789560317993 5120
1770668274812 -2.3890624046325684 10240
1770668284261 -1.532812476158142 15360
1770668293852 -1.523870825767517 20480
1770668302657 2.1734375953674316 25600
1770668317687 1.412500023841858 30720
1770668328228 1.099218726158142 35840
1770668338062 2.5374999046325684 40960
1770668347909 1.9609375 46080
1770668363392 2.221874952316284 51200
1770668374196 2.4468750953674316 56320
1770668383578 2.1187500953674316 61440
1770668392373 2.4781250953674316 66560
1770668406179 2.1500000953674316 71680
1770668413560 2.4375 76800
1770668419558 2.215625047683716 81920
1770668425534 2.346874952316284 87040
1770668435539 2.3062500953674316 92160
1770668445070 2.3499999046325684 97280
1770668453694 2.3531250953674316 102400
1770668463138 2.340625047683716 107520
1770668475335 2.3375000953674316 112640
1770668484417 2.3812499046325684 117760
1770668494320 2.3499999046325684 122880
1770668502774 2.3343749046325684 128000
1770668517463 2.356250047683716 133120
1770668533687 2.378124952316284 138240
1770668546023 2.331249952316284 143360
1770668556894 2.3656249046325684 148480
1770668571611 2.331249952316284 153600
1770668582526 2.359375 158720
1770668595411 2.375 163840
1770668605583 2.331249952316284 168960
1770668618690 2.356250047683716 174080
1770668626647 2.3343749046325684 179200
1770668637855 2.315624952316284 184320
1770668646361 2.403125047683716 189440
1770668655432 2.299999952316284 194560
1770668663771 2.387500047683716 199680
1770668676993 2.309375047683716 204800
1770668687491 2.362499952316284 209920
1770668699088 2.409374952316284 215040
1770668706969 2.3343749046325684 220160
1770668721200 2.3499999046325684 225280
1770668730615 2.4000000953674316 230400
1770668738764 2.25 235520
1770668747387 2.4437499046325684 240640
1770668759824 2.284374952316284 245760
1770668767633 2.340625047683716 250880
1770668776104 2.393749952316284 256000
1770668783324 2.3343749046325684 261120
1770668796022 2.3343749046325684 266240
1770668805353 2.5 271360
1770668814830 2.309375047683716 276480
1770668823882 2.424999952316284 281600
1770668837214 2.4124999046325684 286720
1770668845377 2.331249952316284 291840
1770668855184 2.40625 296960
1770668865376 2.3656249046325684 302080
1770668876177 2.4156250953674316 307200
1770668883530 2.3187499046325684 312320
1770668892475 2.346874952316284 317440
1770668901571 2.3812499046325684 322560
1770668911379 2.456249952316284 327680
1770668918943 2.2906250953674316 332800
1770668927186 2.3531250953674316 337920
1770668937154 2.4124999046325684 343040
1770668945802 2.403125047683716 348160
1770668953962 2.3343749046325684 353280
1770668962016 2.409374952316284 358400
1770668972369 2.409374952316284 363520
1770668980025 2.331249952316284 368640
1770668987609 2.4000000953674316 373760
1770668995580 2.371875047683716 378880
1770669006571 2.3343749046325684 384000
1770669013943 2.4312500953674316 389120
1770669021295 2.328125 394240
1770669028870 2.40625 399360
1770669040788 2.403125047683716 404480
1770669048170 2.34375 409600
1770669055651 2.403125047683716 414720
1770669063226 2.4312500953674316 419840
1770669075336 2.375 424960
1770669082361 2.3218750953674316 430080
1770669089542 2.471874952316284 435200
1770669096852 2.387500047683716 440320
1770669109514 2.387500047683716 445440
1770669116682 2.40625 450560
1770669123744 2.390625 455680
1770669130687 2.362499952316284 460800
1770669144085 2.4781250953674316 465920
1770669151675 2.362499952316284 471040
1770669158726 2.362499952316284 476160
1770669165632 2.409374952316284 481280
1770669178302 2.331249952316284 486400
1770669186368 2.4625000953674316 491520
1770669193645 2.4437499046325684 496640
1770669203216 2.4437499046325684 501760
1770669213454 2.340625047683716 506880
1770669220443 2.4000000953674316 512000
1770669227371 2.3968749046325684 517120
1770669238831 2.4312500953674316 522240
1770669246842 2.371875047683716 527360
1770669253894 2.3656249046325684 532480
1770669261460 2.390625 537600
1770669275844 2.421875 542720
1770669284554 2.371875047683716 547840
1770669293032 2.5062499046325684 552960
1770669302908 2.375 558080
1770669317403 2.403125047683716 563200
1770669326771 2.4124999046325684 568320
1770669335505 2.371875047683716 573440
1770669348350 2.387500047683716 578560
1770669361424 2.440624952316284 583680
1770669369116 2.378124952316284 588800
1770669376146 2.471874952316284 593920
1770669385218 2.4281249046325684 599040
1770669396430 2.4375 604160
1770669403979 2.434375047683716 609280
1770669410804 2.378124952316284 614400
1770669420259 2.362499952316284 619520
1770669431806 2.3843750953674316 624640
1770669439595 2.46875 629760
1770669447445 2.3499999046325684 634880
1770669456838 2.409374952316284 640000
1770669467459 2.362499952316284 645120
1770669474668 2.440624952316284 650240
1770669482185 2.456249952316284 655360
1770669490784 2.3968749046325684 660480
1770669501392 2.362499952316284 665600
1770669508324 2.46875 670720
1770669516516 2.3843750953674316 675840
1770669526561 2.3968749046325684 680960
1770669537084 2.34375 686080
1770669544393 2.4312500953674316 691200
1770669553129 2.4281249046325684 696320
1770669563406 2.424999952316284 701440
1770669573449 2.387500047683716 706560
1770669581583 2.450000047683716 711680
1770669590638 2.3687500953674316 716800
1770669600606 2.403125047683716 721920
1770669610880 2.4625000953674316 727040
1770669620197 2.434375047683716 732160
1770669629652 2.3843750953674316 737280
1770669642161 2.440624952316284 742400
1770669654347 2.440624952316284 747520
1770669665844 2.4749999046325684 752640
1770669672994 2.4749999046325684 757760
1770669682765 2.40625 762880
1770669691985 2.346874952316284 768000
1770669702028 2.390625 773120
1770669710063 2.4375 778240
1770669721638 2.503124952316284 783360
1770669731255 2.4749999046325684 788480
1770669739318 2.4625000953674316 793600
1770669748055 2.409374952316284 798720
1770669760841 2.421875 803840
1770669770456 2.371875047683716 808960
1770669781753 2.440624952316284 814080
1770669789238 2.424999952316284 819200
1770669800382 2.424999952316284 824320
1770669807574 2.4312500953674316 829440
1770669816503 2.424999952316284 834560
1770669823789 2.453125 839680
1770669835384 2.465625047683716 844800
1770669842995 2.4124999046325684 849920
1770669850387 2.390625 855040
1770669857937 2.4156250953674316 860160
1770669871997 2.403125047683716 865280
1770669879355 2.434375047683716 870400
1770669886714 2.450000047683716 875520
1770669894175 2.362499952316284 880640
1770669908638 2.40625 885760
1770669916665 2.465625047683716 890880
1770669924149 2.5218749046325684 896000
1770669931782 2.4375 901120
1770669945583 2.3812499046325684 906240
1770669954236 2.450000047683716 911360
1770669961411 2.403125047683716 916480
1770669970559 2.481250047683716 921600
1770669981920 2.4281249046325684 926720
1770669990682 2.4468750953674316 931840
1770669998031 2.4124999046325684 936960
1770670006482 2.3968749046325684 942080
1770670017301 2.503124952316284 947200
1770670026232 2.465625047683716 952320
1770670033942 2.496875047683716 957440
1770670045308 2.496875047683716 962560
1770670056136 2.4749999046325684 967680
1770670064724 2.4781250953674316 972800
1770670072422 2.487499952316284 977920
1770670083134 2.409374952316284 983040
1770670092397 2.390625 988160
1770670101443 2.4375 993280
1770670109329 2.4437499046325684 998400
1770670113136 2.640625 1000448
