1770668258179 23.057466506958008 5120
1770668274812 20.101322174072266 10240
1770668284261 22.548662185668945 15360
1770668293852 21.379154205322266 20480
1770668302657 20.693927764892578 25600
1770668317687 17.466066360473633 30720
1770668328228 17.34414291381836 35840
1770668338062 9.854976654052734 40960
1770668347909 7.899723052978516 46080
1770668363392 7.57370138168335 51200
1770668374196 6.683607578277588 56320
1770668383578 5.773683071136475 61440
1770668392373 6.150641441345215 66560
1770668406179 5.349978923797607 71680
1770668413560 5.5176262855529785 76800
1770668419558 5.892407417297363 81920
1770668425534 5.10882043838501 87040
1770668435539 5.345973491668701 92160
1770668445070 5.23945951461792 97280
1770668453694 4.320096969604492 102400
1770668463138 4.615885257720947 107520
1770668475335 4.625000953674316 112640
1770668484417 4.125180244445801 117760
1770668494320 4.700327396392822 122880
1770668502774 4.861070156097412 128000
1770668517463 4.910349369049072 133120
1770668533687 4.513677597045898 138240
1770668546023 5.099122524261475 143360
1770668556894 4.903836727142334 148480
1770668571611 5.292480945587158 153600
1770668582526 4.394889831542969 158720
1770668595411 4.361586570739746 163840
1770668605583 4.674597263336182 168960
1770668618690 4.686627388000488 174080
1770668626647 5.369474411010742 179200
1770668637855 5.091691493988037 184320
1770668646361 4.577021598815918 189440
1770668655432 4.53173303604126 194560
1770668663771 4.816886901855469 199680
1770668676993 5.121668815612793 204800
1770668687491 4.451474189758301 209920
1770668699088 4.811479091644287 215040
1770668706969 3.9813246726989746 220160
1770668721200 5.105794429779053 225280
1770668730615 4.506921291351318 230400
1770668738764 4.956607818603516 235520
1770668747387 4.855352878570557 240640
1770668759824 4.9895920753479 245760
1770668767633 4.8343892097473145 250880
1770668776104 5.174681663513184 256000
1770668783324 4.379164218902588 261120
1770668796022 4.794563293457031 266240
1770668805353 3.836566925048828 271360
1770668814830 4.239672660827637 276480
1770668823882 3.901768207550049 281600
1770668837214 4.287092685699463 286720
1770668845377 5.006976127624512 291840
1770668855184 3.8390071392059326 296960
1770668865376 3.978787899017334 302080
1770668876177 4.73786735534668 307200
1770668883530 4.855847358703613 312320
1770668892475 4.208005905151367 317440
1770668901571 4.501168251037598 322560
1770668911379 4.10184383392334 327680
1770668918943 4.431727409362793 332800
1770668927186 4.400750160217285 337920
1770668937154 4.462980270385742 343040
1770668945802 3.895000457763672 348160
1770668953962 4.355647087097168 353280
1770668962016 4.215382099151611 358400
1770668972369 4.515397071838379 363520
1770668980025 4.539671897888184 368640
1770668987609 4.161242485046387 373760
1770668995580 4.265517234802246 378880
1770669006571 4.5108489990234375 384000
1770669013943 3.993908405303955 389120
1770669021295 4.442883491516113 394240
1770669028870 4.2534027099609375 399360
1770669040788 4.032122611999512 404480
1770669048170 4.399129390716553 409600
1770669055651 4.421627044677734 414720
1770669063226 4.045930862426758 419840
1770669075336 4.267984867095947 424960
1770669082361 4.946209907531738 430080
1770669089542 4.060711860656738 435200
1770669096852 4.405898094177246 440320
1770669109514 4.060266017913818 445440
1770669116682 4.105065822601318 450560
1770669123744 4.081168174743652 455680
1770669130687 4.372166156768799 460800
1770669144085 4.403761863708496 465920
1770669151675 5.352002143859863 471040
1770669158726 4.502530097961426 476160
1770669165632 4.144448280334473 481280
1770669178302 4.533169746398926 486400
1770669186368 4.226381778717041 491520
1770669193645 3.7089734077453613 496640
1770669203216 3.76116681098938 501760
1770669213454 4.978866100311279 506880
1770669220443 3.618424892425537 512000
1770669227371 4.3449602127075195 517120
1770669238831 4.076660633087158 522240
1770669246842 4.360571384429932 527360
1770669253894 4.58760929107666 532480
1770669261460 4.287203311920166 537600
1770669275844 3.6879773139953613 542720
1770669284554 4.805714130401611 547840
1770669293032 3.552701234817505 552960
1770669302908 4.172451019287109 558080
1770669317403 4.555108070373535 563200
1770669326771 4.175681114196777 568320
1770669335505 4.179416656494141 573440
1770669348350 4.283275127410889 578560
1770669361424 4.148138999938965 583680
1770669369116 4.591587066650391 588800
1770669376146 3.834928035736084 593920
1770669385218 3.919710874557495 599040
1770669396430 4.195514678955078 604160
1770669403979 3.9066245555877686 609280
1770669410804 4.461196422576904 614400
1770669420259 4.897768497467041 619520
1770669431806 4.72612190246582 624640
1770669439595 3.9982540607452393 629760
1770669447445 4.685937881469727 634880
1770669456838 4.284013271331787 640000
1770669467459 5.261408805847168 645120
1770669474668 4.342893123626709 650240
1770669482185 4.314888954162598 655360
1770669490784 4.247378826141357 660480
1770669501392 4.600001335144043 665600
1770669508324 3.77763295173645 670720
1770669516516 4.456886291503906 675840
1770669526561 4.213852405548096 680960
1770669537084 5.141592502593994 686080
1770669544393 4.478222370147705 691200
1770669553129 4.42948055267334 696320
1770669563406 4.294377326965332 701440
1770669573449 4.532851219177246 706560
1770669581583 4.414479732513428 711680
1770669590638 4.280996322631836 716800
1770669600606 4.599436283111572 721920
1770669610880 4.010122776031494 727040
1770669620197 4.218584060668945 732160
1770669629652 4.38393497467041 737280
1770669642161 3.8801608085632324 742400
1770669654347 4.028040409088135 747520
1770669665844 3.825862407684326 752640
1770669672994 4.238680362701416 757760
1770669682765 3.6277313232421875 762880
1770669691985 4.990329742431641 768000
1770669702028 4.463197708129883 773120
1770669710063 4.677574634552002 778240
1770669721638 3.9829189777374268 783360
1770669731255 4.318608283996582 788480
1770669739318 3.9306609630584717 793600
1770669748055 4.3087568283081055 798720
1770669760841 4.450679779052734 803840
1770669770456 4.555765628814697 808960
1770669781753 3.954596757888794 814080
1770669789238 4.137627601623535 819200
1770669800382 4.916264057159424 824320
1770669807574 4.5397539138793945 829440
1770669816503 4.235696315765381 834560
1770669823789 4.017170429229736 839680
1770669835384 4.305652618408203 844800
1770669842995 4.31006383895874 849920
1770669850387 4.964725971221924 855040
1770669857937 4.205341339111328 860160
1770669871997 4.667288780212402 865280
1770669879355 4.336512565612793 870400
1770669886714 4.108670234680176 875520
1770669894175 4.650193691253662 880640
1770669908638 4.617785453796387 885760
1770669916665 4.0299530029296875 890880
1770669924149 3.7371983528137207 896000
1770669931782 4.366814613342285 901120
1770669945583 5.084406852722168 906240
1770669954236 4.0883026123046875 911360
1770669961411 4.674960136413574 916480
1770669970559 4.386195182800293 921600
1770669981920 4.116281032562256 926720
1770669990682 4.19032096862793 931840
1770669998031 4.618517875671387 936960
1770670006482 4.721780776977539 942080
1770670017301 3.862647294998169 947200
1770670026232 3.918914794921875 952320
1770670033942 4.13313627243042 957440
1770670045308 4.131483554840088 962560
1770670056136 3.819140911102295 967680
1770670064724 4.5606184005737305 972800
1770670072422 3.63849139213562 977920
1770670083134 4.810720920562744 983040
1770670092397 4.305690765380859 988160
1770670101443 4.311705589294434 993280
1770670109329 4.209230422973633 998400
1770670113136 4.648472309112549 1000448
