1770668258191 0.6403536200523376 5120
1770668274820 0.4910928010940552 10240
1770668284270 0.43870455026626587 15360
1770668293860 0.42050474882125854 20480
1770668302668 0.405715674161911 25600
1770668317696 0.39936333894729614 30720
1770668328239 0.39084213972091675 35840
1770668338072 0.3887280523777008 40960
1770668347922 0.38186922669410706 46080
1770668363401 0.37888574600219727 51200
1770668374217 0.3761005103588104 56320
1770668383589 0.37277281284332275 61440
1770668392385 0.37300264835357666 66560
1770668406187 0.370075523853302 71680
1770668413566 0.3709908127784729 76800
1770668419568 0.3691672384738922 81920
1770668425540 0.3691415786743164 87040
1770668435546 0.3676973283290863 92160
1770668445080 0.36683937907218933 97280
1770668453710 0.3672015070915222 102400
1770668463151 0.36597487330436707 107520
1770668475344 0.36555230617523193 112640
1770668484431 0.3662499785423279 117760
1770668494332 0.36545002460479736 122880
1770668502784 0.36374667286872864 128000
1770668517479 0.3624734878540039 133120
1770668533702 0.3628180921077728 138240
1770668546046 0.36147961020469666 143360
1770668556909 0.36109134554862976 148480
1770668571626 0.3606565296649933 153600
1770668582540 0.3608624041080475 158720
1770668595420 0.3607538342475891 163840
1770668605594 0.360025554895401 168960
1770668618697 0.3586310148239136 174080
1770668626663 0.3584531843662262 179200
1770668637867 0.35898125171661377 184320
1770668646371 0.358283668756485 189440
1770668655440 0.3584737777709961 194560
1770668663783 0.3571494221687317 199680
1770668677003 0.35614892840385437 204800
1770668687502 0.35402363538742065 209920
1770668699099 0.3532096743583679 215040
1770668706979 0.3526214063167572 220160
1770668721211 0.3524741232395172 225280
1770668730628 0.35241106152534485 230400
1770668738776 0.35224655270576477 235520
1770668747399 0.35165533423423767 240640
1770668759833 0.351165235042572 245760
1770668767644 0.35052356123924255 250880
1770668776112 0.35037657618522644 256000
1770668783334 0.3498544692993164 261120
1770668796034 0.34929540753364563 266240
1770668805363 0.3491934537887573 271360
1770668814844 0.3491367995738983 276480
1770668823896 0.34872835874557495 281600
1770668837227 0.34872961044311523 286720
1770668845388 0.34892594814300537 291840
1770668855194 0.3487045466899872 296960
1770668865386 0.34835174679756165 302080
1770668876187 0.3477513790130615 307200
1770668883542 0.34817740321159363 312320
1770668892488 0.3485056459903717 317440
1770668901582 0.34846341609954834 322560
1770668911392 0.3480524718761444 327680
1770668918953 0.3481122553348541 332800
1770668927196 0.3480904996395111 337920
1770668937166 0.3478740155696869 343040
1770668945816 0.34771043062210083 348160
1770668953975 0.3479458689689636 353280
1770668962030 0.34760236740112305 358400
1770668972383 0.34766918420791626 363520
1770668980038 0.3478911519050598 368640
1770668987621 0.3477295935153961 373760
1770668995592 0.3481043875217438 378880
1770669006583 0.34740394353866577 384000
1770669013954 0.34709295630455017 389120
1770669021306 0.3467485010623932 394240
1770669028886 0.34626585245132446 399360
1770669040799 0.3468395471572876 404480
1770669048186 0.34707966446876526 409600
1770669055666 0.3471488952636719 414720
1770669063240 0.3468676507472992 419840
1770669075347 0.3469045162200928 424960
1770669082372 0.3473452031612396 430080
1770669089553 0.34724003076553345 435200
1770669096863 0.3467971384525299 440320
1770669109529 0.34669703245162964 445440
1770669116694 0.34684571623802185 450560
1770669123756 0.3468577265739441 455680
1770669130699 0.34632647037506104 460800
1770669144095 0.3463645875453949 465920
1770669151687 0.34616294503211975 471040
1770669158738 0.3464929759502411 476160
1770669165645 0.34641167521476746 481280
1770669178313 0.34645503759384155 486400
1770669186379 0.34644609689712524 491520
1770669193660 0.34650087356567383 496640
1770669203229 0.3469601571559906 501760
1770669213466 0.34693649411201477 506880
1770669220459 0.3468506336212158 512000
1770669227385 0.3466489613056183 517120
1770669238842 0.3465810716152191 522240
1770669246856 0.34669920802116394 527360
1770669253906 0.3466171622276306 532480
1770669261473 0.34679511189460754 537600
1770669275858 0.34693148732185364 542720
1770669284568 0.34680479764938354 547840
1770669293052 0.3469233214855194 552960
1770669302927 0.3466736972332001 558080
1770669317435 0.3466686010360718 563200
1770669326787 0.34666258096694946 568320
1770669335524 0.3473771810531616 573440
1770669348372 0.34762731194496155 578560
1770669361438 0.34748268127441406 583680
1770669369129 0.3471715748310089 588800
1770669376160 0.347047358751297 593920
1770669385236 0.3474505543708801 599040
1770669396444 0.3476528823375702 604160
1770669403992 0.3475998342037201 609280
1770669410820 0.34778231382369995 614400
1770669420272 0.34786203503608704 619520
1770669431825 0.3477535545825958 624640
1770669439610 0.3479657769203186 629760
1770669447459 0.34803447127342224 634880
1770669456851 0.34778934717178345 640000
1770669467477 0.34755179286003113 645120
1770669474687 0.3472883999347687 650240
1770669482206 0.3474457263946533 655360
1770669490801 0.3475263714790344 660480
1770669501407 0.34740695357322693 665600
1770669508340 0.34732046723365784 670720
1770669516540 0.34753933548927307 675840
1770669526577 0.3475477397441864 680960
1770669537099 0.3478672504425049 686080
1770669544408 0.3477815091609955 691200
1770669553156 0.34783807396888733 696320
1770669563423 0.34818121790885925 701440
1770669573465 0.34832465648651123 706560
1770669581601 0.34840548038482666 711680
1770669590659 0.34816229343414307 716800
1770669600625 0.3483318090438843 721920
1770669610910 0.3480851650238037 727040
1770669620216 0.3481217324733734 732160
1770669629666 0.3480831980705261 737280
1770669642184 0.3478742837905884 742400
1770669654362 0.34761857986450195 747520
1770669665860 0.34765109419822693 752640
1770669673014 0.347609281539917 757760
1770669682782 0.34761926531791687 762880
1770669692028 0.3474372625350952 768000
1770669702048 0.34760159254074097 773120
1770669710083 0.3476800322532654 778240
1770669721655 0.34759655594825745 783360
1770669731268 0.3476332724094391 788480
1770669739340 0.3476428687572479 793600
1770669748081 0.34729236364364624 798720
1770669760858 0.3471865952014923 803840
1770669770477 0.3473626375198364 808960
1770669781770 0.3472786545753479 814080
1770669789255 0.3473615050315857 819200
1770669800397 0.34703418612480164 824320
1770669807591 0.34704282879829407 829440
1770669816520 0.3472118377685547 834560
1770669823806 0.34709709882736206 839680
1770669835400 0.34743747115135193 844800
1770669843012 0.3473932147026062 849920
1770669850402 0.3473204970359802 855040
1770669857958 0.347168892621994 860160
1770669872012 0.3471437990665436 865280
1770669879374 0.3471643030643463 870400
1770669886732 0.3470272719860077 875520
1770669894195 0.34721753001213074 880640
1770669908661 0.3472996652126312 885760
1770669916681 0.3473656177520752 890880
1770669924170 0.3477146327495575 896000
1770669931800 0.34761640429496765 901120
1770669945601 0.3476468622684479 906240
1770669954255 0.34773117303848267 911360
1770669961428 0.347573459148407 916480
1770669970579 0.34764865040779114 921600
1770669981943 0.34759441018104553 926720
1770669990698 0.3476630449295044 931840
1770669998052 0.34765854477882385 936960
1770670006502 0.3478700518608093 942080
1770670017318 0.34797266125679016 947200
1770670026252 0.34779292345046997 952320
1770670033960 0.34772732853889465 957440
1770670045331 0.3477462828159332 962560
1770670056154 0.3479258418083191 967680
1770670064744 0.3480493128299713 972800
1770670072442 0.3480106294155121 977920
1770670083156 0.3480137884616852 983040
1770670092417 0.34811821579933167 988160
1770670101467 0.34804362058639526 993280
1770670109355 0.34800276160240173 998400
1770670113162 0.34795325994491577 1000448
