1770668258191 0.19144874811172485 5120
1770668274820 0.14751358330249786 10240
1770668284270 0.131474107503891 15360
1770668293860 0.12236856669187546 20480
1770668302668 0.11544117331504822 25600
1770668317696 0.11274708062410355 30720
1770668328239 0.1097564846277237 35840
1770668338072 0.10795249789953232 40960
1770668347922 0.10615270584821701 46080
1770668363401 0.10481187701225281 51200
1770668374217 0.10388162732124329 56320
1770668383589 0.10306588560342789 61440
1770668392385 0.10290785133838654 66560
1770668406187 0.10230483114719391 71680
1770668413566 0.10186005383729935 76800
1770668419568 0.1011674776673317 81920
1770668425540 0.10085927695035934 87040
1770668435546 0.10074622184038162 92160
1770668445080 0.10049419105052948 97280
1770668453710 0.1003621518611908 102400
1770668463151 0.09988240152597427 107520
1770668475344 0.09955710917711258 112640
1770668484431 0.09963379800319672 117760
1770668494332 0.09938900172710419 122880
1770668502784 0.0990704745054245 128000
1770668517479 0.09868213534355164 133120
1770668533702 0.09838277101516724 138240
1770668546046 0.0979856625199318 143360
1770668556909 0.09773404151201248 148480
1770668571626 0.09765272587537766 153600
1770668582540 0.09759519249200821 158720
1770668595420 0.09761357307434082 163840
1770668605594 0.097274549305439 168960
1770668618697 0.09698048233985901 174080
1770668626663 0.09667253494262695 179200
1770668637867 0.09685075283050537 184320
1770668646371 0.09671381115913391 189440
1770668655440 0.09682793915271759 194560
1770668663783 0.09646649658679962 199680
1770668677003 0.09619364142417908 204800
1770668687502 0.09584520757198334 209920
1770668699099 0.09551291912794113 215040
1770668706979 0.09537214785814285 220160
1770668721211 0.09538011997938156 225280
1770668730628 0.09532848745584488 230400
1770668738776 0.09517059475183487 235520
1770668747399 0.09514091908931732 240640
1770668759833 0.09502766281366348 245760
1770668767644 0.09494337439537048 250880
1770668776112 0.09482232481241226 256000
1770668783334 0.09477541595697403 261120
1770668796034 0.09467406570911407 266240
1770668805363 0.09463033080101013 271360
1770668814844 0.09465202689170837 276480
1770668823896 0.09455157816410065 281600
1770668837227 0.09454508125782013 286720
1770668845388 0.09458476305007935 291840
1770668855194 0.09451587498188019 296960
1770668865386 0.09446216374635696 302080
1770668876187 0.09436031430959702 307200
1770668883542 0.09429491311311722 312320
1770668892488 0.09425677359104156 317440
1770668901582 0.09410098195075989 322560
1770668911392 0.09403326362371445 327680
1770668918953 0.09401871263980865 332800
1770668927196 0.09411216527223587 337920
1770668937166 0.0940459817647934 343040
1770668945816 0.09398063272237778 348160
1770668953975 0.09398559480905533 353280
1770668962030 0.09396062791347504 358400
1770668972383 0.09392724931240082 363520
1770668980038 0.09396471083164215 368640
1770668987621 0.09392131119966507 373760
1770668995592 0.09397688508033752 378880
1770669006583 0.09383425861597061 384000
1770669013954 0.09371040761470795 389120
1770669021306 0.09361771494150162 394240
1770669028886 0.09354143589735031 399360
1770669040799 0.09357303380966187 404480
1770669048186 0.09363717585802078 409600
1770669055666 0.09364664554595947 414720
1770669063240 0.09363587200641632 419840
1770669075347 0.09359434992074966 424960
1770669082372 0.09365680813789368 430080
1770669089553 0.0935952439904213 435200
1770669096863 0.09354706853628159 440320
1770669109529 0.09351497888565063 445440
1770669116694 0.09346067160367966 450560
1770669123756 0.09349071234464645 455680
1770669130699 0.09348570555448532 460800
1770669144095 0.09348400682210922 465920
1770669151687 0.09348331391811371 471040
1770669158738 0.09349282085895538 476160
1770669165645 0.09345647692680359 481280
1770669178313 0.0934896245598793 486400
1770669186379 0.09350273013114929 491520
1770669193660 0.09346061944961548 496640
1770669203229 0.09352754801511765 501760
1770669213466 0.09350023418664932 506880
1770669220459 0.09345975518226624 512000
1770669227385 0.0934484675526619 517120
1770669238842 0.09344970434904099 522240
1770669246856 0.09346505254507065 527360
1770669253906 0.09337727725505829 532480
1770669261473 0.09341639280319214 537600
1770669275858 0.09343729168176651 542720
1770669284568 0.09341564029455185 547840
1770669293052 0.09342832863330841 552960
1770669302927 0.09337303787469864 558080
1770669317435 0.09333644807338715 563200
1770669326787 0.09329400956630707 568320
1770669335524 0.09339650720357895 573440
1770669348372 0.09336346387863159 578560
1770669361438 0.09331395477056503 583680
1770669369129 0.09327903389930725 588800
1770669376160 0.09327249974012375 593920
1770669385236 0.09333014488220215 599040
1770669396444 0.09331543743610382 604160
1770669403992 0.0933230072259903 609280
1770669410820 0.09324682503938675 614400
1770669420272 0.09325054287910461 619520
1770669431825 0.09321842342615128 624640
1770669439610 0.09322469681501389 629760
1770669447459 0.09322889149188995 634880
1770669456851 0.09314323216676712 640000
1770669467477 0.09314990043640137 645120
1770669474687 0.09304777532815933 650240
1770669482206 0.09306257963180542 655360
1770669490801 0.09303861856460571 660480
1770669501407 0.093009352684021 665600
1770669508340 0.09300001710653305 670720
1770669516540 0.09300919622182846 675840
1770669526577 0.09303271770477295 680960
1770669537099 0.09301990270614624 686080
1770669544408 0.09295950829982758 691200
1770669553156 0.09292826056480408 696320
1770669563423 0.09299113601446152 701440
1770669573465 0.09298481047153473 706560
1770669581601 0.09298083186149597 711680
1770669590659 0.09297062456607819 716800
1770669600625 0.09294998645782471 721920
1770669610910 0.09292496740818024 727040
1770669620216 0.09291613101959229 732160
1770669629666 0.09285806864500046 737280
1770669642184 0.09280315041542053 742400
1770669654362 0.09268367290496826 747520
1770669665860 0.09265266358852386 752640
1770669673014 0.09263265132904053 757760
1770669682782 0.09263161569833755 762880
1770669692028 0.09260480850934982 768000
1770669702048 0.09260394424200058 773120
1770669710083 0.09257795661687851 778240
1770669721655 0.09257285296916962 783360
1770669731268 0.09256687015295029 788480
1770669739340 0.09256549179553986 793600
1770669748081 0.09249324351549149 798720
1770669760858 0.09249583631753922 803840
1770669770477 0.09248638898134232 808960
1770669781770 0.09246663004159927 814080
1770669789255 0.09252241998910904 819200
1770669800397 0.09247851371765137 824320
1770669807591 0.09248341619968414 829440
1770669816520 0.09247411042451859 834560
1770669823806 0.09244678169488907 839680
1770669835400 0.09247499704360962 844800
1770669843012 0.09244570136070251 849920
1770669850402 0.09243742376565933 855040
1770669857958 0.09240541607141495 860160
1770669872012 0.09238604456186295 865280
1770669879374 0.09240951389074326 870400
1770669886732 0.09236856549978256 875520
1770669894195 0.09238531440496445 880640
1770669908661 0.09237022697925568 885760
1770669916681 0.09234555065631866 890880
1770669924170 0.0924113541841507 896000
1770669931800 0.09239058196544647 901120
1770669945601 0.09238002449274063 906240
1770669954255 0.09240180999040604 911360
1770669961428 0.0923716351389885 916480
1770669970579 0.09239672124385834 921600
1770669981943 0.0924028754234314 926720
1770669990698 0.09242834150791168 931840
1770669998052 0.0924273282289505 936960
1770670006502 0.09245914220809937 942080
1770670017318 0.09249622374773026 947200
1770670026252 0.09246966242790222 952320
1770670033960 0.0924624651670456 957440
1770670045331 0.09248840808868408 962560
1770670056154 0.09249286353588104 967680
1770670064744 0.09250646084547043 972800
1770670072442 0.0925428569316864 977920
1770670083156 0.0925377756357193 983040
1770670092417 0.09257517755031586 988160
1770670101467 0.09257015585899353 993280
1770670109355 0.09258084744215012 998400
1770670113162 0.09256874024868011 1000448
