1769365906217 0.09280268102884293 5120
1769365915789 0.09109631180763245 10240
1769365924488 0.0953318402171135 15360
1769365932447 0.09389682859182358 20480
1769365939175 0.09351275116205215 25600
1769365948569 0.09314713627099991 30720
1769365955925 0.09255632758140564 35840
1769365963383 0.09444677829742432 40960
1769365970707 0.09408997744321823 46080
1769365979996 0.09397774934768677 51200
1769365988108 0.0942508652806282 56320
1769366000220 0.09431986510753632 61440
1769366010225 0.09442896395921707 66560
1769366037227 0.09461124241352081 71680
1769366060414 0.09462139010429382 76800
1769366069903 0.09475239366292953 81920
1769366080908 0.09465420246124268 87040
1769366094802 0.09457144141197205 92160
1769366102446 0.09433948248624802 97280
1769366109411 0.0937986895442009 102400
1769366119021 0.09374105930328369 107520
1769366128208 0.09365390241146088 112640
1769366135258 0.09326484799385071 117760
1769366142852 0.09305737912654877 122880
1769366152450 0.09320861101150513 128000
1769366160927 0.09306157380342484 133120
1769366168375 0.09327451139688492 138240
1769366175571 0.09313607215881348 143360
1769366184630 0.09298732131719589 148480
1769366194179 0.09296075999736786 153600
1769366201476 0.09318333119153976 158720
1769366208907 0.0933273583650589 163840
1769366218149 0.09339595586061478 168960
1769366227251 0.09368737787008286 174080
1769366234623 0.09354667365550995 179200
1769366241840 0.09357637912034988 184320
1769366250059 0.09361591190099716 189440
1769366259010 0.09375422447919846 194560
1769366267210 0.09382513910531998 199680
1769366274553 0.09385015815496445 204800
1769366283409 0.0938551127910614 209920
1769366292246 0.09370952099561691 215040
1769366301878 0.09392143040895462 220160
1769366309954 0.09358292073011398 225280
1769366320074 0.0935564860701561 230400
1769366328648 0.09356082230806351 235520
1769366337067 0.09356844425201416 240640
1769366344410 0.09355822205543518 245760
1769366353243 0.09358188509941101 250880
1769366362212 0.09362411499023438 256000
1769366369472 0.09350302815437317 261120
1769366376768 0.09342897683382034 266240
1769366385335 0.09346091747283936 271360
1769366395468 0.09347551316022873 276480
1769366402693 0.09341011196374893 281600
1769366410004 0.09335760772228241 286720
1769366418201 0.0931955948472023 291840
1769366428408 0.09318763017654419 296960
1769366429904 0.09312253445386887 300032
