1769365906217 18.76791763305664 5120
1769365915789 18.805471420288086 10240
1769365924488 19.38697052001953 15360
1769365932447 19.230836868286133 20480
1769365939175 19.078832626342773 25600
1769365948569 18.97012710571289 30720
1769365955925 18.905315399169922 35840
1769365963383 19.002792358398438 40960
1769365970707 19.053878784179688 46080
1769365979996 19.087358474731445 51200
1769365988108 19.127376556396484 56320
1769366000220 19.042261123657227 61440
1769366010225 19.010719299316406 66560
1769366037227 18.99449920654297 71680
1769366060414 19.036962509155273 76800
1769366069903 19.019025802612305 81920
1769366080908 18.96800422668457 87040
1769366094802 18.92100715637207 92160
1769366102446 18.872623443603516 97280
1769366109411 18.829187393188477 102400
1769366119021 18.84185791015625 107520
1769366128208 18.817346572875977 112640
1769366135258 18.794668197631836 117760
1769366142852 18.79831314086914 122880
1769366152450 18.766246795654297 128000
1769366160927 18.749664306640625 133120
1769366168375 18.756450653076172 138240
1769366175571 18.74574851989746 143360
1769366184630 18.739683151245117 148480
1769366194179 18.751846313476562 153600
1769366201476 18.77245330810547 158720
1769366208907 18.766496658325195 163840
1769366218149 18.766708374023438 168960
1769366227251 18.76029396057129 174080
1769366234623 18.749744415283203 179200
1769366241840 18.76055908203125 184320
1769366250059 18.754051208496094 189440
1769366259010 18.751596450805664 194560
1769366267210 18.75653648376465 199680
1769366274553 18.747100830078125 204800
1769366283409 18.768835067749023 209920
1769366292246 18.752893447875977 215040
1769366301878 18.763442993164062 220160
1769366309954 18.743803024291992 225280
1769366320074 18.744028091430664 230400
1769366328648 18.75389862060547 235520
1769366337067 18.757089614868164 240640
1769366344410 18.767892837524414 245760
1769366353243 18.775644302368164 250880
1769366362212 18.772846221923828 256000
1769366369472 18.757427215576172 261120
1769366376768 18.753942489624023 266240
1769366385335 18.75103187561035 271360
1769366395468 18.754507064819336 276480
1769366402693 18.735837936401367 281600
1769366410004 18.73982810974121 286720
1769366418201 18.747926712036133 291840
1769366428408 18.758588790893555 296960
1769366429904 18.75956916809082 300032
