1769365906217 25.331029891967773 5120
1769365915789 25.25462532043457 10240
1769365924488 26.002918243408203 15360
1769365932447 25.847341537475586 20480
1769365939175 25.67107391357422 25600
1769365948569 25.5439395904541 30720
1769365955925 25.464359283447266 35840
1769365963383 25.65548324584961 40960
1769365970707 25.704872131347656 46080
1769365979996 25.736547470092773 51200
1769365988108 25.79599952697754 56320
1769366000220 25.70293426513672 61440
1769366010225 25.664430618286133 66560
1769366037227 25.650436401367188 71680
1769366060414 25.70778465270996 76800
1769366069903 25.697250366210938 81920
1769366080908 25.632225036621094 87040
1769366094802 25.582015991210938 92160
1769366102446 25.51756477355957 97280
1769366109411 25.45174789428711 102400
1769366119021 25.459543228149414 107520
1769366128208 25.425748825073242 112640
1769366135258 25.390335083007812 117760
1769366142852 25.385286331176758 122880
1769366152450 25.357797622680664 128000
1769366160927 25.33806037902832 133120
1769366168375 25.34896469116211 138240
1769366175571 25.3255615234375 143360
1769366184630 25.302112579345703 148480
1769366194179 25.31808853149414 153600
1769366201476 25.344097137451172 158720
1769366208907 25.34488296508789 163840
1769366218149 25.345590591430664 168960
1769366227251 25.347322463989258 174080
1769366234623 25.32915496826172 179200
1769366241840 25.348731994628906 184320
1769366250059 25.338306427001953 189440
1769366259010 25.341094970703125 194560
1769366267210 25.346660614013672 199680
1769366274553 25.33783721923828 204800
1769366283409 25.359712600708008 209920
1769366292246 25.334796905517578 215040
1769366301878 25.354463577270508 220160
1769366309954 25.319673538208008 225280
1769366320074 25.31578254699707 230400
1769366328648 25.325937271118164 235520
1769366337067 25.326662063598633 240640
1769366344410 25.338407516479492 245760
1769366353243 25.3443660736084 250880
1769366362212 25.345548629760742 256000
1769366369472 25.3258056640625 261120
1769366376768 25.318038940429688 266240
1769366385335 25.317218780517578 271360
1769366395468 25.318836212158203 276480
1769366402693 25.298063278198242 281600
1769366410004 25.30245590209961 286720
1769366418201 25.305212020874023 291840
1769366428408 25.314937591552734 296960
1769366429904 25.313291549682617 300032
