1769365906217 0.0 5120
1769365915789 0.0 10240
1769365924488 0.0 15360
1769365932447 0.0 20480
1769365939175 0.0 25600
1769365948569 0.0 30720
1769365955925 0.0 35840
1769365963383 0.0 40960
1769365970707 0.0 46080
1769365979996 0.0 51200
1769365988108 0.0 56320
1769366000220 0.0 61440
1769366010225 0.0 66560
1769366037227 0.0 71680
1769366060414 0.0 76800
1769366069903 0.0 81920
1769366080908 0.0 87040
1769366094802 0.0 92160
1769366102446 0.0 97280
1769366109411 0.0 102400
1769366119021 0.0 107520
1769366128208 0.0 112640
1769366135258 0.0 117760
1769366142852 0.0 122880
1769366152450 0.0 128000
1769366160927 0.0 133120
1769366168375 0.0 138240
1769366175571 0.0 143360
1769366184630 0.0 148480
1769366194179 0.0 153600
1769366201476 0.0 158720
1769366208907 0.0 163840
1769366218149 0.0 168960
1769366227251 0.0 174080
1769366234623 0.0 179200
1769366241840 0.0 184320
1769366250059 0.0 189440
1769366259010 0.0 194560
1769366267210 0.0 199680
1769366274553 0.0 204800
1769366283409 0.0 209920
1769366292246 0.0 215040
1769366301878 0.0 220160
1769366309954 0.0 225280
1769366320074 0.0 230400
1769366328648 0.0 235520
1769366337067 0.0 240640
1769366344410 0.0 245760
1769366353243 0.0 250880
1769366362212 0.0 256000
1769366369472 0.0 261120
1769366376768 0.0 266240
1769366385335 0.0 271360
1769366395468 0.0 276480
1769366402693 0.0 281600
1769366410004 0.0 286720
1769366418201 0.0 291840
1769366428408 0.0 296960
1769366429904 0.0 300032
