1769365906217 1.174822449684143 5120
1769365915789 1.1690917015075684 10240
1769365924488 1.1940189599990845 15360
1769365932447 1.1829705238342285 20480
1769365939175 1.1756069660186768 25600
1769365948569 1.171364188194275 30720
1769365955925 1.1700587272644043 35840
1769365963383 1.1829150915145874 40960
1769365970707 1.1843104362487793 46080
1769365979996 1.185743808746338 51200
1769365988108 1.1901884078979492 56320
1769366000220 1.1868025064468384 61440
1769366010225 1.1859179735183716 66560
1769366037227 1.1854008436203003 71680
1769366060414 1.1884219646453857 76800
1769366069903 1.1884512901306152 81920
1769366080908 1.1845600605010986 87040
1769366094802 1.184134602546692 92160
1769366102446 1.1813340187072754 97280
1769366109411 1.1781907081604004 102400
1769366119021 1.1788523197174072 107520
1769366128208 1.177524209022522 112640
1769366135258 1.1756185293197632 117760
1769366142852 1.1755238771438599 122880
1769366152450 1.1751041412353516 128000
1769366160927 1.1738216876983643 133120
1769366168375 1.174309492111206 138240
1769366175571 1.1734787225723267 143360
1769366184630 1.1720763444900513 148480
1769366194179 1.1730612516403198 153600
1769366201476 1.1744089126586914 158720
1769366208907 1.1752468347549438 163840
1769366218149 1.1746958494186401 168960
1769366227251 1.1743957996368408 174080
1769366234623 1.1737861633300781 179200
1769366241840 1.1739665269851685 184320
1769366250059 1.1741869449615479 189440
1769366259010 1.1747442483901978 194560
1769366267210 1.1749701499938965 199680
1769366274553 1.1744886636734009 204800
1769366283409 1.1758455038070679 209920
1769366292246 1.174627661705017 215040
1769366301878 1.1753501892089844 220160
1769366309954 1.1737258434295654 225280
1769366320074 1.1732780933380127 230400
1769366328648 1.1733524799346924 235520
1769366337067 1.1738135814666748 240640
1769366344410 1.1741358041763306 245760
1769366353243 1.1741195917129517 250880
1769366362212 1.1742295026779175 256000
1769366369472 1.1734752655029297 261120
1769366376768 1.1730142831802368 266240
1769366385335 1.1727254390716553 271360
1769366395468 1.1726151704788208 276480
1769366402693 1.171533465385437 281600
1769366410004 1.1719703674316406 286720
1769366418201 1.171762466430664 291840
1769366428408 1.1718418598175049 296960
1769366429904 1.1717827320098877 300032
