1769365906212 -0.40274980664253235 5120
1769365915780 -0.8956543803215027 10240
1769365924482 -1.1298902034759521 15360
1769365932441 -1.2322217226028442 20480
1769365939166 -1.3349734544754028 25600
1769365948561 -1.4668149948120117 30720
1769365955916 -1.5591051578521729 35840
1769365963376 -1.6731834411621094 40960
1769365970702 -1.734432578086853 46080
1769365979990 -1.8363845348358154 51200
1769365988100 -1.881296157836914 56320
1769366000210 -1.9379212856292725 61440
1769366010216 -1.9914844036102295 66560
1769366037190 -1.9866936206817627 71680
1769366060404 -2.0305981636047363 76800
1769366069896 -2.0699501037597656 81920
1769366080902 -2.165588140487671 87040
1769366094795 -2.230320453643799 92160
1769366102441 -2.342141628265381 97280
1769366109402 -2.423886775970459 102400
1769366119008 -2.490157127380371 107520
1769366128200 -2.5892210006713867 112640
1769366135248 -2.6722450256347656 117760
1769366142842 -2.69230580329895 122880
1769366152444 -2.7522284984588623 128000
1769366160920 -2.7808239459991455 133120
1769366168368 -2.827075481414795 138240
1769366175564 -2.859292984008789 143360
1769366184621 -2.846902370452881 148480
1769366194170 -2.8868296146392822 153600
1769366201466 -2.881312608718872 158720
1769366208888 -2.8796985149383545 163840
1769366218142 -2.87278413772583 168960
1769366227239 -2.9041619300842285 174080
1769366234616 -2.896498203277588 179200
1769366241829 -2.9118709564208984 184320
1769366250046 -2.903418779373169 189440
1769366258992 -2.929948329925537 194560
1769366267203 -2.9166207313537598 199680
1769366274544 -2.9227471351623535 204800
1769366283398 -2.9142322540283203 209920
1769366292237 -2.945643901824951 215040
1769366301870 -2.9646308422088623 220160
1769366309943 -2.93910551071167 225280
1769366320066 -2.9442811012268066 230400
1769366328630 -2.9534926414489746 235520
1769366337054 -2.9348254203796387 240640
1769366344400 -2.9088218212127686 245760
1769366353231 -2.892667055130005 250880
1769366362200 -2.9043526649475098 256000
1769366369464 -2.9166054725646973 261120
1769366376757 -2.896432876586914 266240
1769366385321 -2.8541665077209473 271360
1769366395457 -2.876523017883301 276480
1769366402685 -2.876171827316284 281600
1769366409991 -2.861142873764038 286720
1769366418189 -2.8856635093688965 291840
1769366428399 -2.826396942138672 296960
1769366429896 -2.859055995941162 300032
