1769365906212 25.502126693725586 5120
1769365915780 25.009979248046875 10240
1769365924482 24.071802139282227 15360
1769365932441 23.525671005249023 20480
1769365939166 25.191272735595703 25600
1769365948561 23.584636688232422 30720
1769365955916 25.746383666992188 35840
1769365963376 24.71515464782715 40960
1769365970702 25.313491821289062 46080
1769365979990 25.344436645507812 51200
1769365988100 23.977449417114258 56320
1769366000210 24.04701042175293 61440
1769366010216 25.008625030517578 66560
1769366037190 22.054784774780273 71680
1769366060404 21.827571868896484 76800
1769366069896 21.573339462280273 81920
1769366080902 20.823047637939453 87040
1769366094795 20.969676971435547 92160
1769366102441 20.51144790649414 97280
1769366109402 19.5078125 102400
1769366119008 21.241979598999023 107520
1769366128200 20.93795394897461 112640
1769366135248 21.940162658691406 117760
1769366142842 20.425199508666992 122880
1769366152444 20.97739601135254 128000
1769366160920 21.323993682861328 133120
1769366168368 21.704477310180664 138240
1769366175564 22.933956146240234 143360
1769366184621 21.159475326538086 148480
1769366194170 20.77445411682129 153600
1769366201466 21.57427215576172 158720
1769366208888 19.792240142822266 163840
1769366218142 21.96639060974121 168960
1769366227239 21.12251853942871 174080
1769366234616 21.27102279663086 179200
1769366241829 21.49422836303711 184320
1769366250046 21.154743194580078 189440
1769366258992 21.596721649169922 194560
1769366267203 21.198190689086914 199680
1769366274544 20.966264724731445 204800
1769366283398 21.549768447875977 209920
1769366292237 21.08788299560547 215040
1769366301870 21.649333953857422 220160
1769366309943 21.616334915161133 225280
1769366320066 21.708038330078125 230400
1769366328630 20.211563110351562 235520
1769366337054 21.0572452545166 240640
1769366344400 20.993165969848633 245760
1769366353231 21.590457916259766 250880
1769366362200 21.239728927612305 256000
1769366369464 20.4521541595459 261120
1769366376757 21.336244583129883 266240
1769366385321 19.317188262939453 271360
1769366395457 20.67682456970215 276480
1769366402685 20.821521759033203 281600
1769366409991 20.353931427001953 286720
1769366418189 20.220943450927734 291840
1769366428399 20.022249221801758 296960
1769366429896 19.869670867919922 300032
