1769365906217 0.3189406991004944 5120
1769365915789 0.31344833970069885 10240
1769365924488 0.323559433221817 15360
1769365932447 0.319096177816391 20480
1769365939175 0.3182682394981384 25600
1769365948569 0.31701821088790894 30720
1769365955925 0.3160501718521118 35840
1769365963383 0.3220749795436859 40960
1769365970707 0.3213360607624054 46080
1769365979996 0.32151374220848083 51200
1769365988108 0.3228238523006439 56320
1769366000220 0.32284557819366455 61440
1769366010225 0.32324543595314026 66560
1769366037227 0.3233015239238739 71680
1769366060414 0.3238402009010315 76800
1769366069903 0.32427552342414856 81920
1769366080908 0.32368338108062744 87040
1769366094802 0.32353875041007996 92160
1769366102446 0.3228137195110321 97280
1769366109411 0.3212677538394928 102400
1769366119021 0.3212997615337372 107520
1769366128208 0.3210816979408264 112640
1769366135258 0.32001030445098877 117760
1769366142852 0.31953194737434387 122880
1769366152450 0.3198261857032776 128000
1769366160927 0.31937333941459656 133120
1769366168375 0.3199510872364044 138240
1769366175571 0.3196849226951599 143360
1769366184630 0.3191210627555847 148480
1769366194179 0.3191809058189392 153600
1769366201476 0.3199003040790558 158720
1769366208907 0.3202366828918457 163840
1769366218149 0.32025158405303955 168960
1769366227251 0.32081788778305054 174080
1769366234623 0.3204515874385834 179200
1769366241840 0.32047155499458313 184320
1769366250059 0.32064980268478394 189440
1769366259010 0.3210412859916687 194560
1769366267210 0.32117676734924316 199680
1769366274553 0.32120275497436523 204800
1769366283409 0.32140886783599854 209920
1769366292246 0.3210143744945526 215040
1769366301878 0.3215462565422058 220160
1769366309954 0.32064324617385864 225280
1769366320074 0.3205634653568268 230400
1769366328648 0.32059016823768616 235520
1769366337067 0.32069751620292664 240640
1769366344410 0.32071369886398315 245760
1769366353243 0.3207644820213318 250880
1769366362212 0.32084712386131287 256000
1769366369472 0.32050999999046326 261120
1769366376768 0.3202474117279053 266240
1769366385335 0.32023268938064575 271360
1769366395468 0.3202812671661377 276480
1769366402693 0.32004278898239136 281600
1769366410004 0.3199560046195984 286720
1769366418201 0.3195243179798126 291840
1769366428408 0.3194091022014618 296960
1769366429904 0.3192795217037201 300032
