1769365906217 2.176295757293701 5120
1769365915789 2.1376028060913086 10240
1769365924488 2.217989444732666 15360
1769365932447 2.1815810203552246 20480
1769365939175 2.175477981567383 25600
1769365948569 2.1701087951660156 30720
1769365955925 2.1595804691314697 35840
1769365963383 2.209157943725586 40960
1769365970707 2.2004454135894775 46080
1769365979996 2.199209213256836 51200
1769365988108 2.208664894104004 56320
1769366000220 2.2126665115356445 61440
1769366010225 2.2186145782470703 66560
1769366037227 2.2215700149536133 71680
1769366060414 2.2222797870635986 76800
1769366069903 2.2261974811553955 81920
1769366080908 2.2217493057250977 87040
1769366094802 2.22267746925354 92160
1769366102446 2.2177412509918213 97280
1769366109411 2.2039852142333984 102400
1769366119021 2.2032346725463867 107520
1769366128208 2.2010412216186523 112640
1769366135258 2.1914165019989014 117760
1769366142852 2.1870079040527344 122880
1769366152450 2.190990686416626 128000
1769366160927 2.186890125274658 133120
1769366168375 2.1918981075286865 138240
1769366175571 2.1891701221466064 143360
1769366184630 2.1851108074188232 148480
1769366194179 2.1851232051849365 153600
1769366201476 2.1909759044647217 158720
1769366208907 2.194495439529419 163840
1769366218149 2.195032835006714 168960
1769366227251 2.201282501220703 174080
1769366234623 2.198425769805908 179200
1769366241840 2.1978745460510254 184320
1769366250059 2.2001850605010986 189440
1769366259010 2.203657627105713 194560
1769366267210 2.2052626609802246 199680
1769366274553 2.205737352371216 204800
1769366283409 2.206047773361206 209920
1769366292246 2.2027993202209473 215040
1769366301878 2.207442283630371 220160
1769366309954 2.199531316757202 225280
1769366320074 2.1988070011138916 230400
1769366328648 2.1987476348876953 235520
1769366337067 2.199840784072876 240640
1769366344410 2.1992228031158447 245760
1769366353243 2.1997275352478027 250880
1769366362212 2.20086932182312 256000
1769366369472 2.198503255844116 261120
1769366376768 2.19661808013916 266240
1769366385335 2.1972060203552246 271360
1769366395468 2.1973514556884766 276480
1769366402693 2.195732593536377 281600
1769366410004 2.194993734359741 286720
1769366418201 2.1907401084899902 291840
1769366428408 2.1897785663604736 296960
1769366429904 2.188554048538208 300032
