1769358414305 0.08899053931236267 5120
1769358435792 0.08887189626693726 10240
1769358458277 0.08880702406167984 15360
1769358479910 0.08932992815971375 20480
1769358501389 0.08897626399993896 25600
1769358524350 0.09029258787631989 30720
1769358546372 0.09064919501543045 35840
1769358567632 0.09134390205144882 40960
1769358589734 0.09155257791280746 46080
1769358612039 0.09182209521532059 51200
1769358634483 0.0910714864730835 56320
1769358656391 0.09025970101356506 61440
1769358677525 0.08990393579006195 66560
1769358698928 0.08980322629213333 71680
1769358720512 0.08949054032564163 76800
1769358742282 0.0897514745593071 81920
1769358764307 0.08990498632192612 87040
1769358786899 0.08964989334344864 92160
1769358808840 0.08920726180076599 97280
1769358830682 0.08927663415670395 102400
1769358852949 0.08897330611944199 107520
1769358874162 0.08910857141017914 112640
1769358895630 0.08890055865049362 117760
1769358916898 0.08894215524196625 122880
1769358937723 0.08866573125123978 128000
1769358959505 0.08842784911394119 133120
1769358980589 0.08845429122447968 138240
1769359001227 0.0885469987988472 143360
1769359022649 0.08888553828001022 148480
1769359042841 0.0891418606042862 153600
1769359064011 0.08926688134670258 158720
1769359085082 0.08933912962675095 163840
1769359106852 0.08904280513525009 168960
1769359127466 0.08890728652477264 174080
1769359149196 0.0887329950928688 179200
1769359169557 0.08887378871440887 184320
1769359189604 0.08895770460367203 189440
1769359209619 0.08919321000576019 194560
1769359229306 0.08926047384738922 199680
1769359249339 0.08919784426689148 204800
1769359268693 0.08957098424434662 209920
1769359288099 0.08972091972827911 215040
1769359307943 0.08981819450855255 220160
1769359327759 0.09000889956951141 225280
1769359350012 0.09001268446445465 230400
1769359370985 0.09010332822799683 235520
1769359390514 0.08999307453632355 240640
1769359410503 0.08984816819429398 245760
1769359430969 0.08989821374416351 250880
1769359450551 0.08977978676557541 256000
1769359470668 0.0897408127784729 261120
1769359490673 0.08995044976472855 266240
1769359510237 0.08995473384857178 271360
1769359530082 0.08995531499385834 276480
1769359549912 0.0901387482881546 281600
1769359569832 0.09026401489973068 286720
1769359589238 0.09031445533037186 291840
1769359608957 0.09037306904792786 296960
1769359617238 0.09045761078596115 300032
