1769358414305 24.33266830444336 5120
1769358435792 24.630542755126953 10240
1769358458277 24.72962760925293 15360
1769358479910 25.185224533081055 20480
1769358501389 25.293508529663086 25600
1769358524350 25.32012939453125 30720
1769358546372 25.372854232788086 35840
1769358567632 25.477794647216797 40960
1769358589734 25.5574951171875 46080
1769358612039 25.56736183166504 51200
1769358634483 25.439603805541992 56320
1769358656391 25.393835067749023 61440
1769358677525 25.314085006713867 66560
1769358698928 25.34080696105957 71680
1769358720512 25.327123641967773 76800
1769358742282 25.348278045654297 81920
1769358764307 25.36838722229004 87040
1769358786899 25.370697021484375 92160
1769358808840 25.312091827392578 97280
1769358830682 25.289474487304688 102400
1769358852949 25.263792037963867 107520
1769358874162 25.287309646606445 112640
1769358895630 25.23011016845703 117760
1769358916898 25.25547218322754 122880
1769358937723 25.230377197265625 128000
1769358959505 25.196447372436523 133120
1769358980589 25.206003189086914 138240
1769359001227 25.20121192932129 143360
1769359022649 25.230976104736328 148480
1769359042841 25.248363494873047 153600
1769359064011 25.266502380371094 158720
1769359085082 25.27853012084961 163840
1769359106852 25.24795913696289 168960
1769359127466 25.219871520996094 174080
1769359149196 25.193429946899414 179200
1769359169557 25.236055374145508 184320
1769359189604 25.241579055786133 189440
1769359209619 25.24692726135254 194560
1769359229306 25.22296714782715 199680
1769359249339 25.225385665893555 204800
1769359268693 25.271081924438477 209920
1769359288099 25.28206443786621 215040
1769359307943 25.310073852539062 220160
1769359327759 25.328296661376953 225280
1769359350012 25.351411819458008 230400
1769359370985 25.362035751342773 235520
1769359390514 25.37214469909668 240640
1769359410503 25.36331558227539 245760
1769359430969 25.362667083740234 250880
1769359450551 25.354646682739258 256000
1769359470668 25.342832565307617 261120
1769359490673 25.341516494750977 266240
1769359510237 25.342731475830078 271360
1769359530082 25.351289749145508 276480
1769359549912 25.378061294555664 281600
1769359569832 25.38127899169922 286720
1769359589238 25.391216278076172 291840
1769359608957 25.396820068359375 296960
1769359617238 25.416366577148438 300032
