1769358414305 1.102596640586853 5120
1769358435792 1.1216447353363037 10240
1769358458277 1.1215126514434814 15360
1769358479910 1.1397579908370972 20480
1769358501389 1.1444233655929565 25600
1769358524350 1.1470599174499512 30720
1769358546372 1.1490166187286377 35840
1769358567632 1.151684284210205 40960
1769358589734 1.1554594039916992 46080
1769358612039 1.1562659740447998 51200
1769358634483 1.1529196500778198 56320
1769358656391 1.15156888961792 61440
1769358677525 1.148684024810791 66560
1769358698928 1.1494957208633423 71680
1769358720512 1.1489169597625732 76800
1769358742282 1.1508257389068604 81920
1769358764307 1.1511764526367188 87040
1769358786899 1.1513584852218628 92160
1769358808840 1.148132085800171 97280
1769358830682 1.1472629308700562 102400
1769358852949 1.1462857723236084 107520
1769358874162 1.1467249393463135 112640
1769358895630 1.1448971033096313 117760
1769358916898 1.1465483903884888 122880
1769358937723 1.1461609601974487 128000
1769358959505 1.1442261934280396 133120
1769358980589 1.144881010055542 138240
1769359001227 1.1447224617004395 143360
1769359022649 1.1460143327713013 148480
1769359042841 1.1468496322631836 153600
1769359064011 1.1473004817962646 158720
1769359085082 1.1478389501571655 163840
1769359106852 1.1463127136230469 168960
1769359127466 1.1450306177139282 174080
1769359149196 1.1439696550369263 179200
1769359169557 1.145841360092163 184320
1769359189604 1.1457901000976562 189440
1769359209619 1.146249771118164 194560
1769359229306 1.1450912952423096 199680
1769359249339 1.1451935768127441 204800
1769359268693 1.1473262310028076 209920
1769359288099 1.1479758024215698 215040
1769359307943 1.1490325927734375 220160
1769359327759 1.149753212928772 225280
1769359350012 1.1506904363632202 230400
1769359370985 1.1510717868804932 235520
1769359390514 1.1511794328689575 240640
1769359410503 1.1507009267807007 245760
1769359430969 1.1503803730010986 250880
1769359450551 1.1500060558319092 256000
1769359470668 1.1494994163513184 261120
1769359490673 1.1498970985412598 266240
1769359510237 1.1499361991882324 271360
1769359530082 1.1505316495895386 276480
1769359549912 1.151648759841919 281600
1769359569832 1.1518793106079102 286720
1769359589238 1.1520915031433105 291840
1769359608957 1.1522455215454102 296960
1769359617238 1.1529978513717651 300032
