1769358414300 23.014936447143555 5120
1769358435786 18.41055679321289 10240
1769358458271 18.532764434814453 15360
1769358479900 17.71076011657715 20480
1769358501379 16.548967361450195 25600
1769358524339 15.592897415161133 30720
1769358546365 14.905926704406738 35840
1769358567626 13.842127799987793 40960
1769358589723 13.543179512023926 46080
1769358612033 13.379583358764648 51200
1769358634471 13.563366889953613 56320
1769358656380 13.459169387817383 61440
1769358677516 13.342935562133789 66560
1769358698921 13.425039291381836 71680
1769358720505 13.53240966796875 76800
1769358742271 13.732925415039062 81920
1769358764295 13.833416938781738 87040
1769358786893 13.850854873657227 92160
1769358808833 13.935399055480957 97280
1769358830675 14.0224609375 102400
1769358852927 13.955606460571289 107520
1769358874154 14.086503982543945 112640
1769358895622 14.281883239746094 117760
1769358916890 14.35364818572998 122880
1769358937715 14.286036491394043 128000
1769358959497 14.357966423034668 133120
1769358980582 14.298199653625488 138240
1769359001217 14.354059219360352 143360
1769359022641 14.4964599609375 148480
1769359042832 14.542333602905273 153600
1769359064003 14.48326301574707 158720
1769359085075 14.484761238098145 163840
1769359106844 14.556396484375 168960
1769359127459 14.655662536621094 174080
1769359149184 14.933491706848145 179200
1769359169544 14.480108261108398 184320
1769359189595 14.638908386230469 189440
1769359209608 14.6610107421875 194560
1769359229292 14.913553237915039 199680
1769359249320 14.791864395141602 204800
1769359268681 14.951995849609375 209920
1769359288092 14.898898124694824 215040
1769359307934 14.910955429077148 220160
1769359327752 14.95854663848877 225280
1769359349995 14.692922592163086 230400
1769359370976 14.821588516235352 235520
1769359390507 14.563199043273926 240640
1769359410494 14.620195388793945 245760
1769359430960 14.482854843139648 250880
1769359450541 14.219088554382324 256000
1769359470659 13.988296508789062 261120
1769359490662 14.049151420593262 266240
1769359510229 13.6666898727417 271360
1769359530074 13.568392753601074 276480
1769359549902 13.410608291625977 281600
1769359569823 13.14929485321045 286720
1769359589230 13.124537467956543 291840
1769359608945 13.047345161437988 296960
1769359617224 13.041196823120117 300032
