1769358414305 0.29707643389701843 5120
1769358435792 0.2988840937614441 10240
1769358458277 0.2982710003852844 15360
1769358479910 0.30163636803627014 20480
1769358501389 0.3015797734260559 25600
1769358524350 0.3049660921096802 30720
1769358546372 0.3056311309337616 35840
1769358567632 0.3074934780597687 40960
1769358589734 0.30831265449523926 46080
1769358612039 0.3094038963317871 51200
1769358634483 0.3076721727848053 56320
1769358656391 0.3056863844394684 61440
1769358677525 0.3045691251754761 66560
1769358698928 0.304643839597702 71680
1769358720512 0.3036741316318512 76800
1769358742282 0.3044710159301758 81920
1769358764307 0.3047347366809845 87040
1769358786899 0.304275244474411 92160
1769358808840 0.3029385507106781 97280
1769358830682 0.30306294560432434 102400
1769358852949 0.3023408353328705 107520
1769358874162 0.30260953307151794 112640
1769358895630 0.30203771591186523 117760
1769358916898 0.3024078905582428 122880
1769358937723 0.30185726284980774 128000
1769358959505 0.3012811839580536 133120
1769358980589 0.30144304037094116 138240
1769359001227 0.3017081320285797 143360
1769359022649 0.30268731713294983 148480
1769359042841 0.3032699227333069 153600
1769359064011 0.3035790026187897 158720
1769359085082 0.30390673875808716 163840
1769359106852 0.3031441867351532 168960
1769359127466 0.30280205607414246 174080
1769359149196 0.30239102244377136 179200
1769359169557 0.30291929841041565 184320
1769359189604 0.30311569571495056 189440
1769359209619 0.3036082983016968 194560
1769359229306 0.30370908975601196 199680
1769359249339 0.303562194108963 204800
1769359268693 0.3046737313270569 209920
1769359288099 0.3051180839538574 215040
1769359307943 0.30544668436050415 220160
1769359327759 0.30584603548049927 225280
1769359350012 0.3059634268283844 230400
1769359370985 0.3061947822570801 235520
1769359390514 0.30592429637908936 240640
1769359410503 0.3055494725704193 245760
1769359430969 0.3056267499923706 250880
1769359450551 0.30535250902175903 256000
1769359470668 0.3051624596118927 261120
1769359490673 0.30563899874687195 266240
1769359510237 0.3055952191352844 271360
1769359530082 0.3057126998901367 276480
1769359549912 0.30616721510887146 281600
1769359569832 0.30640918016433716 286720
1769359589238 0.30650460720062256 291840
1769359608957 0.3066879212856293 296960
1769359617238 0.30691441893577576 300032
