1769358414300 375.2284845231705 5120
1769358435786 502.01125074805503 10240
1769358458271 311.51990493166966 15360
1769358479900 308.24604982729477 20480
1769358501379 307.6130546387972 25600
1769358524339 306.6460008773212 30720
1769358546365 113.3840830449827 35840
1769358567626 506.19164856384265 40960
1769358589723 334.9547995527871 46080
1769358612033 115.68578993821713 51200
1769358634471 256.9409458466062 56320
1769358656380 342.0291935089293 61440
1769358677516 125.70216081757425 66560
1769358698921 453.63443651308677 71680
1769358720505 407.2139805825243 76800
1769358742271 331.56553359683795 81920
1769358764295 366.05899807994416 87040
1769358786893 457.94344360738074 92160
1769358808833 360.3663544978091 97280
1769358830675 424.1383355243199 102400
1769358852927 280.3679144385027 107520
1769358874154 427.2925835370823 112640
1769358895622 169.1660885698153 117760
1769358916890 145.46887247251414 122880
1769358937715 282.1217461491895 128000
1769358959497 399.4575238095238 133120
1769358980582 449.7430838515977 138240
1769359001217 191.80975899757627 143360
1769359022641 398.1682172014429 148480
1769359042832 384.1641326250229 153600
1769359064003 466.50027805583363 158720
1769359085075 228.11247076739 163840
1769359106844 274.71207754781244 168960
1769359127459 522.4593921275535 174080
1769359149184 336.5674851548708 179200
1769359169544 425.213300892133 184320
1769359189595 460.86188330952643 189440
1769359209608 352.99646524154184 194560
1769359229292 322.93686479827534 199680
1769359249320 262.0621055920025 204800
1769359268681 99.09053109053109 209920
1769359288092 195.79423023060406 215040
1769359307934 303.01285941337954 220160
1769359327752 473.1841155234657 225280
1769359349995 433.83367811336365 230400
1769359370976 508.52376333656645 235520
1769359390507 317.36561743341406 240640
1769359410494 336.5944948238504 245760
1769359430960 490.2751607247224 250880
1769359450541 376.6098590284637 256000
1769359470659 444.68871925360475 261120
1769359490662 205.91604889783494 266240
1769359510229 118.78852417230735 271360
1769359530074 113.46690112268362 276480
1769359549902 425.51526833722227 281600
1769359569823 132.08326247834987 286720
1769359589230 482.32566697332106 291840
1769359608945 117.10372169640115 296960
1769359617224 366.6990732645567 300032
