1769358414305 2.0371482372283936 5120
1769358435792 2.035682201385498 10240
1769358458277 2.025251865386963 15360
1769358479910 2.032543420791626 20480
1769358501389 2.0251336097717285 25600
1769358524350 2.0561609268188477 30720
1769358546372 2.065584182739258 35840
1769358567632 2.079679012298584 40960
1769358589734 2.0834860801696777 46080
1769358612039 2.0906643867492676 51200
1769358634483 2.0769288539886475 56320
1769358656391 2.0594379901885986 61440
1769358677525 2.0508430004119873 66560
1769358698928 2.0480613708496094 71680
1769358720512 2.039930582046509 76800
1769358742282 2.0468051433563232 81920
1769358764307 2.0492496490478516 87040
1769358786899 2.044990301132202 92160
1769358808840 2.0343704223632812 97280
1769358830682 2.0363876819610596 102400
1769358852949 2.029625654220581 107520
1769358874162 2.0318591594696045 112640
1769358895630 2.027906656265259 117760
1769358916898 2.0303354263305664 122880
1769358937723 2.024282455444336 128000
1769358959505 2.0192205905914307 133120
1769358980589 2.0200653076171875 138240
1769359001227 2.022606134414673 143360
1769359022649 2.0308589935302734 148480
1769359042841 2.036921977996826 153600
1769359064011 2.039341688156128 158720
1769359085082 2.041043758392334 163840
1769359106852 2.0344884395599365 168960
1769359127466 2.0316720008850098 174080
1769359149196 2.0280258655548096 179200
1769359169557 2.0311062335968018 184320
1769359189604 2.032748222351074 189440
1769359209619 2.037766695022583 194560
1769359229306 2.03938627243042 199680
1769359249339 2.037553310394287 204800
1769359268693 2.0457382202148438 209920
1769359288099 2.049412727355957 215040
1769359307943 2.0515213012695312 220160
1769359327759 2.0555617809295654 225280
1769359350012 2.0550594329833984 230400
1769359370985 2.0570755004882812 235520
1769359390514 2.0544183254241943 240640
1769359410503 2.0507912635803223 245760
1769359430969 2.0516774654388428 250880
1769359450551 2.049187660217285 256000
1769359470668 2.0481462478637695 261120
1769359490673 2.053229570388794 266240
1769359510237 2.0531933307647705 271360
1769359530082 2.0535166263580322 276480
1769359549912 2.057279109954834 281600
1769359569832 2.0600948333740234 286720
1769359589238 2.0611865520477295 291840
1769359608957 2.062520742416382 296960
1769359617238 2.064234733581543 300032
