1761863198175 50.58382977407652 5120
1761863238085 51.804016878132835 10240
1761863297721 53.10948776369356 15360
1761863340301 52.24750779045155 20480
1761863381871 52.24064777558457 25600
1761863426599 53.523949151762864 30720
1761863476993 54.216589610766846 35840
1761863523118 54.686302012588534 40960
1761863559110 54.69316594551627 46080
1761863614418 54.59834610212462 51200
1761863662804 54.73302764131942 56320
1761863700391 55.30948611296954 61440
1761863752881 55.62551353565958 66560
1761863802171 55.75340235486774 71680
1761863840646 55.99018773381694 76800
1761863884707 56.03671711618543 81920
1761863946202 56.00072491799053 87040
1761863985427 55.75102744364976 92160
1761864025865 55.3473159436342 97280
1761864082830 55.40434119367176 102400
1761864132787 55.41379698749308 107520
1761864170750 55.49387704533144 112640
1761864215567 55.54875478826402 117760
1761864264003 55.56568263123468 122880
1761864307915 55.42652771873551 128000
1761864363022 55.57896856805965 133120
1761864414196 55.58007330800115 138240
1761864454550 55.612896968455196 143360
1761864495909 55.6159601463185 148480
1761864560693 55.77152805382119 153600
1761864599196 55.70475479291124 158720
1761864642919 55.48650739062085 163840
1761864681054 55.474653315282914 168960
1761864737228 55.47993640845901 174080
1761864777992 55.336709710224646 179200
1761864819838 55.16776838455212 184320
1761864859157 55.32621761196506 189440
1761864914341 55.36101787388506 194560
1761864958318 55.451639070127676 199680
1761865001504 55.38486326620513 204800
1761865041948 55.46924890943937 209920
1761865098261 55.47265176566547 215040
1761865149391 55.39469491724928 220160
1761865189280 55.34216651030638 225280
1761865231855 55.53315165738118 230400
1761865294035 55.64955665101832 235520
1761865334055 55.66729510197677 240640
1761865375877 55.72290295936689 245760
1761865421905 55.74318194882488 250880
1761865479854 55.701246012180974 256000
1761865521736 55.564537451053646 261120
1761865566022 55.48510115888853 266240
1761865625446 55.381817718738645 271360
1761865669686 55.32192551295733 276480
1761865714386 55.38863206470651 281600
1761865756280 55.56649065692116 286720
1761865808432 55.49133729101032 291840
1761865856428 55.46596889953394 296960
1761865879744 55.4063394910892 300032
