1761863198175 0.3353102741895691 5120
1761863238085 0.33441733562771325 10240
1761863297721 0.3144524030970139 15360
1761863340301 0.3170024545262248 20480
1761863381871 0.30903553781703436 25600
1761863426599 0.2937137676011518 30720
1761863476993 0.28895396496113307 35840
1761863523118 0.28225374985148327 40960
1761863559110 0.2751688205652991 46080
1761863614418 0.2651184619213112 51200
1761863662804 0.26247917239036417 56320
1761863700391 0.2640405548242213 61440
1761863752881 0.2623999045619436 66560
1761863802171 0.2589030050527531 71680
1761863840646 0.2569122612802669 76800
1761863884707 0.25533029261242796 81920
1761863946202 0.25315988314854354 87040
1761863985427 0.2511625823180914 92160
1761864025865 0.24732551876719466 97280
1761864082830 0.24524823195323628 102400
1761864132787 0.24468247820491695 107520
1761864170750 0.2433600613874674 112640
1761864215567 0.24179262507140467 117760
1761864264003 0.24062543191241118 122880
1761864307915 0.23972378652787574 128000
1761864363022 0.23922205677076208 133120
1761864414196 0.23902226878265478 138240
1761864454550 0.23919726817720735 143360
1761864495909 0.23869707849007643 148480
1761864560693 0.23815715058691458 153600
1761864599196 0.23712936856380945 158720
1761864642919 0.23655551557830862 163840
1761864681054 0.23590587303761026 168960
1761864737228 0.2355988674439542 174080
1761864777992 0.23407719915446906 179200
1761864819838 0.23336626378143552 184320
1761864859157 0.23365654856003806 189440
1761864914341 0.23332955627008356 194560
1761864958318 0.23313170415948903 199680
1761865001504 0.2327301340980277 204800
1761865041948 0.23297260540267978 209920
1761865098261 0.23254577015638417 215040
1761865149391 0.23212031675373018 220160
1761865189280 0.23177291330453315 225280
1761865231855 0.23194030840437008 230400
1761865294035 0.2324166701420364 235520
1761865334055 0.23253605388404466 240640
1761865375877 0.23287666659718345 245760
1761865421905 0.23279286445807768 250880
1761865479854 0.2329244938472031 256000
1761865521736 0.2323141351450442 261120
1761865566022 0.23174153049099844 266240
1761865625446 0.23124656757613854 271360
1761865669686 0.23047140000298483 276480
1761865714386 0.23071867987470138 281600
1761865756280 0.23129416236457806 286720
1761865808432 0.2304700001428888 291840
1761865856428 0.23004619766712456 296960
1761865879744 0.22984318178645352 300032
