1761863198175 3.174142480211082 5120
1761863238085 3.1664876476906554 10240
1761863297721 3.1820873427091043 15360
1761863340301 3.185324553151458 20480
1761863381871 3.180382629820832 25600
1761863426599 3.2020732019452267 30720
1761863476993 3.2209804138541553 35840
1761863523118 3.216551857960609 40960
1761863559110 3.1995351639838168 46080
1761863614418 3.1699699236523484 51200
1761863662804 3.168082566874956 56320
1761863700391 3.198585701310497 61440
1761863752881 3.2052622094071004 66560
1761863802171 3.2021318153914837 71680
1761863840646 3.2036081130403047 76800
1761863884707 3.203991781626064 81920
1761863946202 3.203446845767476 87040
1761863985427 3.1831816211530124 92160
1761864025865 3.1553215801501797 97280
1761864082830 3.15157152269116 102400
1761864132787 3.150932250323057 107520
1761864170750 3.1480059188275082 112640
1761864215567 3.1436605489139584 117760
1761864264003 3.139747145713733 122880
1761864307915 3.132385221827176 128000
1761864363022 3.138598528842431 133120
1761864414196 3.137166618870089 138240
1761864454550 3.138241071181564 143360
1761864495909 3.136470462557419 148480
1761864560693 3.1414204090074715 153600
1761864599196 3.1367010773114705 158720
1761864642919 3.1246407612239477 163840
1761864681054 3.12278771420545 168960
1761864737228 3.1230793708518956 174080
1761864777992 3.1130766180552496 179200
1761864819838 3.102181204469226 184320
1761864859157 3.1089962515618494 189440
1761864914341 3.107905939590513 194560
1761864958318 3.1096507698084865 199680
1761865001504 3.10626251733169 204800
1761865041948 3.1112407111278335 209920
1761865098261 3.1116213287291297 215040
1761865149391 3.1056808613554523 220160
1761865189280 3.102759743100642 225280
1761865231855 3.1093819627737975 230400
1761865294035 3.114585956253882 235520
1761865334055 3.1157664617508796 240640
1761865375877 3.119781512334241 245760
1761865421905 3.1210092525341837 250880
1761865479854 3.119195668986852 256000
1761865521736 3.110154358353511 261120
1761865566022 3.105949168124796 266240
1761865625446 3.100108972030512 271360
1761865669686 3.097658309935436 276480
1761865714386 3.1004929419672864 281600
1761865756280 3.109757106228116 286720
1761865808432 3.1028570655921683 291840
1761865856428 3.101067927635948 296960
1761865879744 3.0977156189446764 300032
