1761863198170 26.32802963256836 5120
1761863238080 11.263023203069514 10240
1761863297715 7.939246654510498 15360
1761863340295 4.746383939470563 20480
1761863381864 3.509267256810115 25600
1761863426592 2.8725489339520855 30720
1761863476987 2.98288631439209 35840
1761863523112 4.3053803792813925 40960
1761863559104 3.5153773349264394 46080
1761863614413 2.718005834841261 51200
1761863662797 2.833418471472604 56320
1761863700386 2.7887117667276353 61440
1761863752871 2.5636555353800454 66560
1761863802165 2.1440854945652923 71680
1761863840636 1.9242068842837685 76800
1761863884699 1.8621885747085383 81920
1761863946197 1.5626786032388376 87040
1761863985419 1.421284895676833 92160
1761864025858 1.392277995745341 97280
1761864082822 1.2354581096384785 102400
1761864132781 1.2233816002899747 107520
1761864170743 1.0736868231146186 112640
1761864215561 0.9699102270192114 117760
1761864263993 0.9840159297974642 122880
1761864307909 0.9141149520874023 128000
1761864363015 0.785128163927384 133120
1761864414190 0.8471831854651956 138240
1761864454525 0.8105187111712516 143360
1761864495902 0.9145498537037471 148480
1761864560684 0.7293524836862324 153600
1761864599190 0.6706090340247521 158720
1761864642914 0.679585972187682 163840
1761864681044 0.6789376592061606 168960
1761864737223 0.6368107935141402 174080
1761864777986 0.6632290753451261 179200
1761864819832 0.6319657109718955 184320
1761864859151 0.5624889865998299 189440
1761864914331 0.5857299085686968 194560
1761864958306 0.5720216984651527 199680
1761865001496 0.5596900009990331 204800
1761865041937 0.5021230456898513 209920
1761865098253 0.5234195112617095 215040
1761865149384 0.5293681798157869 220160
1761865189272 0.5008789597593282 225280
1761865231844 0.44916657641925645 230400
1761865294025 0.4750618955273649 235520
1761865334049 0.3961820602416992 240640
1761865375869 0.42334877109131874 245760
1761865421894 0.40863548837056973 250880
1761865479846 0.4270798656570009 256000
1761865521727 0.3831009864807129 261120
1761865566013 0.40895720003208436 266240
1761865625438 0.3735507448813073 271360
1761865669678 0.41235300887554777 276480
1761865714378 0.3813621755959331 281600
1761865756273 0.32743445155459366 286720
1761865808421 0.32599344453611573 291840
1761865856421 0.32810346203571333 296960
1761865879736 0.1352777643822159 300032
