1761863198170 -1.0289713541666667 5120
1761863238080 -0.5049715909090909 10240
1761863297715 -0.40576171875 15360
1761863340295 -0.32142857142857145 20480
1761863381864 -0.28365384615384615 25600
1761863426592 -0.2620967741935484 30720
1761863476987 -0.2756076388888889 35840
1761863523112 -0.3791920731707317 40960
1761863559104 -0.26766304347826086 46080
1761863614413 -0.21691176470588236 51200
1761863662797 -0.21065848214285715 56320
1761863700386 -0.20978483606557377 61440
1761863752871 -0.16938920454545456 66560
1761863802165 -0.13963468309859156 71680
1761863840636 -0.10187088815789473 76800
1761863884699 -0.09500385802469136 81920
1761863946197 -0.09811046511627906 87040
1761863985419 -0.09924450549450549 92160
1761864025858 -0.11067708333333333 97280
1761864082822 -0.11943069306930693 102400
1761864132781 -0.12219929245283019 107520
1761864170743 -0.11866554054054054 112640
1761864215561 -0.11745689655172414 117760
1761864263993 -0.12745351239669422 122880
1761864307909 -0.1310763888888889 128000
1761864363015 -0.12714694656488548 133120
1761864414190 -0.12051930147058823 138240
1761864454525 -0.134197695035461 143360
1761864495902 -0.1272474315068493 148480
1761864560684 -0.12355132450331126 153600
1761864599190 -0.12329727564102565 158720
1761864642914 -0.12208850931677019 163840
1761864681044 -0.11963478915662651 168960
1761864737223 -0.12207602339181287 174080
1761864777986 -0.12162642045454546 179200
1761864819832 -0.11369129834254144 184320
1761864859151 -0.11643145161290322 189440
1761864914331 -0.1174738219895288 194560
1761864958306 -0.11288265306122448 199680
1761865001496 -0.11271766169154229 204800
1761865041937 -0.11149878640776699 209920
1761865098253 -0.10811611374407583 215040
1761865149384 -0.10648148148148148 220160
1761865189272 -0.10675904977375565 225280
1761865231844 -0.10301438053097345 230400
1761865294025 -0.10321969696969698 235520
1761865334049 -0.09547139830508475 240640
1761865375869 -0.1016597510373444 245760
1761865421894 -0.09032012195121951 250880
1761865479846 -0.09561752988047809 256000
1761865521727 -0.0914306640625 261120
1761865566013 -0.09099616858237548 266240
1761865625438 -0.09586466165413533 271360
1761865669678 -0.08856088560885608 276480
1761865714378 -0.08378623188405797 281600
1761865756273 -0.08663256227758007 286720
1761865808421 -0.08282342657342658 291840
1761865856421 -0.0821520618556701 296960
1761865879736 -0.03295648464163822 300032
