1761863198175 7.580733810062458 5120
1761863238085 7.437294976070198 10240
1761863297721 6.9592232147676105 15360
1761863340301 7.060444120046449 20480
1761863381871 6.889767004731865 25600
1761863426599 6.538639799908418 30720
1761863476993 6.425261211827936 35840
1761863523118 6.258707934951671 40960
1761863559110 6.090993372413206 46080
1761863614418 5.86239248172645 51200
1761863662804 5.794193207024942 56320
1761863700391 5.829980589125552 61440
1761863752881 5.785602037259435 66560
1761863802171 5.7097132953324685 71680
1761863840646 5.658931801195929 76800
1761863884707 5.620849254068102 81920
1761863946202 5.574515544381056 87040
1761863985427 5.524660354038829 92160
1761864025865 5.441927118703037 97280
1761864082830 5.3915865940673084 102400
1761864132787 5.376116980541582 107520
1761864170750 5.341245971645282 112640
1761864215567 5.30499738676216 117760
1761864264003 5.276907883866605 122880
1761864307915 5.258879142427467 128000
1761864363022 5.245406934995528 133120
1761864414196 5.239095622118202 138240
1761864454550 5.242711454742851 143360
1761864495909 5.231004900586438 148480
1761864560693 5.217858888927939 153600
1761864599196 5.19544708948395 158720
1761864642919 5.180403349356785 163840
1761864681054 5.165247888866017 168960
1761864737228 5.160060436901846 174080
1761864777992 5.126447693831112 179200
1761864819838 5.108828158432489 184320
1761864859157 5.111513189135468 189440
1761864914341 5.101562839015464 194560
1761864958318 5.094329178360377 199680
1761865001504 5.085323685766681 204800
1761865041948 5.091489158144518 209920
1761865098261 5.08391087115158 215040
1761865149391 5.072866606809299 220160
1761865189280 5.066290984632646 225280
1761865231855 5.068089183600378 230400
1761865294035 5.077309836252054 235520
1761865334055 5.079468049328686 240640
1761865375877 5.08808962087132 245760
1761865421905 5.08690310038009 250880
1761865479854 5.090035736485221 256000
1761865521736 5.076561333423088 261120
1761865566022 5.065601587472301 266240
1761865625446 5.052679088189305 271360
1761865669686 5.035877505772273 276480
1761865714386 5.039886084848686 281600
1761865756280 5.051049391739764 286720
1761865808432 5.03110519820375 291840
1761865856428 5.021799957062174 296960
1761865879744 5.017502723093356 300032
