1769350284456 17.6317138671875 5120
1769350289981 17.52461051940918 10240
1769350295207 17.608495712280273 15360
1769350304525 17.764728546142578 20480
1769350310055 17.843843460083008 25600
1769350315645 17.663156509399414 30720
1769350321236 17.675771713256836 35840
1769350330469 17.800207138061523 40960
1769350335909 17.755611419677734 46080
1769350342126 17.817163467407227 51200
1769350348113 17.79494285583496 56320
1769350357893 17.811397552490234 61440
1769350363906 17.75509262084961 66560
1769350369799 17.73821258544922 71680
1769350375251 17.74584197998047 76800
1769350385095 17.79252052307129 81920
1769350391048 17.791276931762695 87040
1769350396766 17.716171264648438 92160
1769350402338 17.688039779663086 97280
1769350412898 17.703889846801758 102400
1769350418552 17.70970344543457 107520
1769350424004 17.68723487854004 112640
1769350430384 17.67412567138672 117760
1769350439839 17.67123031616211 122880
1769350445880 17.678194046020508 128000
1769350451528 17.657543182373047 133120
1769350457584 17.665355682373047 138240
1769350467049 17.66997528076172 143360
1769350473333 17.670825958251953 148480
1769350479251 17.681970596313477 153600
1769350485522 17.670637130737305 158720
1769350494035 17.656949996948242 163840
1769350499841 17.655872344970703 168960
1769350506575 17.655696868896484 174080
1769350512741 17.671045303344727 179200
1769350521807 17.641508102416992 184320
1769350527621 17.64501953125 189440
1769350534347 17.614147186279297 194560
1769350540958 17.61125946044922 199680
1769350549461 17.62546157836914 204800
1769350554787 17.599254608154297 209920
1769350562899 17.625118255615234 215040
1769350568545 17.62452507019043 220160
1769350576492 17.609827041625977 225280
1769350582517 17.60112190246582 230400
1769350590413 17.596426010131836 235520
1769350596502 17.595447540283203 240640
1769350603935 17.581541061401367 245760
1769350609726 17.575246810913086 250880
1769350618223 17.571807861328125 256000
1769350623531 17.59565544128418 261120
1769350630666 17.595123291015625 266240
1769350636408 17.60045623779297 271360
1769350645614 17.61539077758789 276480
1769350651384 17.634519577026367 281600
1769350657970 17.637514114379883 286720
1769350663912 17.631044387817383 291840
1769350673000 17.62602996826172 296960
1769350674698 17.635690689086914 300032
