1769350284456 0.06599583476781845 5120
1769350289981 0.0651196762919426 10240
1769350295207 0.06470802426338196 15360
1769350304525 0.0631958469748497 20480
1769350310055 0.06462176889181137 25600
1769350315645 0.06383224576711655 30720
1769350321236 0.06313204020261765 35840
1769350330469 0.06339465081691742 40960
1769350335909 0.06233934685587883 46080
1769350342126 0.06187637895345688 51200
1769350348113 0.06243250146508217 56320
1769350357893 0.06334132701158524 61440
1769350363906 0.06277097761631012 66560
1769350369799 0.06286013126373291 71680
1769350375251 0.06291043758392334 76800
1769350385095 0.0628790557384491 81920
1769350391048 0.06332766264677048 87040
1769350396766 0.06307338923215866 92160
1769350402338 0.06258713454008102 97280
1769350412898 0.06264656782150269 102400
1769350418552 0.06249203160405159 107520
1769350424004 0.06244895979762077 112640
1769350430384 0.06220243126153946 117760
1769350439839 0.06245238706469536 122880
1769350445880 0.06236638128757477 128000
1769350451528 0.06242666766047478 133120
1769350457584 0.06259390711784363 138240
1769350467049 0.0626794621348381 143360
1769350473333 0.06279104948043823 148480
1769350479251 0.06289169192314148 153600
1769350485522 0.06272675842046738 158720
1769350494035 0.06261305510997772 163840
1769350499841 0.062454257160425186 168960
1769350506575 0.06244148686528206 174080
1769350512741 0.062432680279016495 179200
1769350521807 0.06235426291823387 184320
1769350527621 0.06227073073387146 189440
1769350534347 0.06226593255996704 194560
1769350540958 0.06230557709932327 199680
1769350549461 0.062400054186582565 204800
1769350554787 0.06237218156456947 209920
1769350562899 0.06250693649053574 215040
1769350568545 0.06266280263662338 220160
1769350576492 0.06263606995344162 225280
1769350582517 0.06255114078521729 230400
1769350590413 0.062295686453580856 235520
1769350596502 0.06222585588693619 240640
1769350603935 0.06227492168545723 245760
1769350609726 0.06225759536027908 250880
1769350618223 0.06234871968626976 256000
1769350623531 0.062289297580718994 261120
1769350630666 0.06219226494431496 266240
1769350636408 0.06224389001727104 271360
1769350645614 0.062260702252388 276480
1769350651384 0.06231272965669632 281600
1769350657970 0.062373485416173935 286720
1769350663912 0.06236743927001953 291840
1769350673000 0.06227497383952141 296960
1769350674698 0.06229647994041443 300032
