1769350284456 22.76105499267578 5120
1769350289981 22.770877838134766 10240
1769350295207 22.88218116760254 15360
1769350304525 23.022809982299805 20480
1769350310055 23.17449378967285 25600
1769350315645 22.951414108276367 30720
1769350321236 22.940221786499023 35840
1769350330469 23.116201400756836 40960
1769350335909 23.01865577697754 46080
1769350342126 23.081693649291992 51200
1769350348113 23.080493927001953 56320
1769350357893 23.141525268554688 61440
1769350363906 23.06691551208496 66560
1769350369799 23.04598045349121 71680
1769350375251 23.053491592407227 76800
1769350385095 23.102794647216797 81920
1769350391048 23.120779037475586 87040
1769350396766 23.043790817260742 92160
1769350402338 22.99869728088379 97280
1769350412898 23.022972106933594 102400
1769350418552 23.01215171813965 107520
1769350424004 22.988271713256836 112640
1769350430384 22.962890625 117760
1769350439839 22.96724510192871 122880
1769350445880 22.967741012573242 128000
1769350451528 22.948991775512695 133120
1769350457584 22.96595001220703 138240
1769350467049 22.970731735229492 143360
1769350473333 22.98186492919922 148480
1769350479251 22.993349075317383 153600
1769350485522 22.975662231445312 158720
1769350494035 22.956209182739258 163840
1769350499841 22.952606201171875 168960
1769350506575 22.95124053955078 174080
1769350512741 22.961284637451172 179200
1769350521807 22.9235782623291 184320
1769350527621 22.92403793334961 189440
1769350534347 22.890539169311523 194560
1769350540958 22.89167022705078 199680
1769350549461 22.911602020263672 204800
1769350554787 22.877544403076172 209920
1769350562899 22.911754608154297 215040
1769350568545 22.915367126464844 220160
1769350576492 22.899717330932617 225280
1769350582517 22.888179779052734 230400
1769350590413 22.876928329467773 235520
1769350596502 22.87514877319336 240640
1769350603935 22.86397361755371 245760
1769350609726 22.858339309692383 250880
1769350618223 22.859655380249023 256000
1769350623531 22.88274383544922 261120
1769350630666 22.877893447875977 266240
1769350636408 22.886863708496094 271360
1769350645614 22.905710220336914 276480
1769350651384 22.929935455322266 281600
1769350657970 22.93579864501953 286720
1769350663912 22.928159713745117 291840
1769350673000 22.918771743774414 296960
1769350674698 22.928325653076172 300032
