1769350284449 17.251516342163086 5120
1769350289974 17.284475326538086 10240
1769350295201 15.303484916687012 15360
1769350304520 15.54054069519043 20480
1769350310050 11.767657279968262 25600
1769350315635 11.528409957885742 30720
1769350321231 12.744664192199707 35840
1769350330463 11.64519214630127 40960
1769350335903 12.338053703308105 46080
1769350342117 12.678985595703125 51200
1769350348106 13.435989379882812 56320
1769350357887 13.537422180175781 61440
1769350363900 12.645833015441895 66560
1769350369792 12.627335548400879 71680
1769350375242 11.35468864440918 76800
1769350385090 11.621163368225098 81920
1769350391043 12.65639591217041 87040
1769350396760 11.702153205871582 92160
1769350402333 11.432952880859375 97280
1769350412892 11.983087539672852 102400
1769350418543 11.324806213378906 107520
1769350423999 12.155031204223633 112640
1769350430378 10.341524124145508 117760
1769350439833 11.338282585144043 122880
1769350445873 13.08568000793457 128000
1769350451518 11.278700828552246 133120
1769350457576 11.170455932617188 138240
1769350467042 11.184236526489258 143360
1769350473326 12.365825653076172 148480
1769350479245 11.330917358398438 153600
1769350485486 11.197859764099121 158720
1769350494025 12.322063446044922 163840
1769350499832 10.912338256835938 168960
1769350506566 12.296724319458008 174080
1769350512733 11.309794425964355 179200
1769350521797 11.943256378173828 184320
1769350527611 10.6320161819458 189440
1769350534339 11.642643928527832 194560
1769350540951 11.02980899810791 199680
1769350549452 10.826517105102539 204800
1769350554777 11.845907211303711 209920
1769350562888 10.394357681274414 215040
1769350568534 11.800514221191406 220160
1769350576483 10.18664264678955 225280
1769350582509 11.364164352416992 230400
1769350590405 11.8809232711792 235520
1769350596495 11.608088493347168 240640
1769350603929 11.497312545776367 245760
1769350609719 11.237703323364258 250880
1769350618216 10.471055030822754 256000
1769350623523 10.325288772583008 261120
1769350630659 10.743705749511719 266240
1769350636401 10.406259536743164 271360
1769350645604 10.276280403137207 276480
1769350651376 10.09640884399414 281600
1769350657962 10.553438186645508 286720
1769350663903 10.78516960144043 291840
1769350672993 9.644970893859863 296960
1769350674688 11.187911987304688 300032
