1769350284456 0.2662578821182251 5120
1769350289981 0.2632535696029663 10240
1769350295207 0.2638058066368103 15360
1769350304525 0.26103177666664124 20480
1769350310055 0.26527953147888184 25600
1769350315645 0.26377809047698975 30720
1769350321236 0.26235243678092957 35840
1769350330469 0.2637869119644165 40960
1769350335909 0.26090261340141296 46080
1769350342126 0.2600124180316925 51200
1769350348113 0.2617269456386566 56320
1769350357893 0.2636517286300659 61440
1769350363906 0.2619614005088806 66560
1769350369799 0.26195624470710754 71680
1769350375251 0.2620059549808502 76800
1769350385095 0.26217588782310486 81920
1769350391048 0.26347944140434265 87040
1769350396766 0.2624869644641876 92160
1769350402338 0.2610589861869812 97280
1769350412898 0.26124346256256104 102400
1769350418552 0.2608681917190552 107520
1769350424004 0.2608144283294678 112640
1769350430384 0.25998449325561523 117760
1769350439839 0.2606424391269684 122880
1769350445880 0.26044678688049316 128000
1769350451528 0.26049721240997314 133120
1769350457584 0.26098307967185974 138240
1769350467049 0.2611824870109558 143360
1769350473333 0.2616296112537384 148480
1769350479251 0.2619757652282715 153600
1769350485522 0.2614409625530243 158720
1769350494035 0.26104530692100525 163840
1769350499841 0.260630339384079 168960
1769350506575 0.260600209236145 174080
1769350512741 0.26065558195114136 179200
1769350521807 0.260505348443985 184320
1769350527621 0.2603149116039276 189440
1769350534347 0.26017796993255615 194560
1769350540958 0.2604278326034546 199680
1769350549461 0.26068025827407837 204800
1769350554787 0.2604788541793823 209920
1769350562899 0.2608623802661896 215040
1769350568545 0.2612081468105316 220160
1769350576492 0.2610841989517212 225280
1769350582517 0.2609153389930725 230400
1769350590413 0.26033371686935425 235520
1769350596502 0.2601531445980072 240640
1769350603935 0.26017481088638306 245760
1769350609726 0.2600967586040497 250880
1769350618223 0.26027825474739075 256000
1769350623531 0.26020199060440063 261120
1769350630666 0.2599700093269348 266240
1769350636408 0.2600546181201935 271360
1769350645614 0.2602219581604004 276480
1769350651384 0.260450541973114 281600
1769350657970 0.26055338978767395 286720
1769350663912 0.2605815529823303 291840
1769350673000 0.2603415250778198 296960
1769350674698 0.2604254484176636 300032
