1769350284449 365.2620395367064 5120
1769350289974 364.6586680577291 10240
1769350295201 585.3878576413119 15360
1769350304520 516.1585035687915 20480
1769350310050 540.8515796260477 25600
1769350315635 398.0926347760061 30720
1769350321231 374.3243195002231 35840
1769350330463 541.5499031633312 40960
1769350335903 519.3541357107479 46080
1769350342117 428.86543967280164 51200
1769350348106 274.2450634235648 56320
1769350357887 557.6790320436112 61440
1769350363900 227.82748506246605 66560
1769350369792 399.76210446054137 71680
1769350375242 551.0120861797162 76800
1769350385090 529.1829422154933 81920
1769350391043 381.9601129223204 87040
1769350396760 541.2005161290323 92160
1769350402333 429.5242191500256 97280
1769350412892 556.6428666224286 102400
1769350418543 409.1205618415919 107520
1769350423999 572.2106412005458 112640
1769350430378 175.92081201241507 117760
1769350439833 133.5893238207472 122880
1769350445873 550.8673496191227 128000
1769350451518 427.0750432746156 133120
1769350457576 385.08116048475944 138240
1769350467042 568.1798970468708 143360
1769350473326 250.00321869225726 148480
1769350479245 570.1881457313757 153600
1769350485486 300.23650680028635 158720
1769350494025 403.6866217516843 163840
1769350499832 414.497875284119 168960
1769350506566 413.1912126884051 174080
1769350512733 276.76040910590564 179200
1769350521797 287.9714383796773 184320
1769350527611 544.9271144601793 189440
1769350534339 437.9559360968988 194560
1769350540951 136.27161376263035 199680
1769350549452 270.8099173553719 204800
1769350554777 553.6304118268215 209920
1769350562888 477.4936247723133 215040
1769350568534 217.31019118180404 220160
1769350576483 410.20088019559904 225280
1769350582509 536.2188698542573 230400
1769350590405 597.9903051040776 235520
1769350596495 220.3122176699233 240640
1769350603929 458.54422214933857 245760
1769350609719 583.271311361424 250880
1769350618216 554.9489282879068 256000
1769350623523 566.8744424922287 261120
1769350630659 151.1460900900901 266240
1769350636401 560.5110249899773 271360
1769350645604 233.06868192931762 276480
1769350651376 557.234489172313 281600
1769350657962 119.07179559971611 286720
1769350663903 554.0692206076618 291840
1769350672993 564.2055421038472 296960
1769350674688 579.8844186368035 300032
