1769350284456 1.676501989364624 5120
1769350289981 1.6521607637405396 10240
1769350295207 1.6529240608215332 15360
1769350304525 1.6147956848144531 20480
1769350310055 1.6494523286819458 25600
1769350315645 1.6361706256866455 30720
1769350321236 1.6181228160858154 35840
1769350330469 1.6264444589614868 40960
1769350335909 1.5977916717529297 46080
1769350342126 1.5867482423782349 51200
1769350348113 1.6019659042358398 56320
1769350357893 1.6223187446594238 61440
1769350363906 1.6094878911972046 66560
1769350369799 1.610630750656128 71680
1769350375251 1.611953854560852 76800
1769350385095 1.6103075742721558 81920
1769350391048 1.6224563121795654 87040
1769350396766 1.6162935495376587 92160
1769350402338 1.6035184860229492 97280
1769350412898 1.604598045349121 102400
1769350418552 1.6005051136016846 107520
1769350424004 1.5993067026138306 112640
1769350430384 1.5925757884979248 117760
1769350439839 1.5989469289779663 122880
1769350445880 1.596899151802063 128000
1769350451528 1.597464680671692 133120
1769350457584 1.6016418933868408 138240
1769350467049 1.6037691831588745 143360
1769350473333 1.6077930927276611 148480
1769350479251 1.6102181673049927 153600
1769350485522 1.605660319328308 158720
1769350494035 1.6025917530059814 163840
1769350499841 1.598406434059143 168960
1769350506575 1.5976142883300781 174080
1769350512741 1.5977656841278076 179200
1769350521807 1.5967485904693604 184320
1769350527621 1.595075011253357 189440
1769350534347 1.5953032970428467 194560
1769350540958 1.5962764024734497 199680
1769350549461 1.5982400178909302 204800
1769350554787 1.5977681875228882 209920
1769350562899 1.600758671760559 215040
1769350568545 1.6040693521499634 220160
1769350576492 1.603357195854187 225280
1769350582517 1.6014480590820312 230400
1769350590413 1.595748782157898 235520
1769350596502 1.5941799879074097 240640
1769350603935 1.594812273979187 245760
1769350609726 1.5940836668014526 250880
1769350618223 1.5961130857467651 256000
1769350623531 1.5946145057678223 261120
1769350630666 1.592212200164795 266240
1769350636408 1.5931625366210938 271360
1769350645614 1.5940425395965576 276480
1769350651384 1.5955795049667358 281600
1769350657970 1.5965547561645508 286720
1769350663912 1.5965837240219116 291840
1769350673000 1.5945215225219727 296960
1769350674698 1.5952140092849731 300032
